
[data]
trigger-time = 1257302887.2050037
injection-file = /work/shashwat.singh/Prospects-of-LGWs/unlens/injection_100.hdf

[global]
instruments = C1 C2
mass1_ref = 30.000000001864098
mass2_ref = 30.00000000436959
minchirp = 26.116416901597095
maxchirp = 26.116616901597094
mincov = 174078496407.25244
maxcov = 17407849640725.244
