
[data]
trigger-time = 1736382703.8385634
injection-file = /work/shashwat.singh/Prospects-of-LGWs/unlens/injection_100.hdf

[global]
instruments = C1 C2
mass1_ref = 30.000000001966416
mass2_ref = 30.000000009689636
minchirp = 26.116416903957315
maxchirp = 26.116616903957315
mincov = 103057945805.87556
maxcov = 10305794580587.557
