
[data]
trigger-time = 1025263945.431817
injection-file = /work/shashwat.singh/Prospects-of-LGWs/unlens/injection_100.hdf

[global]
instruments = C1 C2
mass1_ref = 30.000000004190568
mass2_ref = 30.00000000236164
minchirp = 26.11641690173574
maxchirp = 26.11661690173574
mincov = 171783651013.72925
maxcov = 17178365101372.926
