
[data]
trigger-time = 1299729872.424563
injection-file = /home/ss/Prospects-of-LGWs/unlens/injection.hdf

[global]
instruments = C1
mass1_ref = 30.000000002047617
mass2_ref = 30.00000000087493
minchirp = 26.116416900155837
maxchirp = 26.116616900155837
mincov = 26208010743.60856
maxcov = 2620801074360.8555
