
[data]
trigger-time = 1627561852.7056289
injection-file = /work/shashwat.singh/Prospects-of-LGWs/unlens/injection_100.hdf

[global]
instruments = C1 C2
mass1_ref = 30.000000002491966
mass2_ref = 30.000000005244264
minchirp = 26.116416902251114
maxchirp = 26.116616902251113
mincov = 73570968081.39307
maxcov = 7357096808139.307
