
[data]
trigger-time = 1977899263.402005
injection-file = /home/ss/Prospects-of-LGWs/unlens/injection.hdf

[global]
instruments = C1
mass1_ref = 30.000000008869552
mass2_ref = 30.000000001608527
minchirp = 26.116416903444573
maxchirp = 26.116616903444573
mincov = 23768138065.971012
maxcov = 2376813806597.101
