
[data]
trigger-time = 1566749924.5749998
injection-file = /home/ss/Prospects-of-LGWs/unlens/injection.hdf

[global]
instruments = H1 V1 L1 I1 K1
mass1_ref = 30.000000005803315
mass2_ref = 30.000000000678554
minchirp = 26.116416901705122
maxchirp = 26.11661690170512
mincov = 17966663884.08091
maxcov = 1796666388408.0908
