
[data]
trigger-time = 1464530807.7793326
injection-file = /home/ss/Prospects-of-LGWs/unlens/injection.hdf

[global]
instruments = H1 V1 L1 I1 K1
mass1_ref = 30.000000005147637
mass2_ref = 30.00000000903172
minchirp = 26.116416905055647
maxchirp = 26.116616905055647
mincov = 17585267624.06864
maxcov = 1758526762406.864
