
[data]
trigger-time = 1337815887.0646794
injection-file = /home/ss/Prospects-of-LGWs/unlens/injection.hdf

[global]
instruments = H1 V1 L1 I1 K1
mass1_ref = 30.00000000975393
mass2_ref = 30.000000003574634
minchirp = 26.116416904685316
maxchirp = 26.116616904685316
mincov = 21117424408.95014
maxcov = 2111742440895.0142
