
[data]
trigger-time = 1913012569.6519134
injection-file = /work/shashwat.singh/Prospects-of-LGWs/unlens/injection.hdf

[global]
instruments = E1 E2 E3 C1 C2 H1 V1 L1 I1 K1
mass1_ref = 30.000000006461185
mass2_ref = 30.000000006592373
minchirp = 26.116416904565614
maxchirp = 26.116616904565614
mincov = 39227073915.913574
maxcov = 3922707391591.3574
