
[data]
trigger-time = 1977951078.5478773
injection-file = /work/shashwat.singh/Prospects-of-LGWs/unlens/injection.hdf

[global]
instruments = E1 E2 E3 C1 C2 H1 V1 L1 I1 K1
mass1_ref = 30.000000005776627
mass2_ref = 30.000000001546265
minchirp = 26.1164169020712
maxchirp = 26.1166169020712
mincov = 116205870621.8594
maxcov = 11620587062185.94
