
[data]
trigger-time = 1170328228.5382736
injection-file = /work/shashwat.singh/Prospects-of-LGWs/unlens/injection.hdf

[global]
instruments = E1 E2 E3 C1 C2 H1 V1 L1 I1 K1
mass1_ref = 30.00000000389803
mass2_ref = 30.000000003697426
minchirp = 26.11641690218984
maxchirp = 26.11661690218984
mincov = 69593409833.47093
maxcov = 6959340983347.094
