
[data]
trigger-time = 1975437330.8646483
injection-file = /work/shashwat.singh/Prospects-of-LGWs/unlens/injection.hdf

[global]
instruments = E1 E2 E3 C1 C2 H1 V1 L1 I1 K1
mass1_ref = 30.000000000724647
mass2_ref = 30.00000000533942
minchirp = 26.116416901523262
maxchirp = 26.116616901523262
mincov = 141389968788.12192
maxcov = 14138996878812.191
