
[data]
trigger-time = 1586021980.053176
injection-file = /home/ss/Prospects-of-LGWs/unlens/injection.hdf

[global]
instruments = E1 E2 E3 C1 H1 V1 L1 I1 K1
mass1_ref = 30.0000000008262
mass2_ref = 30.00000000132055
minchirp = 26.116416899818155
maxchirp = 26.116616899818155
mincov = 7326189884.42838
maxcov = 732618988442.838
