
[data]
trigger-time = 1767320468.0551896
injection-file = /work/shashwat.singh/Prospects-of-LGWs/unlens/injection.hdf

[global]
instruments = E1 E2 E3 C1 C2 H1 V1 L1 I1 K1
mass1_ref = 30.00000000133964
mass2_ref = 30.000000006314718
minchirp = 26.116416902215477
maxchirp = 26.116616902215476
mincov = 73277717999.49698
maxcov = 7327771799949.698
