
[data]
trigger-time = 1920745059.0849385
injection-file = /work/shashwat.singh/Prospects-of-LGWs/unlens/injection.hdf

[global]
instruments = E1 E2 E3 C1 C2 H1 V1 L1 I1 K1
mass1_ref = 30.00000000982547
mass2_ref = 30.00000000947444
minchirp = 26.1164169072845
maxchirp = 26.1166169072845
mincov = 165179657907.65817
maxcov = 16517965790765.818
