
[data]
trigger-time = 1692084068.3543923
injection-file = /work/shashwat.singh/Prospects-of-LGWs/unlens/injection.hdf

[global]
instruments = E1 E2 E3 C1 C2 H1 V1 L1 I1 K1
mass1_ref = 30.00000000417165
mass2_ref = 30.000000004575014
minchirp = 26.116416902690933
maxchirp = 26.116616902690932
mincov = 68105258225.85246
maxcov = 6810525822585.246
