
[data]
trigger-time = 1723597806.8608708
injection-file = /work/shashwat.singh/Prospects-of-LGWs/unlens/injection.hdf

[global]
instruments = E1 E2 E3 C1 C2 H1 V1 L1 I1 K1
mass1_ref = 30.000000007554437
mass2_ref = 30.000000009483372
minchirp = 26.116416906299865
maxchirp = 26.116616906299864
mincov = 21189345825.19003
maxcov = 2118934582519.003
