
[data]
trigger-time = 1783394420.2266793
injection-file = /work/shashwat.singh/Prospects-of-LGWs/unlens/injection.hdf

[global]
instruments = E1 E2 E3 C1 C2 H1 V1 L1 I1 K1
mass1_ref = 30.00000000368711
mass2_ref = 30.000000002847344
minchirp = 26.116416901728012
maxchirp = 26.116616901728012
mincov = 140564471594.95737
maxcov = 14056447159495.738
