
[data]
trigger-time = 1895892227.4000523
injection-file = /work/shashwat.singh/Prospects-of-LGWs/unlens/injection.hdf

[global]
instruments = E1 E2 E3 C1 C2 H1 V1 L1 I1 K1
mass1_ref = 30.000000004343395
mass2_ref = 30.000000006553087
minchirp = 26.116416903626696
maxchirp = 26.116616903626696
mincov = 41120559258.52092
maxcov = 4112055925852.0923
