
[data]
trigger-time = 1375124162.2298677
injection-file = /work/shashwat.singh/Prospects-of-LGWs/unlens/injection.hdf

[global]
instruments = E1 E2 E3 C1 C2 H1 V1 L1 I1 K1
mass1_ref = 30.00000000640738
mass2_ref = 30.000000006992263
minchirp = 26.116416904716257
maxchirp = 26.116616904716256
mincov = 153469751586.82217
maxcov = 15346975158682.217
