
[data]
trigger-time = 1699897312.103944
injection-file = /work/shashwat.singh/Prospects-of-LGWs/unlens/injection.hdf

[global]
instruments = E1 E2 E3 C1 C2 H1 V1 L1 I1 K1
mass1_ref = 30.000000009330435
mass2_ref = 30.000000007953883
minchirp = 26.116416906407164
maxchirp = 26.116616906407163
mincov = 120644987467.46396
maxcov = 12064498746746.396
