
[data]
trigger-time = 1981534727.4867454
injection-file = /work/shashwat.singh/Prospects-of-LGWs/unlens/injection.hdf

[global]
instruments = E1 E2 E3 C1 C2 H1 V1 L1 I1 K1
mass1_ref = 30.000000000406065
mass2_ref = 30.000000002805265
minchirp = 26.11641690028154
maxchirp = 26.11661690028154
mincov = 58685579915.09471
maxcov = 5868557991509.472
