
[data]
trigger-time = 1121847739.7419326
injection-file = /work/shashwat.singh/Prospects-of-LGWs/unlens/injection.hdf

[global]
instruments = E1 E2 E3 C1 C2 H1 V1 L1 I1 K1
mass1_ref = 30.00000000904664
mass2_ref = 30.000000004198085
minchirp = 26.116416904648826
maxchirp = 26.116616904648826
mincov = 180422967.97136056
maxcov = 18042296797.136055
