
[data]
trigger-time = 1734795646.5089993
injection-file = /work/shashwat.singh/Prospects-of-LGWs/unlens/injection.hdf

[global]
instruments = E1 E2 E3 C1 C2 H1 V1 L1 I1 K1
mass1_ref = 30.000000005402942
mass2_ref = 30.0000000064251
minchirp = 26.116416904032178
maxchirp = 26.116616904032178
mincov = 109275477266.65804
maxcov = 10927547726665.803
