
[data]
trigger-time = 1100011884.8865564
injection-file = /work/shashwat.singh/Prospects-of-LGWs/unlens/injection.hdf

[global]
instruments = E1 E2 E3 C1 C2 H1 V1 L1 I1 K1
mass1_ref = 30.0000000072543
mass2_ref = 30.000000004601084
minchirp = 26.11641690404408
maxchirp = 26.11661690404408
mincov = 6110743653.324138
maxcov = 611074365332.4138
