
[data]
trigger-time = 1025947732.9274676
injection-file = /work/shashwat.singh/Prospects-of-LGWs/unlens/injection.hdf

[global]
instruments = E1 E2 E3 C1 C2 H1 V1 L1 I1 K1
mass1_ref = 30.000000000838455
mass2_ref = 30.0000000071853
minchirp = 26.116416902376265
maxchirp = 26.116616902376265
mincov = 37075821990.238075
maxcov = 3707582199023.8076
