
[data]
trigger-time = 1047934084.4127846
injection-file = /work/shashwat.singh/Prospects-of-LGWs/unlens/injection.hdf

[global]
instruments = E1 E2 E3 C1 C2 H1 V1 L1 I1 K1
mass1_ref = 30.00000000616475
mass2_ref = 30.00000000231602
minchirp = 26.116416902575196
maxchirp = 26.116616902575196
mincov = 171860524247.21796
maxcov = 17186052424721.795
