
[data]
trigger-time = 1614775979.4538732
injection-file = /work/shashwat.singh/Prospects-of-LGWs/unlens/injection.hdf

[global]
instruments = E1 E2 E3 C1 C2 H1 V1 L1 I1 K1
mass1_ref = 30.000000003858144
mass2_ref = 30.00000000184607
minchirp = 26.116416901366627
maxchirp = 26.116616901366626
mincov = 173947659440.81366
maxcov = 17394765944081.367
