
[data]
trigger-time = 1437659421.5423377
injection-file = /work/shashwat.singh/Prospects-of-LGWs/unlens/injection.hdf

[global]
instruments = E1 E2 E3 C1 C2 H1 V1 L1 I1 K1
mass1_ref = 30.000000007325852
mass2_ref = 30.000000003845766
minchirp = 26.116416903746455
maxchirp = 26.116616903746454
mincov = 123550756804.99524
maxcov = 12355075680499.523
