
[data]
trigger-time = 1159244585.0412865
injection-file = /work/shashwat.singh/Prospects-of-LGWs/unlens/injection.hdf

[global]
instruments = E1 E2 E3 C1 C2 H1 V1 L1 I1 K1
mass1_ref = 30.000000006218336
mass2_ref = 30.000000001490623
minchirp = 26.116416902239244
maxchirp = 26.116616902239244
mincov = 94544166604.64354
maxcov = 9454416660464.354
