
[data]
trigger-time = 1049426866.1043291
injection-file = /work/shashwat.singh/Prospects-of-LGWs/unlens/injection.hdf

[global]
instruments = E1 E2 E3 C1 C2 H1 V1 L1 I1 K1
mass1_ref = 30.00000000354549
mass2_ref = 30.000000002604256
minchirp = 26.11641690156056
maxchirp = 26.11661690156056
mincov = 170515665303.1568
maxcov = 17051566530315.682
