
[data]
trigger-time = 1511887968.1653337
injection-file = /work/shashwat.singh/Prospects-of-LGWs/unlens/injection.hdf

[global]
instruments = E1 E2 E3 C1 C2 H1 V1 L1 I1 K1
mass1_ref = 30.00000000000632
mass2_ref = 30.000000003535096
minchirp = 26.116416900425214
maxchirp = 26.116616900425214
mincov = 103856194530.16823
maxcov = 10385619453016.822
