
[data]
trigger-time = 1877267036.7660089
injection-file = /work/shashwat.singh/Prospects-of-LGWs/unlens/injection.hdf

[global]
instruments = E1 E2 E3 C1 C2 H1 V1 L1 I1 K1
mass1_ref = 30.00000000045975
mass2_ref = 30.000000000716078
minchirp = 26.11641689939553
maxchirp = 26.11661689939553
mincov = 15948526662.92656
maxcov = 1594852666292.656
