
[data]
trigger-time = 1879956770.3262537
injection-file = /work/shashwat.singh/Prospects-of-LGWs/unlens/injection.hdf

[global]
instruments = E1 E2 E3 C1 C2 H1 V1 L1 I1 K1
mass1_ref = 30.000000005767127
mass2_ref = 30.00000000738149
minchirp = 26.116416904606993
maxchirp = 26.116616904606992
mincov = 12946491207.935143
maxcov = 1294649120793.5142
