
[data]
trigger-time = 1245815508.6418364
injection-file = /work/shashwat.singh/Prospects-of-LGWs/unlens/injection.hdf

[global]
instruments = E1 E2 E3 C1 C2 H1 V1 L1 I1 K1
mass1_ref = 30.00000000434753
mass2_ref = 30.000000007162676
minchirp = 26.116416903893835
maxchirp = 26.116616903893835
mincov = 155663018222.3889
maxcov = 15566301822238.889
