
[data]
trigger-time = 1639621972.9298563
injection-file = /work/shashwat.singh/Prospects-of-LGWs/unlens/injection.hdf

[global]
instruments = E1 E2 E3 C1 C2 H1 V1 L1 I1 K1
mass1_ref = 30.000000002018638
mass2_ref = 30.00000000962907
minchirp = 26.116416903953684
maxchirp = 26.116616903953684
mincov = 12240178007.731941
maxcov = 1224017800773.194
