
[data]
trigger-time = 1082469592.8353596
injection-file = /work/shashwat.singh/Prospects-of-LGWs/unlens/injection.hdf

[global]
instruments = E1 E2 E3 C1 C2 H1 V1 L1 I1 K1
mass1_ref = 30.000000005435314
mass2_ref = 30.000000004757098
minchirp = 26.116416903320232
maxchirp = 26.11661690332023
mincov = 40090559044.34652
maxcov = 4009055904434.6523
