
[data]
trigger-time = 1726069435.8407145
injection-file = /work/shashwat.singh/Prospects-of-LGWs/unlens/injection.hdf

[global]
instruments = E1 E2 E3 C1 C2 H1 V1 L1 I1 K1
mass1_ref = 30.000000009005063
mass2_ref = 30.000000004284278
minchirp = 26.116416904668245
maxchirp = 26.116616904668245
mincov = 169404577299.2163
maxcov = 16940457729921.63
