
[data]
trigger-time = 1567644500.4302092
injection-file = /work/shashwat.singh/Prospects-of-LGWs/unlens/injection.hdf

[global]
instruments = E1 E2 E3 C1 C2 H1 V1 L1 I1 K1
mass1_ref = 30.000000008502717
mass2_ref = 30.00000000022298
minchirp = 26.116416902681806
maxchirp = 26.116616902681805
mincov = 24835802408.006767
maxcov = 2483580240800.677
