
[data]
trigger-time = 1434103187.2513037
injection-file = /work/shashwat.singh/Prospects-of-LGWs/unlens/injection.hdf

[global]
instruments = E1 E2 E3 C1 C2 H1 V1 L1 I1 K1
mass1_ref = 30.000000009078317
mass2_ref = 30.000000007449472
minchirp = 26.116416906077863
maxchirp = 26.116616906077862
mincov = 2242442607.078604
maxcov = 224244260707.8604
