
[data]
trigger-time = 1157296623.278348
injection-file = /work/shashwat.singh/Prospects-of-LGWs/unlens/injection.hdf

[global]
instruments = E1 E2 E3 C1 C2 H1 V1 L1 I1 K1
mass1_ref = 30.000000006141903
mass2_ref = 30.000000006700073
minchirp = 26.11641690447352
maxchirp = 26.11661690447352
mincov = 149145237376.48874
maxcov = 14914523737648.875
