
[data]
trigger-time = 1150159967.5718658
injection-file = /work/shashwat.singh/Prospects-of-LGWs/unlens/injection.hdf

[global]
instruments = E1 E2 E3 C1 C2 H1 V1 L1 I1 K1
mass1_ref = 30.000000000340833
mass2_ref = 30.000000001854982
minchirp = 26.11641689983951
maxchirp = 26.11661689983951
mincov = 140993954687.91318
maxcov = 14099395468791.318
