
[data]
trigger-time = 1978237368.0234153
injection-file = /work/shashwat.singh/Prospects-of-LGWs/unlens/injection.hdf

[global]
instruments = E1 E2 E3 C1 C2 H1 V1 L1 I1 K1
mass1_ref = 30.0000000052567
mass2_ref = 30.00000000734031
minchirp = 26.116416904366893
maxchirp = 26.116616904366893
mincov = 1955241808.9415677
maxcov = 195524180894.15677
