
[data]
trigger-time = 1486981158.593464
injection-file = /work/shashwat.singh/Prospects-of-LGWs/unlens/injection.hdf

[global]
instruments = E1 E2 E3 C1 C2 H1 V1 L1 I1 K1
mass1_ref = 30.000000000641347
mass2_ref = 30.000000005673893
minchirp = 26.116416901632594
maxchirp = 26.116616901632593
mincov = 101719779270.60309
maxcov = 10171977927060.309
