
[data]
trigger-time = 1533470884.9890027
injection-file = /home/ss/Prospects-of-LGWs/unlens/injection.hdf

[global]
instruments = E1 E2 E3 C1 H1 V1 L1 I1 K1
mass1_ref = 30.000000001845716
mass2_ref = 30.0000000003733
minchirp = 26.116416899849607
maxchirp = 26.116616899849607
mincov = 256831.8343366559
maxcov = 25683183.433665592
