
[data]
trigger-time = 1828543223.5448864
injection-file = /work/shashwat.singh/Prospects-of-LGWs/unlens/injection.hdf

[global]
instruments = E1 E2 E3 C1 C2 H1 V1 L1 I1 K1
mass1_ref = 30.000000009591634
mass2_ref = 30.000000007022503
minchirp = 26.116416906115447
maxchirp = 26.116616906115446
mincov = 70634534363.2032
maxcov = 7063453436320.32
