
[data]
trigger-time = 1568536492.8553588
injection-file = /work/shashwat.singh/Prospects-of-LGWs/unlens/injection.hdf

[global]
instruments = E1 E2 E3 C1 C2 H1 V1 L1 I1 K1
mass1_ref = 30.000000001618293
mass2_ref = 30.00000000134617
minchirp = 26.11641690017408
maxchirp = 26.11661690017408
mincov = 159232433620.74722
maxcov = 15923243362074.723
