
[data]
trigger-time = 1550440847.4719992
injection-file = /work/shashwat.singh/Prospects-of-LGWs/unlens/injection.hdf

[global]
instruments = E1 E2 E3 C1 C2 H1 V1 L1 I1 K1
mass1_ref = 30.0000000086269
mass2_ref = 30.000000002295103
minchirp = 26.116416903637802
maxchirp = 26.1166169036378
mincov = 127482786056.27664
maxcov = 12748278605627.664
