
[data]
trigger-time = 1719490903.9663143
injection-file = /work/shashwat.singh/Prospects-of-LGWs/unlens/injection.hdf

[global]
instruments = E1 E2 E3 C1 C2 H1 V1 L1 I1 K1
mass1_ref = 30.00000000355374
mass2_ref = 30.00000000250744
minchirp = 26.11641690152201
maxchirp = 26.116616901522008
mincov = 138569453508.2808
maxcov = 13856945350828.078
