
[data]
trigger-time = 1135873252.0177078
injection-file = /work/shashwat.singh/Prospects-of-LGWs/unlens/injection.hdf

[global]
instruments = E1 E2 E3 C1 C2 H1 V1 L1 I1 K1
mass1_ref = 30.000000009682896
mass2_ref = 30.00000000595393
minchirp = 26.11641690569005
maxchirp = 26.116616905690048
mincov = 37572058309.47637
maxcov = 3757205830947.637
