
[data]
trigger-time = 1658267581.1766815
injection-file = /work/shashwat.singh/Prospects-of-LGWs/unlens/injection.hdf

[global]
instruments = E1 E2 E3 C1 C2 H1 V1 L1 I1 K1
mass1_ref = 30.000000008646523
mass2_ref = 30.0000000083817
minchirp = 26.11641690629569
maxchirp = 26.11661690629569
mincov = 89227632753.95241
maxcov = 8922763275395.24
