
[data]
trigger-time = 1848477394.7237258
injection-file = /work/shashwat.singh/Prospects-of-LGWs/unlens/injection.hdf

[global]
instruments = E1 E2 E3 C1 C2 H1 V1 L1 I1 K1
mass1_ref = 30.00000000680705
mass2_ref = 30.000000006237226
minchirp = 26.116416904561575
maxchirp = 26.116616904561575
mincov = 161725443416.4772
maxcov = 16172544341647.719
