
[data]
trigger-time = 1107826693.3721335
injection-file = /work/shashwat.singh/Prospects-of-LGWs/unlens/injection.hdf

[global]
instruments = E1 E2 E3 C1 C2 H1 V1 L1 I1 K1
mass1_ref = 30.0000000026916
mass2_ref = 30.000000001167372
minchirp = 26.11641690056344
maxchirp = 26.11661690056344
mincov = 94133896646.14182
maxcov = 9413389664614.182
