
[data]
trigger-time = 1463857277.1572099
injection-file = /work/shashwat.singh/Prospects-of-LGWs/unlens/injection.hdf

[global]
instruments = E1 E2 E3 C1 C2 H1 V1 L1 I1 K1
mass1_ref = 30.00000000189707
mass2_ref = 30.000000006033066
minchirp = 26.11641690233552
maxchirp = 26.11661690233552
mincov = 2437541.1586033767
maxcov = 243754115.86033767
