
[data]
trigger-time = 1655702445.227046
injection-file = /work/shashwat.singh/Prospects-of-LGWs/unlens/injection.hdf

[global]
instruments = E1 E2 E3 C1 C2 H1 V1 L1 I1 K1
mass1_ref = 30.00000000136248
mass2_ref = 30.000000001060183
minchirp = 26.11641689993825
maxchirp = 26.11661689993825
mincov = 6332959533.053053
maxcov = 633295953305.3053
