
[data]
trigger-time = 1681994841.5243578
injection-file = /work/shashwat.singh/Prospects-of-LGWs/unlens/injection.hdf

[global]
instruments = E1 E2 E3 C1 C2 H1 V1 L1 I1 K1
mass1_ref = 30.0000000059369
mass2_ref = 30.000000000692694
minchirp = 26.116416901769423
maxchirp = 26.116616901769422
mincov = 105813569517.19698
maxcov = 10581356951719.697
