
[data]
trigger-time = 1325338196.1744833
injection-file = /work/shashwat.singh/Prospects-of-LGWs/unlens/injection.hdf

[global]
instruments = E1 E2 E3 C1 C2 H1 V1 L1 I1 K1
mass1_ref = 30.000000000132133
mass2_ref = 30.00000000626747
minchirp = 26.116416901669314
maxchirp = 26.116616901669314
mincov = 96542946834.05502
maxcov = 9654294683405.502
