
[data]
trigger-time = 1055897923.75304
injection-file = /work/shashwat.singh/Prospects-of-LGWs/unlens/injection.hdf

[global]
instruments = E1 E2 E3 C1 C2 H1 V1 L1 I1 K1
mass1_ref = 30.000000004275485
mass2_ref = 30.00000000047214
minchirp = 26.11641690095025
maxchirp = 26.11661690095025
mincov = 153246748811.3913
maxcov = 15324674881139.129
