
[data]
trigger-time = 1783572826.5997741
injection-file = /work/shashwat.singh/Prospects-of-LGWs/unlens/injection.hdf

[global]
instruments = E1 E2 E3 C1 C2 H1 V1 L1 I1 K1
mass1_ref = 30.000000005962836
mass2_ref = 30.000000003106866
minchirp = 26.116416902831542
maxchirp = 26.11661690283154
mincov = 150631422612.9454
maxcov = 15063142261294.541
