
[data]
trigger-time = 1864488193.4942713
injection-file = /work/shashwat.singh/Prospects-of-LGWs/unlens/injection.hdf

[global]
instruments = E1 E2 E3 C1 C2 H1 V1 L1 I1 K1
mass1_ref = 30.000000008797997
mass2_ref = 30.000000001807614
minchirp = 26.116416903500085
maxchirp = 26.116616903500084
mincov = 142348193925.6708
maxcov = 14234819392567.08
