
[data]
trigger-time = 1895069162.5569286
injection-file = /work/shashwat.singh/Prospects-of-LGWs/unlens/injection.hdf

[global]
instruments = E1 E2 E3 C1 C2 H1 V1 L1 I1 K1
mass1_ref = 30.000000000220687
mass2_ref = 30.000000003232444
minchirp = 26.11641690038679
maxchirp = 26.116616900386788
mincov = 166776242403.8411
maxcov = 16677624240384.11
