
[data]
trigger-time = 1148374721.5629234
injection-file = /work/shashwat.singh/Prospects-of-LGWs/unlens/injection.hdf

[global]
instruments = E1 E2 E3 C1 C2 H1 V1 L1 I1 K1
mass1_ref = 30.00000000625858
mass2_ref = 30.00000000269924
minchirp = 26.116416902782845
maxchirp = 26.116616902782845
mincov = 82921495741.22586
maxcov = 8292149574122.587
