
[data]
trigger-time = 1540889384.8901787
injection-file = /work/shashwat.singh/Prospects-of-LGWs/unlens/injection.hdf

[global]
instruments = E1 E2 E3 C1 C2 H1 V1 L1 I1 K1
mass1_ref = 30.000000003320313
mass2_ref = 30.00000000787281
minchirp = 26.116416903755812
maxchirp = 26.116616903755812
mincov = 87669541205.31927
maxcov = 8766954120531.928
