
[data]
trigger-time = 1225421305.24784
injection-file = /work/shashwat.singh/Prospects-of-LGWs/unlens/injection.hdf

[global]
instruments = E1 E2 E3 C1 C2 H1 V1 L1 I1 K1
mass1_ref = 30.000000003083283
mass2_ref = 30.000000002153165
minchirp = 26.116416901163017
maxchirp = 26.116616901163017
mincov = 40118469419.74069
maxcov = 4011846941974.0693
