
[data]
trigger-time = 1596211758.0628223
injection-file = /work/shashwat.singh/Prospects-of-LGWs/unlens/injection.hdf

[global]
instruments = E1 E2 E3 C1 C2 H1 V1 L1 I1 K1
mass1_ref = 30.0000000002147
mass2_ref = 30.00000000981461
minchirp = 26.116416903249235
maxchirp = 26.116616903249234
mincov = 6345858495.453019
maxcov = 634585849545.3019
