
[data]
trigger-time = 1381411534.904632
injection-file = /home/ss/Prospects-of-LGWs/unlens/injection.hdf

[global]
instruments = E1 E2 E3 C1 H1 V1 L1 I1 K1
mass1_ref = 30.000000007208
mass2_ref = 30.000000008379146
minchirp = 26.116416905668423
maxchirp = 26.116616905668423
mincov = 27977193267.303204
maxcov = 2797719326730.3203
