
[data]
trigger-time = 1896533981.5284014
injection-file = /work/shashwat.singh/Prospects-of-LGWs/unlens/injection.hdf

[global]
instruments = E1 E2 E3 C1 C2 H1 V1 L1 I1 K1
mass1_ref = 30.00000000083096
mass2_ref = 30.000000002490616
minchirp = 26.116416900329522
maxchirp = 26.11661690032952
mincov = 138878621554.28415
maxcov = 13887862155428.416
