
[data]
trigger-time = 1042907251.5223082
injection-file = /work/shashwat.singh/Prospects-of-LGWs/unlens/injection.hdf

[global]
instruments = E1 E2 E3 C1 C2 H1 V1 L1 I1 K1
mass1_ref = 30.00000000598196
mass2_ref = 30.000000004583107
minchirp = 26.11641690348244
maxchirp = 26.116616903482438
mincov = 13003007563.845623
maxcov = 1300300756384.5623
