
[data]
trigger-time = 1458614324.8207495
injection-file = /work/shashwat.singh/Prospects-of-LGWs/unlens/injection.hdf

[global]
instruments = E1 E2 E3 C1 C2 H1 V1 L1 I1 K1
mass1_ref = 30.000000002177842
mass2_ref = 30.00000000190063
minchirp = 26.116416900658983
maxchirp = 26.116616900658983
mincov = 58786360474.25775
maxcov = 5878636047425.775
