
[data]
trigger-time = 1014860024.6332281
injection-file = /home/ss/Prospects-of-LGWs/unlens/injection.hdf

[global]
instruments = E1 E2 E3 C1 H1 V1 L1 I1 K1
mass1_ref = 30.000000006155023
mass2_ref = 30.000000005591254
minchirp = 26.11641690399659
maxchirp = 26.11661690399659
mincov = 3000895201.4125853
maxcov = 300089520141.25854
