
[data]
trigger-time = 1855754096.7156248
injection-file = /work/shashwat.singh/Prospects-of-LGWs/unlens/injection.hdf

[global]
instruments = E1 E2 E3 C1 C2 H1 V1 L1 I1 K1
mass1_ref = 30.00000000809359
mass2_ref = 30.000000002775554
minchirp = 26.116416903614795
maxchirp = 26.116616903614794
mincov = 26069456499.741035
maxcov = 2606945649974.1035
