
[data]
trigger-time = 1622200872.5798178
injection-file = /work/shashwat.singh/Prospects-of-LGWs/unlens/injection.hdf

[global]
instruments = E1 E2 E3 C1 C2 H1 V1 L1 I1 K1
mass1_ref = 30.000000001929266
mass2_ref = 30.000000000094694
minchirp = 26.116416899764705
maxchirp = 26.116616899764704
mincov = 167966102306.09784
maxcov = 16796610230609.783
