
[data]
trigger-time = 1236510959.5584779
injection-file = /work/shashwat.singh/Prospects-of-LGWs/unlens/injection.hdf

[global]
instruments = E1 E2 E3 C1 C2 H1 V1 L1 I1 K1
mass1_ref = 30.00000000182897
mass2_ref = 30.000000004442782
minchirp = 26.116416901613665
maxchirp = 26.116616901613664
mincov = 171624571874.86896
maxcov = 17162457187486.895
