
[data]
trigger-time = 1165163317.843983
injection-file = /work/shashwat.singh/Prospects-of-LGWs/unlens/injection.hdf

[global]
instruments = E1 E2 E3 C1 C2 H1 V1 L1 I1 K1
mass1_ref = 30.000000006974656
mass2_ref = 30.000000005963656
minchirp = 26.116416904515454
maxchirp = 26.116616904515453
mincov = 18487298192.51446
maxcov = 1848729819251.4463
