
[data]
trigger-time = 1607727539.9309416
injection-file = /work/shashwat.singh/Prospects-of-LGWs/unlens/injection.hdf

[global]
instruments = E1 E2 E3 C1 C2 H1 V1 L1 I1 K1
mass1_ref = 30.00000000795026
mass2_ref = 30.00000000173953
minchirp = 26.11641690310145
maxchirp = 26.11661690310145
mincov = 79574472596.92714
maxcov = 7957447259692.714
