
[data]
trigger-time = 1436178725.808784
injection-file = /work/shashwat.singh/Prospects-of-LGWs/unlens/injection.hdf

[global]
instruments = E1 E2 E3 C1 C2 H1 V1 L1 I1 K1
mass1_ref = 30.000000000597893
mass2_ref = 30.000000004533057
minchirp = 26.1164169011171
maxchirp = 26.116616901117098
mincov = 120112145280.53311
maxcov = 12011214528053.31
