
[data]
trigger-time = 1268314651.8827782
injection-file = /work/shashwat.singh/Prospects-of-LGWs/unlens/injection.hdf

[global]
instruments = E1 E2 E3 C1 C2 H1 V1 L1 I1 K1
mass1_ref = 30.00000000627804
mass2_ref = 30.00000000896661
minchirp = 26.116416905519344
maxchirp = 26.116616905519344
mincov = 143069559602.71225
maxcov = 14306955960271.227
