
[data]
trigger-time = 1370506106.9190006
injection-file = /work/shashwat.singh/Prospects-of-LGWs/unlens/injection.hdf

[global]
instruments = E1 E2 E3 C1 C2 H1 V1 L1 I1 K1
mass1_ref = 30.000000006028447
mass2_ref = 30.000000005975735
minchirp = 26.11641690410885
maxchirp = 26.11661690410885
mincov = 121043749194.55771
maxcov = 12104374919455.771
