
[data]
trigger-time = 1245565882.0929883
injection-file = /work/shashwat.singh/Prospects-of-LGWs/unlens/injection.hdf

[global]
instruments = E1 E2 E3 C1 C2 H1 V1 L1 I1 K1
mass1_ref = 30.00000000450352
mass2_ref = 30.00000000070357
minchirp = 26.11641690115024
maxchirp = 26.11661690115024
mincov = 159951498204.60886
maxcov = 15995149820460.887
