
[data]
trigger-time = 1264442720.5201733
injection-file = /work/shashwat.singh/Prospects-of-LGWs/unlens/injection.hdf

[global]
instruments = E1 E2 E3 C1 C2 H1 V1 L1 I1 K1
mass1_ref = 30.000000005704024
mass2_ref = 30.0000000043972
minchirp = 26.116416903280538
maxchirp = 26.116616903280537
mincov = 113446053922.69083
maxcov = 11344605392269.082
