
[data]
trigger-time = 1239574817.626051
injection-file = /work/shashwat.singh/Prospects-of-LGWs/unlens/injection.hdf

[global]
instruments = E1 E2 E3 C1 C2 H1 V1 L1 I1 K1
mass1_ref = 30.000000001857895
mass2_ref = 30.000000004325138
minchirp = 26.116416901575047
maxchirp = 26.116616901575046
mincov = 42645303680.75391
maxcov = 4264530368075.3906
