
[data]
trigger-time = 1958921537.215693
injection-file = /work/shashwat.singh/Prospects-of-LGWs/unlens/injection.hdf

[global]
instruments = E1 E2 E3 C1 C2 H1 V1 L1 I1 K1
mass1_ref = 30.000000000710614
mass2_ref = 30.00000000907897
minchirp = 26.116416903144888
maxchirp = 26.116616903144887
mincov = 153804347986.53485
maxcov = 15380434798653.484
