
[data]
trigger-time = 1729474467.917074
injection-file = /work/shashwat.singh/Prospects-of-LGWs/unlens/injection.hdf

[global]
instruments = E1 E2 E3 C1 C2 H1 V1 L1 I1 K1
mass1_ref = 30.000000006919663
mass2_ref = 30.00000000358845
minchirp = 26.116416903457647
maxchirp = 26.116616903457647
mincov = 97039413253.45325
maxcov = 9703941325345.324
