
[data]
trigger-time = 1495590708.2938056
injection-file = /work/shashwat.singh/Prospects-of-LGWs/unlens/injection.hdf

[global]
instruments = E1 E2 E3 C1 C2 H1 V1 L1 I1 K1
mass1_ref = 30.00000000066438
mass2_ref = 30.000000001676412
minchirp = 26.116416899902614
maxchirp = 26.116616899902613
mincov = 85451399556.71286
maxcov = 8545139955671.287
