
[data]
trigger-time = 1019376951.4669183
injection-file = /work/shashwat.singh/Prospects-of-LGWs/unlens/injection.hdf

[global]
instruments = E1 E2 E3 C1 C2 H1 V1 L1 I1 K1
mass1_ref = 30.000000002491188
mass2_ref = 30.000000001142865
minchirp = 26.116416900465538
maxchirp = 26.116616900465537
mincov = 60264604313.39822
maxcov = 6026460431339.822
