
[data]
trigger-time = 1280607432.1227267
injection-file = /work/shashwat.singh/Prospects-of-LGWs/unlens/injection.hdf

[global]
instruments = E1 E2 E3 C1 C2 H1 V1 L1 I1 K1
mass1_ref = 30.000000008581317
mass2_ref = 30.00000000640817
minchirp = 26.11641690540828
maxchirp = 26.11661690540828
mincov = 72687889149.0416
maxcov = 7268788914904.159
