
[data]
trigger-time = 1926674171.3925834
injection-file = /work/shashwat.singh/Prospects-of-LGWs/unlens/injection.hdf

[global]
instruments = E1 E2 E3 C1 C2 H1 V1 L1 I1 K1
mass1_ref = 30.000000006448154
mass2_ref = 30.000000008777118
minchirp = 26.11641690551091
maxchirp = 26.11661690551091
mincov = 167032654088.7426
maxcov = 16703265408874.26
