
[data]
trigger-time = 1600752127.7133622
injection-file = /work/shashwat.singh/Prospects-of-LGWs/unlens/injection.hdf

[global]
instruments = E1 E2 E3 C1 C2 H1 V1 L1 I1 K1
mass1_ref = 30.000000009500923
mass2_ref = 30.00000000866879
minchirp = 26.11641690679255
maxchirp = 26.11661690679255
mincov = 143375694685.4001
maxcov = 14337569468540.01
