
[data]
trigger-time = 1204236455.3244982
injection-file = /work/shashwat.singh/Prospects-of-LGWs/unlens/injection.hdf

[global]
instruments = E1 E2 E3 C1 C2 H1 V1 L1 I1 K1
mass1_ref = 30.000000009468952
mass2_ref = 30.000000000763734
minchirp = 26.11641690333776
maxchirp = 26.11661690333776
mincov = 20943593518.460686
maxcov = 2094359351846.0684
