
[data]
trigger-time = 1122892184.3407354
injection-file = /work/shashwat.singh/Prospects-of-LGWs/unlens/injection.hdf

[global]
instruments = E1 E2 E3 C1 C2 H1 V1 L1 I1 K1
mass1_ref = 30.000000009100713
mass2_ref = 30.000000000297987
minchirp = 26.11641690297475
maxchirp = 26.116616902974748
mincov = 115994898525.90132
maxcov = 11599489852590.133
