
[data]
trigger-time = 1464132069.7879155
injection-file = /work/shashwat.singh/Prospects-of-LGWs/unlens/injection.hdf

[global]
instruments = E1 E2 E3 C1 C2 H1 V1 L1 I1 K1
mass1_ref = 30.000000002953094
mass2_ref = 30.00000000413534
minchirp = 26.116416901969146
maxchirp = 26.116616901969145
mincov = 302386146.71365464
maxcov = 30238614671.365467
