
[data]
trigger-time = 1278530858.395465
injection-file = /work/shashwat.singh/Prospects-of-LGWs/unlens/injection.hdf

[global]
instruments = E1 E2 E3 C1 C2 H1 V1 L1 I1 K1
mass1_ref = 30.00000000203139
mass2_ref = 30.000000001747825
minchirp = 26.116416900528723
maxchirp = 26.116616900528722
mincov = 20962346028.13214
maxcov = 2096234602813.214
