
[data]
trigger-time = 1936508313.6100783
injection-file = /work/shashwat.singh/Prospects-of-LGWs/unlens/injection.hdf

[global]
instruments = E1 E2 E3 C1 C2 H1 V1 L1 I1 K1
mass1_ref = 30.000000007712043
mass2_ref = 30.0000000071527
minchirp = 26.11641690535398
maxchirp = 26.11661690535398
mincov = 131065902079.79517
maxcov = 13106590207979.516
