
[data]
trigger-time = 1324511841.5747836
injection-file = /work/shashwat.singh/Prospects-of-LGWs/unlens/injection.hdf

[global]
instruments = E1 E2 E3 C1 C2 H1 V1 L1 I1 K1
mass1_ref = 30.00000000265192
mass2_ref = 30.000000001655984
minchirp = 26.11641690075885
maxchirp = 26.11661690075885
mincov = 126346740218.24947
maxcov = 12634674021824.945
