
[data]
trigger-time = 1444696301.3417342
injection-file = /work/shashwat.singh/Prospects-of-LGWs/unlens/injection.hdf

[global]
instruments = E1 E2 E3 C1 C2 H1 V1 L1 I1 K1
mass1_ref = 30.00000000239323
mass2_ref = 30.000000007334112
minchirp = 26.116416903117795
maxchirp = 26.116616903117794
mincov = 75752275644.26262
maxcov = 7575227564426.262
