
[data]
trigger-time = 1771980801.1113896
injection-file = /work/shashwat.singh/Prospects-of-LGWs/unlens/injection.hdf

[global]
instruments = E1 E2 E3 C1 C2 H1 V1 L1 I1 K1
mass1_ref = 30.00000000840285
mass2_ref = 30.000000006513567
minchirp = 26.11641690537647
maxchirp = 26.11661690537647
mincov = 16631209344.635143
maxcov = 1663120934463.5144
