
[data]
trigger-time = 1679240395.165687
injection-file = /work/shashwat.singh/Prospects-of-LGWs/unlens/injection.hdf

[global]
instruments = E1 E2 E3 C1 C2 H1 V1 L1 I1 K1
mass1_ref = 30.000000003206484
mass2_ref = 30.00000000162762
minchirp = 26.11641690098789
maxchirp = 26.11661690098789
mincov = 166677874954.44135
maxcov = 16667787495444.137
