
[data]
trigger-time = 1559625995.8287401
injection-file = /work/shashwat.singh/Prospects-of-LGWs/unlens/injection.hdf

[global]
instruments = E1 E2 E3 C1 C2 H1 V1 L1 I1 K1
mass1_ref = 30.00000000947728
mass2_ref = 30.00000000477874
minchirp = 26.116416905089014
maxchirp = 26.116616905089014
mincov = 67287143059.45113
maxcov = 6728714305945.113
