
[data]
trigger-time = 1449686707.070758
injection-file = /work/shashwat.singh/Prospects-of-LGWs/unlens/injection.hdf

[global]
instruments = E1 E2 E3 C1 C2 H1 V1 L1 I1 K1
mass1_ref = 30.00000000457679
mass2_ref = 30.000000005124836
minchirp = 26.116416903106604
maxchirp = 26.116616903106603
mincov = 25882710156.430653
maxcov = 2588271015643.0654
