
[data]
trigger-time = 1987420369.6955807
injection-file = /work/shashwat.singh/Prospects-of-LGWs/unlens/injection.hdf

[global]
instruments = E1 E2 E3 C1 C2 H1 V1 L1 I1 K1
mass1_ref = 30.00000000492578
mass2_ref = 30.000000009797173
minchirp = 26.11641690529226
maxchirp = 26.11661690529226
mincov = 167914939304.1603
maxcov = 16791493930416.031
