
[data]
trigger-time = 1157907811.3510132
injection-file = /work/shashwat.singh/Prospects-of-LGWs/unlens/injection.hdf

[global]
instruments = E1 E2 E3 C1 C2 H1 V1 L1 I1 K1
mass1_ref = 30.00000000132428
mass2_ref = 30.00000000769148
minchirp = 26.116416902808062
maxchirp = 26.11661690280806
mincov = 91836120008.2832
maxcov = 9183612000828.32
