
[data]
trigger-time = 1503920517.2170162
injection-file = /work/shashwat.singh/Prospects-of-LGWs/unlens/injection.hdf

[global]
instruments = E1 E2 E3 C1 C2 H1 V1 L1 I1 K1
mass1_ref = 30.000000006163972
mass2_ref = 30.00000000726629
minchirp = 26.116416904729586
maxchirp = 26.116616904729586
mincov = 174726947167.97467
maxcov = 17472694716797.469
