
[data]
trigger-time = 1825229196.760202
injection-file = /work/shashwat.singh/Prospects-of-LGWs/unlens/injection.hdf

[global]
instruments = E1 E2 E3 C1 C2 H1 V1 L1 I1 K1
mass1_ref = 30.00000000121442
mass2_ref = 30.00000000099189
minchirp = 26.11641689984408
maxchirp = 26.11661689984408
mincov = 23873732.421627857
maxcov = 2387373242.162786
