
[data]
trigger-time = 1031014655.8384902
injection-file = /work/shashwat.singh/Prospects-of-LGWs/unlens/injection.hdf

[global]
instruments = E1 E2 E3 C1 C2 H1 V1 L1 I1 K1
mass1_ref = 30.00000000182654
mass2_ref = 30.00000000970771
minchirp = 26.116416903904298
maxchirp = 26.116616903904298
mincov = 965929066.1425314
maxcov = 96592906614.25314
