
[data]
trigger-time = 1046523781.8914106
injection-file = /work/shashwat.singh/Prospects-of-LGWs/unlens/injection.hdf

[global]
instruments = E1 E2 E3 C1 C2 H1 V1 L1 I1 K1
mass1_ref = 30.00000000660703
mass2_ref = 30.00000000634387
minchirp = 26.116416904520932
maxchirp = 26.11661690452093
mincov = 86703982679.99779
maxcov = 8670398267999.779
