
[data]
trigger-time = 1280698111.4545984
injection-file = /work/shashwat.singh/Prospects-of-LGWs/unlens/injection.hdf

[global]
instruments = E1 E2 E3 C1 C2 H1 V1 L1 I1 K1
mass1_ref = 30.0000000018245
mass2_ref = 30.000000004619498
minchirp = 26.116416901688638
maxchirp = 26.116616901688637
mincov = 18611260107.209267
maxcov = 1861126010720.9268
