
[data]
trigger-time = 1772527976.0860927
injection-file = /work/shashwat.singh/Prospects-of-LGWs/unlens/injection.hdf

[global]
instruments = E1 E2 E3 C1 C2 H1 V1 L1 I1 K1
mass1_ref = 30.000000007338343
mass2_ref = 30.000000008827616
minchirp = 26.116416905920364
maxchirp = 26.116616905920363
mincov = 17718363718.595566
maxcov = 1771836371859.5566
