
[data]
trigger-time = 1505249062.3661718
injection-file = /work/shashwat.singh/Prospects-of-LGWs/unlens/injection.hdf

[global]
instruments = E1 E2 E3 C1 C2 H1 V1 L1 I1 K1
mass1_ref = 30.00000000519352
mass2_ref = 30.000000009231236
minchirp = 26.116416905162463
maxchirp = 26.116616905162463
mincov = 709.2325794353615
maxcov = 70923.25794353614
