
[data]
trigger-time = 1698627144.4616985
injection-file = /work/shashwat.singh/Prospects-of-LGWs/unlens/injection.hdf

[global]
instruments = E1 E2 E3 C1 C2 H1 V1 L1 I1 K1
mass1_ref = 30.000000004340457
mass2_ref = 30.00000000685391
minchirp = 26.116416903756356
maxchirp = 26.116616903756356
mincov = 151997810103.15738
maxcov = 15199781010315.738
