
[data]
trigger-time = 1002579501.6220001
injection-file = /work/shashwat.singh/Prospects-of-LGWs/unlens/injection.hdf

[global]
instruments = E1 E2 E3 C1 C2 H1 V1 L1 I1 K1
mass1_ref = 30.00000000339619
mass2_ref = 30.00000000665994
minchirp = 26.116416903260912
maxchirp = 26.116616903260912
mincov = 4570687583.583822
maxcov = 457068758358.38226
