
[data]
trigger-time = 1248243171.7214136
injection-file = /work/shashwat.singh/Prospects-of-LGWs/unlens/injection.hdf

[global]
instruments = E1 E2 E3 C1 C2 H1 V1 L1 I1 K1
mass1_ref = 30.000000003059345
mass2_ref = 30.00000000756498
minchirp = 26.11641690350823
maxchirp = 26.11661690350823
mincov = 21070142932.221855
maxcov = 2107014293222.1855
