
[data]
trigger-time = 1087559076.2375307
injection-file = /work/shashwat.singh/Prospects-of-LGWs/unlens/injection.hdf

[global]
instruments = E1 E2 E3 C1 C2 H1 V1 L1 I1 K1
mass1_ref = 30.000000004490456
mass2_ref = 30.000000002391346
minchirp = 26.116416901879205
maxchirp = 26.116616901879205
mincov = 96098923867.29185
maxcov = 9609892386729.186
