
[data]
trigger-time = 1098544027.8545802
injection-file = /work/shashwat.singh/Prospects-of-LGWs/unlens/injection.hdf

[global]
instruments = E1 E2 E3 C1 C2 H1 V1 L1 I1 K1
mass1_ref = 30.00000000486167
mass2_ref = 30.000000008816354
minchirp = 26.11641690483743
maxchirp = 26.11661690483743
mincov = 150350561.52247924
maxcov = 15035056152.247923
