
[data]
trigger-time = 1795865376.4812279
injection-file = /work/shashwat.singh/Prospects-of-LGWs/unlens/injection.hdf

[global]
instruments = E1 E2 E3 C1 C2 H1 V1 L1 I1 K1
mass1_ref = 30.000000001814364
mass2_ref = 30.00000000772124
minchirp = 26.116416903034338
maxchirp = 26.116616903034338
mincov = 159421882565.25104
maxcov = 15942188256525.102
