
[data]
trigger-time = 1275213686.4733195
injection-file = /work/shashwat.singh/Prospects-of-LGWs/unlens/injection.hdf

[global]
instruments = E1 E2 E3 C1 C2 H1 V1 L1 I1 K1
mass1_ref = 30.00000000415938
mass2_ref = 30.000000003351936
minchirp = 26.116416902153215
maxchirp = 26.116616902153215
mincov = 50233581635.92078
maxcov = 5023358163592.078
