
[data]
trigger-time = 1661278088.3529181
injection-file = /work/shashwat.singh/Prospects-of-LGWs/unlens/injection.hdf

[global]
instruments = E1 E2 E3 C1 C2 H1 V1 L1 I1 K1
mass1_ref = 30.000000000855735
mass2_ref = 30.00000000334117
minchirp = 26.116416900710533
maxchirp = 26.116616900710532
mincov = 118776667582.82576
maxcov = 11877666758282.576
