
[data]
trigger-time = 1371639616.4050388
injection-file = /work/shashwat.singh/Prospects-of-LGWs/unlens/injection.hdf

[global]
instruments = E1 E2 E3 C1 C2 H1 V1 L1 I1 K1
mass1_ref = 30.000000003582127
mass2_ref = 30.000000001603286
minchirp = 26.116416901140806
maxchirp = 26.116616901140805
mincov = 153959203065.86005
maxcov = 15395920306586.004
