
[data]
trigger-time = 1501533075.9594383
injection-file = /work/shashwat.singh/Prospects-of-LGWs/unlens/injection.hdf

[global]
instruments = E1 E2 E3 C1 C2 H1 V1 L1 I1 K1
mass1_ref = 30.00000000174117
mass2_ref = 30.000000006798135
minchirp = 26.116416902600676
maxchirp = 26.116616902600676
mincov = 99070512239.82494
maxcov = 9907051223982.494
