
[data]
trigger-time = 1608794887.4143863
injection-file = /work/shashwat.singh/Prospects-of-LGWs/unlens/injection.hdf

[global]
instruments = E1 E2 E3 C1 C2 H1 V1 L1 I1 K1
mass1_ref = 30.00000000807104
mass2_ref = 30.00000000043729
minchirp = 26.11641690258719
maxchirp = 26.11661690258719
mincov = 163730913166.03375
maxcov = 16373091316603.377
