
[data]
trigger-time = 1663398498.0507345
injection-file = /work/shashwat.singh/Prospects-of-LGWs/unlens/injection.hdf

[global]
instruments = E1 E2 E3 C1 C2 H1 V1 L1 I1 K1
mass1_ref = 30.000000000315683
mass2_ref = 30.00000000154209
minchirp = 26.116416899692368
maxchirp = 26.116616899692367
mincov = 11875524392.744108
maxcov = 1187552439274.411
