
[data]
trigger-time = 1742322218.9660254
injection-file = /work/shashwat.singh/Prospects-of-LGWs/unlens/injection.hdf

[global]
instruments = E1 E2 E3 C1 C2 H1 V1 L1 I1 K1
mass1_ref = 30.000000003442672
mass2_ref = 30.00000000071739
minchirp = 26.116416900694492
maxchirp = 26.116616900694492
mincov = 55971479976.0471
maxcov = 5597147997604.709
