
[data]
trigger-time = 1357397804.0166454
injection-file = /work/shashwat.singh/Prospects-of-LGWs/unlens/injection.hdf

[global]
instruments = E1 E2 E3 C1 C2 H1 V1 L1 I1 K1
mass1_ref = 30.00000000010588
mass2_ref = 30.000000008264685
minchirp = 26.116416902527224
maxchirp = 26.116616902527223
mincov = 155906786492.3715
maxcov = 15590678649237.148
