
[data]
trigger-time = 1588537538.3928566
injection-file = /work/shashwat.singh/Prospects-of-LGWs/unlens/injection.hdf

[global]
instruments = E1 E2 E3 C1 C2 H1 V1 L1 I1 K1
mass1_ref = 30.00000000848201
mass2_ref = 30.000000001311133
minchirp = 26.11641690314644
maxchirp = 26.11661690314644
mincov = 4040055055.444378
maxcov = 404005505544.4378
