
[data]
trigger-time = 1791204814.4581811
injection-file = /work/shashwat.singh/Prospects-of-LGWs/unlens/injection.hdf

[global]
instruments = E1 E2 E3 C1 C2 H1 V1 L1 I1 K1
mass1_ref = 30.000000003286605
mass2_ref = 30.000000006712934
minchirp = 26.116416903236278
maxchirp = 26.116616903236277
mincov = 100393984538.17378
maxcov = 10039398453817.379
