
[data]
trigger-time = 1811170469.0882077
injection-file = /work/shashwat.singh/Prospects-of-LGWs/unlens/injection.hdf

[global]
instruments = E1 E2 E3 C1 C2 H1 V1 L1 I1 K1
mass1_ref = 30.0000000079036
mass2_ref = 30.000000002898357
minchirp = 26.116416903585552
maxchirp = 26.11661690358555
mincov = 168332553155.2553
maxcov = 16833255315525.531
