
[data]
trigger-time = 1937714564.1412654
injection-file = /work/shashwat.singh/Prospects-of-LGWs/unlens/injection.hdf

[global]
instruments = E1 E2 E3 C1 C2 H1 V1 L1 I1 K1
mass1_ref = 30.00000000290082
mass2_ref = 30.000000004139327
minchirp = 26.116416901948124
maxchirp = 26.116616901948124
mincov = 170082083160.01642
maxcov = 17008208316001.643
