
[data]
trigger-time = 1078116843.255717
injection-file = /work/shashwat.singh/Prospects-of-LGWs/unlens/injection.hdf

[global]
instruments = E1 E2 E3 C1 C2 H1 V1 L1 I1 K1
mass1_ref = 30.000000003599354
mass2_ref = 30.000000001713076
minchirp = 26.116416901196093
maxchirp = 26.116616901196092
mincov = 19639075878.52542
maxcov = 1963907587852.542
