
[data]
trigger-time = 1654776617.68627
injection-file = /work/shashwat.singh/Prospects-of-LGWs/unlens/injection.hdf

[global]
instruments = E1 E2 E3 C1 C2 H1 V1 L1 I1 K1
mass1_ref = 30.000000009118914
mass2_ref = 30.000000009947577
minchirp = 26.116416907182895
maxchirp = 26.116616907182895
mincov = 41130538685.803955
maxcov = 4113053868580.3955
