
[data]
trigger-time = 1230023994.576012
injection-file = /work/shashwat.singh/Prospects-of-LGWs/unlens/injection.hdf

[global]
instruments = E1 E2 E3 C1 C2 H1 V1 L1 I1 K1
mass1_ref = 30.00000000599218
mass2_ref = 30.000000006498095
minchirp = 26.11641690432043
maxchirp = 26.11661690432043
mincov = 149439784133.0306
maxcov = 14943978413303.062
