
[data]
trigger-time = 1378581723.3636422
injection-file = /work/shashwat.singh/Prospects-of-LGWs/unlens/injection.hdf

[global]
instruments = E1 E2 E3 C1 C2 H1 V1 L1 I1 K1
mass1_ref = 30.000000004590472
mass2_ref = 30.000000002974883
minchirp = 26.116416902176734
maxchirp = 26.116616902176734
mincov = 167567021050.88373
maxcov = 16756702105088.375
