
[data]
trigger-time = 1625804969.7500043
injection-file = /work/shashwat.singh/Prospects-of-LGWs/unlens/injection.hdf

[global]
instruments = E1 E2 E3 C1 C2 H1 V1 L1 I1 K1
mass1_ref = 30.00000000914263
mass2_ref = 30.00000000719129
minchirp = 26.116416905993475
maxchirp = 26.116616905993475
mincov = 146098216649.30875
maxcov = 14609821664930.875
