
[data]
trigger-time = 1291213233.7683518
injection-file = /work/shashwat.singh/Prospects-of-LGWs/unlens/injection.hdf

[global]
instruments = E1 E2 E3 C1 C2 H1 V1 L1 I1 K1
mass1_ref = 30.000000002242853
mass2_ref = 30.000000001461228
minchirp = 26.11641690049602
maxchirp = 26.11661690049602
mincov = 25038212458.58751
maxcov = 2503821245858.751
