
[data]
trigger-time = 1161506902.0855153
injection-file = /work/shashwat.singh/Prospects-of-LGWs/unlens/injection.hdf

[global]
instruments = E1 E2 E3 C1 C2 H1 V1 L1 I1 K1
mass1_ref = 30.000000007125944
mass2_ref = 30.00000000301269
minchirp = 26.11641690329682
maxchirp = 26.11661690329682
mincov = 23776107041.003563
maxcov = 2377610704100.356
