
[data]
trigger-time = 1818866705.9991074
injection-file = /work/shashwat.singh/Prospects-of-LGWs/unlens/injection.hdf

[global]
instruments = E1 E2 E3 C1 C2 H1 V1 L1 I1 K1
mass1_ref = 30.000000001878345
mass2_ref = 30.000000002693753
minchirp = 26.116416900873848
maxchirp = 26.116616900873847
mincov = 35359999476.289505
maxcov = 3535999947628.95
