
[data]
trigger-time = 1148573327.110283
injection-file = /work/shashwat.singh/Prospects-of-LGWs/unlens/injection.hdf

[global]
instruments = E1 E2 E3 C1 C2 H1 V1 L1 I1 K1
mass1_ref = 30.000000008812638
mass2_ref = 30.000000000599403
minchirp = 26.116416902980554
maxchirp = 26.116616902980553
mincov = 139325772725.83392
maxcov = 13932577272583.39
