
[data]
trigger-time = 1622077563.2528691
injection-file = /work/shashwat.singh/Prospects-of-LGWs/unlens/injection.hdf

[global]
instruments = E1 E2 E3 C1 C2 H1 V1 L1 I1 K1
mass1_ref = 30.0000000008999
mass2_ref = 30.00000000543291
minchirp = 26.11641690164024
maxchirp = 26.11661690164024
mincov = 173086898869.27377
maxcov = 17308689886927.379
