
[data]
trigger-time = 1386487368.381187
injection-file = /work/shashwat.singh/Prospects-of-LGWs/unlens/injection.hdf

[global]
instruments = E1 E2 E3 C1 C2 H1 V1 L1 I1 K1
mass1_ref = 30.000000004668507
mass2_ref = 30.000000006900798
minchirp = 26.116416903919557
maxchirp = 26.116616903919557
mincov = 101663318446.1204
maxcov = 10166331844612.041
