
[data]
trigger-time = 1253221296.9762576
injection-file = /work/shashwat.singh/Prospects-of-LGWs/unlens/injection.hdf

[global]
instruments = E1 E2 E3 C1 C2 H1 V1 L1 I1 K1
mass1_ref = 30.000000000841887
mass2_ref = 30.000000000476756
minchirp = 26.116416899457697
maxchirp = 26.116616899457696
mincov = 29666726149.705803
maxcov = 2966672614970.5806
