
[data]
trigger-time = 1133357679.8378842
injection-file = /work/shashwat.singh/Prospects-of-LGWs/unlens/injection.hdf

[global]
instruments = E1 E2 E3 C1 C2 H1 V1 L1 I1 K1
mass1_ref = 30.0000000014895
mass2_ref = 30.000000001601734
minchirp = 26.11641690022926
maxchirp = 26.11661690022926
mincov = 82477096611.47122
maxcov = 8247709661147.123
