
[data]
trigger-time = 1944451330.5115724
injection-file = /work/shashwat.singh/Prospects-of-LGWs/unlens/injection.hdf

[global]
instruments = E1 E2 E3 C1 C2 H1 V1 L1 I1 K1
mass1_ref = 30.000000001712813
mass2_ref = 30.00000000160436
minchirp = 26.116416900327607
maxchirp = 26.116616900327607
mincov = 101441672674.60985
maxcov = 10144167267460.984
