
[data]
trigger-time = 1064599511.22418
injection-file = /work/shashwat.singh/Prospects-of-LGWs/unlens/injection.hdf

[global]
instruments = E1 E2 E3 C1 C2 H1 V1 L1 I1 K1
mass1_ref = 30.000000008794807
mass2_ref = 30.000000007552746
minchirp = 26.11641690599941
maxchirp = 26.11661690599941
mincov = 61806240738.79977
maxcov = 6180624073879.977
