
[data]
trigger-time = 1965561310.2182126
injection-file = /work/shashwat.singh/Prospects-of-LGWs/unlens/injection.hdf

[global]
instruments = E1 E2 E3 C1 C2 H1 V1 L1 I1 K1
mass1_ref = 30.0000000064998
mass2_ref = 30.00000000610562
minchirp = 26.116416904370553
maxchirp = 26.116616904370552
mincov = 107932098483.41672
maxcov = 10793209848341.672
