
[data]
trigger-time = 1413604547.7605023
injection-file = /work/shashwat.singh/Prospects-of-LGWs/unlens/injection.hdf

[global]
instruments = E1 E2 E3 C1 C2 H1 V1 L1 I1 K1
mass1_ref = 30.000000003016936
mass2_ref = 30.000000009902045
minchirp = 26.116416904507037
maxchirp = 26.116616904507037
mincov = 5620698.094621314
maxcov = 562069809.4621314
