
[data]
trigger-time = 1011251510.6549338
injection-file = /work/shashwat.singh/Prospects-of-LGWs/unlens/injection.hdf

[global]
instruments = E1 E2 E3 C1 C2 H1 V1 L1 I1 K1
mass1_ref = 30.000000009967263
mass2_ref = 30.000000006034547
minchirp = 26.11641690584892
maxchirp = 26.116616905848918
mincov = 87896263919.32301
maxcov = 8789626391932.301
