
[data]
trigger-time = 1066304023.133095
injection-file = /work/shashwat.singh/Prospects-of-LGWs/unlens/injection.hdf

[global]
instruments = E1 E2 E3 C1 C2 H1 V1 L1 I1 K1
mass1_ref = 30.00000000240984
mass2_ref = 30.000000005482196
minchirp = 26.116416902318935
maxchirp = 26.116616902318935
mincov = 161500046709.17963
maxcov = 16150004670917.96
