
[data]
trigger-time = 1286088822.3402033
injection-file = /work/shashwat.singh/Prospects-of-LGWs/unlens/injection.hdf

[global]
instruments = E1 E2 E3 C1 C2 H1 V1 L1 I1 K1
mass1_ref = 30.00000000074831
mass2_ref = 30.000000008221114
minchirp = 26.116416902787897
maxchirp = 26.116616902787896
mincov = 229642415.28797364
maxcov = 22964241528.797363
