
[data]
trigger-time = 1959161002.8244276
injection-file = /work/shashwat.singh/Prospects-of-LGWs/unlens/injection.hdf

[global]
instruments = E1 E2 E3 C1 C2 H1 V1 L1 I1 K1
mass1_ref = 30.000000002221096
mass2_ref = 30.000000004483194
minchirp = 26.116416901801937
maxchirp = 26.116616901801937
mincov = 169107047297.873
maxcov = 16910704729787.297
