
[data]
trigger-time = 1290484756.824976
injection-file = /work/shashwat.singh/Prospects-of-LGWs/unlens/injection.hdf

[global]
instruments = E1 E2 E3 C1 C2 H1 V1 L1 I1 K1
mass1_ref = 30.000000002527695
mass2_ref = 30.000000004615153
minchirp = 26.11641690199283
maxchirp = 26.11661690199283
mincov = 62912473897.956055
maxcov = 6291247389795.605
