
[data]
trigger-time = 1283027388.2165325
injection-file = /work/shashwat.singh/Prospects-of-LGWs/unlens/injection.hdf

[global]
instruments = E1 E2 E3 C1 C2 H1 V1 L1 I1 K1
mass1_ref = 30.000000004262294
mass2_ref = 30.000000005955044
minchirp = 26.116416903331082
maxchirp = 26.11661690333108
mincov = 93030000314.7354
maxcov = 9303000031473.54
