
[data]
trigger-time = 1640625985.9190536
injection-file = /work/shashwat.singh/Prospects-of-LGWs/unlens/injection.hdf

[global]
instruments = E1 E2 E3 C1 C2 H1 V1 L1 I1 K1
mass1_ref = 30.000000009468312
mass2_ref = 30.000000007060876
minchirp = 26.11641690607847
maxchirp = 26.11661690607847
mincov = 113950122528.72493
maxcov = 11395012252872.492
