
[data]
trigger-time = 1023625563.3786178
injection-file = /work/shashwat.singh/Prospects-of-LGWs/unlens/injection.hdf

[global]
instruments = E1 E2 E3 C1 C2 H1 V1 L1 I1 K1
mass1_ref = 30.00000000126151
mass2_ref = 30.000000003182915
minchirp = 26.116416900818272
maxchirp = 26.116616900818272
mincov = 174158861350.41046
maxcov = 17415886135041.047
