
[data]
trigger-time = 1461015597.9909964
injection-file = /work/shashwat.singh/Prospects-of-LGWs/unlens/injection.hdf

[global]
instruments = E1 E2 E3 C1 C2 H1 V1 L1 I1 K1
mass1_ref = 30.000000006536442
mass2_ref = 30.00000000884292
minchirp = 26.11641690557798
maxchirp = 26.11661690557798
mincov = 94820710458.23929
maxcov = 9482071045823.93
