
[data]
trigger-time = 1708849826.3689551
injection-file = /home/ss/Prospects-of-LGWs/unlens/injection.hdf

[global]
instruments = E1 E2 E3 C1 H1 V1 L1 I1 K1
mass1_ref = 30.00000000535469
mass2_ref = 30.00000000981835
minchirp = 26.116416905488176
maxchirp = 26.116616905488176
mincov = 9354481958.102444
maxcov = 935448195810.2443
