
[data]
trigger-time = 1289953452.373725
injection-file = /work/shashwat.singh/Prospects-of-LGWs/unlens/injection.hdf

[global]
instruments = E1 E2 E3 C1 C2 H1 V1 L1 I1 K1
mass1_ref = 30.00000000218343
mass2_ref = 30.000000008625072
minchirp = 26.116416903588398
maxchirp = 26.116616903588397
mincov = 2263977236.135749
maxcov = 226397723613.57486
