
[data]
trigger-time = 1251209866.7169335
injection-file = /work/shashwat.singh/Prospects-of-LGWs/unlens/injection.hdf

[global]
instruments = E1 E2 E3 C1 C2 H1 V1 L1 I1 K1
mass1_ref = 30.000000008441997
mass2_ref = 30.00000000389544
minchirp = 26.116416904253906
maxchirp = 26.116616904253906
mincov = 19698721456.02901
maxcov = 1969872145602.901
