
[data]
trigger-time = 1535786154.7297401
injection-file = /work/shashwat.singh/Prospects-of-LGWs/unlens/injection.hdf

[global]
instruments = E1 E2 E3 C1 C2 H1 V1 L1 I1 K1
mass1_ref = 30.000000003538098
mass2_ref = 30.00000000342014
minchirp = 26.116416901912473
maxchirp = 26.116616901912472
mincov = 105682498004.21895
maxcov = 10568249800421.895
