
[data]
trigger-time = 1150859237.112552
injection-file = /work/shashwat.singh/Prospects-of-LGWs/unlens/injection.hdf

[global]
instruments = E1 E2 E3 C1 C2 H1 V1 L1 I1 K1
mass1_ref = 30.00000000680823
mass2_ref = 30.0000000001496
minchirp = 26.116416901912295
maxchirp = 26.116616901912295
mincov = 494665632.344141
maxcov = 49466563234.4141
