
[data]
trigger-time = 1384322381.0882487
injection-file = /work/shashwat.singh/Prospects-of-LGWs/unlens/injection.hdf

[global]
instruments = E1 E2 E3 C1 C2 H1 V1 L1 I1 K1
mass1_ref = 30.00000000182738
mass2_ref = 30.00000000424406
minchirp = 26.116416901526474
maxchirp = 26.116616901526474
mincov = 85819412362.64682
maxcov = 8581941236264.683
