
[data]
trigger-time = 1457575539.2405806
injection-file = /work/shashwat.singh/Prospects-of-LGWs/unlens/injection.hdf

[global]
instruments = E1 E2 E3 C1 C2 H1 V1 L1 I1 K1
mass1_ref = 30.000000001034064
mass2_ref = 30.0000000086529
minchirp = 26.11641690310022
maxchirp = 26.11661690310022
mincov = 90074857556.5026
maxcov = 9007485755650.258
