
[data]
trigger-time = 1257751574.0851474
injection-file = /work/shashwat.singh/Prospects-of-LGWs/unlens/injection.hdf

[global]
instruments = E1 E2 E3 C1 C2 H1 V1 L1 I1 K1
mass1_ref = 30.000000001897977
mass2_ref = 30.000000008453117
minchirp = 26.1164169033893
maxchirp = 26.1166169033893
mincov = 143631505547.948
maxcov = 14363150554794.8
