
[data]
trigger-time = 1344404232.598055
injection-file = /work/shashwat.singh/Prospects-of-LGWs/unlens/injection.hdf

[global]
instruments = E1 E2 E3 C1 C2 H1 V1 L1 I1 K1
mass1_ref = 30.000000001562228
mass2_ref = 30.00000000926588
minchirp = 26.11641690359693
maxchirp = 26.11661690359693
mincov = 81264639918.10153
maxcov = 8126463991810.152
