
[data]
trigger-time = 1890028088.5768948
injection-file = /work/shashwat.singh/Prospects-of-LGWs/unlens/injection.hdf

[global]
instruments = E1 E2 E3 C1 C2 H1 V1 L1 I1 K1
mass1_ref = 30.00000000272665
mass2_ref = 30.000000000780602
minchirp = 26.116416900410343
maxchirp = 26.116616900410342
mincov = 35676679336.63861
maxcov = 3567667933663.8613
