
[data]
trigger-time = 1483022825.540464
injection-file = /work/shashwat.singh/Prospects-of-LGWs/unlens/injection.hdf

[global]
instruments = E1 E2 E3 C1 C2 H1 V1 L1 I1 K1
mass1_ref = 30.000000005751115
mass2_ref = 30.000000001626606
minchirp = 26.116416902095065
maxchirp = 26.116616902095064
mincov = 10733648468.87876
maxcov = 1073364846887.876
