
[data]
trigger-time = 1811618275.8420954
injection-file = /work/shashwat.singh/Prospects-of-LGWs/unlens/injection.hdf

[global]
instruments = E1 E2 E3 C1 C2 H1 V1 L1 I1 K1
mass1_ref = 30.00000000171796
mass2_ref = 30.00000000812357
minchirp = 26.1164169031675
maxchirp = 26.1166169031675
mincov = 177981427514.107
maxcov = 17798142751410.7
