
[data]
trigger-time = 1856387350.9007208
injection-file = /work/shashwat.singh/Prospects-of-LGWs/unlens/injection.hdf

[global]
instruments = E1 E2 E3 C1 C2 H1 V1 L1 I1 K1
mass1_ref = 30.000000002785495
mass2_ref = 30.000000004512525
minchirp = 26.116416902060372
maxchirp = 26.116616902060372
mincov = 161362550217.09552
maxcov = 16136255021709.55
