
[data]
trigger-time = 1670796880.0890026
injection-file = /work/shashwat.singh/Prospects-of-LGWs/unlens/injection.hdf

[global]
instruments = E1 E2 E3 C1 C2 H1 V1 L1 I1 K1
mass1_ref = 30.000000000929877
mass2_ref = 30.000000008217146
minchirp = 26.116416902865197
maxchirp = 26.116616902865196
mincov = 65957422334.34926
maxcov = 6595742233434.926
