
[data]
trigger-time = 1885663823.8493626
injection-file = /work/shashwat.singh/Prospects-of-LGWs/unlens/injection.hdf

[global]
instruments = E1 E2 E3 C1 C2 H1 V1 L1 I1 K1
mass1_ref = 30.00000000702242
mass2_ref = 30.000000000470724
minchirp = 26.116416902145307
maxchirp = 26.116616902145307
mincov = 156845851803.68048
maxcov = 15684585180368.047
