
[data]
trigger-time = 1297549014.5264018
injection-file = /work/shashwat.singh/Prospects-of-LGWs/unlens/injection.hdf

[global]
instruments = E1 E2 E3 C1 C2 H1 V1 L1 I1 K1
mass1_ref = 30.000000009545925
mass2_ref = 30.00000000204094
minchirp = 26.116416903927202
maxchirp = 26.116616903927202
mincov = 38280342619.46314
maxcov = 3828034261946.314
