
[data]
trigger-time = 1987187647.5719576
injection-file = /work/shashwat.singh/Prospects-of-LGWs/unlens/injection.hdf

[global]
instruments = E1 E2 E3 C1 C2 H1 V1 L1 I1 K1
mass1_ref = 30.0000000078906
mass2_ref = 30.00000000052141
minchirp = 26.116416902545264
maxchirp = 26.116616902545264
mincov = 179502459097.388
maxcov = 17950245909738.797
