
[data]
trigger-time = 1403611205.5404382
injection-file = /work/shashwat.singh/Prospects-of-LGWs/unlens/injection.hdf

[global]
instruments = E1 E2 E3 C1 C2 H1 V1 L1 I1 K1
mass1_ref = 30.00000000542614
mass2_ref = 30.000000006592842
minchirp = 26.11641690411529
maxchirp = 26.11661690411529
mincov = 169673751746.55933
maxcov = 16967375174655.934
