
[data]
trigger-time = 1282566255.9798455
injection-file = /work/shashwat.singh/Prospects-of-LGWs/unlens/injection.hdf

[global]
instruments = E1 E2 E3 C1 C2 H1 V1 L1 I1 K1
mass1_ref = 30.000000004647482
mass2_ref = 30.000000009435404
minchirp = 26.116416905013658
maxchirp = 26.116616905013657
mincov = 178970892200.07404
maxcov = 17897089220007.402
