
[data]
trigger-time = 1498199777.3937695
injection-file = /work/shashwat.singh/Prospects-of-LGWs/unlens/injection.hdf

[global]
instruments = E1 E2 E3 C1 C2 H1 V1 L1 I1 K1
mass1_ref = 30.000000002011035
mass2_ref = 30.00000000198922
minchirp = 26.116416900624937
maxchirp = 26.116616900624937
mincov = 13393553333.84946
maxcov = 1339355333384.946
