
[data]
trigger-time = 1351517294.2984295
injection-file = /work/shashwat.singh/Prospects-of-LGWs/unlens/injection.hdf

[global]
instruments = E1 E2 E3 C1 C2 H1 V1 L1 I1 K1
mass1_ref = 30.000000000480814
mass2_ref = 30.00000000778481
minchirp = 26.116416902481546
maxchirp = 26.116616902481546
mincov = 53205188851.683754
maxcov = 5320518885168.375
