
[data]
trigger-time = 1591568921.9129405
injection-file = /work/shashwat.singh/Prospects-of-LGWs/unlens/injection.hdf

[global]
instruments = E1 E2 E3 C1 C2 H1 V1 L1 I1 K1
mass1_ref = 30.000000001831967
mass2_ref = 30.00000000864628
minchirp = 26.116416903444645
maxchirp = 26.116616903444644
mincov = 15610792366.049683
maxcov = 1561079236604.9683
