
[data]
trigger-time = 1715217612.0104253
injection-file = /work/shashwat.singh/Prospects-of-LGWs/unlens/injection.hdf

[global]
instruments = E1 E2 E3 C1 C2 H1 V1 L1 I1 K1
mass1_ref = 30.000000001481627
mass2_ref = 30.000000009189417
minchirp = 26.116416903528567
maxchirp = 26.116616903528566
mincov = 16820383875.302006
maxcov = 1682038387530.2004
