
[data]
trigger-time = 1382659308.166187
injection-file = /work/shashwat.singh/Prospects-of-LGWs/unlens/injection.hdf

[global]
instruments = E1 E2 E3 C1 C2 H1 V1 L1 I1 K1
mass1_ref = 30.00000000182934
mass2_ref = 30.00000000208955
minchirp = 26.11641690058952
maxchirp = 26.11661690058952
mincov = 133917712796.37114
maxcov = 13391771279637.113
