
[data]
trigger-time = 1203400203.9789162
injection-file = /work/shashwat.singh/Prospects-of-LGWs/unlens/injection.hdf

[global]
instruments = E1 E2 E3 C1 C2 H1 V1 L1 I1 K1
mass1_ref = 30.000000008303964
mass2_ref = 30.00000000375584
minchirp = 26.11641690413306
maxchirp = 26.11661690413306
mincov = 173074976265.2404
maxcov = 17307497626524.04
