
[data]
trigger-time = 1764721436.6052547
injection-file = /work/shashwat.singh/Prospects-of-LGWs/unlens/injection.hdf

[global]
instruments = E1 E2 E3 C1 C2 H1 V1 L1 I1 K1
mass1_ref = 30.000000006370964
mass2_ref = 30.000000007909158
minchirp = 26.116416905099506
maxchirp = 26.116616905099505
mincov = 175830243493.90436
maxcov = 17583024349390.438
