
[data]
trigger-time = 1490511632.8004985
injection-file = /work/shashwat.singh/Prospects-of-LGWs/unlens/injection.hdf

[global]
instruments = E1 E2 E3 C1 C2 H1 V1 L1 I1 K1
mass1_ref = 30.000000000858602
mass2_ref = 30.000000007232057
minchirp = 26.116416902405387
maxchirp = 26.116616902405386
mincov = 68350198062.61385
maxcov = 6835019806261.386
