
[data]
trigger-time = 1089537218.183021
injection-file = /work/shashwat.singh/Prospects-of-LGWs/unlens/injection.hdf

[global]
instruments = E1 E2 E3 C1 C2 H1 V1 L1 I1 K1
mass1_ref = 30.00000000376143
mass2_ref = 30.000000003953915
minchirp = 26.116416902242023
maxchirp = 26.116616902242022
mincov = 146580586527.04773
maxcov = 14658058652704.773
