
[data]
trigger-time = 1262697087.4892087
injection-file = /work/shashwat.singh/Prospects-of-LGWs/unlens/injection.hdf

[global]
instruments = E1 E2 E3 C1 C2 H1 V1 L1 I1 K1
mass1_ref = 30.00000000576295
mass2_ref = 30.000000009097775
minchirp = 26.11641690535223
maxchirp = 26.11661690535223
mincov = 179561565908.51846
maxcov = 17956156590851.844
