
[data]
trigger-time = 1000970527.2650483
injection-file = /work/shashwat.singh/Prospects-of-LGWs/unlens/injection.hdf

[global]
instruments = E1 E2 E3 C1 C2 H1 V1 L1 I1 K1
mass1_ref = 30.000000002547385
mass2_ref = 30.000000003024386
minchirp = 26.116416901308977
maxchirp = 26.116616901308976
mincov = 372002303.2231421
maxcov = 37200230322.31421
