
[data]
trigger-time = 1618647352.998066
injection-file = /work/shashwat.singh/Prospects-of-LGWs/unlens/injection.hdf

[global]
instruments = E1 E2 E3 C1 C2 H1 V1 L1 I1 K1
mass1_ref = 30.000000004456542
mass2_ref = 30.000000005662752
minchirp = 26.116416903288403
maxchirp = 26.116616903288403
mincov = 98150218733.62003
maxcov = 9815021873362.002
