
[data]
trigger-time = 1648735585.725353
injection-file = /work/shashwat.singh/Prospects-of-LGWs/unlens/injection.hdf

[global]
instruments = E1 E2 E3 C1 C2 H1 V1 L1 I1 K1
mass1_ref = 30.000000002732232
mass2_ref = 30.000000005701743
minchirp = 26.11641690255483
maxchirp = 26.116616902554828
mincov = 4807080445.816646
maxcov = 480708044581.66455
