
[data]
trigger-time = 1965052459.1907394
injection-file = /work/shashwat.singh/Prospects-of-LGWs/unlens/injection.hdf

[global]
instruments = E1 E2 E3 C1 C2 H1 V1 L1 I1 K1
mass1_ref = 30.000000001449422
mass2_ref = 30.00000000667259
minchirp = 26.116416902419036
maxchirp = 26.116616902419036
mincov = 162961035758.9483
maxcov = 16296103575894.832
