
[data]
trigger-time = 1435586417.053689
injection-file = /work/shashwat.singh/Prospects-of-LGWs/unlens/injection.hdf

[global]
instruments = E1 E2 E3 C1 C2 H1 V1 L1 I1 K1
mass1_ref = 30.000000009078665
mass2_ref = 30.00000000750728
minchirp = 26.116416906103176
maxchirp = 26.116616906103175
mincov = 728244.1243451403
maxcov = 72824412.43451403
