
[data]
trigger-time = 1812168197.6361136
injection-file = /work/shashwat.singh/Prospects-of-LGWs/unlens/injection.hdf

[global]
instruments = E1 E2 E3 C1 C2 H1 V1 L1 I1 K1
mass1_ref = 30.00000000879738
mass2_ref = 30.00000000057272
minchirp = 26.116416902962296
maxchirp = 26.116616902962296
mincov = 142894989514.9687
maxcov = 14289498951496.867
