
[data]
trigger-time = 1330161943.0509758
injection-file = /work/shashwat.singh/Prospects-of-LGWs/unlens/injection.hdf

[global]
instruments = E1 E2 E3 C1 C2 H1 V1 L1 I1 K1
mass1_ref = 30.000000007215966
mass2_ref = 30.000000009042694
minchirp = 26.116416905960715
maxchirp = 26.116616905960715
mincov = 153925196190.04333
maxcov = 15392519619004.334
