
[data]
trigger-time = 1086850907.3597105
injection-file = /work/shashwat.singh/Prospects-of-LGWs/unlens/injection.hdf

[global]
instruments = E1 E2 E3 C1 C2 H1 V1 L1 I1 K1
mass1_ref = 30.00000000436942
mass2_ref = 30.000000009604925
minchirp = 26.11641690496641
maxchirp = 26.11661690496641
mincov = 155586601139.77167
maxcov = 15558660113977.168
