
[data]
trigger-time = 1720227757.8605561
injection-file = /work/shashwat.singh/Prospects-of-LGWs/unlens/injection.hdf

[global]
instruments = E1 E2 E3 C1 C2 H1 V1 L1 I1 K1
mass1_ref = 30.000000007746632
mass2_ref = 30.000000003311325
minchirp = 26.11641690369698
maxchirp = 26.11661690369698
mincov = 2717343174.549852
maxcov = 271734317454.9852
