
[data]
trigger-time = 1503754824.9310234
injection-file = /work/shashwat.singh/Prospects-of-LGWs/unlens/injection.hdf

[global]
instruments = E1 E2 E3 C1 C2 H1 V1 L1 I1 K1
mass1_ref = 30.00000000941149
mass2_ref = 30.00000000531545
minchirp = 26.116416905294
maxchirp = 26.116616905294
mincov = 125854994055.13533
maxcov = 12585499405513.533
