
[data]
trigger-time = 1893870856.1600895
injection-file = /work/shashwat.singh/Prospects-of-LGWs/unlens/injection.hdf

[global]
instruments = E1 E2 E3 C1 C2 H1 V1 L1 I1 K1
mass1_ref = 30.000000002742716
mass2_ref = 30.000000003724605
minchirp = 26.11641690169879
maxchirp = 26.11661690169879
mincov = 4495623219.082251
maxcov = 449562321908.2251
