
[data]
trigger-time = 1318305366.2623057
injection-file = /work/shashwat.singh/Prospects-of-LGWs/unlens/injection.hdf

[global]
instruments = E1 E2 E3 C1 C2 H1 V1 L1 I1 K1
mass1_ref = 30.000000001179686
mass2_ref = 30.000000008017803
minchirp = 26.116416902887167
maxchirp = 26.116616902887166
mincov = 83518784282.90549
maxcov = 8351878428290.548
