
[data]
trigger-time = 1834431296.27958
injection-file = /work/shashwat.singh/Prospects-of-LGWs/unlens/injection.hdf

[global]
instruments = E1 E2 E3 C1 C2 H1 V1 L1 I1 K1
mass1_ref = 30.000000002066713
mass2_ref = 30.000000008066916
minchirp = 26.116416903294645
maxchirp = 26.116616903294645
mincov = 162448612778.16754
maxcov = 16244861277816.754
