
[data]
trigger-time = 1341454517.6358168
injection-file = /work/shashwat.singh/Prospects-of-LGWs/unlens/injection.hdf

[global]
instruments = E1 E2 E3 C1 C2 H1 V1 L1 I1 K1
mass1_ref = 30.000000001035524
mass2_ref = 30.00000000536359
minchirp = 26.116416901669098
maxchirp = 26.116616901669097
mincov = 19444841217.49513
maxcov = 1944484121749.513
