
[data]
trigger-time = 1687677440.2147532
injection-file = /work/shashwat.singh/Prospects-of-LGWs/unlens/injection.hdf

[global]
instruments = E1 E2 E3 C1 C2 H1 V1 L1 I1 K1
mass1_ref = 30.000000008767593
mass2_ref = 30.00000000237736
minchirp = 26.116416903734848
maxchirp = 26.116616903734847
mincov = 166220114473.2223
maxcov = 16622011447322.229
