
[data]
trigger-time = 1166907270.7340214
injection-file = /work/shashwat.singh/Prospects-of-LGWs/unlens/injection.hdf

[global]
instruments = E1 E2 E3 C1 C2 H1 V1 L1 I1 K1
mass1_ref = 30.00000000720289
mass2_ref = 30.000000003211326
minchirp = 26.116416903416777
maxchirp = 26.116616903416777
mincov = 132464889075.5845
maxcov = 13246488907558.45
