
[data]
trigger-time = 1440425306.1965399
injection-file = /work/shashwat.singh/Prospects-of-LGWs/unlens/injection.hdf

[global]
instruments = E1 E2 E3 C1 C2 H1 V1 L1 I1 K1
mass1_ref = 30.000000001082505
mass2_ref = 30.000000001495113
minchirp = 26.1164169000057
maxchirp = 26.1166169000057
mincov = 66257013842.410324
maxcov = 6625701384241.033
