
[data]
trigger-time = 1536522389.3642874
injection-file = /work/shashwat.singh/Prospects-of-LGWs/unlens/injection.hdf

[global]
instruments = E1 E2 E3 C1 C2 H1 V1 L1 I1 K1
mass1_ref = 30.000000002000096
mass2_ref = 30.0000000076122
minchirp = 26.11641690306772
maxchirp = 26.11661690306772
mincov = 5791938182.736137
maxcov = 579193818273.6138
