
[data]
trigger-time = 1358811163.1080763
injection-file = /work/shashwat.singh/Prospects-of-LGWs/unlens/injection.hdf

[global]
instruments = E1 E2 E3 C1 C2 H1 V1 L1 I1 K1
mass1_ref = 30.000000005659935
mass2_ref = 30.000000005840153
minchirp = 26.11641690388943
maxchirp = 26.11661690388943
mincov = 122265750318.4082
maxcov = 12226575031840.82
