
[data]
trigger-time = 1536395494.825169
injection-file = /work/shashwat.singh/Prospects-of-LGWs/unlens/injection.hdf

[global]
instruments = E1 E2 E3 C1 C2 H1 V1 L1 I1 K1
mass1_ref = 30.0000000093373
mass2_ref = 30.000000004233684
minchirp = 26.11641690479084
maxchirp = 26.11661690479084
mincov = 116367458285.8311
maxcov = 11636745828583.11
