
[data]
trigger-time = 1915841554.4132333
injection-file = /work/shashwat.singh/Prospects-of-LGWs/unlens/injection.hdf

[global]
instruments = E1 E2 E3 C1 C2 H1 V1 L1 I1 K1
mass1_ref = 30.00000000594613
mass2_ref = 30.000000005339658
minchirp = 26.11641690379615
maxchirp = 26.11661690379615
mincov = 151688302944.63403
maxcov = 15168830294463.402
