
[data]
trigger-time = 1259853175.2484403
injection-file = /work/shashwat.singh/Prospects-of-LGWs/unlens/injection.hdf

[global]
instruments = E1 E2 E3 C1 C2 H1 V1 L1 I1 K1
mass1_ref = 30.00000000166285
mass2_ref = 30.000000009518583
minchirp = 26.116416903750725
maxchirp = 26.116616903750725
mincov = 143769807423.3996
maxcov = 14376980742339.96
