
[data]
trigger-time = 1043966216.4464
injection-file = /work/shashwat.singh/Prospects-of-LGWs/unlens/injection.hdf

[global]
instruments = E1 E2 E3 C1 C2 H1 V1 L1 I1 K1
mass1_ref = 30.000000002341864
mass2_ref = 30.000000001252666
minchirp = 26.116416900448332
maxchirp = 26.11661690044833
mincov = 40202531464.310196
maxcov = 4020253146431.0195
