
[data]
trigger-time = 1397182874.9495
injection-file = /work/shashwat.singh/Prospects-of-LGWs/unlens/injection.hdf

[global]
instruments = E1 E2 E3 C1 C2 H1 V1 L1 I1 K1
mass1_ref = 30.00000000310601
mass2_ref = 30.000000004872582
minchirp = 26.116416902356608
maxchirp = 26.116616902356608
mincov = 111239083304.12964
maxcov = 11123908330412.965
