
[data]
trigger-time = 1213131168.734887
injection-file = /work/shashwat.singh/Prospects-of-LGWs/unlens/injection.hdf

[global]
instruments = E1 E2 E3 C1 C2 H1 V1 L1 I1 K1
mass1_ref = 30.000000006548202
mass2_ref = 30.000000003109097
minchirp = 26.11641690308731
maxchirp = 26.11661690308731
mincov = 160131591485.41437
maxcov = 16013159148541.438
