
[data]
trigger-time = 1028298888.6398404
injection-file = /work/shashwat.singh/Prospects-of-LGWs/unlens/injection.hdf

[global]
instruments = E1 E2 E3 C1 C2 H1 V1 L1 I1 K1
mass1_ref = 30.000000001446473
mass2_ref = 30.00000000960265
minchirp = 26.116416903693136
maxchirp = 26.116616903693135
mincov = 74912393765.13893
maxcov = 7491239376513.893
