
[data]
trigger-time = 1955268288.482799
injection-file = /work/shashwat.singh/Prospects-of-LGWs/unlens/injection.hdf

[global]
instruments = E1 E2 E3 C1 C2 H1 V1 L1 I1 K1
mass1_ref = 30.000000003258975
mass2_ref = 30.000000007393798
minchirp = 26.116416903520612
maxchirp = 26.11661690352061
mincov = 155775098753.09967
maxcov = 15577509875309.969
