
[data]
trigger-time = 1831155477.3037052
injection-file = /work/shashwat.singh/Prospects-of-LGWs/unlens/injection.hdf

[global]
instruments = E1 E2 E3 C1 C2 H1 V1 L1 I1 K1
mass1_ref = 30.00000000882811
mass2_ref = 30.000000005224198
minchirp = 26.11641690500035
maxchirp = 26.11661690500035
mincov = 70979169287.23346
maxcov = 7097916928723.346
