
[data]
trigger-time = 1391301154.8939998
injection-file = /work/shashwat.singh/Prospects-of-LGWs/unlens/injection.hdf

[global]
instruments = E1 E2 E3 C1 C2 H1 V1 L1 I1 K1
mass1_ref = 30.00000000557122
mass2_ref = 30.000000006528882
minchirp = 26.1164169041506
maxchirp = 26.1166169041506
mincov = 49469256883.88909
maxcov = 4946925688388.909
