
[data]
trigger-time = 1667420437.525857
injection-file = /work/shashwat.singh/Prospects-of-LGWs/unlens/injection.hdf

[global]
instruments = E1 E2 E3 C1 C2 H1 V1 L1 I1 K1
mass1_ref = 30.000000002967877
mass2_ref = 30.000000005626276
minchirp = 26.116416902624547
maxchirp = 26.116616902624546
mincov = 13069929831.580364
maxcov = 1306992983158.0366
