
[data]
trigger-time = 1601674797.8389819
injection-file = /work/shashwat.singh/Prospects-of-LGWs/unlens/injection.hdf

[global]
instruments = E1 E2 E3 C1 C2 H1 V1 L1 I1 K1
mass1_ref = 30.000000000146134
mass2_ref = 30.000000000930935
minchirp = 26.116416899352547
maxchirp = 26.116616899352547
mincov = 30850715401.334373
maxcov = 3085071540133.4375
