
[data]
trigger-time = 1636965889.9750614
injection-file = /work/shashwat.singh/Prospects-of-LGWs/unlens/injection.hdf

[global]
instruments = E1 E2 E3 C1 C2 H1 V1 L1 I1 K1
mass1_ref = 30.00000000916536
mass2_ref = 30.00000000259821
minchirp = 26.116416904004115
maxchirp = 26.116616904004115
mincov = 1162255163.6167617
maxcov = 116225516361.67616
