
[data]
trigger-time = 1320408751.7906704
injection-file = /work/shashwat.singh/Prospects-of-LGWs/unlens/injection.hdf

[global]
instruments = E1 E2 E3 C1 C2 H1 V1 L1 I1 K1
mass1_ref = 30.000000007715315
mass2_ref = 30.00000000852979
minchirp = 26.116416905954814
maxchirp = 26.116616905954814
mincov = 179376620994.4562
maxcov = 17937662099445.62
