
[data]
trigger-time = 1761511138.5044188
injection-file = /work/shashwat.singh/Prospects-of-LGWs/unlens/injection.hdf

[global]
instruments = E1 E2 E3 C1 C2 H1 V1 L1 I1 K1
mass1_ref = 30.000000000001826
mass2_ref = 30.00000000945573
minchirp = 26.116416903000367
maxchirp = 26.116616903000367
mincov = 5264320023.845479
maxcov = 526432002384.54785
