
[data]
trigger-time = 1504041875.3964698
injection-file = /work/shashwat.singh/Prospects-of-LGWs/unlens/injection.hdf

[global]
instruments = E1 E2 E3 C1 C2 H1 V1 L1 I1 K1
mass1_ref = 30.000000000265615
mass2_ref = 30.000000004210396
minchirp = 26.11641690083202
maxchirp = 26.11661690083202
mincov = 22654633460.130424
maxcov = 2265463346013.0425
