
[data]
trigger-time = 1838124725.9860764
injection-file = /work/shashwat.singh/Prospects-of-LGWs/unlens/injection.hdf

[global]
instruments = E1 E2 E3 C1 C2 H1 V1 L1 I1 K1
mass1_ref = 30.00000000126166
mass2_ref = 30.0000000027548
minchirp = 26.116416900631993
maxchirp = 26.116616900631993
mincov = 57438077396.06344
maxcov = 5743807739606.344
