
[data]
trigger-time = 1104674906.1951108
injection-file = /work/shashwat.singh/Prospects-of-LGWs/unlens/injection.hdf

[global]
instruments = E1 E2 E3 C1 C2 H1 V1 L1 I1 K1
mass1_ref = 30.000000002239435
mass2_ref = 30.000000000554696
minchirp = 26.11641690009994
maxchirp = 26.116616900099938
mincov = 41456898473.654366
maxcov = 4145689847365.4365
