
[data]
trigger-time = 1530854208.6090958
injection-file = /work/shashwat.singh/Prospects-of-LGWs/unlens/injection.hdf

[global]
instruments = E1 E2 E3 C1 C2 H1 V1 L1 I1 K1
mass1_ref = 30.00000000828062
mass2_ref = 30.000000000303505
minchirp = 26.11641690262018
maxchirp = 26.11661690262018
mincov = 1498100624.9074516
maxcov = 149810062490.74518
