
[data]
trigger-time = 1743683789.8483381
injection-file = /work/shashwat.singh/Prospects-of-LGWs/unlens/injection.hdf

[global]
instruments = E1 E2 E3 C1 C2 H1 V1 L1 I1 K1
mass1_ref = 30.000000001348806
mass2_ref = 30.000000006798135
minchirp = 26.116416902429886
maxchirp = 26.116616902429886
mincov = 178861045615.67523
maxcov = 17886104561567.523
