
[data]
trigger-time = 1462704638.0190892
injection-file = /work/shashwat.singh/Prospects-of-LGWs/unlens/injection.hdf

[global]
instruments = E1 E2 E3 C1 C2 H1 V1 L1 I1 K1
mass1_ref = 30.000000008271417
mass2_ref = 30.00000000937557
minchirp = 26.11641690656502
maxchirp = 26.11661690656502
mincov = 126979028181.41585
maxcov = 12697902818141.584
