
[data]
trigger-time = 1967843638.0114965
injection-file = /work/shashwat.singh/Prospects-of-LGWs/unlens/injection.hdf

[global]
instruments = E1 E2 E3 C1 C2 H1 V1 L1 I1 K1
mass1_ref = 30.000000009364182
mass2_ref = 30.000000004312124
minchirp = 26.116416904836683
maxchirp = 26.116616904836683
mincov = 81205991533.75093
maxcov = 8120599153375.093
