
[data]
trigger-time = 1494736880.5261931
injection-file = /work/shashwat.singh/Prospects-of-LGWs/unlens/injection.hdf

[global]
instruments = E1 E2 E3 C1 C2 H1 V1 L1 I1 K1
mass1_ref = 30.000000000028482
mass2_ref = 30.00000000459531
minchirp = 26.116416900896347
maxchirp = 26.116616900896346
mincov = 127417589352.4423
maxcov = 12741758935244.23
