
[data]
trigger-time = 1859234236.4756455
injection-file = /work/shashwat.singh/Prospects-of-LGWs/unlens/injection.hdf

[global]
instruments = E1 E2 E3 C1 C2 H1 V1 L1 I1 K1
mass1_ref = 30.0000000069841
mass2_ref = 30.00000000268512
minchirp = 26.116416903092496
maxchirp = 26.116616903092496
mincov = 147261443201.3106
maxcov = 14726144320131.059
