
[data]
trigger-time = 1501597944.3308697
injection-file = /work/shashwat.singh/Prospects-of-LGWs/unlens/injection.hdf

[global]
instruments = E1 E2 E3 C1 C2 H1 V1 L1 I1 K1
mass1_ref = 30.000000005209486
mass2_ref = 30.00000000599619
minchirp = 26.11641690376128
maxchirp = 26.11661690376128
mincov = 33661684231.4203
maxcov = 3366168423142.0303
