
[data]
trigger-time = 1207365025.339161
injection-file = /work/shashwat.singh/Prospects-of-LGWs/unlens/injection.hdf

[global]
instruments = E1 E2 E3 C1 C2 H1 V1 L1 I1 K1
mass1_ref = 30.00000000849506
mass2_ref = 30.000000008243987
minchirp = 26.116416906169817
maxchirp = 26.116616906169817
mincov = 37143041688.37423
maxcov = 3714304168837.423
