
[data]
trigger-time = 1096842210.163252
injection-file = /work/shashwat.singh/Prospects-of-LGWs/unlens/injection.hdf

[global]
instruments = E1 E2 E3 C1 C2 H1 V1 L1 I1 K1
mass1_ref = 30.00000000724202
mass2_ref = 30.000000008440207
minchirp = 26.11641690570981
maxchirp = 26.116616905709808
mincov = 179006602823.11014
maxcov = 17900660282311.01
