
[data]
trigger-time = 1168779196.2014015
injection-file = /work/shashwat.singh/Prospects-of-LGWs/unlens/injection.hdf

[global]
instruments = E1 E2 E3 C1 C2 H1 V1 L1 I1 K1
mass1_ref = 30.000000005750803
mass2_ref = 30.00000000951317
minchirp = 26.116416905527753
maxchirp = 26.116616905527753
mincov = 140222023493.2025
maxcov = 14022202349320.252
