
[data]
trigger-time = 1016693884.2537245
injection-file = /work/shashwat.singh/Prospects-of-LGWs/unlens/injection.hdf

[global]
instruments = E1 E2 E3 C1 C2 H1 V1 L1 I1 K1
mass1_ref = 30.000000002596387
mass2_ref = 30.000000004454883
minchirp = 26.116416901952967
maxchirp = 26.116616901952966
mincov = 129546706667.81963
maxcov = 12954670666781.963
