
[data]
trigger-time = 1561708514.721572
injection-file = /work/shashwat.singh/Prospects-of-LGWs/unlens/injection.hdf

[global]
instruments = E1 E2 E3 C1 C2 H1 V1 L1 I1 K1
mass1_ref = 30.00000000853668
mass2_ref = 30.00000000262827
minchirp = 26.116416903743552
maxchirp = 26.11661690374355
mincov = 167788044788.88693
maxcov = 16778804478888.693
