
[data]
trigger-time = 1003359756.1068468
injection-file = /work/shashwat.singh/Prospects-of-LGWs/unlens/injection.hdf

[global]
instruments = E1 E2 E3 C1 C2 H1 V1 L1 I1 K1
mass1_ref = 30.000000008912448
mass2_ref = 30.00000000716454
minchirp = 26.11641690588164
maxchirp = 26.11661690588164
mincov = 323224663.91169125
maxcov = 32322466391.169125
