
[data]
trigger-time = 1697677524.957933
injection-file = /work/shashwat.singh/Prospects-of-LGWs/unlens/injection.hdf

[global]
instruments = E1 E2 E3 C1 C2 H1 V1 L1 I1 K1
mass1_ref = 30.00000000589387
mass2_ref = 30.000000004004804
minchirp = 26.116416903192373
maxchirp = 26.116616903192373
mincov = 140512444507.13025
maxcov = 14051244450713.025
