
[data]
trigger-time = 1468705750.8329597
injection-file = /work/shashwat.singh/Prospects-of-LGWs/unlens/injection.hdf

[global]
instruments = E1 E2 E3 C1 C2 H1 V1 L1 I1 K1
mass1_ref = 30.000000000372946
mass2_ref = 30.000000008494474
minchirp = 26.116416902743495
maxchirp = 26.116616902743495
mincov = 147146863310.80432
maxcov = 14714686331080.432
