
[data]
trigger-time = 1549276651.577673
injection-file = /work/shashwat.singh/Prospects-of-LGWs/unlens/injection.hdf

[global]
instruments = E1 E2 E3 C1 C2 H1 V1 L1 I1 K1
mass1_ref = 30.000000006341597
mass2_ref = 30.000000003525948
minchirp = 26.116416903178823
maxchirp = 26.116616903178823
mincov = 38507263124.47921
maxcov = 3850726312447.921
