
[data]
trigger-time = 1750608153.839634
injection-file = /work/shashwat.singh/Prospects-of-LGWs/unlens/injection.hdf

[global]
instruments = E1 E2 E3 C1 C2 H1 V1 L1 I1 K1
mass1_ref = 30.00000000166784
mass2_ref = 30.000000008674427
minchirp = 26.11641690338546
maxchirp = 26.11661690338546
mincov = 36824637044.62102
maxcov = 3682463704462.1016
