
[data]
trigger-time = 1237822691.632819
injection-file = /work/shashwat.singh/Prospects-of-LGWs/unlens/injection.hdf

[global]
instruments = E1 E2 E3 C1 C2 H1 V1 L1 I1 K1
mass1_ref = 30.000000006689078
mass2_ref = 30.000000007907502
minchirp = 26.116416905237255
maxchirp = 26.116616905237255
mincov = 134916884221.06978
maxcov = 13491688422106.977
