
[data]
trigger-time = 1429989984.1645994
injection-file = /work/shashwat.singh/Prospects-of-LGWs/unlens/injection.hdf

[global]
instruments = E1 E2 E3 C1 C2 H1 V1 L1 I1 K1
mass1_ref = 30.000000000074337
mass2_ref = 30.000000002560416
minchirp = 26.11641690003057
maxchirp = 26.116616900030568
mincov = 31809888111.02287
maxcov = 3180988811102.287
