
[data]
trigger-time = 1913310502.9633055
injection-file = /work/shashwat.singh/Prospects-of-LGWs/unlens/injection.hdf

[global]
instruments = E1 E2 E3 C1 C2 H1 V1 L1 I1 K1
mass1_ref = 30.000000006233034
mass2_ref = 30.000000003188134
minchirp = 26.116416902984525
maxchirp = 26.116616902984525
mincov = 71880787421.87837
maxcov = 7188078742187.837
