
[data]
trigger-time = 1168289134.1677074
injection-file = /work/shashwat.singh/Prospects-of-LGWs/unlens/injection.hdf

[global]
instruments = E1 E2 E3 C1 C2 H1 V1 L1 I1 K1
mass1_ref = 30.000000005761027
mass2_ref = 30.000000001666667
minchirp = 26.116416902116814
maxchirp = 26.116616902116814
mincov = 17812559505.973
maxcov = 1781255950597.2998
