
[data]
trigger-time = 1344382151.2610188
injection-file = /work/shashwat.singh/Prospects-of-LGWs/unlens/injection.hdf

[global]
instruments = E1 E2 E3 C1 C2 H1 V1 L1 I1 K1
mass1_ref = 30.000000007635794
mass2_ref = 30.00000000473182
minchirp = 26.11641690426704
maxchirp = 26.11661690426704
mincov = 75357974321.6089
maxcov = 7535797432160.89
