
[data]
trigger-time = 1516295051.326001
injection-file = /work/shashwat.singh/Prospects-of-LGWs/unlens/injection.hdf

[global]
instruments = E1 E2 E3 C1 C2 H1 V1 L1 I1 K1
mass1_ref = 30.000000006458865
mass2_ref = 30.000000003724374
minchirp = 26.11641690331624
maxchirp = 26.11661690331624
mincov = 116734925784.10144
maxcov = 11673492578410.145
