
[data]
trigger-time = 1433123742.4215908
injection-file = /work/shashwat.singh/Prospects-of-LGWs/unlens/injection.hdf

[global]
instruments = E1 E2 E3 C1 C2 H1 V1 L1 I1 K1
mass1_ref = 30.000000000569024
mass2_ref = 30.000000003973806
minchirp = 26.116416900861108
maxchirp = 26.116616900861107
mincov = 73047421723.72948
maxcov = 7304742172372.948
