
[data]
trigger-time = 1764020731.7919579
injection-file = /work/shashwat.singh/Prospects-of-LGWs/unlens/injection.hdf

[global]
instruments = E1 E2 E3 C1 C2 H1 V1 L1 I1 K1
mass1_ref = 30.000000009522104
mass2_ref = 30.000000000619767
minchirp = 26.11641690329823
maxchirp = 26.11661690329823
mincov = 35788224383.23874
maxcov = 3578822438323.874
