
[data]
trigger-time = 1633080581.0596604
injection-file = /work/shashwat.singh/Prospects-of-LGWs/unlens/injection.hdf

[global]
instruments = E1 E2 E3 C1 C2 H1 V1 L1 I1 K1
mass1_ref = 30.000000003342045
mass2_ref = 30.000000009680942
minchirp = 26.11641690455231
maxchirp = 26.11661690455231
mincov = 99587444703.95354
maxcov = 9958744470395.354
