
[data]
trigger-time = 1312422798.4379687
injection-file = /work/shashwat.singh/Prospects-of-LGWs/unlens/injection.hdf

[global]
instruments = E1 E2 E3 C1 C2 H1 V1 L1 I1 K1
mass1_ref = 30.000000001118032
mass2_ref = 30.000000006324857
minchirp = 26.11641690212343
maxchirp = 26.11661690212343
mincov = 110854832959.59561
maxcov = 11085483295959.56
