
[data]
trigger-time = 1837979181.791283
injection-file = /work/shashwat.singh/Prospects-of-LGWs/unlens/injection.hdf

[global]
instruments = E1 E2 E3 C1 C2 H1 V1 L1 I1 K1
mass1_ref = 30.000000008110653
mass2_ref = 30.000000000803567
minchirp = 26.116416902763863
maxchirp = 26.116616902763862
mincov = 172367479967.82635
maxcov = 17236747996782.637
