
[data]
trigger-time = 1149891018.21943
injection-file = /work/shashwat.singh/Prospects-of-LGWs/unlens/injection.hdf

[global]
instruments = E1 E2 E3 C1 C2 H1 V1 L1 I1 K1
mass1_ref = 30.0000000053214
mass2_ref = 30.000000002915748
minchirp = 26.11641690246915
maxchirp = 26.11661690246915
mincov = 163305491688.9213
maxcov = 16330549168892.129
