
[data]
trigger-time = 1282034897.240451
injection-file = /work/shashwat.singh/Prospects-of-LGWs/unlens/injection.hdf

[global]
instruments = E1 E2 E3 C1 C2 H1 V1 L1 I1 K1
mass1_ref = 30.000000005341196
mass2_ref = 30.000000009318782
minchirp = 26.116416905264852
maxchirp = 26.116616905264852
mincov = 139186734806.42587
maxcov = 13918673480642.588
