
[data]
trigger-time = 1508306934.4068398
injection-file = /work/shashwat.singh/Prospects-of-LGWs/unlens/injection.hdf

[global]
instruments = E1 E2 E3 C1 C2 H1 V1 L1 I1 K1
mass1_ref = 30.00000000951112
mass2_ref = 30.00000000674539
minchirp = 26.11641690595978
maxchirp = 26.11661690595978
mincov = 29799577126.577534
maxcov = 2979957712657.7534
