
[data]
trigger-time = 1450338950.4950333
injection-file = /work/shashwat.singh/Prospects-of-LGWs/unlens/injection.hdf

[global]
instruments = E1 E2 E3 C1 C2 H1 V1 L1 I1 K1
mass1_ref = 30.0000000066015
mass2_ref = 30.000000008034917
minchirp = 26.116416905254592
maxchirp = 26.116616905254592
mincov = 115093605100.89926
maxcov = 11509360510089.926
