
[data]
trigger-time = 1387814305.3124776
injection-file = /work/shashwat.singh/Prospects-of-LGWs/unlens/injection.hdf

[global]
instruments = E1 E2 E3 C1 C2 H1 V1 L1 I1 K1
mass1_ref = 30.000000001964267
mass2_ref = 30.000000004753453
minchirp = 26.11641690180778
maxchirp = 26.11661690180778
mincov = 41152836176.036545
maxcov = 4115283617603.655
