
[data]
trigger-time = 1791598078.767926
injection-file = /work/shashwat.singh/Prospects-of-LGWs/unlens/injection.hdf

[global]
instruments = E1 E2 E3 C1 C2 H1 V1 L1 I1 K1
mass1_ref = 30.00000000611572
mass2_ref = 30.000000005367724
minchirp = 26.116416903882183
maxchirp = 26.116616903882182
mincov = 52603645899.66322
maxcov = 5260364589966.322
