
[data]
trigger-time = 1515565320.9254684
injection-file = /work/shashwat.singh/Prospects-of-LGWs/unlens/injection.hdf

[global]
instruments = E1 E2 E3 C1 C2 H1 V1 L1 I1 K1
mass1_ref = 30.000000003253373
mass2_ref = 30.000000007967188
minchirp = 26.116416903767757
maxchirp = 26.116616903767756
mincov = 139985309915.48477
maxcov = 13998530991548.477
