
[data]
trigger-time = 1471241994.0225427
injection-file = /work/shashwat.singh/Prospects-of-LGWs/unlens/injection.hdf

[global]
instruments = E1 E2 E3 C1 C2 H1 V1 L1 I1 K1
mass1_ref = 30.000000005335547
mass2_ref = 30.000000009615185
minchirp = 26.11641690539141
maxchirp = 26.11661690539141
mincov = 142874018367.4958
maxcov = 14287401836749.578
