
[data]
trigger-time = 1835503955.8006911
injection-file = /work/shashwat.singh/Prospects-of-LGWs/unlens/injection.hdf

[global]
instruments = E1 E2 E3 C1 C2 H1 V1 L1 I1 K1
mass1_ref = 30.000000005209092
mass2_ref = 30.000000008680967
minchirp = 26.116416904929725
maxchirp = 26.116616904929725
mincov = 84148404371.67252
maxcov = 8414840437167.251
