
[data]
trigger-time = 1138111055.3124447
injection-file = /work/shashwat.singh/Prospects-of-LGWs/unlens/injection.hdf

[global]
instruments = E1 E2 E3 C1 C2 H1 V1 L1 I1 K1
mass1_ref = 30.000000009567017
mass2_ref = 30.00000000271007
minchirp = 26.116416904227638
maxchirp = 26.116616904227637
mincov = 683668711.9247041
maxcov = 68366871192.470406
