
[data]
trigger-time = 1011008578.1542556
injection-file = /work/shashwat.singh/Prospects-of-LGWs/unlens/injection.hdf

[global]
instruments = E1 E2 E3 C1 C2 H1 V1 L1 I1 K1
mass1_ref = 30.000000006888598
mass2_ref = 30.000000009716146
minchirp = 26.116416906111358
maxchirp = 26.116616906111357
mincov = 13487541905.437853
maxcov = 1348754190543.7852
