
[data]
trigger-time = 1454886489.9168425
injection-file = /work/shashwat.singh/Prospects-of-LGWs/unlens/injection.hdf

[global]
instruments = E1 E2 E3 C1 C2 H1 V1 L1 I1 K1
mass1_ref = 30.00000000134151
mass2_ref = 30.000000001731248
minchirp = 26.116416900221218
maxchirp = 26.116616900221217
mincov = 83886266449.84209
maxcov = 8388626644984.209
