
[data]
trigger-time = 1468759834.8436203
injection-file = /work/shashwat.singh/Prospects-of-LGWs/unlens/injection.hdf

[global]
instruments = E1 E2 E3 C1 C2 H1 V1 L1 I1 K1
mass1_ref = 30.000000006759745
mass2_ref = 30.00000000126827
minchirp = 26.116416902378123
maxchirp = 26.116616902378123
mincov = 160327767972.702
maxcov = 16032776797270.2
