
[data]
trigger-time = 1341878295.133101
injection-file = /work/shashwat.singh/Prospects-of-LGWs/unlens/injection.hdf

[global]
instruments = E1 E2 E3 C1 C2 H1 V1 L1 I1 K1
mass1_ref = 30.0000000044961
mass2_ref = 30.00000000012451
minchirp = 26.11641690089496
maxchirp = 26.11661690089496
mincov = 127092342521.76968
maxcov = 12709234252176.969
