
[data]
trigger-time = 1112829997.014178
injection-file = /work/shashwat.singh/Prospects-of-LGWs/unlens/injection.hdf

[global]
instruments = E1 E2 E3 C1 C2 H1 V1 L1 I1 K1
mass1_ref = 30.000000007763877
mass2_ref = 30.000000004061512
minchirp = 26.116416904031023
maxchirp = 26.116616904031023
mincov = 140964593020.72385
maxcov = 14096459302072.385
