
[data]
trigger-time = 1766425060.4397852
injection-file = /work/shashwat.singh/Prospects-of-LGWs/unlens/injection.hdf

[global]
instruments = E1 E2 E3 C1 C2 H1 V1 L1 I1 K1
mass1_ref = 30.000000000239282
mass2_ref = 30.00000000959376
minchirp = 26.116416903163806
maxchirp = 26.116616903163806
mincov = 127840245917.86966
maxcov = 12784024591786.965
