
[data]
trigger-time = 1554030413.3223863
injection-file = /work/shashwat.singh/Prospects-of-LGWs/unlens/injection.hdf

[global]
instruments = E1 E2 E3 C1 C2 H1 V1 L1 I1 K1
mass1_ref = 30.00000000775289
mass2_ref = 30.00000000151163
minchirp = 26.11641690291634
maxchirp = 26.11661690291634
mincov = 30681470530.227386
maxcov = 3068147053022.739
