
[data]
trigger-time = 1798565172.1107988
injection-file = /work/shashwat.singh/Prospects-of-LGWs/unlens/injection.hdf

[global]
instruments = E1 E2 E3 C1 C2 H1 V1 L1 I1 K1
mass1_ref = 30.000000001680444
mass2_ref = 30.000000004498688
minchirp = 26.11641690157335
maxchirp = 26.116616901573348
mincov = 128651022773.79976
maxcov = 12865102277379.977
