
[data]
trigger-time = 1335192751.4014637
injection-file = /work/shashwat.singh/Prospects-of-LGWs/unlens/injection.hdf

[global]
instruments = E1 E2 E3 C1 C2 H1 V1 L1 I1 K1
mass1_ref = 30.00000000705999
mass2_ref = 30.000000003567937
minchirp = 26.116416903509798
maxchirp = 26.116616903509797
mincov = 217897440.85518593
maxcov = 21789744085.518593
