
[data]
trigger-time = 1800383290.6137102
injection-file = /work/shashwat.singh/Prospects-of-LGWs/unlens/injection.hdf

[global]
instruments = E1 E2 E3 C1 C2 H1 V1 L1 I1 K1
mass1_ref = 30.000000007961404
mass2_ref = 30.000000008673332
minchirp = 26.116416906124414
maxchirp = 26.116616906124413
mincov = 145994442633.54257
maxcov = 14599444263354.258
