
[data]
trigger-time = 1018571878.7976137
injection-file = /work/shashwat.singh/Prospects-of-LGWs/unlens/injection.hdf

[global]
instruments = E1 E2 E3 C1 C2 H1 V1 L1 I1 K1
mass1_ref = 30.000000004666713
mass2_ref = 30.000000000370328
minchirp = 26.11641690107622
maxchirp = 26.11661690107622
mincov = 111790423508.7061
maxcov = 11179042350870.61
