
[data]
trigger-time = 1194708954.463511
injection-file = /work/shashwat.singh/Prospects-of-LGWs/unlens/injection.hdf

[global]
instruments = E1 E2 E3 C1 C2 H1 V1 L1 I1 K1
mass1_ref = 30.000000007770495
mass2_ref = 30.00000000699642
minchirp = 26.1164169053114
maxchirp = 26.1166169053114
mincov = 160370653108.55582
maxcov = 16037065310855.582
