
[data]
trigger-time = 1542551419.331512
injection-file = /work/shashwat.singh/Prospects-of-LGWs/unlens/injection.hdf

[global]
instruments = E1 E2 E3 C1 C2 H1 V1 L1 I1 K1
mass1_ref = 30.000000008673595
mass2_ref = 30.000000000285876
minchirp = 26.116416902783563
maxchirp = 26.116616902783562
mincov = 100935221485.51462
maxcov = 10093522148551.463
