
[data]
trigger-time = 1467751940.057364
injection-file = /work/shashwat.singh/Prospects-of-LGWs/unlens/injection.hdf

[global]
instruments = E1 E2 E3 C1 C2 H1 V1 L1 I1 K1
mass1_ref = 30.000000003110927
mass2_ref = 30.000000003103196
minchirp = 26.11641690158858
maxchirp = 26.11661690158858
mincov = 138122776886.60297
maxcov = 13812277688660.297
