
[data]
trigger-time = 1758621292.6259317
injection-file = /work/shashwat.singh/Prospects-of-LGWs/unlens/injection.hdf

[global]
instruments = E1 E2 E3 C1 C2 H1 V1 L1 I1 K1
mass1_ref = 30.000000006688666
mass2_ref = 30.000000000053948
minchirp = 26.116416901818617
maxchirp = 26.116616901818617
mincov = 117565320733.76286
maxcov = 11756532073376.287
