
[data]
trigger-time = 1201328097.8291929
injection-file = /work/shashwat.singh/Prospects-of-LGWs/unlens/injection.hdf

[global]
instruments = E1 E2 E3 C1 C2 H1 V1 L1 I1 K1
mass1_ref = 30.000000007885788
mass2_ref = 30.000000004777313
minchirp = 26.11641690439566
maxchirp = 26.11661690439566
mincov = 5512390503.553137
maxcov = 551239050355.3136
