
[data]
trigger-time = 1467743339.1449573
injection-file = /work/shashwat.singh/Prospects-of-LGWs/unlens/injection.hdf

[global]
instruments = E1 E2 E3 C1 C2 H1 V1 L1 I1 K1
mass1_ref = 30.00000000708647
mass2_ref = 30.000000008435805
minchirp = 26.116416905640186
maxchirp = 26.116616905640186
mincov = 101041696475.73863
maxcov = 10104169647573.863
