
[data]
trigger-time = 1556289123.1263556
injection-file = /work/shashwat.singh/Prospects-of-LGWs/unlens/injection.hdf

[global]
instruments = E1 E2 E3 C1 C2 H1 V1 L1 I1 K1
mass1_ref = 30.000000003381334
mass2_ref = 30.000000001608395
minchirp = 26.11641690105563
maxchirp = 26.11661690105563
mincov = 130700051636.08957
maxcov = 13070005163608.957
