
[data]
trigger-time = 1943528236.5103955
injection-file = /work/shashwat.singh/Prospects-of-LGWs/unlens/injection.hdf

[global]
instruments = E1 E2 E3 C1 C2 H1 V1 L1 I1 K1
mass1_ref = 30.00000000983461
mass2_ref = 30.000000008138418
minchirp = 26.116416906706938
maxchirp = 26.116616906706938
mincov = 23697953052.55979
maxcov = 2369795305255.9795
