
[data]
trigger-time = 1892499775.7481952
injection-file = /work/shashwat.singh/Prospects-of-LGWs/unlens/injection.hdf

[global]
instruments = E1 E2 E3 C1 C2 H1 V1 L1 I1 K1
mass1_ref = 30.0000000059223
mass2_ref = 30.000000003036675
minchirp = 26.116416902783346
maxchirp = 26.116616902783345
mincov = 38414649007.47589
maxcov = 3841464900747.589
