
[data]
trigger-time = 1578735324.052411
injection-file = /work/shashwat.singh/Prospects-of-LGWs/unlens/injection.hdf

[global]
instruments = E1 E2 E3 C1 C2 H1 V1 L1 I1 K1
mass1_ref = 30.000000007160835
mass2_ref = 30.00000000743843
minchirp = 26.116416905238424
maxchirp = 26.116616905238423
mincov = 36530882058.55464
maxcov = 3653088205855.4644
