
[data]
trigger-time = 1033662330.3288211
injection-file = /work/shashwat.singh/Prospects-of-LGWs/unlens/injection.hdf

[global]
instruments = E1 E2 E3 C1 C2 H1 V1 L1 I1 K1
mass1_ref = 30.000000007481887
mass2_ref = 30.00000000986336
minchirp = 26.116416906433685
maxchirp = 26.116616906433684
mincov = 65184645280.26853
maxcov = 6518464528026.854
