
[data]
trigger-time = 1360236053.7075024
injection-file = /work/shashwat.singh/Prospects-of-LGWs/unlens/injection.hdf

[global]
instruments = E1 E2 E3 C1 C2 H1 V1 L1 I1 K1
mass1_ref = 30.00000000387613
mass2_ref = 30.000000002215383
minchirp = 26.11641690153521
maxchirp = 26.11661690153521
mincov = 117674100756.06467
maxcov = 11767410075606.467
