
[data]
trigger-time = 1403634581.0686138
injection-file = /work/shashwat.singh/Prospects-of-LGWs/unlens/injection.hdf

[global]
instruments = E1 E2 E3 C1 C2 H1 V1 L1 I1 K1
mass1_ref = 30.000000000976545
mass2_ref = 30.00000000042364
minchirp = 26.116416899493192
maxchirp = 26.11661689949319
mincov = 36679543285.313446
maxcov = 3667954328531.3447
