
[data]
trigger-time = 1802683843.3384438
injection-file = /work/shashwat.singh/Prospects-of-LGWs/unlens/injection.hdf

[global]
instruments = E1 E2 E3 C1 C2 H1 V1 L1 I1 K1
mass1_ref = 30.000000005721688
mass2_ref = 30.00000000988707
minchirp = 26.116416905677834
maxchirp = 26.116616905677834
mincov = 169539512383.07568
maxcov = 16953951238307.568
