
[data]
trigger-time = 1876894213.5427113
injection-file = /work/shashwat.singh/Prospects-of-LGWs/unlens/injection.hdf

[global]
instruments = E1 E2 E3 C1 C2 H1 V1 L1 I1 K1
mass1_ref = 30.00000000593898
mass2_ref = 30.000000005409255
minchirp = 26.11641690382333
maxchirp = 26.116616903823328
mincov = 173774386722.75897
maxcov = 17377438672275.898
