
[data]
trigger-time = 1230089231.701717
injection-file = /work/shashwat.singh/Prospects-of-LGWs/unlens/injection.hdf

[global]
instruments = E1 E2 E3 C1 C2 H1 V1 L1 I1 K1
mass1_ref = 30.00000000533489
mass2_ref = 30.000000002036405
minchirp = 26.11641690209227
maxchirp = 26.116616902092268
mincov = 75573348604.03323
maxcov = 7557334860403.324
