
[data]
trigger-time = 1469337755.9820702
injection-file = /work/shashwat.singh/Prospects-of-LGWs/unlens/injection.hdf

[global]
instruments = E1 E2 E3 C1 C2 H1 V1 L1 I1 K1
mass1_ref = 30.000000005941562
mass2_ref = 30.000000001348198
minchirp = 26.116416902056777
maxchirp = 26.116616902056776
mincov = 1980054815.618005
maxcov = 198005481561.8005
