
[data]
trigger-time = 1052756452.8734075
injection-file = /work/shashwat.singh/Prospects-of-LGWs/unlens/injection.hdf

[global]
instruments = E1 E2 E3 C1 C2 H1 V1 L1 I1 K1
mass1_ref = 30.000000004690076
mass2_ref = 30.00000000131128
minchirp = 26.116416901495967
maxchirp = 26.116616901495966
mincov = 113289098279.78008
maxcov = 11328909827978.008
