
[data]
trigger-time = 1273795092.5155525
injection-file = /work/shashwat.singh/Prospects-of-LGWs/unlens/injection.hdf

[global]
instruments = E1 E2 E3 C1 C2 H1 V1 L1 I1 K1
mass1_ref = 30.00000000917087
mass2_ref = 30.000000004654588
minchirp = 26.1164169049016
maxchirp = 26.1166169049016
mincov = 77290909879.9885
maxcov = 7729090987998.85
