
[data]
trigger-time = 1620434541.802926
injection-file = /work/shashwat.singh/Prospects-of-LGWs/unlens/injection.hdf

[global]
instruments = E1 E2 E3 C1 C2 H1 V1 L1 I1 K1
mass1_ref = 30.000000005295444
mass2_ref = 30.000000007347232
minchirp = 26.11641690438677
maxchirp = 26.11661690438677
mincov = 126517890889.79562
maxcov = 12651789088979.562
