
[data]
trigger-time = 1751904792.7267694
injection-file = /work/shashwat.singh/Prospects-of-LGWs/unlens/injection.hdf

[global]
instruments = E1 E2 E3 C1 C2 H1 V1 L1 I1 K1
mass1_ref = 30.000000001678067
mass2_ref = 30.000000004824678
minchirp = 26.116416901714206
maxchirp = 26.116616901714206
mincov = 149329407948.607
maxcov = 14932940794860.7
