
[data]
trigger-time = 1236249997.5242934
injection-file = /work/shashwat.singh/Prospects-of-LGWs/unlens/injection.hdf

[global]
instruments = E1 E2 E3 C1 C2 H1 V1 L1 I1 K1
mass1_ref = 30.000000007114565
mass2_ref = 30.00000000419889
minchirp = 26.11641690380819
maxchirp = 26.11661690380819
mincov = 168478405511.37564
maxcov = 16847840551137.562
