
[data]
trigger-time = 1645323843.998054
injection-file = /work/shashwat.singh/Prospects-of-LGWs/unlens/injection.hdf

[global]
instruments = E1 E2 E3 C1 C2 H1 V1 L1 I1 K1
mass1_ref = 30.000000008570233
mass2_ref = 30.00000000976529
minchirp = 26.116416906864725
maxchirp = 26.116616906864724
mincov = 87522369914.33502
maxcov = 8752236991433.502
