
[data]
trigger-time = 1343620794.2748177
injection-file = /work/shashwat.singh/Prospects-of-LGWs/unlens/injection.hdf

[global]
instruments = E1 E2 E3 C1 C2 H1 V1 L1 I1 K1
mass1_ref = 30.000000008773206
mass2_ref = 30.000000005995144
minchirp = 26.116416905312022
maxchirp = 26.11661690531202
mincov = 51607613604.16829
maxcov = 5160761360416.829
