
[data]
trigger-time = 1752027777.4409273
injection-file = /work/shashwat.singh/Prospects-of-LGWs/unlens/injection.hdf

[global]
instruments = E1 E2 E3 C1 C2 H1 V1 L1 I1 K1
mass1_ref = 30.000000009535466
mass2_ref = 30.000000002012936
minchirp = 26.11641690391046
maxchirp = 26.116616903910458
mincov = 11605218.379169475
maxcov = 1160521837.9169474
