
[data]
trigger-time = 1646928944.5480018
injection-file = /work/shashwat.singh/Prospects-of-LGWs/unlens/injection.hdf

[global]
instruments = E1 E2 E3 C1 C2 H1 V1 L1 I1 K1
mass1_ref = 30.00000000720069
mass2_ref = 30.000000009784944
minchirp = 26.116416906277152
maxchirp = 26.11661690627715
mincov = 68936498185.72647
maxcov = 6893649818572.647
