
[data]
trigger-time = 1873159249.242168
injection-file = /work/shashwat.singh/Prospects-of-LGWs/unlens/injection.hdf

[global]
instruments = E1 E2 E3 C1 C2 H1 V1 L1 I1 K1
mass1_ref = 30.000000003744184
mass2_ref = 30.000000008204715
minchirp = 26.116416904084783
maxchirp = 26.116616904084783
mincov = 98716571077.38951
maxcov = 9871657107738.951
