
[data]
trigger-time = 1394138721.4582212
injection-file = /work/shashwat.singh/Prospects-of-LGWs/unlens/injection.hdf

[global]
instruments = E1 E2 E3 C1 C2 H1 V1 L1 I1 K1
mass1_ref = 30.000000005644193
mass2_ref = 30.000000001500187
minchirp = 26.116416901993496
maxchirp = 26.116616901993496
mincov = 54371734781.021675
maxcov = 5437173478102.167
