
[data]
trigger-time = 1158861034.3076992
injection-file = /work/shashwat.singh/Prospects-of-LGWs/unlens/injection.hdf

[global]
instruments = E1 E2 E3 C1 C2 H1 V1 L1 I1 K1
mass1_ref = 30.000000001387555
mass2_ref = 30.000000009521923
minchirp = 26.11641690363235
maxchirp = 26.116616903632348
mincov = 103658043959.50748
maxcov = 10365804395950.748
