
[data]
trigger-time = 1952026065.0004218
injection-file = /work/shashwat.singh/Prospects-of-LGWs/unlens/injection.hdf

[global]
instruments = E1 E2 E3 C1 C2 H1 V1 L1 I1 K1
mass1_ref = 30.000000004022056
mass2_ref = 30.00000000496883
minchirp = 26.116416902797237
maxchirp = 26.116616902797237
mincov = 122411565348.73116
maxcov = 12241156534873.115
