
[data]
trigger-time = 1289618888.6723979
injection-file = /work/shashwat.singh/Prospects-of-LGWs/unlens/injection.hdf

[global]
instruments = E1 E2 E3 C1 C2 H1 V1 L1 I1 K1
mass1_ref = 30.00000000637998
mass2_ref = 30.00000000143554
minchirp = 26.11641690228563
maxchirp = 26.116616902285628
mincov = 79987571995.68843
maxcov = 7998757199568.843
