
[data]
trigger-time = 1369414883.8466396
injection-file = /work/shashwat.singh/Prospects-of-LGWs/unlens/injection.hdf

[global]
instruments = E1 E2 E3 C1 C2 H1 V1 L1 I1 K1
mass1_ref = 30.000000009168584
mass2_ref = 30.00000000645402
minchirp = 26.116416905683856
maxchirp = 26.116616905683856
mincov = 33336663232.66166
maxcov = 3333666323266.166
