
[data]
trigger-time = 1203148858.2927175
injection-file = /work/shashwat.singh/Prospects-of-LGWs/unlens/injection.hdf

[global]
instruments = E1 E2 E3 C1 C2 H1 V1 L1 I1 K1
mass1_ref = 30.000000008638843
mass2_ref = 30.000000007573664
minchirp = 26.11641690594063
maxchirp = 26.116616905940628
mincov = 125191356412.24826
maxcov = 12519135641224.826
