
[data]
trigger-time = 1613109359.1689456
injection-file = /work/shashwat.singh/Prospects-of-LGWs/unlens/injection.hdf

[global]
instruments = E1 E2 E3 C1 C2 H1 V1 L1 I1 K1
mass1_ref = 30.00000000270703
mass2_ref = 30.000000005265992
minchirp = 26.11641690235418
maxchirp = 26.11661690235418
mincov = 2405651649.9507594
maxcov = 240565164995.07596
