
[data]
trigger-time = 1528032355.5188537
injection-file = /work/shashwat.singh/Prospects-of-LGWs/unlens/injection.hdf

[global]
instruments = E1 E2 E3 C1 C2 H1 V1 L1 I1 K1
mass1_ref = 30.000000006157205
mass2_ref = 30.000000004988003
minchirp = 26.116416903734955
maxchirp = 26.116616903734954
mincov = 68054467055.99255
maxcov = 6805446705599.256
