
[data]
trigger-time = 1431938993.3839297
injection-file = /work/shashwat.singh/Prospects-of-LGWs/unlens/injection.hdf

[global]
instruments = E1 E2 E3 C1 C2 H1 V1 L1 I1 K1
mass1_ref = 30.00000000733154
mass2_ref = 30.00000000895922
minchirp = 26.116416905974692
maxchirp = 26.11661690597469
mincov = 22298828415.283276
maxcov = 2229882841528.3276
