
[data]
trigger-time = 1536430825.0532722
injection-file = /work/shashwat.singh/Prospects-of-LGWs/unlens/injection.hdf

[global]
instruments = E1 E2 E3 C1 C2 H1 V1 L1 I1 K1
mass1_ref = 30.00000000644275
mass2_ref = 30.000000008881372
minchirp = 26.116416905553937
maxchirp = 26.116616905553936
mincov = 104169593756.76532
maxcov = 10416959375676.531
