
[data]
trigger-time = 1656837436.2943645
injection-file = /work/shashwat.singh/Prospects-of-LGWs/unlens/injection.hdf

[global]
instruments = E1 E2 E3 C1 C2 H1 V1 L1 I1 K1
mass1_ref = 30.00000000348867
mass2_ref = 30.00000000312335
minchirp = 26.116416901761774
maxchirp = 26.116616901761773
mincov = 133385597688.07126
maxcov = 13338559768807.127
