
[data]
trigger-time = 1632786509.3361726
injection-file = /work/shashwat.singh/Prospects-of-LGWs/unlens/injection.hdf

[global]
instruments = E1 E2 E3 C1 C2 H1 V1 L1 I1 K1
mass1_ref = 30.000000005794316
mass2_ref = 30.000000004557172
minchirp = 26.116416903389474
maxchirp = 26.116616903389474
mincov = 45891954515.97566
maxcov = 4589195451597.566
