
[data]
trigger-time = 1305185518.7625115
injection-file = /work/shashwat.singh/Prospects-of-LGWs/unlens/injection.hdf

[global]
instruments = E1 E2 E3 C1 C2 H1 V1 L1 I1 K1
mass1_ref = 30.00000000806654
mass2_ref = 30.0000000044172
minchirp = 26.116416904317585
maxchirp = 26.116616904317585
mincov = 20851445149.246777
maxcov = 2085144514924.6777
