
[data]
trigger-time = 1732303837.1394448
injection-file = /work/shashwat.singh/Prospects-of-LGWs/unlens/injection.hdf

[global]
instruments = E1 E2 E3 C1 C2 H1 V1 L1 I1 K1
mass1_ref = 30.000000000807418
mass2_ref = 30.000000002413557
minchirp = 26.116416900285735
maxchirp = 26.116616900285734
mincov = 106322312649.0523
maxcov = 10632231264905.23
