
[data]
trigger-time = 1044672244.1140827
injection-file = /work/shashwat.singh/Prospects-of-LGWs/unlens/injection.hdf

[global]
instruments = E1 E2 E3 C1 C2 H1 V1 L1 I1 K1
mass1_ref = 30.00000000003342
mass2_ref = 30.00000000448656
minchirp = 26.11641690085116
maxchirp = 26.11661690085116
mincov = 169770387399.00235
maxcov = 16977038739900.234
