
[data]
trigger-time = 1958400295.367138
injection-file = /work/shashwat.singh/Prospects-of-LGWs/unlens/injection.hdf

[global]
instruments = E1 E2 E3 C1 C2 H1 V1 L1 I1 K1
mass1_ref = 30.00000000700572
mass2_ref = 30.00000000602372
minchirp = 26.11641690455512
maxchirp = 26.11661690455512
mincov = 53949124540.941475
maxcov = 5394912454094.147
