
[data]
trigger-time = 1291900244.0432162
injection-file = /work/shashwat.singh/Prospects-of-LGWs/unlens/injection.hdf

[global]
instruments = E1 E2 E3 C1 C2 H1 V1 L1 I1 K1
mass1_ref = 30.000000009327746
mass2_ref = 30.00000000340836
minchirp = 26.11641690442744
maxchirp = 26.11661690442744
mincov = 149350753608.93616
maxcov = 14935075360893.615
