
[data]
trigger-time = 1066065213.3850144
injection-file = /work/shashwat.singh/Prospects-of-LGWs/unlens/injection.hdf

[global]
instruments = E1 E2 E3 C1 C2 H1 V1 L1 I1 K1
mass1_ref = 30.000000007670963
mass2_ref = 30.00000000140301
minchirp = 26.1164169028334
maxchirp = 26.1166169028334
mincov = 162053608916.00848
maxcov = 16205360891600.85
