
[data]
trigger-time = 1041525216.5188022
injection-file = /work/shashwat.singh/Prospects-of-LGWs/unlens/injection.hdf

[global]
instruments = E1 E2 E3 C1 C2 H1 V1 L1 I1 K1
mass1_ref = 30.0000000015164
mass2_ref = 30.000000007266717
minchirp = 26.1164169027068
maxchirp = 26.1166169027068
mincov = 86934882135.18204
maxcov = 8693488213518.203
