
[data]
trigger-time = 1623017655.8520613
injection-file = /work/shashwat.singh/Prospects-of-LGWs/unlens/injection.hdf

[global]
instruments = E1 E2 E3 C1 C2 H1 V1 L1 I1 K1
mass1_ref = 30.000000007681834
mass2_ref = 30.000000007639493
minchirp = 26.116416905552718
maxchirp = 26.116616905552718
mincov = 174244101111.79276
maxcov = 17424410111179.275
