
[data]
trigger-time = 1166560618.1021504
injection-file = /work/shashwat.singh/Prospects-of-LGWs/unlens/injection.hdf

[global]
instruments = E1 E2 E3 C1 C2 H1 V1 L1 I1 K1
mass1_ref = 30.000000008547108
mass2_ref = 30.000000009285817
minchirp = 26.116416906645956
maxchirp = 26.116616906645955
mincov = 174512334885.4736
maxcov = 17451233488547.361
