
[data]
trigger-time = 1073413343.9895645
injection-file = /work/shashwat.singh/Prospects-of-LGWs/unlens/injection.hdf

[global]
instruments = E1 E2 E3 C1 C2 H1 V1 L1 I1 K1
mass1_ref = 30.000000009248648
mass2_ref = 30.000000004062162
minchirp = 26.11641690467759
maxchirp = 26.11661690467759
mincov = 165441644765.6636
maxcov = 16544164476566.36
