
[data]
trigger-time = 1072965240.031395
injection-file = /work/shashwat.singh/Prospects-of-LGWs/unlens/injection.hdf

[global]
instruments = E1 E2 E3 C1 C2 H1 V1 L1 I1 K1
mass1_ref = 30.00000000987672
mass2_ref = 30.00000000312498
minchirp = 26.116416904543044
maxchirp = 26.116616904543044
mincov = 5162219200.16839
maxcov = 516221920016.83905
