
[data]
trigger-time = 1250886745.994952
injection-file = /work/shashwat.singh/Prospects-of-LGWs/unlens/injection.hdf

[global]
instruments = E1 E2 E3 C1 C2 H1 V1 L1 I1 K1
mass1_ref = 30.000000001103206
mass2_ref = 30.00000000791659
minchirp = 26.11641690280982
maxchirp = 26.11661690280982
mincov = 106450412377.73087
maxcov = 10645041237773.086
