
[data]
trigger-time = 1414387391.9567614
injection-file = /work/shashwat.singh/Prospects-of-LGWs/unlens/injection.hdf

[global]
instruments = E1 E2 E3 C1 C2 H1 V1 L1 I1 K1
mass1_ref = 30.00000000721828
mass2_ref = 30.000000002660595
minchirp = 26.116416903183755
maxchirp = 26.116616903183754
mincov = 170507769869.17566
maxcov = 17050776986917.566
