
[data]
trigger-time = 1817260814.8529654
injection-file = /work/shashwat.singh/Prospects-of-LGWs/unlens/injection.hdf

[global]
instruments = E1 E2 E3 C1 C2 H1 V1 L1 I1 K1
mass1_ref = 30.0000000012916
mass2_ref = 30.00000000381792
minchirp = 26.116416901107772
maxchirp = 26.116616901107772
mincov = 18432719087.310246
maxcov = 1843271908731.0244
