
[data]
trigger-time = 1942490702.4514675
injection-file = /work/shashwat.singh/Prospects-of-LGWs/unlens/injection.hdf

[global]
instruments = E1 E2 E3 C1 C2 H1 V1 L1 I1 K1
mass1_ref = 30.00000000438013
mass2_ref = 30.000000004051206
minchirp = 26.116416902553677
maxchirp = 26.116616902553677
mincov = 121359935914.80917
maxcov = 12135993591480.918
