
[data]
trigger-time = 1998925139.006747
injection-file = /work/shashwat.singh/Prospects-of-LGWs/unlens/injection.hdf

[global]
instruments = E1 E2 E3 C1 C2 H1 V1 L1 I1 K1
mass1_ref = 30.000000003129315
mass2_ref = 30.000000001748393
minchirp = 26.11641690100687
maxchirp = 26.116616901006868
mincov = 67082966629.41396
maxcov = 6708296662941.396
