
[data]
trigger-time = 1356152212.9360075
injection-file = /work/shashwat.singh/Prospects-of-LGWs/unlens/injection.hdf

[global]
instruments = E1 E2 E3 C1 C2 H1 V1 L1 I1 K1
mass1_ref = 30.00000000746364
mass2_ref = 30.000000001293913
minchirp = 26.11641690269567
maxchirp = 26.116616902695668
mincov = 24103226187.73014
maxcov = 2410322618773.0137
