
[data]
trigger-time = 1586417562.183202
injection-file = /work/shashwat.singh/Prospects-of-LGWs/unlens/injection.hdf

[global]
instruments = E1 E2 E3 C1 C2 H1 V1 L1 I1 K1
mass1_ref = 30.000000001560018
mass2_ref = 30.000000001092616
minchirp = 26.11641690003835
maxchirp = 26.11661690003835
mincov = 144957852320.65057
maxcov = 14495785232065.057
