
[data]
trigger-time = 1407985363.2103393
injection-file = /work/shashwat.singh/Prospects-of-LGWs/unlens/injection.hdf

[global]
instruments = E1 E2 E3 C1 C2 H1 V1 L1 I1 K1
mass1_ref = 30.00000000764317
mass2_ref = 30.000000000154685
minchirp = 26.11641690227794
maxchirp = 26.11661690227794
mincov = 95672326845.89844
maxcov = 9567232684589.844
