
[data]
trigger-time = 1940340305.9687102
injection-file = /work/shashwat.singh/Prospects-of-LGWs/unlens/injection.hdf

[global]
instruments = E1 E2 E3 C1 C2 H1 V1 L1 I1 K1
mass1_ref = 30.000000008616052
mass2_ref = 30.00000000763456
minchirp = 26.116416905957216
maxchirp = 26.116616905957216
mincov = 147835040098.63962
maxcov = 14783504009863.963
