
[data]
trigger-time = 1346937649.735033
injection-file = /work/shashwat.singh/Prospects-of-LGWs/unlens/injection.hdf

[global]
instruments = E1 E2 E3 C1 C2 H1 V1 L1 I1 K1
mass1_ref = 30.000000006251152
mass2_ref = 30.000000002159876
minchirp = 26.116416902544838
maxchirp = 26.116616902544838
mincov = 42498071963.44945
maxcov = 4249807196344.9443
