
[data]
trigger-time = 1919391466.6402276
injection-file = /work/shashwat.singh/Prospects-of-LGWs/unlens/injection.hdf

[global]
instruments = E1 E2 E3 C1 C2 H1 V1 L1 I1 K1
mass1_ref = 30.00000000877959
mass2_ref = 30.000000006166225
minchirp = 26.116416905389265
maxchirp = 26.116616905389265
mincov = 42174946368.739525
maxcov = 4217494636873.9526
