
[data]
trigger-time = 1841564589.8719263
injection-file = /work/shashwat.singh/Prospects-of-LGWs/unlens/injection.hdf

[global]
instruments = E1 E2 E3 C1 C2 H1 V1 L1 I1 K1
mass1_ref = 30.00000000027944
mass2_ref = 30.000000005378848
minchirp = 26.116416901346636
maxchirp = 26.116616901346635
mincov = 23529078.421156872
maxcov = 2352907842.1156874
