
[data]
trigger-time = 1042692852.7250717
injection-file = /work/shashwat.singh/Prospects-of-LGWs/unlens/injection.hdf

[global]
instruments = E1 E2 E3 C1 C2 H1 V1 L1 I1 K1
mass1_ref = 30.00000000773499
mass2_ref = 30.00000000394292
minchirp = 26.11641690396683
maxchirp = 26.11661690396683
mincov = 15012436930.650345
maxcov = 1501243693065.0344
