
[data]
trigger-time = 1389570393.2012177
injection-file = /work/shashwat.singh/Prospects-of-LGWs/unlens/injection.hdf

[global]
instruments = E1 E2 E3 C1 C2 H1 V1 L1 I1 K1
mass1_ref = 30.000000007783814
mass2_ref = 30.00000000377447
minchirp = 26.11641690391476
maxchirp = 26.11661690391476
mincov = 10138971640.310392
maxcov = 1013897164031.0393
