
[data]
trigger-time = 1927017462.2671852
injection-file = /work/shashwat.singh/Prospects-of-LGWs/unlens/injection.hdf

[global]
instruments = E1 E2 E3 C1 C2 H1 V1 L1 I1 K1
mass1_ref = 30.00000000833229
mass2_ref = 30.000000001371948
minchirp = 26.116416903107737
maxchirp = 26.116616903107737
mincov = 125948077269.98947
maxcov = 12594807726998.947
