
[data]
trigger-time = 1427141465.9438486
injection-file = /work/shashwat.singh/Prospects-of-LGWs/unlens/injection.hdf

[global]
instruments = E1 E2 E3 C1 C2 H1 V1 L1 I1 K1
mass1_ref = 30.000000004522175
mass2_ref = 30.00000000096943
minchirp = 26.116416901274086
maxchirp = 26.116616901274085
mincov = 157191769648.67413
maxcov = 15719176964867.412
