
[data]
trigger-time = 1948584378.7947662
injection-file = /work/shashwat.singh/Prospects-of-LGWs/unlens/injection.hdf

[global]
instruments = E1 E2 E3 C1 C2 H1 V1 L1 I1 K1
mass1_ref = 30.00000000586118
mass2_ref = 30.000000003128005
minchirp = 26.116416902796495
maxchirp = 26.116616902796494
mincov = 11915456269.728361
maxcov = 1191545626972.8362
