
[data]
trigger-time = 1229535389.7381768
injection-file = /work/shashwat.singh/Prospects-of-LGWs/unlens/injection.hdf

[global]
instruments = E1 E2 E3 C1 C2 H1 V1 L1 I1 K1
mass1_ref = 30.00000000672712
mass2_ref = 30.000000002911488
minchirp = 26.116416903079173
maxchirp = 26.116616903079173
mincov = 85582863675.99318
maxcov = 8558286367599.317
