
[data]
trigger-time = 1199878381.820149
injection-file = /work/shashwat.singh/Prospects-of-LGWs/unlens/injection.hdf

[global]
instruments = E1 E2 E3 C1 C2 H1 V1 L1 I1 K1
mass1_ref = 30.000000003955563
mass2_ref = 30.000000000475353
minchirp = 26.116416900812393
maxchirp = 26.116616900812392
mincov = 30035715693.42796
maxcov = 3003571569342.796
