
[data]
trigger-time = 1185659999.4312308
injection-file = /work/shashwat.singh/Prospects-of-LGWs/unlens/injection.hdf

[global]
instruments = E1 E2 E3 C1 C2 H1 V1 L1 I1 K1
mass1_ref = 30.000000006050254
mass2_ref = 30.000000003053835
minchirp = 26.11641690284651
maxchirp = 26.11661690284651
mincov = 59528818980.32395
maxcov = 5952881898032.395
