
[data]
trigger-time = 1744971187.492901
injection-file = /work/shashwat.singh/Prospects-of-LGWs/unlens/injection.hdf

[global]
instruments = E1 E2 E3 C1 C2 H1 V1 L1 I1 K1
mass1_ref = 30.00000000518343
mass2_ref = 30.000000001308106
minchirp = 26.116416901709332
maxchirp = 26.11661690170933
mincov = 47956985.67054471
maxcov = 4795698567.054471
