
[data]
trigger-time = 1210763964.6260097
injection-file = /work/shashwat.singh/Prospects-of-LGWs/unlens/injection.hdf

[global]
instruments = E1 E2 E3 C1 C2 H1 V1 L1 I1 K1
mass1_ref = 30.000000006811895
mass2_ref = 30.00000000263022
minchirp = 26.116416902993645
maxchirp = 26.116616902993645
mincov = 104958750739.12468
maxcov = 10495875073912.469
