
[data]
trigger-time = 1148915365.98078
injection-file = /work/shashwat.singh/Prospects-of-LGWs/unlens/injection.hdf

[global]
instruments = E1 E2 E3 C1 C2 H1 V1 L1 I1 K1
mass1_ref = 30.000000005247063
mass2_ref = 30.00000000144581
minchirp = 26.116416901796967
maxchirp = 26.116616901796966
mincov = 135787774393.32715
maxcov = 13578777439332.715
