
[data]
trigger-time = 1423074395.333659
injection-file = /work/shashwat.singh/Prospects-of-LGWs/unlens/injection.hdf

[global]
instruments = E1 E2 E3 C1 C2 H1 V1 L1 I1 K1
mass1_ref = 30.000000002185892
mass2_ref = 30.00000000436416
minchirp = 26.1164169017348
maxchirp = 26.1166169017348
mincov = 108641236278.04402
maxcov = 10864123627804.402
