
[data]
trigger-time = 1535439181.8590968
injection-file = /work/shashwat.singh/Prospects-of-LGWs/unlens/injection.hdf

[global]
instruments = E1 E2 E3 C1 C2 H1 V1 L1 I1 K1
mass1_ref = 30.00000000946955
mass2_ref = 30.000000001562103
minchirp = 26.11641690368553
maxchirp = 26.11661690368553
mincov = 121526662179.02608
maxcov = 12152666217902.607
