
[data]
trigger-time = 1425886179.5657642
injection-file = /work/shashwat.singh/Prospects-of-LGWs/unlens/injection.hdf

[global]
instruments = E1 E2 E3 C1 C2 H1 V1 L1 I1 K1
mass1_ref = 30.0000000048469
mass2_ref = 30.000000005508493
minchirp = 26.11641690339117
maxchirp = 26.11661690339117
mincov = 27047856412.146152
maxcov = 2704785641214.615
