
[data]
trigger-time = 1913587577.67036
injection-file = /work/shashwat.singh/Prospects-of-LGWs/unlens/injection.hdf

[global]
instruments = E1 E2 E3 C1 C2 H1 V1 L1 I1 K1
mass1_ref = 30.000000005341636
mass2_ref = 30.000000000583793
minchirp = 26.116416901462916
maxchirp = 26.116616901462915
mincov = 53848637767.57531
maxcov = 5384863776757.531
