
[data]
trigger-time = 1229377009.386634
injection-file = /work/shashwat.singh/Prospects-of-LGWs/unlens/injection.hdf

[global]
instruments = E1 E2 E3 C1 C2 H1 V1 L1 I1 K1
mass1_ref = 30.000000005019672
mass2_ref = 30.000000005067616
minchirp = 26.116416903274473
maxchirp = 26.116616903274473
mincov = 108889733518.34506
maxcov = 10888973351834.508
