
[data]
trigger-time = 1527842612.1180863
injection-file = /work/shashwat.singh/Prospects-of-LGWs/unlens/injection.hdf

[global]
instruments = E1 E2 E3 C1 C2 H1 V1 L1 I1 K1
mass1_ref = 30.00000000059868
mass2_ref = 30.00000000899955
minchirp = 26.116416903061598
maxchirp = 26.116616903061598
mincov = 49477346369.17579
maxcov = 4947734636917.579
