
[data]
trigger-time = 1680912050.035486
injection-file = /work/shashwat.singh/Prospects-of-LGWs/unlens/injection.hdf

[global]
instruments = E1 E2 E3 C1 C2 H1 V1 L1 I1 K1
mass1_ref = 30.000000004757894
mass2_ref = 30.000000008371966
minchirp = 26.11641690459883
maxchirp = 26.11661690459883
mincov = 7964429400.973352
maxcov = 796442940097.3352
