
[data]
trigger-time = 1499184137.0850942
injection-file = /work/shashwat.singh/Prospects-of-LGWs/unlens/injection.hdf

[global]
instruments = E1 E2 E3 C1 C2 H1 V1 L1 I1 K1
mass1_ref = 30.000000000634003
mass2_ref = 30.000000009834345
minchirp = 26.11641690344034
maxchirp = 26.116616903440338
mincov = 146300134707.21756
maxcov = 14630013470721.756
