
[data]
trigger-time = 1087931510.8733602
injection-file = /work/shashwat.singh/Prospects-of-LGWs/unlens/injection.hdf

[global]
instruments = E1 E2 E3 C1 C2 H1 V1 L1 I1 K1
mass1_ref = 30.000000004636814
mass2_ref = 30.00000000251204
minchirp = 26.116416901995443
maxchirp = 26.116616901995442
mincov = 161515197478.37485
maxcov = 16151519747837.484
