
[data]
trigger-time = 1005491284.8746539
injection-file = /work/shashwat.singh/Prospects-of-LGWs/unlens/injection.hdf

[global]
instruments = E1 E2 E3 C1 C2 H1 V1 L1 I1 K1
mass1_ref = 30.00000000068603
mass2_ref = 30.00000000372251
minchirp = 26.116416900802655
maxchirp = 26.116616900802654
mincov = 12526399.820165755
maxcov = 1252639982.0165756
