
[data]
trigger-time = 1755389538.8939445
injection-file = /work/shashwat.singh/Prospects-of-LGWs/unlens/injection.hdf

[global]
instruments = E1 E2 E3 C1 C2 H1 V1 L1 I1 K1
mass1_ref = 30.00000000714959
mass2_ref = 30.000000004074543
minchirp = 26.116416903769313
maxchirp = 26.116616903769312
mincov = 141760140097.06155
maxcov = 14176014009706.154
