
[data]
trigger-time = 1426036541.1781878
injection-file = /work/shashwat.singh/Prospects-of-LGWs/unlens/injection.hdf

[global]
instruments = E1 E2 E3 C1 C2 H1 V1 L1 I1 K1
mass1_ref = 30.000000000628237
mass2_ref = 30.000000007632963
minchirp = 26.116416902479617
maxchirp = 26.116616902479617
mincov = 53354279573.64572
maxcov = 5335427957364.572
