
[data]
trigger-time = 1519601739.5106277
injection-file = /work/shashwat.singh/Prospects-of-LGWs/unlens/injection.hdf

[global]
instruments = E1 E2 E3 C1 C2 H1 V1 L1 I1 K1
mass1_ref = 30.000000003300126
mass2_ref = 30.000000001120043
minchirp = 26.116416900807717
maxchirp = 26.116616900807717
mincov = 157536827600.85324
maxcov = 15753682760085.324
