
[data]
trigger-time = 1119233170.4096253
injection-file = /work/shashwat.singh/Prospects-of-LGWs/unlens/injection.hdf

[global]
instruments = E1 E2 E3 C1 C2 H1 V1 L1 I1 K1
mass1_ref = 30.00000000850993
mass2_ref = 30.000000002648868
minchirp = 26.116416903740873
maxchirp = 26.116616903740873
mincov = 128099291015.76926
maxcov = 12809929101576.926
