
[data]
trigger-time = 1971708822.5787477
injection-file = /work/shashwat.singh/Prospects-of-LGWs/unlens/injection.hdf

[global]
instruments = E1 E2 E3 C1 C2 H1 V1 L1 I1 K1
mass1_ref = 30.000000009001624
mass2_ref = 30.000000004775348
minchirp = 26.116416904880502
maxchirp = 26.1166169048805
mincov = 151438149491.68704
maxcov = 15143814949168.703
