
[data]
trigger-time = 1183322680.1571927
injection-file = /work/shashwat.singh/Prospects-of-LGWs/unlens/injection.hdf

[global]
instruments = E1 E2 E3 C1 C2 H1 V1 L1 I1 K1
mass1_ref = 30.000000001738027
mass2_ref = 30.00000000968116
minchirp = 26.116416903854216
maxchirp = 26.116616903854215
mincov = 145816581320.07843
maxcov = 14581658132007.842
