
[data]
trigger-time = 1754658936.0767365
injection-file = /work/shashwat.singh/Prospects-of-LGWs/unlens/injection.hdf

[global]
instruments = E1 E2 E3 C1 C2 H1 V1 L1 I1 K1
mass1_ref = 30.000000000046047
mass2_ref = 30.000000008072007
minchirp = 26.116416902417313
maxchirp = 26.116616902417313
mincov = 38921405466.16298
maxcov = 3892140546616.298
