
[data]
trigger-time = 1776411473.601976
injection-file = /work/shashwat.singh/Prospects-of-LGWs/unlens/injection.hdf

[global]
instruments = E1 E2 E3 C1 C2 H1 V1 L1 I1 K1
mass1_ref = 30.000000007132982
mass2_ref = 30.000000007651
minchirp = 26.116416905318825
maxchirp = 26.116616905318825
mincov = 53379260697.06272
maxcov = 5337926069706.271
