
[data]
trigger-time = 1792554834.2404027
injection-file = /work/shashwat.singh/Prospects-of-LGWs/unlens/injection.hdf

[global]
instruments = E1 E2 E3 C1 C2 H1 V1 L1 I1 K1
mass1_ref = 30.000000004727
mass2_ref = 30.000000005077105
minchirp = 26.116416903151208
maxchirp = 26.116616903151208
mincov = 156350076774.48257
maxcov = 15635007677448.258
