
[data]
trigger-time = 1676954339.315062
injection-file = /work/shashwat.singh/Prospects-of-LGWs/unlens/injection.hdf

[global]
instruments = E1 E2 E3 C1 C2 H1 V1 L1 I1 K1
mass1_ref = 30.000000004305104
mass2_ref = 30.000000002062755
minchirp = 26.116416901655494
maxchirp = 26.116616901655494
mincov = 740796026.4604139
maxcov = 74079602646.0414
