
[data]
trigger-time = 1807864852.336687
injection-file = /work/shashwat.singh/Prospects-of-LGWs/unlens/injection.hdf

[global]
instruments = E1 E2 E3 C1 C2 H1 V1 L1 I1 K1
mass1_ref = 30.000000004862798
mass2_ref = 30.000000008965696
minchirp = 26.116416904902927
maxchirp = 26.116616904902926
mincov = 60518226216.47644
maxcov = 6051822621647.645
