
[data]
trigger-time = 1565112514.04389
injection-file = /work/shashwat.singh/Prospects-of-LGWs/unlens/injection.hdf

[global]
instruments = E1 E2 E3 C1 C2 H1 V1 L1 I1 K1
mass1_ref = 30.000000005045692
mass2_ref = 30.000000009172382
minchirp = 26.1164169050725
maxchirp = 26.1166169050725
mincov = 165990351987.5111
maxcov = 16599035198751.111
