
[data]
trigger-time = 1943229887.9635243
injection-file = /work/shashwat.singh/Prospects-of-LGWs/unlens/injection.hdf

[global]
instruments = E1 E2 E3 C1 C2 H1 V1 L1 I1 K1
mass1_ref = 30.00000000950007
mass2_ref = 30.000000002164978
minchirp = 26.116416903961234
maxchirp = 26.116616903961233
mincov = 132444456506.80112
maxcov = 13244445650680.113
