
[data]
trigger-time = 1786886065.7989168
injection-file = /work/shashwat.singh/Prospects-of-LGWs/unlens/injection.hdf

[global]
instruments = E1 E2 E3 C1 C2 H1 V1 L1 I1 K1
mass1_ref = 30.000000008571337
mass2_ref = 30.000000006388664
minchirp = 26.116416905395443
maxchirp = 26.116616905395443
mincov = 149908605058.95435
maxcov = 14990860505895.434
