
[data]
trigger-time = 1484761594.9485092
injection-file = /work/shashwat.singh/Prospects-of-LGWs/unlens/injection.hdf

[global]
instruments = E1 E2 E3 C1 C2 H1 V1 L1 I1 K1
mass1_ref = 30.00000000497156
mass2_ref = 30.000000000979263
minchirp = 26.116416901473972
maxchirp = 26.11661690147397
mincov = 179747205418.84875
maxcov = 17974720541884.875
