
[data]
trigger-time = 1534338642.1900916
injection-file = /work/shashwat.singh/Prospects-of-LGWs/unlens/injection.hdf

[global]
instruments = E1 E2 E3 C1 C2 H1 V1 L1 I1 K1
mass1_ref = 30.000000000931575
mass2_ref = 30.000000007503505
minchirp = 26.116416902555304
maxchirp = 26.116616902555304
mincov = 162477185930.4221
maxcov = 16247718593042.209
