
[data]
trigger-time = 1017355643.9351194
injection-file = /work/shashwat.singh/Prospects-of-LGWs/unlens/injection.hdf

[global]
instruments = E1 E2 E3 C1 C2 H1 V1 L1 I1 K1
mass1_ref = 30.00000000889356
mass2_ref = 30.000000007446058
minchirp = 26.116416905995955
maxchirp = 26.116616905995954
mincov = 159160643674.2176
maxcov = 15916064367421.76
