
[data]
trigger-time = 1787906930.533771
injection-file = /work/shashwat.singh/Prospects-of-LGWs/unlens/injection.hdf

[global]
instruments = E1 E2 E3 C1 C2 H1 V1 L1 I1 K1
mass1_ref = 30.00000000753585
mass2_ref = 30.000000008567664
minchirp = 26.116416905893185
maxchirp = 26.116616905893185
mincov = 46757454886.620155
maxcov = 4675745488662.016
