
[data]
trigger-time = 1974016130.4588237
injection-file = /work/shashwat.singh/Prospects-of-LGWs/unlens/injection.hdf

[global]
instruments = E1 E2 E3 C1 C2 H1 V1 L1 I1 K1
mass1_ref = 30.00000000221356
mass2_ref = 30.00000000212455
minchirp = 26.116416900772
maxchirp = 26.116616900771998
mincov = 138744280084.02023
maxcov = 13874428008402.023
