
[data]
trigger-time = 1985208441.81268
injection-file = /work/shashwat.singh/Prospects-of-LGWs/unlens/injection.hdf

[global]
instruments = E1 E2 E3 C1 C2 H1 V1 L1 I1 K1
mass1_ref = 30.000000003608882
mass2_ref = 30.000000004783423
minchirp = 26.116416902536688
maxchirp = 26.116616902536688
mincov = 116952945918.38652
maxcov = 11695294591838.652
