
[data]
trigger-time = 1152023996.920423
injection-file = /work/shashwat.singh/Prospects-of-LGWs/unlens/injection.hdf

[global]
instruments = E1 E2 E3 C1 C2 H1 V1 L1 I1 K1
mass1_ref = 30.000000007378386
mass2_ref = 30.000000008080217
minchirp = 26.11641690561247
maxchirp = 26.11661690561247
mincov = 109862394685.65909
maxcov = 10986239468565.91
