
[data]
trigger-time = 1982681797.7988803
injection-file = /work/shashwat.singh/Prospects-of-LGWs/unlens/injection.hdf

[global]
instruments = E1 E2 E3 C1 C2 H1 V1 L1 I1 K1
mass1_ref = 30.000000004714376
mass2_ref = 30.000000008806584
minchirp = 26.116416904769064
maxchirp = 26.116616904769064
mincov = 2064712576.4147744
maxcov = 206471257641.47742
