
[data]
trigger-time = 1781534013.0769997
injection-file = /work/shashwat.singh/Prospects-of-LGWs/unlens/injection.hdf

[global]
instruments = E1 E2 E3 C1 C2 H1 V1 L1 I1 K1
mass1_ref = 30.000000004939338
mass2_ref = 30.000000000208153
minchirp = 26.1164169011243
maxchirp = 26.1166169011243
mincov = 113965923442.32866
maxcov = 11396592344232.867
