
[data]
trigger-time = 1623846487.2792518
injection-file = /work/shashwat.singh/Prospects-of-LGWs/unlens/injection.hdf

[global]
instruments = E1 E2 E3 C1 C2 H1 V1 L1 I1 K1
mass1_ref = 30.000000001578425
mass2_ref = 30.00000000635378
minchirp = 26.116416902336418
maxchirp = 26.116616902336418
mincov = 74972902379.22307
maxcov = 7497290237922.307
