
[data]
trigger-time = 1880018241.481757
injection-file = /work/shashwat.singh/Prospects-of-LGWs/unlens/injection.hdf

[global]
instruments = E1 E2 E3 C1 C2 H1 V1 L1 I1 K1
mass1_ref = 30.00000000646907
mass2_ref = 30.000000007895224
minchirp = 26.11641690513615
maxchirp = 26.116616905136148
mincov = 148113190249.55142
maxcov = 14811319024955.14
