
[data]
trigger-time = 1331751585.5303562
injection-file = /work/shashwat.singh/Prospects-of-LGWs/unlens/injection.hdf

[global]
instruments = E1 E2 E3 C1 C2 H1 V1 L1 I1 K1
mass1_ref = 30.000000003390856
mass2_ref = 30.00000000306138
minchirp = 26.116416901692226
maxchirp = 26.116616901692225
mincov = 160066723591.77695
maxcov = 16006672359177.695
