
[data]
trigger-time = 1160018399.9678934
injection-file = /work/shashwat.singh/Prospects-of-LGWs/unlens/injection.hdf

[global]
instruments = E1 E2 E3 C1 C2 H1 V1 L1 I1 K1
mass1_ref = 30.000000009746554
mass2_ref = 30.000000002810342
minchirp = 26.116416904349432
maxchirp = 26.11661690434943
mincov = 157340726059.3128
maxcov = 15734072605931.28
