
[data]
trigger-time = 1985051388.837902
injection-file = /work/shashwat.singh/Prospects-of-LGWs/unlens/injection.hdf

[global]
instruments = E1 E2 E3 C1 C2 H1 V1 L1 I1 K1
mass1_ref = 30.000000004980212
mass2_ref = 30.00000000854913
minchirp = 26.116416904772713
maxchirp = 26.116616904772712
mincov = 170067135949.33478
maxcov = 17006713594933.479
