
[data]
trigger-time = 1504289740.0000336
injection-file = /work/shashwat.singh/Prospects-of-LGWs/unlens/injection.hdf

[global]
instruments = E1 E2 E3 C1 C2 H1 V1 L1 I1 K1
mass1_ref = 30.000000004702386
mass2_ref = 30.000000002076607
minchirp = 26.116416901834455
maxchirp = 26.116616901834455
mincov = 57450038469.88125
maxcov = 5745003846988.125
