
[data]
trigger-time = 1654307153.0058467
injection-file = /work/shashwat.singh/Prospects-of-LGWs/unlens/injection.hdf

[global]
instruments = E1 E2 E3 C1 C2 H1 V1 L1 I1 K1
mass1_ref = 30.000000004325276
mass2_ref = 30.000000006497398
minchirp = 26.116416903594565
maxchirp = 26.116616903594565
mincov = 178410531996.37894
maxcov = 17841053199637.895
