
[data]
trigger-time = 1024115458.6187453
injection-file = /work/shashwat.singh/Prospects-of-LGWs/unlens/injection.hdf

[global]
instruments = E1 E2 E3 C1 C2 H1 V1 L1 I1 K1
mass1_ref = 30.000000006923308
mass2_ref = 30.00000000611626
minchirp = 26.116416904559525
maxchirp = 26.116616904559525
mincov = 156489052742.05667
maxcov = 15648905274205.666
