
[data]
trigger-time = 1999292397.4114082
injection-file = /work/shashwat.singh/Prospects-of-LGWs/unlens/injection.hdf

[global]
instruments = E1 E2 E3 C1 C2 H1 V1 L1 I1 K1
mass1_ref = 30.000000002162437
mass2_ref = 30.000000007679333
minchirp = 26.116416903167604
maxchirp = 26.116616903167603
mincov = 159277591944.53677
maxcov = 15927759194453.676
