
[data]
trigger-time = 1360392418.9377546
injection-file = /work/shashwat.singh/Prospects-of-LGWs/unlens/injection.hdf

[global]
instruments = E1 E2 E3 C1 C2 H1 V1 L1 I1 K1
mass1_ref = 30.000000000085965
mass2_ref = 30.000000006614915
minchirp = 26.116416901800452
maxchirp = 26.11661690180045
mincov = 28191861499.255547
maxcov = 2819186149925.5547
