
[data]
trigger-time = 1325667975.3820283
injection-file = /work/shashwat.singh/Prospects-of-LGWs/unlens/injection.hdf

[global]
instruments = E1 E2 E3 C1 C2 H1 V1 L1 I1 K1
mass1_ref = 30.000000002013923
mass2_ref = 30.000000005791126
minchirp = 26.11641690228107
maxchirp = 26.11661690228107
mincov = 177713383388.10068
maxcov = 17771338338810.07
