
[data]
trigger-time = 1961316131.5184326
injection-file = /work/shashwat.singh/Prospects-of-LGWs/unlens/injection.hdf

[global]
instruments = E1 E2 E3 C1 C2 H1 V1 L1 I1 K1
mass1_ref = 30.000000006873233
mass2_ref = 30.00000000112205
minchirp = 26.116416902363873
maxchirp = 26.116616902363873
mincov = 175448538941.15448
maxcov = 17544853894115.45
