
[data]
trigger-time = 1807391278.2116463
injection-file = /work/shashwat.singh/Prospects-of-LGWs/unlens/injection.hdf

[global]
instruments = E1 E2 E3 C1 C2 H1 V1 L1 I1 K1
mass1_ref = 30.000000007529522
mass2_ref = 30.000000005601358
minchirp = 26.116416904599273
maxchirp = 26.116616904599272
mincov = 8233395010.423009
maxcov = 823339501042.3009
