
[data]
trigger-time = 1219760157.1321354
injection-file = /work/shashwat.singh/Prospects-of-LGWs/unlens/injection.hdf

[global]
instruments = E1 E2 E3 C1 C2 H1 V1 L1 I1 K1
mass1_ref = 30.000000001118757
mass2_ref = 30.000000001635843
minchirp = 26.116416900082736
maxchirp = 26.116616900082736
mincov = 153655651154.40347
maxcov = 15365565115440.348
