
[data]
trigger-time = 1825341906.644958
injection-file = /work/shashwat.singh/Prospects-of-LGWs/unlens/injection.hdf

[global]
instruments = E1 E2 E3 C1 C2 H1 V1 L1 I1 K1
mass1_ref = 30.000000009030092
mass2_ref = 30.000000004969667
minchirp = 26.116416904977473
maxchirp = 26.116616904977473
mincov = 34473705926.44629
maxcov = 3447370592644.629
