
[data]
trigger-time = 1519665033.3540576
injection-file = /work/shashwat.singh/Prospects-of-LGWs/unlens/injection.hdf

[global]
instruments = E1 E2 E3 C1 C2 H1 V1 L1 I1 K1
mass1_ref = 30.000000006996892
mass2_ref = 30.00000000146232
minchirp = 26.11641690256581
maxchirp = 26.11661690256581
mincov = 34075928356.48336
maxcov = 3407592835648.336
