
[data]
trigger-time = 1360202546.3797555
injection-file = /work/shashwat.singh/Prospects-of-LGWs/unlens/injection.hdf

[global]
instruments = E1 E2 E3 C1 C2 H1 V1 L1 I1 K1
mass1_ref = 30.00000000016085
mass2_ref = 30.00000000382937
minchirp = 26.11641690062057
maxchirp = 26.11661690062057
mincov = 4217928827.5444975
maxcov = 421792882754.44977
