
[data]
trigger-time = 1902944948.3620207
injection-file = /work/shashwat.singh/Prospects-of-LGWs/unlens/injection.hdf

[global]
instruments = E1 E2 E3 C1 C2 H1 V1 L1 I1 K1
mass1_ref = 30.000000009149083
mass2_ref = 30.00000000232171
minchirp = 26.11641690387668
maxchirp = 26.11661690387668
mincov = 53608267673.31352
maxcov = 5360826767331.352
