
[data]
trigger-time = 1692331289.6317778
injection-file = /work/shashwat.singh/Prospects-of-LGWs/unlens/injection.hdf

[global]
instruments = E1 E2 E3 C1 C2 H1 V1 L1 I1 K1
mass1_ref = 30.000000006095927
mass2_ref = 30.000000002901228
minchirp = 26.116416902799962
maxchirp = 26.11661690279996
mincov = 122422514287.52713
maxcov = 12242251428752.713
