
[data]
trigger-time = 1188605635.0338638
injection-file = /work/shashwat.singh/Prospects-of-LGWs/unlens/injection.hdf

[global]
instruments = E1 E2 E3 C1 C2 H1 V1 L1 I1 K1
mass1_ref = 30.000000002695316
mass2_ref = 30.00000000998001
minchirp = 26.11641690440098
maxchirp = 26.11661690440098
mincov = 127201012554.93115
maxcov = 12720101255493.115
