
[data]
trigger-time = 1089432109.6696584
injection-file = /work/shashwat.singh/Prospects-of-LGWs/unlens/injection.hdf

[global]
instruments = E1 E2 E3 C1 C2 H1 V1 L1 I1 K1
mass1_ref = 30.00000000475091
mass2_ref = 30.00000000776369
minchirp = 26.116416904331018
maxchirp = 26.116616904331018
mincov = 150709003269.6341
maxcov = 15070900326963.408
