
[data]
trigger-time = 1622928956.9510612
injection-file = /work/shashwat.singh/Prospects-of-LGWs/unlens/injection.hdf

[global]
instruments = E1 E2 E3 C1 C2 H1 V1 L1 I1 K1
mass1_ref = 30.000000008257874
mass2_ref = 30.000000001737558
minchirp = 26.116416903234487
maxchirp = 26.116616903234487
mincov = 1131676131.8876834
maxcov = 113167613188.76834
