
[data]
trigger-time = 1781949118.6191483
injection-file = /home/ss/Prospects-of-LGWs/unlens/injection.hdf

[global]
instruments = E1 E2 E3 C1 H1 V1 L1 I1 K1
mass1_ref = 30.00000000757286
mass2_ref = 30.0000000000977
minchirp = 26.116416902222532
maxchirp = 26.116616902222532
mincov = 24327266997.07346
maxcov = 2432726699707.3457
