
[data]
trigger-time = 1741974451.5199528
injection-file = /work/shashwat.singh/Prospects-of-LGWs/unlens/injection.hdf

[global]
instruments = E1 E2 E3 C1 C2 H1 V1 L1 I1 K1
mass1_ref = 30.00000000827535
mass2_ref = 30.00000000283308
minchirp = 26.116416903718946
maxchirp = 26.116616903718946
mincov = 112883113229.04668
maxcov = 11288311322904.668
