
[data]
trigger-time = 1207736757.8771498
injection-file = /work/shashwat.singh/Prospects-of-LGWs/unlens/injection.hdf

[global]
instruments = E1 E2 E3 C1 C2 H1 V1 L1 I1 K1
mass1_ref = 30.000000006992263
mass2_ref = 30.00000000808307
minchirp = 26.116416905445647
maxchirp = 26.116616905445646
mincov = 16017084867.983362
maxcov = 1601708486798.3362
