
[data]
trigger-time = 1339065606.296562
injection-file = /work/shashwat.singh/Prospects-of-LGWs/unlens/injection.hdf

[global]
instruments = E1 E2 E3 C1 C2 H1 V1 L1 I1 K1
mass1_ref = 30.000000006113684
mass2_ref = 30.000000009907293
minchirp = 26.11641690585726
maxchirp = 26.11661690585726
mincov = 85866174903.66391
maxcov = 8586617490366.392
