
[data]
trigger-time = 1817040885.0006223
injection-file = /work/shashwat.singh/Prospects-of-LGWs/unlens/injection.hdf

[global]
instruments = E1 E2 E3 C1 C2 H1 V1 L1 I1 K1
mass1_ref = 30.000000006965596
mass2_ref = 30.00000000198852
minchirp = 26.11641690278123
maxchirp = 26.116616902781228
mincov = 113563738255.19632
maxcov = 11356373825519.63
