
[data]
trigger-time = 1403173941.6803133
injection-file = /work/shashwat.singh/Prospects-of-LGWs/unlens/injection.hdf

[global]
instruments = E1 E2 E3 C1 C2 H1 V1 L1 I1 K1
mass1_ref = 30.00000000795829
mass2_ref = 30.00000000160618
minchirp = 26.1164169030469
maxchirp = 26.1166169030469
mincov = 132901076555.77908
maxcov = 13290107655577.908
