
[data]
trigger-time = 1182959183.2000523
injection-file = /work/shashwat.singh/Prospects-of-LGWs/unlens/injection.hdf

[global]
instruments = E1 E2 E3 C1 C2 H1 V1 L1 I1 K1
mass1_ref = 30.00000000270221
mass2_ref = 30.000000007857178
minchirp = 26.116416903479966
maxchirp = 26.116616903479965
mincov = 131660620433.85884
maxcov = 13166062043385.883
