
[data]
trigger-time = 1737530746.2216756
injection-file = /work/shashwat.singh/Prospects-of-LGWs/unlens/injection.hdf

[global]
instruments = E1 E2 E3 C1 C2 H1 V1 L1 I1 K1
mass1_ref = 30.000000001101856
mass2_ref = 30.00000000792642
minchirp = 26.11641690281351
maxchirp = 26.116616902813508
mincov = 173036945322.28073
maxcov = 17303694532228.074
