
[data]
trigger-time = 1770934592.5586848
injection-file = /work/shashwat.singh/Prospects-of-LGWs/unlens/injection.hdf

[global]
instruments = E1 E2 E3 C1 C2 H1 V1 L1 I1 K1
mass1_ref = 30.000000002815117
mass2_ref = 30.000000000092115
minchirp = 26.11641690014917
maxchirp = 26.116616900149168
mincov = 161085449466.0204
maxcov = 16108544946602.04
