
[data]
trigger-time = 1003753527.3798611
injection-file = /work/shashwat.singh/Prospects-of-LGWs/unlens/injection.hdf

[global]
instruments = E1 E2 E3 C1 C2 H1 V1 L1 I1 K1
mass1_ref = 30.000000001795485
mass2_ref = 30.00000000843849
minchirp = 26.11641690333832
maxchirp = 26.11661690333832
mincov = 86904569198.95406
maxcov = 8690456919895.405
