
[data]
trigger-time = 1279698773.0444117
injection-file = /work/shashwat.singh/Prospects-of-LGWs/unlens/injection.hdf

[global]
instruments = E1 E2 E3 C1 C2 H1 V1 L1 I1 K1
mass1_ref = 30.00000000445434
mass2_ref = 30.000000004268195
minchirp = 26.116416902680427
maxchirp = 26.116616902680427
mincov = 130217607617.82048
maxcov = 13021760761782.049
