
[data]
trigger-time = 1994223696.686512
injection-file = /work/shashwat.singh/Prospects-of-LGWs/unlens/injection.hdf

[global]
instruments = E1 E2 E3 C1 C2 H1 V1 L1 I1 K1
mass1_ref = 30.000000003718476
mass2_ref = 30.000000003395908
minchirp = 26.116416901980436
maxchirp = 26.116616901980436
mincov = 176040910332.37518
maxcov = 17604091033237.516
