
[data]
trigger-time = 1845711538.920822
injection-file = /work/shashwat.singh/Prospects-of-LGWs/unlens/injection.hdf

[global]
instruments = E1 E2 E3 C1 C2 H1 V1 L1 I1 K1
mass1_ref = 30.000000002124043
mass2_ref = 30.00000000733832
minchirp = 26.116416903002456
maxchirp = 26.116616903002456
mincov = 136521249824.51767
maxcov = 13652124982451.768
