
[data]
trigger-time = 1323023168.0145059
injection-file = /work/shashwat.singh/Prospects-of-LGWs/unlens/injection.hdf

[global]
instruments = E1 E2 E3 C1 C2 H1 V1 L1 I1 K1
mass1_ref = 30.000000009438995
mass2_ref = 30.00000000846737
minchirp = 26.116416906677923
maxchirp = 26.116616906677923
mincov = 72850320487.73166
maxcov = 7285032048773.166
