
[data]
trigger-time = 1232922186.557387
injection-file = /work/shashwat.singh/Prospects-of-LGWs/unlens/injection.hdf

[global]
instruments = E1 E2 E3 C1 C2 H1 V1 L1 I1 K1
mass1_ref = 30.000000005279144
mass2_ref = 30.000000003390237
minchirp = 26.116416902657292
maxchirp = 26.11661690265729
mincov = 6014087252.732429
maxcov = 601408725273.2429
