
[data]
trigger-time = 1865403430.5188627
injection-file = /work/shashwat.singh/Prospects-of-LGWs/unlens/injection.hdf

[global]
instruments = E1 E2 E3 C1 C2 H1 V1 L1 I1 K1
mass1_ref = 30.000000006083095
mass2_ref = 30.000000002225388
minchirp = 26.1164169025002
maxchirp = 26.1166169025002
mincov = 170271364315.27167
maxcov = 17027136431527.166
