
[data]
trigger-time = 1956724992.43518
injection-file = /work/shashwat.singh/Prospects-of-LGWs/unlens/injection.hdf

[global]
instruments = E1 E2 E3 C1 C2 H1 V1 L1 I1 K1
mass1_ref = 30.000000001467765
mass2_ref = 30.000000003011372
minchirp = 26.116416900833382
maxchirp = 26.11661690083338
mincov = 166618938457.08362
maxcov = 16661893845708.361
