
[data]
trigger-time = 1837094869.6485434
injection-file = /work/shashwat.singh/Prospects-of-LGWs/unlens/injection.hdf

[global]
instruments = E1 E2 E3 C1 C2 H1 V1 L1 I1 K1
mass1_ref = 30.00000000691093
mass2_ref = 30.000000008752192
minchirp = 26.11641690570149
maxchirp = 26.11661690570149
mincov = 122567014757.0198
maxcov = 12256701475701.98
