
[data]
trigger-time = 1930954421.2867227
injection-file = /work/shashwat.singh/Prospects-of-LGWs/unlens/injection.hdf

[global]
instruments = E1 E2 E3 C1 C2 H1 V1 L1 I1 K1
mass1_ref = 30.00000000007837
mass2_ref = 30.000000000246363
minchirp = 26.116416899025072
maxchirp = 26.11661689902507
mincov = 139794696978.70135
maxcov = 13979469697870.137
