
[data]
trigger-time = 1976028596.548094
injection-file = /work/shashwat.singh/Prospects-of-LGWs/unlens/injection.hdf

[global]
instruments = E1 E2 E3 C1 C2 H1 V1 L1 I1 K1
mass1_ref = 30.000000006593254
mass2_ref = 30.000000000858826
minchirp = 26.11641690212743
maxchirp = 26.11661690212743
mincov = 52474299207.93105
maxcov = 5247429920793.105
