
[data]
trigger-time = 1572077815.2814004
injection-file = /work/shashwat.singh/Prospects-of-LGWs/unlens/injection.hdf

[global]
instruments = E1 E2 E3 C1 C2 H1 V1 L1 I1 K1
mass1_ref = 30.00000000797812
mass2_ref = 30.000000007458272
minchirp = 26.116416905602804
maxchirp = 26.116616905602804
mincov = 3891799101.965892
maxcov = 389179910196.58923
