
[data]
trigger-time = 1325095763.638929
injection-file = /work/shashwat.singh/Prospects-of-LGWs/unlens/injection.hdf

[global]
instruments = E1 E2 E3 C1 C2 H1 V1 L1 I1 K1
mass1_ref = 30.000000003102734
mass2_ref = 30.00000000774609
minchirp = 26.11641690360595
maxchirp = 26.116616903605948
mincov = 12444926791.398228
maxcov = 1244492679139.8228
