
[data]
trigger-time = 1586101654.6757421
injection-file = /work/shashwat.singh/Prospects-of-LGWs/unlens/injection.hdf

[global]
instruments = E1 E2 E3 C1 C2 H1 V1 L1 I1 K1
mass1_ref = 30.0000000016108
mass2_ref = 30.000000002282466
minchirp = 26.11641690057837
maxchirp = 26.116616900578368
mincov = 88196092365.68727
maxcov = 8819609236568.727
