
[data]
trigger-time = 1653010374.6736507
injection-file = /work/shashwat.singh/Prospects-of-LGWs/unlens/injection.hdf

[global]
instruments = E1 E2 E3 C1 C2 H1 V1 L1 I1 K1
mass1_ref = 30.000000008947296
mass2_ref = 30.000000009768026
minchirp = 26.116416907030043
maxchirp = 26.116616907030043
mincov = 144439187871.46515
maxcov = 14443918787146.514
