
[data]
trigger-time = 1918364843.2069693
injection-file = /work/shashwat.singh/Prospects-of-LGWs/unlens/injection.hdf

[global]
instruments = E1 E2 E3 C1 C2 H1 V1 L1 I1 K1
mass1_ref = 30.000000007733437
mass2_ref = 30.00000000153049
minchirp = 26.116416902916082
maxchirp = 26.116616902916082
mincov = 96129250729.56076
maxcov = 9612925072956.076
