
[data]
trigger-time = 1427892770.9323633
injection-file = /work/shashwat.singh/Prospects-of-LGWs/unlens/injection.hdf

[global]
instruments = E1 E2 E3 C1 C2 H1 V1 L1 I1 K1
mass1_ref = 30.000000007023708
mass2_ref = 30.000000006079244
minchirp = 26.116416904587112
maxchirp = 26.11661690458711
mincov = 131719866553.31152
maxcov = 13171986655331.152
