
[data]
trigger-time = 1456663974.1758623
injection-file = /work/shashwat.singh/Prospects-of-LGWs/unlens/injection.hdf

[global]
instruments = E1 E2 E3 C1 C2 H1 V1 L1 I1 K1
mass1_ref = 30.00000000694779
mass2_ref = 30.000000005502685
minchirp = 26.116416904303108
maxchirp = 26.116616904303108
mincov = 154311110202.0686
maxcov = 15431111020206.86
