
[data]
trigger-time = 1564720769.6903572
injection-file = /work/shashwat.singh/Prospects-of-LGWs/unlens/injection.hdf

[global]
instruments = E1 E2 E3 C1 C2 H1 V1 L1 I1 K1
mass1_ref = 30.000000009069815
mass2_ref = 30.000000001178428
minchirp = 26.116416903344533
maxchirp = 26.116616903344532
mincov = 171065825964.7806
maxcov = 17106582596478.062
