
[data]
trigger-time = 1742671192.6270177
injection-file = /work/shashwat.singh/Prospects-of-LGWs/unlens/injection.hdf

[global]
instruments = E1 E2 E3 C1 C2 H1 V1 L1 I1 K1
mass1_ref = 30.000000009576215
mass2_ref = 30.000000001984823
minchirp = 26.116416903915958
maxchirp = 26.116616903915958
mincov = 156239865094.6616
maxcov = 15623986509466.16
