
[data]
trigger-time = 1587234157.3557186
injection-file = /work/shashwat.singh/Prospects-of-LGWs/unlens/injection.hdf

[global]
instruments = E1 E2 E3 C1 C2 H1 V1 L1 I1 K1
mass1_ref = 30.000000006777782
mass2_ref = 30.000000005490545
minchirp = 26.116416904223826
maxchirp = 26.116616904223825
mincov = 9899504856.2312
maxcov = 989950485623.12
