
[data]
trigger-time = 1101974919.8684392
injection-file = /work/shashwat.singh/Prospects-of-LGWs/unlens/injection.hdf

[global]
instruments = E1 E2 E3 C1 C2 H1 V1 L1 I1 K1
mass1_ref = 30.000000006213526
mass2_ref = 30.000000005206143
minchirp = 26.116416903854425
maxchirp = 26.116616903854425
mincov = 90295370132.73697
maxcov = 9029537013273.697
