
[data]
trigger-time = 1775402434.181942
injection-file = /work/shashwat.singh/Prospects-of-LGWs/unlens/injection.hdf

[global]
instruments = E1 E2 E3 C1 C2 H1 V1 L1 I1 K1
mass1_ref = 30.000000004370236
mass2_ref = 30.00000000705391
minchirp = 26.116416903856372
maxchirp = 26.11661690385637
mincov = 165311275621.06952
maxcov = 16531127562106.953
