
[data]
trigger-time = 1985856054.443161
injection-file = /work/shashwat.singh/Prospects-of-LGWs/unlens/injection.hdf

[global]
instruments = E1 E2 E3 C1 C2 H1 V1 L1 I1 K1
mass1_ref = 30.00000000932041
mass2_ref = 30.000000007387914
minchirp = 26.116416906156445
maxchirp = 26.116616906156445
mincov = 69785161593.37766
maxcov = 6978516159337.766
