
[data]
trigger-time = 1525226886.553313
injection-file = /work/shashwat.singh/Prospects-of-LGWs/unlens/injection.hdf

[global]
instruments = E1 E2 E3 C1 C2 H1 V1 L1 I1 K1
mass1_ref = 30.00000000100626
mass2_ref = 30.000000002061572
minchirp = 26.116416900219075
maxchirp = 26.116616900219075
mincov = 137033951903.68729
maxcov = 13703395190368.729
