
[data]
trigger-time = 1697656391.3067498
injection-file = /work/shashwat.singh/Prospects-of-LGWs/unlens/injection.hdf

[global]
instruments = E1 E2 E3 C1 C2 H1 V1 L1 I1 K1
mass1_ref = 30.000000005844637
mass2_ref = 30.000000003339732
minchirp = 26.116416902881454
maxchirp = 26.116616902881454
mincov = 97595880219.45013
maxcov = 9759588021945.014
