
[data]
trigger-time = 1548557369.148312
injection-file = /work/shashwat.singh/Prospects-of-LGWs/unlens/injection.hdf

[global]
instruments = E1 E2 E3 C1 C2 H1 V1 L1 I1 K1
mass1_ref = 30.000000000010914
mass2_ref = 30.000000007149044
minchirp = 26.116416902000278
maxchirp = 26.116616902000278
mincov = 97086456613.24257
maxcov = 9708645661324.256
