
[data]
trigger-time = 1042740740.0568823
injection-file = /work/shashwat.singh/Prospects-of-LGWs/unlens/injection.hdf

[global]
instruments = E1 E2 E3 C1 C2 H1 V1 L1 I1 K1
mass1_ref = 30.00000000279874
mass2_ref = 30.000000002163826
minchirp = 26.116416901043806
maxchirp = 26.116616901043805
mincov = 127601755976.96078
maxcov = 12760175597696.078
