
[data]
trigger-time = 1321819085.4889784
injection-file = /work/shashwat.singh/Prospects-of-LGWs/unlens/injection.hdf

[global]
instruments = E1 E2 E3 C1 C2 H1 V1 L1 I1 K1
mass1_ref = 30.000000006267868
mass2_ref = 30.000000004042523
minchirp = 26.116416903371583
maxchirp = 26.116616903371582
mincov = 98873577650.71526
maxcov = 9887357765071.525
