
[data]
trigger-time = 1770391360.4956489
injection-file = /work/shashwat.singh/Prospects-of-LGWs/unlens/injection.hdf

[global]
instruments = E1 E2 E3 C1 C2 H1 V1 L1 I1 K1
mass1_ref = 30.000000000418055
mass2_ref = 30.00000000205805
minchirp = 26.11641689996151
maxchirp = 26.11661689996151
mincov = 20136908862.689354
maxcov = 2013690886268.9355
