
[data]
trigger-time = 1867002162.6683452
injection-file = /work/shashwat.singh/Prospects-of-LGWs/unlens/injection.hdf

[global]
instruments = E1 E2 E3 C1 C2 H1 V1 L1 I1 K1
mass1_ref = 30.00000000828226
mass2_ref = 30.00000000776194
minchirp = 26.116416905867368
maxchirp = 26.116616905867367
mincov = 137489522201.88507
maxcov = 13748952220188.506
