
[data]
trigger-time = 1364186770.8835645
injection-file = /work/shashwat.singh/Prospects-of-LGWs/unlens/injection.hdf

[global]
instruments = E1 E2 E3 C1 C2 H1 V1 L1 I1 K1
mass1_ref = 30.000000008325067
mass2_ref = 30.00000000205791
minchirp = 26.116416903403177
maxchirp = 26.116616903403177
mincov = 54424391273.04618
maxcov = 5442439127304.618
