
[data]
trigger-time = 1563748121.0667434
injection-file = /work/shashwat.singh/Prospects-of-LGWs/unlens/injection.hdf

[global]
instruments = E1 E2 E3 C1 C2 H1 V1 L1 I1 K1
mass1_ref = 30.000000002494314
mass2_ref = 30.000000008726577
minchirp = 26.1164169037679
maxchirp = 26.1166169037679
mincov = 64536619819.14125
maxcov = 6453661981914.125
