
[data]
trigger-time = 1849345391.2161608
injection-file = /work/shashwat.singh/Prospects-of-LGWs/unlens/injection.hdf

[global]
instruments = E1 E2 E3 C1 C2 H1 V1 L1 I1 K1
mass1_ref = 30.000000004159048
mass2_ref = 30.000000006099032
minchirp = 26.116416903348814
maxchirp = 26.116616903348813
mincov = 175286069543.92682
maxcov = 17528606954392.68
