
[data]
trigger-time = 1065697320.4658742
injection-file = /work/shashwat.singh/Prospects-of-LGWs/unlens/injection.hdf

[global]
instruments = E1 E2 E3 C1 C2 H1 V1 L1 I1 K1
mass1_ref = 30.000000003217703
mass2_ref = 30.000000009034594
minchirp = 26.116416904216848
maxchirp = 26.116616904216848
mincov = 120391757365.9305
maxcov = 12039175736593.049
