
[data]
trigger-time = 1687586588.525768
injection-file = /work/shashwat.singh/Prospects-of-LGWs/unlens/injection.hdf

[global]
instruments = E1 E2 E3 C1 C2 H1 V1 L1 I1 K1
mass1_ref = 30.00000000416278
mass2_ref = 30.000000002491145
minchirp = 26.116416901780013
maxchirp = 26.116616901780013
mincov = 63924016.15834472
maxcov = 6392401615.834473
