
[data]
trigger-time = 1247492593.0811598
injection-file = /work/shashwat.singh/Prospects-of-LGWs/unlens/injection.hdf

[global]
instruments = E1 E2 E3 C1 C2 H1 V1 L1 I1 K1
mass1_ref = 30.00000000729298
mass2_ref = 30.00000000377855
minchirp = 26.116416903702888
maxchirp = 26.116616903702887
mincov = 164724983163.45987
maxcov = 16472498316345.986
