
[data]
trigger-time = 1970914818.2186363
injection-file = /work/shashwat.singh/Prospects-of-LGWs/unlens/injection.hdf

[global]
instruments = E1 E2 E3 C1 C2 H1 V1 L1 I1 K1
mass1_ref = 30.0000000080685
mass2_ref = 30.000000005048353
minchirp = 26.116416904593166
maxchirp = 26.116616904593165
mincov = 54450829982.124344
maxcov = 5445082998212.435
