
[data]
trigger-time = 1081904073.3737416
injection-file = /work/shashwat.singh/Prospects-of-LGWs/unlens/injection.hdf

[global]
instruments = E1 E2 E3 C1 C2 H1 V1 L1 I1 K1
mass1_ref = 30.000000002690168
mass2_ref = 30.00000000224385
minchirp = 26.116416901031382
maxchirp = 26.11661690103138
mincov = 156600264023.8952
maxcov = 15660026402389.52
