
[data]
trigger-time = 1219031583.697333
injection-file = /work/shashwat.singh/Prospects-of-LGWs/unlens/injection.hdf

[global]
instruments = E1 E2 E3 C1 C2 H1 V1 L1 I1 K1
mass1_ref = 30.00000000601569
mass2_ref = 30.000000001569003
minchirp = 26.116416902185154
maxchirp = 26.116616902185154
mincov = 112481199704.69405
maxcov = 11248119970469.404
