
[data]
trigger-time = 1236801482.1656442
injection-file = /work/shashwat.singh/Prospects-of-LGWs/unlens/injection.hdf

[global]
instruments = E1 E2 E3 C1 C2 H1 V1 L1 I1 K1
mass1_ref = 30.000000003944503
mass2_ref = 30.000000008088033
minchirp = 26.11641690412119
maxchirp = 26.11661690412119
mincov = 93756433379.51553
maxcov = 9375643337951.555
