
[data]
trigger-time = 1108916769.454179
injection-file = /work/shashwat.singh/Prospects-of-LGWs/unlens/injection.hdf

[global]
instruments = E1 E2 E3 C1 C2 H1 V1 L1 I1 K1
mass1_ref = 30.00000000290012
mass2_ref = 30.000000008310067
minchirp = 26.11641690376324
maxchirp = 26.11661690376324
mincov = 55897388273.869995
maxcov = 5589738827387.0
