
[data]
trigger-time = 1372432526.6070035
injection-file = /work/shashwat.singh/Prospects-of-LGWs/unlens/injection.hdf

[global]
instruments = E1 E2 E3 C1 C2 H1 V1 L1 I1 K1
mass1_ref = 30.00000000209595
mass2_ref = 30.000000007495917
minchirp = 26.116416903058827
maxchirp = 26.116616903058826
mincov = 7947196.491219712
maxcov = 794719649.1219712
