
[data]
trigger-time = 1815691624.0430102
injection-file = /work/shashwat.singh/Prospects-of-LGWs/unlens/injection.hdf

[global]
instruments = E1 E2 E3 C1 C2 H1 V1 L1 I1 K1
mass1_ref = 30.000000008508053
mass2_ref = 30.000000002428266
minchirp = 26.116416903644033
maxchirp = 26.116616903644033
mincov = 175297786884.9357
maxcov = 17529778688493.57
