
[data]
trigger-time = 1056677182.9510515
injection-file = /work/shashwat.singh/Prospects-of-LGWs/unlens/injection.hdf

[global]
instruments = E1 E2 E3 C1 C2 H1 V1 L1 I1 K1
mass1_ref = 30.00000000147608
mass2_ref = 30.00000000486795
minchirp = 26.116416901645124
maxchirp = 26.116616901645124
mincov = 69148728954.56387
maxcov = 6914872895456.388
