
[data]
trigger-time = 1864523146.6495824
injection-file = /work/shashwat.singh/Prospects-of-LGWs/unlens/injection.hdf

[global]
instruments = E1 E2 E3 C1 C2 H1 V1 L1 I1 K1
mass1_ref = 30.000000007368648
mass2_ref = 30.000000003279226
minchirp = 26.11641690351848
maxchirp = 26.11661690351848
mincov = 146354981443.15155
maxcov = 14635498144315.156
