
[data]
trigger-time = 1225447869.0113752
injection-file = /work/shashwat.singh/Prospects-of-LGWs/unlens/injection.hdf

[global]
instruments = E1 E2 E3 C1 C2 H1 V1 L1 I1 K1
mass1_ref = 30.00000000301904
mass2_ref = 30.000000006733313
minchirp = 26.116416903128684
maxchirp = 26.116616903128683
mincov = 662291555.5627172
maxcov = 66229155556.27173
