
[data]
trigger-time = 1636652605.4873126
injection-file = /work/shashwat.singh/Prospects-of-LGWs/unlens/injection.hdf

[global]
instruments = E1 E2 E3 C1 C2 H1 V1 L1 I1 K1
mass1_ref = 30.000000008135768
mass2_ref = 30.000000007810602
minchirp = 26.116416905824785
maxchirp = 26.116616905824785
mincov = 57289259574.8073
maxcov = 5728925957480.73
