
[data]
trigger-time = 1598435944.7416544
injection-file = /work/shashwat.singh/Prospects-of-LGWs/unlens/injection.hdf

[global]
instruments = E1 E2 E3 C1 C2 H1 V1 L1 I1 K1
mass1_ref = 30.00000000629286
mass2_ref = 30.0000000098455
minchirp = 26.116416905908356
maxchirp = 26.116616905908355
mincov = 84203224524.24924
maxcov = 8420322452424.923
