
[data]
trigger-time = 1482602815.711706
injection-file = /work/shashwat.singh/Prospects-of-LGWs/unlens/injection.hdf

[global]
instruments = E1 E2 E3 C1 C2 H1 V1 L1 I1 K1
mass1_ref = 30.00000000993553
mass2_ref = 30.0000000015621
minchirp = 26.11641690388836
maxchirp = 26.11661690388836
mincov = 103653118205.58977
maxcov = 10365311820558.977
