
[data]
trigger-time = 1628427246.988071
injection-file = /work/shashwat.singh/Prospects-of-LGWs/unlens/injection.hdf

[global]
instruments = E1 E2 E3 C1 C2 H1 V1 L1 I1 K1
mass1_ref = 30.000000004872266
mass2_ref = 30.000000002900602
minchirp = 26.116416902267062
maxchirp = 26.11661690226706
mincov = 62164120332.052124
maxcov = 6216412033205.213
