
[data]
trigger-time = 1081282303.338186
injection-file = /work/shashwat.singh/Prospects-of-LGWs/unlens/injection.hdf

[global]
instruments = E1 E2 E3 C1 C2 H1 V1 L1 I1 K1
mass1_ref = 30.000000008856837
mass2_ref = 30.000000001986933
minchirp = 26.11641690360375
maxchirp = 26.11661690360375
mincov = 137330190651.66866
maxcov = 13733019065166.865
