
[data]
trigger-time = 1342162984.8054702
injection-file = /work/shashwat.singh/Prospects-of-LGWs/unlens/injection.hdf

[global]
instruments = E1 E2 E3 C1 C2 H1 V1 L1 I1 K1
mass1_ref = 30.00000000817231
mass2_ref = 30.00000000553008
minchirp = 26.116416904848037
maxchirp = 26.116616904848037
mincov = 117088755988.97922
maxcov = 11708875598897.922
