
[data]
trigger-time = 1249411323.6640067
injection-file = /work/shashwat.singh/Prospects-of-LGWs/unlens/injection.hdf

[global]
instruments = E1 E2 E3 C1 C2 H1 V1 L1 I1 K1
mass1_ref = 30.000000002621768
mass2_ref = 30.000000006803912
minchirp = 26.11641690298649
maxchirp = 26.11661690298649
mincov = 79609798367.4415
maxcov = 7960979836744.149
