
[data]
trigger-time = 1943644487.535745
injection-file = /work/shashwat.singh/Prospects-of-LGWs/unlens/injection.hdf

[global]
instruments = E1 E2 E3 C1 C2 H1 V1 L1 I1 K1
mass1_ref = 30.000000006515137
mass2_ref = 30.00000000167491
minchirp = 26.116416902448652
maxchirp = 26.11661690244865
mincov = 21559503072.427166
maxcov = 2155950307242.7168
