
[data]
trigger-time = 1251845781.2513084
injection-file = /work/shashwat.singh/Prospects-of-LGWs/unlens/injection.hdf

[global]
instruments = E1 E2 E3 C1 C2 H1 V1 L1 I1 K1
mass1_ref = 30.000000005749428
mass2_ref = 30.000000005789794
minchirp = 26.11641690390646
maxchirp = 26.11661690390646
mincov = 66340664877.15914
maxcov = 6634066487715.914
