
[data]
trigger-time = 1419771906.7238066
injection-file = /work/shashwat.singh/Prospects-of-LGWs/unlens/injection.hdf

[global]
instruments = E1 E2 E3 C1 C2 H1 V1 L1 I1 K1
mass1_ref = 30.000000000674547
mass2_ref = 30.000000003954945
minchirp = 26.116416900898827
maxchirp = 26.116616900898826
mincov = 175437076180.52097
maxcov = 17543707618052.098
