
[data]
trigger-time = 1417439742.6339273
injection-file = /work/shashwat.singh/Prospects-of-LGWs/unlens/injection.hdf

[global]
instruments = E1 E2 E3 C1 C2 H1 V1 L1 I1 K1
mass1_ref = 30.000000000252744
mass2_ref = 30.000000006432877
minchirp = 26.116416901793812
maxchirp = 26.11661690179381
mincov = 168500093979.26483
maxcov = 16850009397926.482
