
[data]
trigger-time = 1484240626.286209
injection-file = /work/shashwat.singh/Prospects-of-LGWs/unlens/injection.hdf

[global]
instruments = E1 E2 E3 C1 C2 H1 V1 L1 I1 K1
mass1_ref = 30.00000000843021
mass2_ref = 30.000000001531102
minchirp = 26.116416903219637
maxchirp = 26.116616903219636
mincov = 6711836103.354007
maxcov = 671183610335.4006
