
[data]
trigger-time = 1387870691.7262554
injection-file = /work/shashwat.singh/Prospects-of-LGWs/unlens/injection.hdf

[global]
instruments = E1 E2 E3 C1 C2 H1 V1 L1 I1 K1
mass1_ref = 30.000000003400157
mass2_ref = 30.00000000536057
minchirp = 26.116416902697054
maxchirp = 26.116616902697054
mincov = 139372901411.83038
maxcov = 13937290141183.04
