
[data]
trigger-time = 1603208571.1067934
injection-file = /work/shashwat.singh/Prospects-of-LGWs/unlens/injection.hdf

[global]
instruments = E1 E2 E3 C1 C2 H1 V1 L1 I1 K1
mass1_ref = 30.00000000149105
mass2_ref = 30.00000000817285
minchirp = 26.11641690309018
maxchirp = 26.11661690309018
mincov = 126308940870.77853
maxcov = 12630894087077.854
