
[data]
trigger-time = 1813405904.4855342
injection-file = /work/shashwat.singh/Prospects-of-LGWs/unlens/injection.hdf

[global]
instruments = E1 E2 E3 C1 C2 H1 V1 L1 I1 K1
mass1_ref = 30.000000001743476
mass2_ref = 30.000000000161336
minchirp = 26.116416899712842
maxchirp = 26.11661689971284
mincov = 9044261820.283428
maxcov = 904426182028.3428
