
[data]
trigger-time = 1840229801.4820137
injection-file = /work/shashwat.singh/Prospects-of-LGWs/unlens/injection.hdf

[global]
instruments = E1 E2 E3 C1 C2 H1 V1 L1 I1 K1
mass1_ref = 30.000000000295433
mass2_ref = 30.00000000162834
minchirp = 26.116416899721095
maxchirp = 26.116616899721095
mincov = 97799658086.02177
maxcov = 9779965808602.178
