
[data]
trigger-time = 1826900342.3408213
injection-file = /work/shashwat.singh/Prospects-of-LGWs/unlens/injection.hdf

[global]
instruments = E1 E2 E3 C1 C2 H1 V1 L1 I1 K1
mass1_ref = 30.000000001799332
mass2_ref = 30.000000009328655
minchirp = 26.116416903727462
maxchirp = 26.11661690372746
mincov = 144719082721.2218
maxcov = 14471908272122.18
