
[data]
trigger-time = 1550556979.0320206
injection-file = /work/shashwat.singh/Prospects-of-LGWs/unlens/injection.hdf

[global]
instruments = E1 E2 E3 C1 C2 H1 V1 L1 I1 K1
mass1_ref = 30.0000000047432
mass2_ref = 30.000000008541914
minchirp = 26.11641690466641
maxchirp = 26.116616904666408
mincov = 164692295856.3536
maxcov = 16469229585635.361
