
[data]
trigger-time = 1541114121.1824746
injection-file = /work/shashwat.singh/Prospects-of-LGWs/unlens/injection.hdf

[global]
instruments = E1 E2 E3 C1 C2 H1 V1 L1 I1 K1
mass1_ref = 30.00000000419556
mass2_ref = 30.00000000735819
minchirp = 26.116416903912786
maxchirp = 26.116616903912785
mincov = 54969175707.26276
maxcov = 5496917570726.275
