
[data]
trigger-time = 1190507806.3935916
injection-file = /work/shashwat.singh/Prospects-of-LGWs/unlens/injection.hdf

[global]
instruments = E1 E2 E3 C1 C2 H1 V1 L1 I1 K1
mass1_ref = 30.000000009511442
mass2_ref = 30.000000009293874
minchirp = 26.116416907069212
maxchirp = 26.11661690706921
mincov = 38840944177.373055
maxcov = 3884094417737.305
