
[data]
trigger-time = 1707601282.9838483
injection-file = /work/shashwat.singh/Prospects-of-LGWs/unlens/injection.hdf

[global]
instruments = E1 E2 E3 C1 C2 H1 V1 L1 I1 K1
mass1_ref = 30.000000008838292
mass2_ref = 30.000000004182734
minchirp = 26.116416904551457
maxchirp = 26.116616904551456
mincov = 15989881850.427383
maxcov = 1598988185042.7383
