
[data]
trigger-time = 1691320771.014879
injection-file = /work/shashwat.singh/Prospects-of-LGWs/unlens/injection.hdf

[global]
instruments = E1 E2 E3 C1 C2 H1 V1 L1 I1 K1
mass1_ref = 30.000000009027
mass2_ref = 30.000000000960807
minchirp = 26.11641690323117
maxchirp = 26.11661690323117
mincov = 61620652116.512474
maxcov = 6162065211651.248
