
[data]
trigger-time = 1915667362.4595134
injection-file = /work/shashwat.singh/Prospects-of-LGWs/unlens/injection.hdf

[global]
instruments = E1 E2 E3 C1 C2 H1 V1 L1 I1 K1
mass1_ref = 30.000000008390177
mass2_ref = 30.00000000186833
minchirp = 26.116416903349
maxchirp = 26.116616903348998
mincov = 147954618042.88977
maxcov = 14795461804288.977
