
[data]
trigger-time = 1908452147.5806243
injection-file = /work/shashwat.singh/Prospects-of-LGWs/unlens/injection.hdf

[global]
instruments = E1 E2 E3 C1 C2 H1 V1 L1 I1 K1
mass1_ref = 30.00000000714598
mass2_ref = 30.000000005722622
minchirp = 26.11641690448511
maxchirp = 26.11661690448511
mincov = 37642567518.832016
maxcov = 3764256751883.201
