
[data]
trigger-time = 1732959785.012159
injection-file = /work/shashwat.singh/Prospects-of-LGWs/unlens/injection.hdf

[global]
instruments = E1 E2 E3 C1 C2 H1 V1 L1 I1 K1
mass1_ref = 30.00000000289444
mass2_ref = 30.00000000015647
minchirp = 26.116416900211707
maxchirp = 26.116616900211707
mincov = 157954001679.31357
maxcov = 15795400167931.357
