
[data]
trigger-time = 1905415114.3613276
injection-file = /work/shashwat.singh/Prospects-of-LGWs/unlens/injection.hdf

[global]
instruments = E1 E2 E3 C1 C2 H1 V1 L1 I1 K1
mass1_ref = 30.00000000321304
mass2_ref = 30.000000006904706
minchirp = 26.11641690328773
maxchirp = 26.116616903287728
mincov = 34494114.30392509
maxcov = 3449411430.392509
