
[data]
trigger-time = 1810291203.2550917
injection-file = /work/shashwat.singh/Prospects-of-LGWs/unlens/injection.hdf

[global]
instruments = E1 E2 E3 C1 C2 H1 V1 L1 I1 K1
mass1_ref = 30.00000000323528
mass2_ref = 30.00000000083164
minchirp = 26.116416900653952
maxchirp = 26.116616900653952
mincov = 168251614300.4874
maxcov = 16825161430048.74
