
[data]
trigger-time = 1045813070.3280222
injection-file = /work/shashwat.singh/Prospects-of-LGWs/unlens/injection.hdf

[global]
instruments = E1 E2 E3 C1 C2 H1 V1 L1 I1 K1
mass1_ref = 30.000000000244587
mass2_ref = 30.000000000117783
minchirp = 26.116416899041454
maxchirp = 26.116616899041453
mincov = 119108982115.26486
maxcov = 11910898211526.486
