
[data]
trigger-time = 1151705516.6329045
injection-file = /work/shashwat.singh/Prospects-of-LGWs/unlens/injection.hdf

[global]
instruments = E1 E2 E3 C1 C2 H1 V1 L1 I1 K1
mass1_ref = 30.000000008642708
mass2_ref = 30.000000009973395
minchirp = 26.116416906986856
maxchirp = 26.116616906986856
mincov = 166845989602.55838
maxcov = 16684598960255.838
