
[data]
trigger-time = 1072342430.3625153
injection-file = /work/shashwat.singh/Prospects-of-LGWs/unlens/injection.hdf

[global]
instruments = E1 E2 E3 C1 C2 H1 V1 L1 I1 K1
mass1_ref = 30.00000000277117
mass2_ref = 30.00000000501229
minchirp = 26.116416902271673
maxchirp = 26.116616902271673
mincov = 71675691188.76207
maxcov = 7167569118876.207
