
[data]
trigger-time = 1907343369.0489607
injection-file = /work/shashwat.singh/Prospects-of-LGWs/unlens/injection.hdf

[global]
instruments = E1 E2 E3 C1 C2 H1 V1 L1 I1 K1
mass1_ref = 30.000000009912434
mass2_ref = 30.000000002733483
minchirp = 26.11641690438818
maxchirp = 26.11661690438818
mincov = 2123220744.7599137
maxcov = 212322074475.99136
