
[data]
trigger-time = 1758025777.3123071
injection-file = /work/shashwat.singh/Prospects-of-LGWs/unlens/injection.hdf

[global]
instruments = E1 E2 E3 C1 C2 H1 V1 L1 I1 K1
mass1_ref = 30.00000000636471
mass2_ref = 30.000000003022993
minchirp = 26.11641690296996
maxchirp = 26.11661690296996
mincov = 35938483217.53431
maxcov = 3593848321753.4307
