
[data]
trigger-time = 1892302237.9468946
injection-file = /work/shashwat.singh/Prospects-of-LGWs/unlens/injection.hdf

[global]
instruments = E1 E2 E3 C1 C2 H1 V1 L1 I1 K1
mass1_ref = 30.00000000303642
mass2_ref = 30.000000006941093
minchirp = 26.11641690322669
maxchirp = 26.11661690322669
mincov = 52422019144.33317
maxcov = 5242201914433.316
