
[data]
trigger-time = 1110260584.0914283
injection-file = /work/shashwat.singh/Prospects-of-LGWs/unlens/injection.hdf

[global]
instruments = E1 E2 E3 C1 C2 H1 V1 L1 I1 K1
mass1_ref = 30.000000005934165
mass2_ref = 30.00000000620256
minchirp = 26.116416904166538
maxchirp = 26.116616904166538
mincov = 129537516198.05403
maxcov = 12953751619805.402
