
[data]
trigger-time = 1927510903.2661953
injection-file = /work/shashwat.singh/Prospects-of-LGWs/unlens/injection.hdf

[global]
instruments = E1 E2 E3 C1 C2 H1 V1 L1 I1 K1
mass1_ref = 30.000000006525134
mass2_ref = 30.000000000694016
minchirp = 26.116416902026042
maxchirp = 26.116616902026042
mincov = 170428144254.66772
maxcov = 17042814425466.773
