
[data]
trigger-time = 1753820249.0855675
injection-file = /work/shashwat.singh/Prospects-of-LGWs/unlens/injection.hdf

[global]
instruments = E1 E2 E3 C1 C2 H1 V1 L1 I1 K1
mass1_ref = 30.000000002679844
mass2_ref = 30.000000008146202
minchirp = 26.116416903596036
maxchirp = 26.116616903596036
mincov = 95013109816.21904
maxcov = 9501310981621.904
