
[data]
trigger-time = 1512334153.2735493
injection-file = /home/ss/Prospects-of-LGWs/unlens/injection.hdf

[global]
instruments = E1 E2 E3 C1 H1 V1 L1 I1 K1
mass1_ref = 30.000000006713723
mass2_ref = 30.000000001168793
minchirp = 26.11641690231479
maxchirp = 26.11661690231479
mincov = 3491182208.783025
maxcov = 349118220878.3025
