
[data]
trigger-time = 1349697267.6959639
injection-file = /work/shashwat.singh/Prospects-of-LGWs/unlens/injection.hdf

[global]
instruments = E1 E2 E3 C1 C2 H1 V1 L1 I1 K1
mass1_ref = 30.00000000951645
mass2_ref = 30.00000000254138
minchirp = 26.1164169041322
maxchirp = 26.1166169041322
mincov = 48540584009.8459
maxcov = 4854058400984.591
