
[data]
trigger-time = 1645072126.4682417
injection-file = /home/ss/Prospects-of-LGWs/unlens/injection.hdf

[global]
instruments = E1 E2 E3 C1 H1 V1 L1 I1 K1
mass1_ref = 30.000000001465157
mass2_ref = 30.00000000037322
minchirp = 26.116416899683927
maxchirp = 26.116616899683926
mincov = 15236849452.262798
maxcov = 1523684945226.2798
