
[data]
trigger-time = 1236101336.3430345
injection-file = /work/shashwat.singh/Prospects-of-LGWs/unlens/injection.hdf

[global]
instruments = E1 E2 E3 C1 C2 H1 V1 L1 I1 K1
mass1_ref = 30.00000000973367
mass2_ref = 30.00000000146655
minchirp = 26.116416903758903
maxchirp = 26.116616903758903
mincov = 142836213716.61792
maxcov = 14283621371661.793
