
[data]
trigger-time = 1573015639.383308
injection-file = /work/shashwat.singh/Prospects-of-LGWs/unlens/injection.hdf

[global]
instruments = E1 E2 E3 C1 C2 H1 V1 L1 I1 K1
mass1_ref = 30.0000000004124
mass2_ref = 30.000000007399564
minchirp = 26.11641690228408
maxchirp = 26.11661690228408
mincov = 142241214420.39813
maxcov = 14224121442039.812
