
[data]
trigger-time = 1120453936.2465603
injection-file = /work/shashwat.singh/Prospects-of-LGWs/unlens/injection.hdf

[global]
instruments = E1 E2 E3 C1 C2 H1 V1 L1 I1 K1
mass1_ref = 30.000000007707467
mass2_ref = 30.000000000925596
minchirp = 26.116416902641483
maxchirp = 26.116616902641482
mincov = 104071377184.7071
maxcov = 10407137718470.71
