
[data]
trigger-time = 1925230139.1641865
injection-file = /work/shashwat.singh/Prospects-of-LGWs/unlens/injection.hdf

[global]
instruments = E1 E2 E3 C1 C2 H1 V1 L1 I1 K1
mass1_ref = 30.000000007634338
mass2_ref = 30.000000007238288
minchirp = 26.11641690535741
maxchirp = 26.11661690535741
mincov = 404420905.4539099
maxcov = 40442090545.39099
