
[data]
trigger-time = 1171572671.844157
injection-file = /work/shashwat.singh/Prospects-of-LGWs/unlens/injection.hdf

[global]
instruments = E1 E2 E3 C1 C2 H1 V1 L1 I1 K1
mass1_ref = 30.000000000943217
mass2_ref = 30.000000007057867
minchirp = 26.116416902366396
maxchirp = 26.116616902366395
mincov = 2403933.471605742
maxcov = 240393347.1605742
