
[data]
trigger-time = 1484751601.8604531
injection-file = /work/shashwat.singh/Prospects-of-LGWs/unlens/injection.hdf

[global]
instruments = E1 E2 E3 C1 C2 H1 V1 L1 I1 K1
mass1_ref = 30.000000005771046
mass2_ref = 30.000000002779586
minchirp = 26.116416902605604
maxchirp = 26.116616902605603
mincov = 29173509773.035686
maxcov = 2917350977303.569
