
[data]
trigger-time = 1031719085.5639081
injection-file = /work/shashwat.singh/Prospects-of-LGWs/unlens/injection.hdf

[global]
instruments = E1 E2 E3 C1 C2 H1 V1 L1 I1 K1
mass1_ref = 30.0000000000068
mass2_ref = 30.000000005215853
minchirp = 26.116416901157017
maxchirp = 26.116616901157016
mincov = 132803139024.75192
maxcov = 13280313902475.193
