
[data]
trigger-time = 1839547684.1240625
injection-file = /work/shashwat.singh/Prospects-of-LGWs/unlens/injection.hdf

[global]
instruments = E1 E2 E3 C1 C2 H1 V1 L1 I1 K1
mass1_ref = 30.00000000488688
mass2_ref = 30.000000008646122
minchirp = 26.116416904774308
maxchirp = 26.116616904774308
mincov = 142583616602.44427
maxcov = 14258361660244.426
