
[data]
trigger-time = 1490715010.470919
injection-file = /work/shashwat.singh/Prospects-of-LGWs/unlens/injection.hdf

[global]
instruments = E1 E2 E3 C1 C2 H1 V1 L1 I1 K1
mass1_ref = 30.00000000089107
mass2_ref = 30.000000006640466
minchirp = 26.116416902162015
maxchirp = 26.116616902162015
mincov = 76424274170.57736
maxcov = 7642427417057.735
