
[data]
trigger-time = 1146492115.4141371
injection-file = /work/shashwat.singh/Prospects-of-LGWs/unlens/injection.hdf

[global]
instruments = E1 E2 E3 C1 C2 H1 V1 L1 I1 K1
mass1_ref = 30.00000000498218
mass2_ref = 30.000000009132155
minchirp = 26.116416905027346
maxchirp = 26.116616905027346
mincov = 88309681503.73503
maxcov = 8830968150373.504
