
[data]
trigger-time = 1990274298.500681
injection-file = /work/shashwat.singh/Prospects-of-LGWs/unlens/injection.hdf

[global]
instruments = E1 E2 E3 C1 C2 H1 V1 L1 I1 K1
mass1_ref = 30.00000000895306
mass2_ref = 30.00000000970356
minchirp = 26.11641690700449
maxchirp = 26.116616907004488
mincov = 128791987185.39499
maxcov = 12879198718539.5
