
[data]
trigger-time = 1775028978.0349057
injection-file = /work/shashwat.singh/Prospects-of-LGWs/unlens/injection.hdf

[global]
instruments = E1 E2 E3 C1 C2 H1 V1 L1 I1 K1
mass1_ref = 30.000000009427225
mass2_ref = 30.000000007343292
minchirp = 26.116416906183517
maxchirp = 26.116616906183516
mincov = 129099712908.13521
maxcov = 12909971290813.52
