
[data]
trigger-time = 1980005504.5631342
injection-file = /work/shashwat.singh/Prospects-of-LGWs/unlens/injection.hdf

[global]
instruments = E1 E2 E3 C1 C2 H1 V1 L1 I1 K1
mass1_ref = 30.00000000386865
mass2_ref = 30.000000002973927
minchirp = 26.116416901862127
maxchirp = 26.116616901862127
mincov = 88011975955.979
maxcov = 8801197595597.9
