
[data]
trigger-time = 1790502091.8415377
injection-file = /work/shashwat.singh/Prospects-of-LGWs/unlens/injection.hdf

[global]
instruments = E1 E2 E3 C1 C2 H1 V1 L1 I1 K1
mass1_ref = 30.000000009686815
mass2_ref = 30.00000000732586
minchirp = 26.11641690628892
maxchirp = 26.116616906288918
mincov = 156451408317.402
maxcov = 15645140831740.2
