
[data]
trigger-time = 1021213407.6260424
injection-file = /work/shashwat.singh/Prospects-of-LGWs/unlens/injection.hdf

[global]
instruments = E1 E2 E3 C1 C2 H1 V1 L1 I1 K1
mass1_ref = 30.000000000423594
mass2_ref = 30.000000004372318
minchirp = 26.116416900971263
maxchirp = 26.116616900971263
mincov = 148941007307.72153
maxcov = 14894100730772.152
