
[data]
trigger-time = 1091471710.3626966
injection-file = /work/shashwat.singh/Prospects-of-LGWs/unlens/injection.hdf

[global]
instruments = E1 E2 E3 C1 C2 H1 V1 L1 I1 K1
mass1_ref = 30.000000009324044
mass2_ref = 30.000000002773955
minchirp = 26.116416904149684
maxchirp = 26.116616904149684
mincov = 114639889767.52927
maxcov = 11463988976752.928
