
[data]
trigger-time = 1775427284.4260085
injection-file = /work/shashwat.singh/Prospects-of-LGWs/unlens/injection.hdf

[global]
instruments = E1 E2 E3 C1 C2 H1 V1 L1 I1 K1
mass1_ref = 30.000000008814304
mass2_ref = 30.000000008104305
minchirp = 26.116416906247977
maxchirp = 26.116616906247977
mincov = 15998757916.028147
maxcov = 1599875791602.8147
