
[data]
trigger-time = 1256933921.7771332
injection-file = /work/shashwat.singh/Prospects-of-LGWs/unlens/injection.hdf

[global]
instruments = E1 E2 E3 C1 C2 H1 V1 L1 I1 K1
mass1_ref = 30.000000002527955
mass2_ref = 30.00000000585816
minchirp = 26.116416902533995
maxchirp = 26.116616902533995
mincov = 165415855282.68192
maxcov = 16541585528268.191
