
[data]
trigger-time = 1300102939.945707
injection-file = /work/shashwat.singh/Prospects-of-LGWs/unlens/injection.hdf

[global]
instruments = E1 E2 E3 C1 C2 H1 V1 L1 I1 K1
mass1_ref = 30.00000000030437
mass2_ref = 30.00000000109566
minchirp = 26.116416899493125
maxchirp = 26.116616899493124
mincov = 38162977334.5267
maxcov = 3816297733452.6704
