
[data]
trigger-time = 1960764375.8155732
injection-file = /work/shashwat.singh/Prospects-of-LGWs/unlens/injection.hdf

[global]
instruments = E1 E2 E3 C1 C2 H1 V1 L1 I1 K1
mass1_ref = 30.000000000700016
mass2_ref = 30.000000009997407
minchirp = 26.11641690354005
maxchirp = 26.11661690354005
mincov = 22852881741.704304
maxcov = 2285288174170.43
