
[data]
trigger-time = 1582473211.6441226
injection-file = /work/shashwat.singh/Prospects-of-LGWs/unlens/injection.hdf

[global]
instruments = E1 E2 E3 C1 C2 H1 V1 L1 I1 K1
mass1_ref = 30.000000008295803
mass2_ref = 30.00000000763266
minchirp = 26.11641690581699
maxchirp = 26.11661690581699
mincov = 1955266403.4306934
maxcov = 195526640343.06934
