
[data]
trigger-time = 1780629691.406487
injection-file = /work/shashwat.singh/Prospects-of-LGWs/unlens/injection.hdf

[global]
instruments = E1 E2 E3 C1 C2 H1 V1 L1 I1 K1
mass1_ref = 30.000000001033566
mass2_ref = 30.000000003870895
minchirp = 26.116416901018518
maxchirp = 26.116616901018517
mincov = 128381364.43774314
maxcov = 12838136443.774315
