
[data]
trigger-time = 1452588405.9931233
injection-file = /work/shashwat.singh/Prospects-of-LGWs/unlens/injection.hdf

[global]
instruments = E1 E2 E3 C1 C2 H1 V1 L1 I1 K1
mass1_ref = 30.000000007476746
mass2_ref = 30.00000000399674
minchirp = 26.11641690387785
maxchirp = 26.11661690387785
mincov = 164886711735.87802
maxcov = 16488671173587.803
