
[data]
trigger-time = 1330348685.1186738
injection-file = /work/shashwat.singh/Prospects-of-LGWs/unlens/injection.hdf

[global]
instruments = E1 E2 E3 C1 C2 H1 V1 L1 I1 K1
mass1_ref = 30.00000000566309
mass2_ref = 30.00000000178869
minchirp = 26.116416902127302
maxchirp = 26.1166169021273
mincov = 24338284155.227062
maxcov = 2433828415522.706
