
[data]
trigger-time = 1688868694.4428506
injection-file = /work/shashwat.singh/Prospects-of-LGWs/unlens/injection.hdf

[global]
instruments = E1 E2 E3 C1 C2 H1 V1 L1 I1 K1
mass1_ref = 30.000000009850417
mass2_ref = 30.0000000088118
minchirp = 26.116416907006926
maxchirp = 26.116616907006925
mincov = 114686133220.04695
maxcov = 11468613322004.695
