
[data]
trigger-time = 1810748170.634432
injection-file = /work/shashwat.singh/Prospects-of-LGWs/unlens/injection.hdf

[global]
instruments = E1 E2 E3 C1 C2 H1 V1 L1 I1 K1
mass1_ref = 30.000000004635194
mass2_ref = 30.000000008845944
minchirp = 26.11641690475173
maxchirp = 26.11661690475173
mincov = 122391528863.48453
maxcov = 12239152886348.453
