
[data]
trigger-time = 1359780924.052836
injection-file = /work/shashwat.singh/Prospects-of-LGWs/unlens/injection.hdf

[global]
instruments = E1 E2 E3 C1 C2 H1 V1 L1 I1 K1
mass1_ref = 30.000000006928104
mass2_ref = 30.000000002800697
minchirp = 26.11641690311843
maxchirp = 26.11661690311843
mincov = 33779786068.54831
maxcov = 3377978606854.831
