
[data]
trigger-time = 1765734808.5618448
injection-file = /work/shashwat.singh/Prospects-of-LGWs/unlens/injection.hdf

[global]
instruments = E1 E2 E3 C1 C2 H1 V1 L1 I1 K1
mass1_ref = 30.00000000970647
mass2_ref = 30.000000004188855
minchirp = 26.116416904932017
maxchirp = 26.116616904932016
mincov = 72130717947.28098
maxcov = 7213071794728.097
