
[data]
trigger-time = 1047425307.8983089
injection-file = /work/shashwat.singh/Prospects-of-LGWs/unlens/injection.hdf

[global]
instruments = E1 E2 E3 C1 C2 H1 V1 L1 I1 K1
mass1_ref = 30.000000004531515
mass2_ref = 30.000000005122303
minchirp = 26.116416903085792
maxchirp = 26.11661690308579
mincov = 94865604791.9733
maxcov = 9486560479197.33
