
[data]
trigger-time = 1801357098.9095411
injection-file = /work/shashwat.singh/Prospects-of-LGWs/unlens/injection.hdf

[global]
instruments = E1 E2 E3 C1 C2 H1 V1 L1 I1 K1
mass1_ref = 30.000000009069872
mass2_ref = 30.000000009980358
minchirp = 26.116416907175818
maxchirp = 26.116616907175818
mincov = 129522214495.17502
maxcov = 12952221449517.502
