
[data]
trigger-time = 1020913194.7980437
injection-file = /work/shashwat.singh/Prospects-of-LGWs/unlens/injection.hdf

[global]
instruments = E1 E2 E3 C1 C2 H1 V1 L1 I1 K1
mass1_ref = 30.000000000657487
mass2_ref = 30.000000002617966
minchirp = 26.11641690030945
maxchirp = 26.11661690030945
mincov = 50574686076.271965
maxcov = 5057468607627.196
