
[data]
trigger-time = 1026764827.8179013
injection-file = /work/shashwat.singh/Prospects-of-LGWs/unlens/injection.hdf

[global]
instruments = E1 E2 E3 C1 C2 H1 V1 L1 I1 K1
mass1_ref = 30.000000000145068
mass2_ref = 30.00000000144943
minchirp = 26.11641689957777
maxchirp = 26.11661689957777
mincov = 96263494801.82086
maxcov = 9626349480182.086
