
[data]
trigger-time = 1210987883.5076056
injection-file = /work/shashwat.singh/Prospects-of-LGWs/unlens/injection.hdf

[global]
instruments = E1 E2 E3 C1 C2 H1 V1 L1 I1 K1
mass1_ref = 30.0000000023396
mass2_ref = 30.0000000028248
minchirp = 26.11641690113166
maxchirp = 26.11661690113166
mincov = 10699992736.815256
maxcov = 1069999273681.5256
