
[data]
trigger-time = 1256937636.830215
injection-file = /work/shashwat.singh/Prospects-of-LGWs/unlens/injection.hdf

[global]
instruments = E1 E2 E3 C1 C2 H1 V1 L1 I1 K1
mass1_ref = 30.00000000381039
mass2_ref = 30.000000008570648
minchirp = 26.11641690427288
maxchirp = 26.11661690427288
mincov = 79278409994.13637
maxcov = 7927840999413.637
