
[data]
trigger-time = 1693479185.5361953
injection-file = /work/shashwat.singh/Prospects-of-LGWs/unlens/injection.hdf

[global]
instruments = E1 E2 E3 C1 C2 H1 V1 L1 I1 K1
mass1_ref = 30.00000000467084
mass2_ref = 30.000000008942777
minchirp = 26.116416904809398
maxchirp = 26.116616904809398
mincov = 12543130972.52669
maxcov = 1254313097252.669
