
[data]
trigger-time = 1601936757.8309774
injection-file = /work/shashwat.singh/Prospects-of-LGWs/unlens/injection.hdf

[global]
instruments = E1 E2 E3 C1 C2 H1 V1 L1 I1 K1
mass1_ref = 30.00000000575449
mass2_ref = 30.00000000811349
minchirp = 26.116416904920115
maxchirp = 26.116616904920114
mincov = 84217036564.41005
maxcov = 8421703656441.005
