
[data]
trigger-time = 1189135428.067358
injection-file = /work/shashwat.singh/Prospects-of-LGWs/unlens/injection.hdf

[global]
instruments = E1 E2 E3 C1 C2 H1 V1 L1 I1 K1
mass1_ref = 30.00000000237165
mass2_ref = 30.00000000080409
minchirp = 26.116416900266046
maxchirp = 26.116616900266045
mincov = 133923521966.94241
maxcov = 13392352196694.24
