
[data]
trigger-time = 1265899517.4805667
injection-file = /work/shashwat.singh/Prospects-of-LGWs/unlens/injection.hdf

[global]
instruments = E1 E2 E3 C1 C2 H1 V1 L1 I1 K1
mass1_ref = 30.000000001121713
mass2_ref = 30.000000000285116
minchirp = 26.116416899496084
maxchirp = 26.116616899496083
mincov = 97281434249.40274
maxcov = 9728143424940.273
