
[data]
trigger-time = 1021190096.2862056
injection-file = /work/shashwat.singh/Prospects-of-LGWs/unlens/injection.hdf

[global]
instruments = E1 E2 E3 C1 C2 H1 V1 L1 I1 K1
mass1_ref = 30.000000003983857
mass2_ref = 30.000000000640053
minchirp = 26.1164169008964
maxchirp = 26.1166169008964
mincov = 10362665965.52386
maxcov = 1036266596552.3862
