
[data]
trigger-time = 1378853927.2875202
injection-file = /work/shashwat.singh/Prospects-of-LGWs/unlens/injection.hdf

[global]
instruments = E1 E2 E3 C1 C2 H1 V1 L1 I1 K1
mass1_ref = 30.000000006217213
mass2_ref = 30.000000001973987
minchirp = 26.116416902449153
maxchirp = 26.116616902449152
mincov = 108414592994.64735
maxcov = 10841459299464.734
