
[data]
trigger-time = 1887205585.1419199
injection-file = /work/shashwat.singh/Prospects-of-LGWs/unlens/injection.hdf

[global]
instruments = E1 E2 E3 C1 C2 H1 V1 L1 I1 K1
mass1_ref = 30.000000001891102
mass2_ref = 30.000000003011085
minchirp = 26.116416901017526
maxchirp = 26.116616901017526
mincov = 117918868662.29538
maxcov = 11791886866229.54
