
[data]
trigger-time = 1964018480.9863071
injection-file = /work/shashwat.singh/Prospects-of-LGWs/unlens/injection.hdf

[global]
instruments = E1 E2 E3 C1 C2 H1 V1 L1 I1 K1
mass1_ref = 30.00000000091921
mass2_ref = 30.000000001103867
minchirp = 26.11641689976432
maxchirp = 26.11661689976432
mincov = 132173052094.91904
maxcov = 13217305209491.904
