
[data]
trigger-time = 1393518031.1013367
injection-file = /work/shashwat.singh/Prospects-of-LGWs/unlens/injection.hdf

[global]
instruments = E1 E2 E3 C1 C2 H1 V1 L1 I1 K1
mass1_ref = 30.000000004310987
mass2_ref = 30.00000000339638
minchirp = 26.11641690223855
maxchirp = 26.11661690223855
mincov = 44467099027.77052
maxcov = 4446709902777.052
