
[data]
trigger-time = 1634786964.1208768
injection-file = /work/shashwat.singh/Prospects-of-LGWs/unlens/injection.hdf

[global]
instruments = E1 E2 E3 C1 C2 H1 V1 L1 I1 K1
mass1_ref = 30.000000003248193
mass2_ref = 30.000000008632448
minchirp = 26.116416904055075
maxchirp = 26.116616904055075
mincov = 104018899630.18259
maxcov = 10401889963018.26
