
[data]
trigger-time = 1584934961.9434676
injection-file = /work/shashwat.singh/Prospects-of-LGWs/unlens/injection.hdf

[global]
instruments = E1 E2 E3 C1 C2 H1 V1 L1 I1 K1
mass1_ref = 30.000000002342855
mass2_ref = 30.000000005653042
minchirp = 26.116416902364143
maxchirp = 26.116616902364143
mincov = 156896770950.94824
maxcov = 15689677095094.824
