
[data]
trigger-time = 1324133552.9368606
injection-file = /work/shashwat.singh/Prospects-of-LGWs/unlens/injection.hdf

[global]
instruments = E1 E2 E3 C1 C2 H1 V1 L1 I1 K1
mass1_ref = 30.000000008539704
mass2_ref = 30.000000001867868
minchirp = 26.116416903413885
maxchirp = 26.116616903413885
mincov = 131956832396.44315
maxcov = 13195683239644.314
