
[data]
trigger-time = 1138051690.2993474
injection-file = /work/shashwat.singh/Prospects-of-LGWs/unlens/injection.hdf

[global]
instruments = E1 E2 E3 C1 C2 H1 V1 L1 I1 K1
mass1_ref = 30.00000000365548
mass2_ref = 30.00000000110361
minchirp = 26.11641690095524
maxchirp = 26.11661690095524
mincov = 68041284077.85702
maxcov = 6804128407785.702
