
[data]
trigger-time = 1279594156.0118904
injection-file = /work/shashwat.singh/Prospects-of-LGWs/unlens/injection.hdf

[global]
instruments = E1 E2 E3 C1 C2 H1 V1 L1 I1 K1
mass1_ref = 30.00000000909122
mass2_ref = 30.000000005688833
minchirp = 26.116416905317116
maxchirp = 26.116616905317116
mincov = 68421261912.70614
maxcov = 6842126191270.614
