
[data]
trigger-time = 1663973107.2005854
injection-file = /work/shashwat.singh/Prospects-of-LGWs/unlens/injection.hdf

[global]
instruments = E1 E2 E3 C1 C2 H1 V1 L1 I1 K1
mass1_ref = 30.000000009187833
mass2_ref = 30.00000000527957
minchirp = 26.116416905181026
maxchirp = 26.116616905181026
mincov = 5843070832.387481
maxcov = 584307083238.748
