
[data]
trigger-time = 1023504724.7935379
injection-file = /work/shashwat.singh/Prospects-of-LGWs/unlens/injection.hdf

[global]
instruments = E1 E2 E3 C1 C2 H1 V1 L1 I1 K1
mass1_ref = 30.00000000482043
mass2_ref = 30.00000000939264
minchirp = 26.116416905070324
maxchirp = 26.116616905070323
mincov = 39880678644.977875
maxcov = 3988067864497.7876
