
[data]
trigger-time = 1672360183.2520294
injection-file = /work/shashwat.singh/Prospects-of-LGWs/unlens/injection.hdf

[global]
instruments = E1 E2 E3 C1 C2 H1 V1 L1 I1 K1
mass1_ref = 30.00000000231298
mass2_ref = 30.00000000171047
minchirp = 26.116416900635034
maxchirp = 26.116616900635034
mincov = 138967638982.91388
maxcov = 13896763898291.387
