
[data]
trigger-time = 1931386454.714172
injection-file = /work/shashwat.singh/Prospects-of-LGWs/unlens/injection.hdf

[global]
instruments = E1 E2 E3 C1 C2 H1 V1 L1 I1 K1
mass1_ref = 30.000000002837925
mass2_ref = 30.0000000017349
minchirp = 26.11641690087416
maxchirp = 26.11661690087416
mincov = 4001722271.116208
maxcov = 400172227111.6208
