
[data]
trigger-time = 1725608378.303151
injection-file = /work/shashwat.singh/Prospects-of-LGWs/unlens/injection.hdf

[global]
instruments = E1 E2 E3 C1 C2 H1 V1 L1 I1 K1
mass1_ref = 30.00000000371237
mass2_ref = 30.000000007230078
minchirp = 26.116416903646698
maxchirp = 26.116616903646698
mincov = 155896761012.8006
maxcov = 15589676101280.059
