
[data]
trigger-time = 1810563080.9062161
injection-file = /work/shashwat.singh/Prospects-of-LGWs/unlens/injection.hdf

[global]
instruments = E1 E2 E3 C1 C2 H1 V1 L1 I1 K1
mass1_ref = 30.000000005585473
mass2_ref = 30.000000000521194
minchirp = 26.116416901541804
maxchirp = 26.116616901541803
mincov = 154136903020.3672
maxcov = 15413690302036.719
