
[data]
trigger-time = 1493604294.4751737
injection-file = /work/shashwat.singh/Prospects-of-LGWs/unlens/injection.hdf

[global]
instruments = E1 E2 E3 C1 C2 H1 V1 L1 I1 K1
mass1_ref = 30.000000007336215
mass2_ref = 30.000000009342674
minchirp = 26.116416906143634
maxchirp = 26.116616906143634
mincov = 49495400971.92693
maxcov = 4949540097192.693
