
[data]
trigger-time = 1588610978.7296724
injection-file = /work/shashwat.singh/Prospects-of-LGWs/unlens/injection.hdf

[global]
instruments = E1 E2 E3 C1 C2 H1 V1 L1 I1 K1
mass1_ref = 30.00000000593792
mass2_ref = 30.00000000823181
minchirp = 26.116416905051455
maxchirp = 26.116616905051455
mincov = 74049069372.39796
maxcov = 7404906937239.796
