
[data]
trigger-time = 1451462745.9293509
injection-file = /work/shashwat.singh/Prospects-of-LGWs/unlens/injection.hdf

[global]
instruments = E1 E2 E3 C1 C2 H1 V1 L1 I1 K1
mass1_ref = 30.000000009685706
mass2_ref = 30.000000006436917
minchirp = 26.116416905901506
maxchirp = 26.116616905901505
mincov = 118799575665.86392
maxcov = 11879957566586.39
