
[data]
trigger-time = 1972007558.7477264
injection-file = /work/shashwat.singh/Prospects-of-LGWs/unlens/injection.hdf

[global]
instruments = E1 E2 E3 C1 C2 H1 V1 L1 I1 K1
mass1_ref = 30.00000000385333
mass2_ref = 30.000000009839997
minchirp = 26.11641690484409
maxchirp = 26.11661690484409
mincov = 141507301663.56708
maxcov = 14150730166356.707
