
[data]
trigger-time = 1446511093.1590955
injection-file = /work/shashwat.singh/Prospects-of-LGWs/unlens/injection.hdf

[global]
instruments = E1 E2 E3 C1 C2 H1 V1 L1 I1 K1
mass1_ref = 30.000000009575075
mass2_ref = 30.00000000497537
minchirp = 26.11641690521717
maxchirp = 26.11661690521717
mincov = 160774013572.66824
maxcov = 16077401357266.824
