
[data]
trigger-time = 1030725625.5703487
injection-file = /work/shashwat.singh/Prospects-of-LGWs/unlens/injection.hdf

[global]
instruments = E1 E2 E3 C1 C2 H1 V1 L1 I1 K1
mass1_ref = 30.00000000099348
mass2_ref = 30.0000000001539
minchirp = 26.116416899383154
maxchirp = 26.116616899383153
mincov = 83524968346.11066
maxcov = 8352496834611.065
