
[data]
trigger-time = 1366589054.4902954
injection-file = /work/shashwat.singh/Prospects-of-LGWs/unlens/injection.hdf

[global]
instruments = E1 E2 E3 C1 C2 H1 V1 L1 I1 K1
mass1_ref = 30.000000008473666
mass2_ref = 30.00000000042298
minchirp = 26.116416902756214
maxchirp = 26.116616902756213
mincov = 20364813806.16382
maxcov = 2036481380616.3818
