
[data]
trigger-time = 1900937143.7319689
injection-file = /work/shashwat.singh/Prospects-of-LGWs/unlens/injection.hdf

[global]
instruments = E1 E2 E3 C1 C2 H1 V1 L1 I1 K1
mass1_ref = 30.000000003573504
mass2_ref = 30.00000000771123
minchirp = 26.116416903795688
maxchirp = 26.116616903795688
mincov = 104277752482.80235
maxcov = 10427775248280.236
