
[data]
trigger-time = 1789544284.4386816
injection-file = /work/shashwat.singh/Prospects-of-LGWs/unlens/injection.hdf

[global]
instruments = E1 E2 E3 C1 C2 H1 V1 L1 I1 K1
mass1_ref = 30.00000000560696
mass2_ref = 30.00000000590501
minchirp = 26.1164169038946
maxchirp = 26.1166169038946
mincov = 4260430887.2336044
maxcov = 426043088723.3605
