
[data]
trigger-time = 1889633068.2146883
injection-file = /work/shashwat.singh/Prospects-of-LGWs/unlens/injection.hdf

[global]
instruments = E1 E2 E3 C1 C2 H1 V1 L1 I1 K1
mass1_ref = 30.00000000240911
mass2_ref = 30.000000004564164
minchirp = 26.116416901919017
maxchirp = 26.116616901919016
mincov = 121399894948.15613
maxcov = 12139989494815.613
