
[data]
trigger-time = 1033764502.2546947
injection-file = /work/shashwat.singh/Prospects-of-LGWs/unlens/injection.hdf

[global]
instruments = E1 E2 E3 C1 C2 H1 V1 L1 I1 K1
mass1_ref = 30.00000000738812
mass2_ref = 30.000000009616627
minchirp = 26.116416906285473
maxchirp = 26.116616906285472
mincov = 39899162213.84029
maxcov = 3989916221384.0283
