
[data]
trigger-time = 1494659343.428957
injection-file = /work/shashwat.singh/Prospects-of-LGWs/unlens/injection.hdf

[global]
instruments = E1 E2 E3 C1 C2 H1 V1 L1 I1 K1
mass1_ref = 30.000000007341974
mass2_ref = 30.000000008632995
minchirp = 26.116416905837234
maxchirp = 26.116616905837233
mincov = 155221230096.24335
maxcov = 15522123009624.336
