
[data]
trigger-time = 1296084129.7507188
injection-file = /work/shashwat.singh/Prospects-of-LGWs/unlens/injection.hdf

[global]
instruments = E1 E2 E3 C1 C2 H1 V1 L1 I1 K1
mass1_ref = 30.000000003327816
mass2_ref = 30.000000003234184
minchirp = 26.116416901740003
maxchirp = 26.116616901740002
mincov = 148455851339.24478
maxcov = 14845585133924.477
