
[data]
trigger-time = 1083820289.8338275
injection-file = /work/shashwat.singh/Prospects-of-LGWs/unlens/injection.hdf

[global]
instruments = E1 E2 E3 C1 C2 H1 V1 L1 I1 K1
mass1_ref = 30.000000000981522
mass2_ref = 30.000000008740898
minchirp = 26.116416903115653
maxchirp = 26.116616903115652
mincov = 764042492.9629052
maxcov = 76404249296.29051
