
[data]
trigger-time = 1056631056.553947
injection-file = /work/shashwat.singh/Prospects-of-LGWs/unlens/injection.hdf

[global]
instruments = E1 E2 E3 C1 C2 H1 V1 L1 I1 K1
mass1_ref = 30.000000000536907
mass2_ref = 30.00000000226142
minchirp = 26.11641690010177
maxchirp = 26.116616900101768
mincov = 141869103887.872
maxcov = 14186910388787.203
