
[data]
trigger-time = 1282960413.4690132
injection-file = /work/shashwat.singh/Prospects-of-LGWs/unlens/injection.hdf

[global]
instruments = E1 E2 E3 C1 C2 H1 V1 L1 I1 K1
mass1_ref = 30.000000005236863
mass2_ref = 30.000000006493597
minchirp = 26.116416903989705
maxchirp = 26.116616903989705
mincov = 78837617444.10133
maxcov = 7883761744410.133
