
[data]
trigger-time = 1998211467.753085
injection-file = /work/shashwat.singh/Prospects-of-LGWs/unlens/injection.hdf

[global]
instruments = E1 E2 E3 C1 C2 H1 V1 L1 I1 K1
mass1_ref = 30.000000007873236
mass2_ref = 30.000000002256158
minchirp = 26.1164169032928
maxchirp = 26.1166169032928
mincov = 150445488463.47305
maxcov = 15044548846347.305
