
[data]
trigger-time = 1302133270.6450906
injection-file = /work/shashwat.singh/Prospects-of-LGWs/unlens/injection.hdf

[global]
instruments = E1 E2 E3 C1 C2 H1 V1 L1 I1 K1
mass1_ref = 30.000000000796152
mass2_ref = 30.000000000441403
minchirp = 26.116416899422404
maxchirp = 26.116616899422404
mincov = 319313128.5982042
maxcov = 31931312859.82042
