
[data]
trigger-time = 1481305704.200639
injection-file = /work/shashwat.singh/Prospects-of-LGWs/unlens/injection.hdf

[global]
instruments = E1 E2 E3 C1 C2 H1 V1 L1 I1 K1
mass1_ref = 30.000000006859093
mass2_ref = 30.000000004157698
minchirp = 26.116416903679063
maxchirp = 26.116616903679063
mincov = 108772039328.75436
maxcov = 10877203932875.436
