
[data]
trigger-time = 1153994799.316062
injection-file = /work/shashwat.singh/Prospects-of-LGWs/unlens/injection.hdf

[global]
instruments = E1 E2 E3 C1 C2 H1 V1 L1 I1 K1
mass1_ref = 30.000000004730797
mass2_ref = 30.0000000038317
minchirp = 26.11641690261077
maxchirp = 26.11661690261077
mincov = 1199897701.3985977
maxcov = 119989770139.85977
