
[data]
trigger-time = 1159249001.2768884
injection-file = /work/shashwat.singh/Prospects-of-LGWs/unlens/injection.hdf

[global]
instruments = E1 E2 E3 C1 C2 H1 V1 L1 I1 K1
mass1_ref = 30.000000005009326
mass2_ref = 30.000000006744603
minchirp = 26.11641690399992
maxchirp = 26.11661690399992
mincov = 174960628724.1576
maxcov = 17496062872415.76
