
[data]
trigger-time = 1522680902.784474
injection-file = /work/shashwat.singh/Prospects-of-LGWs/unlens/injection.hdf

[global]
instruments = E1 E2 E3 C1 C2 H1 V1 L1 I1 K1
mass1_ref = 30.000000002348525
mass2_ref = 30.000000008385754
minchirp = 26.116416903556093
maxchirp = 26.116616903556093
mincov = 99549934505.32938
maxcov = 9954993450532.938
