
[data]
trigger-time = 1231855715.5354443
injection-file = /work/shashwat.singh/Prospects-of-LGWs/unlens/injection.hdf

[global]
instruments = E1 E2 E3 C1 C2 H1 V1 L1 I1 K1
mass1_ref = 30.00000000117555
mass2_ref = 30.00000000320607
minchirp = 26.116416900790934
maxchirp = 26.116616900790934
mincov = 23607185035.003235
maxcov = 2360718503500.323
