
[data]
trigger-time = 1464040628.151165
injection-file = /work/shashwat.singh/Prospects-of-LGWs/unlens/injection.hdf

[global]
instruments = E1 E2 E3 C1 C2 H1 V1 L1 I1 K1
mass1_ref = 30.000000007668863
mass2_ref = 30.000000007964754
minchirp = 26.116416905688652
maxchirp = 26.11661690568865
mincov = 12739667006.812212
maxcov = 1273966700681.2212
