
[data]
trigger-time = 1622205432.5259676
injection-file = /work/shashwat.singh/Prospects-of-LGWs/unlens/injection.hdf

[global]
instruments = E1 E2 E3 C1 C2 H1 V1 L1 I1 K1
mass1_ref = 30.000000005691177
mass2_ref = 30.000000000833094
minchirp = 26.11641690172358
maxchirp = 26.116616901723578
mincov = 28854014671.588055
maxcov = 2885401467158.8057
