
[data]
trigger-time = 1142242343.8383093
injection-file = /work/shashwat.singh/Prospects-of-LGWs/unlens/injection.hdf

[global]
instruments = E1 E2 E3 C1 C2 H1 V1 L1 I1 K1
mass1_ref = 30.000000004212833
mass2_ref = 30.000000000454587
minchirp = 26.116416900915336
maxchirp = 26.116616900915336
mincov = 80918939345.28494
maxcov = 8091893934528.494
