
[data]
trigger-time = 1017243931.4429559
injection-file = /work/shashwat.singh/Prospects-of-LGWs/unlens/injection.hdf

[global]
instruments = E1 E2 E3 C1 C2 H1 V1 L1 I1 K1
mass1_ref = 30.000000008519265
mass2_ref = 30.00000000419511
minchirp = 26.116416904417978
maxchirp = 26.116616904417977
mincov = 157452847045.70688
maxcov = 15745284704570.688
