
[data]
trigger-time = 1274590333.74534
injection-file = /work/shashwat.singh/Prospects-of-LGWs/unlens/injection.hdf

[global]
instruments = E1 E2 E3 C1 C2 H1 V1 L1 I1 K1
mass1_ref = 30.000000002147683
mass2_ref = 30.000000002240622
minchirp = 26.116416900793844
maxchirp = 26.116616900793844
mincov = 7534992784.080847
maxcov = 753499278408.0847
