
[data]
trigger-time = 1095965728.0049746
injection-file = /work/shashwat.singh/Prospects-of-LGWs/unlens/injection.hdf

[global]
instruments = E1 E2 E3 C1 C2 H1 V1 L1 I1 K1
mass1_ref = 30.000000003542635
mass2_ref = 30.000000001517638
minchirp = 26.116416901086335
maxchirp = 26.116616901086335
mincov = 116301291080.51285
maxcov = 11630129108051.285
