
[data]
trigger-time = 1922149693.0161219
injection-file = /work/shashwat.singh/Prospects-of-LGWs/unlens/injection.hdf

[global]
instruments = E1 E2 E3 C1 C2 H1 V1 L1 I1 K1
mass1_ref = 30.000000003896343
mass2_ref = 30.000000000076703
minchirp = 26.116416900613093
maxchirp = 26.116616900613092
mincov = 113292282657.4635
maxcov = 11329228265746.35
