
[data]
trigger-time = 1668408050.2210674
injection-file = /work/shashwat.singh/Prospects-of-LGWs/unlens/injection.hdf

[global]
instruments = E1 E2 E3 C1 C2 H1 V1 L1 I1 K1
mass1_ref = 30.000000009139313
mass2_ref = 30.00000000636203
minchirp = 26.116416905631077
maxchirp = 26.116616905631076
mincov = 115914250269.69669
maxcov = 11591425026969.668
