
[data]
trigger-time = 1112269215.0088575
injection-file = /work/shashwat.singh/Prospects-of-LGWs/unlens/injection.hdf

[global]
instruments = E1 E2 E3 C1 C2 H1 V1 L1 I1 K1
mass1_ref = 30.00000000644929
mass2_ref = 30.000000007004378
minchirp = 26.116416904739776
maxchirp = 26.116616904739775
mincov = 165212579975.86835
maxcov = 16521257997586.834
