
[data]
trigger-time = 1607667150.003302
injection-file = /work/shashwat.singh/Prospects-of-LGWs/unlens/injection.hdf

[global]
instruments = E1 E2 E3 C1 C2 H1 V1 L1 I1 K1
mass1_ref = 30.00000000420502
mass2_ref = 30.00000000880835
minchirp = 26.11641690454812
maxchirp = 26.11661690454812
mincov = 57425201917.127625
maxcov = 5742520191712.763
