
[data]
trigger-time = 1315829636.2658615
injection-file = /work/shashwat.singh/Prospects-of-LGWs/unlens/injection.hdf

[global]
instruments = E1 E2 E3 C1 C2 H1 V1 L1 I1 K1
mass1_ref = 30.000000007785776
mass2_ref = 30.00000000649421
minchirp = 26.116416905099452
maxchirp = 26.116616905099452
mincov = 18670847856.424362
maxcov = 1867084785642.4363
