
[data]
trigger-time = 1884404473.6103454
injection-file = /work/shashwat.singh/Prospects-of-LGWs/unlens/injection.hdf

[global]
instruments = E1 E2 E3 C1 C2 H1 V1 L1 I1 K1
mass1_ref = 30.000000006457398
mass2_ref = 30.000000002013202
minchirp = 26.116416902570766
maxchirp = 26.116616902570765
mincov = 25087305436.61184
maxcov = 2508730543661.1836
