
[data]
trigger-time = 1370502768.4587212
injection-file = /work/shashwat.singh/Prospects-of-LGWs/unlens/injection.hdf

[global]
instruments = E1 E2 E3 C1 C2 H1 V1 L1 I1 K1
mass1_ref = 30.000000005162963
mass2_ref = 30.000000009170854
minchirp = 26.116416905122882
maxchirp = 26.116616905122882
mincov = 46349046080.07498
maxcov = 4634904608007.498
