
[data]
trigger-time = 1653452630.266602
injection-file = /work/shashwat.singh/Prospects-of-LGWs/unlens/injection.hdf

[global]
instruments = E1 E2 E3 C1 C2 H1 V1 L1 I1 K1
mass1_ref = 30.00000000002632
mass2_ref = 30.000000002457906
minchirp = 26.116416899965046
maxchirp = 26.116616899965045
mincov = 166980449294.3592
maxcov = 16698044929435.918
