
[data]
trigger-time = 1759711263.7744188
injection-file = /work/shashwat.singh/Prospects-of-LGWs/unlens/injection.hdf

[global]
instruments = E1 E2 E3 C1 C2 H1 V1 L1 I1 K1
mass1_ref = 30.000000006301743
mass2_ref = 30.00000000970159
minchirp = 26.11641690584958
maxchirp = 26.11661690584958
mincov = 41446321683.049065
maxcov = 4144632168304.9067
