
[data]
trigger-time = 1403073894.6174364
injection-file = /work/shashwat.singh/Prospects-of-LGWs/unlens/injection.hdf

[global]
instruments = E1 E2 E3 C1 C2 H1 V1 L1 I1 K1
mass1_ref = 30.00000000540116
mass2_ref = 30.000000001282462
minchirp = 26.116416901792938
maxchirp = 26.116616901792938
mincov = 92874661942.16203
maxcov = 9287466194216.203
