
[data]
trigger-time = 1872643172.8690977
injection-file = /work/shashwat.singh/Prospects-of-LGWs/unlens/injection.hdf

[global]
instruments = E1 E2 E3 C1 C2 H1 V1 L1 I1 K1
mass1_ref = 30.00000000988178
mass2_ref = 30.0000000078555
minchirp = 26.11641690660432
maxchirp = 26.11661690660432
mincov = 149787864066.53848
maxcov = 14978786406653.848
