
[data]
trigger-time = 1939650275.132231
injection-file = /work/shashwat.singh/Prospects-of-LGWs/unlens/injection.hdf

[global]
instruments = E1 E2 E3 C1 C2 H1 V1 L1 I1 K1
mass1_ref = 30.000000003434664
mass2_ref = 30.000000002108486
minchirp = 26.11641690129652
maxchirp = 26.11661690129652
mincov = 118621080402.5398
maxcov = 11862108040253.98
