
[data]
trigger-time = 1796628577.6282606
injection-file = /work/shashwat.singh/Prospects-of-LGWs/unlens/injection.hdf

[global]
instruments = E1 E2 E3 C1 C2 H1 V1 L1 I1 K1
mass1_ref = 30.000000004900112
mass2_ref = 30.000000004118817
minchirp = 26.116416902809444
maxchirp = 26.116616902809444
mincov = 66201586350.531395
maxcov = 6620158635053.14
