
[data]
trigger-time = 1877404780.653843
injection-file = /work/shashwat.singh/Prospects-of-LGWs/unlens/injection.hdf

[global]
instruments = E1 E2 E3 C1 C2 H1 V1 L1 I1 K1
mass1_ref = 30.000000006233755
mass2_ref = 30.00000000246931
minchirp = 26.116416902671954
maxchirp = 26.116616902671954
mincov = 98447241400.76335
maxcov = 9844724140076.336
