
[data]
trigger-time = 1359820416.8998528
injection-file = /work/shashwat.singh/Prospects-of-LGWs/unlens/injection.hdf

[global]
instruments = E1 E2 E3 C1 C2 H1 V1 L1 I1 K1
mass1_ref = 30.000000003941913
mass2_ref = 30.00000000426025
minchirp = 26.116416902453924
maxchirp = 26.116616902453924
mincov = 147630780144.0401
maxcov = 14763078014404.012
