
[data]
trigger-time = 1725389948.782897
injection-file = /work/shashwat.singh/Prospects-of-LGWs/unlens/injection.hdf

[global]
instruments = E1 E2 E3 C1 C2 H1 V1 L1 I1 K1
mass1_ref = 30.00000000352084
mass2_ref = 30.000000004084082
minchirp = 26.11641690219396
maxchirp = 26.11661690219396
mincov = 66501615951.32784
maxcov = 6650161595132.784
