
[data]
trigger-time = 1256626070.0222979
injection-file = /work/shashwat.singh/Prospects-of-LGWs/unlens/injection.hdf

[global]
instruments = E1 E2 E3 C1 C2 H1 V1 L1 I1 K1
mass1_ref = 30.000000005274057
mass2_ref = 30.00000000091197
minchirp = 26.11641690157635
maxchirp = 26.11661690157635
mincov = 13048174690.718624
maxcov = 1304817469071.8623
