
[data]
trigger-time = 1463064609.4318213
injection-file = /work/shashwat.singh/Prospects-of-LGWs/unlens/injection.hdf

[global]
instruments = E1 E2 E3 C1 C2 H1 V1 L1 I1 K1
mass1_ref = 30.000000001209155
mass2_ref = 30.000000009133114
minchirp = 26.11641690338546
maxchirp = 26.11661690338546
mincov = 158468940879.7282
maxcov = 15846894087972.82
