
[data]
trigger-time = 1622783980.945802
injection-file = /work/shashwat.singh/Prospects-of-LGWs/unlens/injection.hdf

[global]
instruments = E1 E2 E3 C1 C2 H1 V1 L1 I1 K1
mass1_ref = 30.00000000914016
mass2_ref = 30.00000000928827
minchirp = 26.116416906905165
maxchirp = 26.116616906905165
mincov = 169997785983.3528
maxcov = 16999778598335.281
