
[data]
trigger-time = 1257573154.0216088
injection-file = /work/shashwat.singh/Prospects-of-LGWs/unlens/injection.hdf

[global]
instruments = E1 E2 E3 C1 C2 H1 V1 L1 I1 K1
mass1_ref = 30.00000000482544
mass2_ref = 30.00000000525968
minchirp = 26.116416903273528
maxchirp = 26.116616903273528
mincov = 6688634068.848993
maxcov = 668863406884.8993
