
[data]
trigger-time = 1908407175.8305707
injection-file = /work/shashwat.singh/Prospects-of-LGWs/unlens/injection.hdf

[global]
instruments = E1 E2 E3 C1 C2 H1 V1 L1 I1 K1
mass1_ref = 30.00000000114242
mass2_ref = 30.00000000412957
minchirp = 26.116416901178493
maxchirp = 26.116616901178492
mincov = 177784431417.8169
maxcov = 17778443141781.688
