
[data]
trigger-time = 1841983027.3386269
injection-file = /work/shashwat.singh/Prospects-of-LGWs/unlens/injection.hdf

[global]
instruments = E1 E2 E3 C1 C2 H1 V1 L1 I1 K1
mass1_ref = 30.00000000936911
mass2_ref = 30.000000003175252
minchirp = 26.116416904343975
maxchirp = 26.116616904343974
mincov = 161206623996.03522
maxcov = 16120662399603.52
