
[data]
trigger-time = 1922931830.9497995
injection-file = /work/shashwat.singh/Prospects-of-LGWs/unlens/injection.hdf

[global]
instruments = E1 E2 E3 C1 C2 H1 V1 L1 I1 K1
mass1_ref = 30.000000006881265
mass2_ref = 30.000000000059067
minchirp = 26.116416901904678
maxchirp = 26.116616901904678
mincov = 3817735897.51509
maxcov = 381773589751.50903
