
[data]
trigger-time = 1606092618.4161816
injection-file = /work/shashwat.singh/Prospects-of-LGWs/unlens/injection.hdf

[global]
instruments = E1 E2 E3 C1 C2 H1 V1 L1 I1 K1
mass1_ref = 30.000000003889514
mass2_ref = 30.000000008300685
minchirp = 26.116416904189816
maxchirp = 26.116616904189815
mincov = 93146643362.7658
maxcov = 9314664336276.58
