
[data]
trigger-time = 1499556115.1110299
injection-file = /work/shashwat.singh/Prospects-of-LGWs/unlens/injection.hdf

[global]
instruments = E1 E2 E3 C1 C2 H1 V1 L1 I1 K1
mass1_ref = 30.000000009799475
mass2_ref = 30.00000000942288
minchirp = 26.11641690725074
maxchirp = 26.11661690725074
mincov = 174063747907.21298
maxcov = 17406374790721.299
