
[data]
trigger-time = 1533688006.7067635
injection-file = /work/shashwat.singh/Prospects-of-LGWs/unlens/injection.hdf

[global]
instruments = E1 E2 E3 C1 C2 H1 V1 L1 I1 K1
mass1_ref = 30.000000002056098
mass2_ref = 30.000000002522146
minchirp = 26.116416900876523
maxchirp = 26.116616900876522
mincov = 149333773401.70297
maxcov = 14933377340170.297
