
[data]
trigger-time = 1347766358.2691119
injection-file = /work/shashwat.singh/Prospects-of-LGWs/unlens/injection.hdf

[global]
instruments = E1 E2 E3 C1 C2 H1 V1 L1 I1 K1
mass1_ref = 30.00000000392318
mass2_ref = 30.000000006372748
minchirp = 26.116416903365288
maxchirp = 26.116616903365287
mincov = 28901577371.0855
maxcov = 2890157737108.55
