
[data]
trigger-time = 1025656218.4946423
injection-file = /work/shashwat.singh/Prospects-of-LGWs/unlens/injection.hdf

[global]
instruments = E1 E2 E3 C1 C2 H1 V1 L1 I1 K1
mass1_ref = 30.00000000720856
mass2_ref = 30.000000009285532
minchirp = 26.116416906063193
maxchirp = 26.116616906063193
mincov = 84968123713.66312
maxcov = 8496812371366.3125
