
[data]
trigger-time = 1383306703.2763677
injection-file = /work/shashwat.singh/Prospects-of-LGWs/unlens/injection.hdf

[global]
instruments = E1 E2 E3 C1 C2 H1 V1 L1 I1 K1
mass1_ref = 30.00000000211639
mass2_ref = 30.00000000817241
minchirp = 26.116416903362186
maxchirp = 26.116616903362186
mincov = 123212720685.1329
maxcov = 12321272068513.291
