
[data]
trigger-time = 1503150978.6383452
injection-file = /work/shashwat.singh/Prospects-of-LGWs/unlens/injection.hdf

[global]
instruments = E1 E2 E3 C1 C2 H1 V1 L1 I1 K1
mass1_ref = 30.000000008083777
mass2_ref = 30.00000000836342
minchirp = 26.116416906042783
maxchirp = 26.116616906042783
mincov = 14940564468.723959
maxcov = 1494056446872.396
