
[data]
trigger-time = 1130832453.8337975
injection-file = /work/shashwat.singh/Prospects-of-LGWs/unlens/injection.hdf

[global]
instruments = E1 E2 E3 C1 C2 H1 V1 L1 I1 K1
mass1_ref = 30.000000002737448
mass2_ref = 30.000000001355197
minchirp = 26.11641690066515
maxchirp = 26.11661690066515
mincov = 162213565126.84488
maxcov = 16221356512684.488
