
[data]
trigger-time = 1153682768.955407
injection-file = /work/shashwat.singh/Prospects-of-LGWs/unlens/injection.hdf

[global]
instruments = E1 E2 E3 C1 C2 H1 V1 L1 I1 K1
mass1_ref = 30.000000008874686
mass2_ref = 30.0000000091137
minchirp = 26.116416906713624
maxchirp = 26.116616906713624
mincov = 107322058144.62154
maxcov = 10732205814462.152
