
[data]
trigger-time = 1462862211.386924
injection-file = /work/shashwat.singh/Prospects-of-LGWs/unlens/injection.hdf

[global]
instruments = E1 E2 E3 C1 C2 H1 V1 L1 I1 K1
mass1_ref = 30.00000000794394
mass2_ref = 30.000000008999727
minchirp = 26.116416906258884
maxchirp = 26.116616906258884
mincov = 115904180567.39157
maxcov = 11590418056739.158
