
[data]
trigger-time = 1831207819.7123752
injection-file = /work/shashwat.singh/Prospects-of-LGWs/unlens/injection.hdf

[global]
instruments = E1 E2 E3 C1 C2 H1 V1 L1 I1 K1
mass1_ref = 30.000000008892467
mass2_ref = 30.000000009188245
minchirp = 26.116416906753813
maxchirp = 26.116616906753812
mincov = 77465993117.10411
maxcov = 7746599311710.411
