
[data]
trigger-time = 1672896141.092505
injection-file = /work/shashwat.singh/Prospects-of-LGWs/unlens/injection.hdf

[global]
instruments = E1 E2 E3 C1 C2 H1 V1 L1 I1 K1
mass1_ref = 30.00000000124505
mass2_ref = 30.00000000794391
minchirp = 26.11641690288345
maxchirp = 26.11661690288345
mincov = 161540594947.6319
maxcov = 16154059494763.188
