
[data]
trigger-time = 1431212190.7789366
injection-file = /work/shashwat.singh/Prospects-of-LGWs/unlens/injection.hdf

[global]
instruments = E1 E2 E3 C1 C2 H1 V1 L1 I1 K1
mass1_ref = 30.000000009281685
mass2_ref = 30.000000005029488
minchirp = 26.116416905113024
maxchirp = 26.116616905113023
mincov = 2770833993.100973
maxcov = 277083399310.0973
