
[data]
trigger-time = 1092646290.059242
injection-file = /work/shashwat.singh/Prospects-of-LGWs/unlens/injection.hdf

[global]
instruments = E1 E2 E3 C1 C2 H1 V1 L1 I1 K1
mass1_ref = 30.000000005224575
mass2_ref = 30.000000008817373
minchirp = 26.116416904995834
maxchirp = 26.116616904995833
mincov = 100123180500.24234
maxcov = 10012318050024.234
