
[data]
trigger-time = 1252193010.2611806
injection-file = /work/shashwat.singh/Prospects-of-LGWs/unlens/injection.hdf

[global]
instruments = E1 E2 E3 C1 C2 H1 V1 L1 I1 K1
mass1_ref = 30.00000000991462
mass2_ref = 30.00000000560375
minchirp = 26.116416905638484
maxchirp = 26.116616905638484
mincov = 75691490480.80545
maxcov = 7569149048080.545
