
[data]
trigger-time = 1606820596.6900444
injection-file = /work/shashwat.singh/Prospects-of-LGWs/unlens/injection.hdf

[global]
instruments = E1 E2 E3 C1 C2 H1 V1 L1 I1 K1
mass1_ref = 30.000000003949644
mass2_ref = 30.000000004759933
minchirp = 26.11641690267479
maxchirp = 26.11661690267479
mincov = 143712729305.9733
maxcov = 14371272930597.328
