
[data]
trigger-time = 1804117599.7970061
injection-file = /work/shashwat.singh/Prospects-of-LGWs/unlens/injection.hdf

[global]
instruments = E1 E2 E3 C1 C2 H1 V1 L1 I1 K1
mass1_ref = 30.000000002129333
mass2_ref = 30.00000000273695
minchirp = 26.116416901001895
maxchirp = 26.116616901001894
mincov = 1103547801.930917
maxcov = 110354780193.0917
