
[data]
trigger-time = 1347922065.0852964
injection-file = /work/shashwat.singh/Prospects-of-LGWs/unlens/injection.hdf

[global]
instruments = E1 E2 E3 C1 C2 H1 V1 L1 I1 K1
mass1_ref = 30.00000000308076
mass2_ref = 30.00000000186169
minchirp = 26.116416901035052
maxchirp = 26.11661690103505
mincov = 159861858702.98312
maxcov = 15986185870298.312
