
[data]
trigger-time = 1477778959.4936204
injection-file = /work/shashwat.singh/Prospects-of-LGWs/unlens/injection.hdf

[global]
instruments = E1 E2 E3 C1 C2 H1 V1 L1 I1 K1
mass1_ref = 30.00000000496568
mass2_ref = 30.000000004400892
minchirp = 26.11641690296076
maxchirp = 26.11661690296076
mincov = 174103854883.86026
maxcov = 17410385488386.025
