
[data]
trigger-time = 1881478239.116322
injection-file = /work/shashwat.singh/Prospects-of-LGWs/unlens/injection.hdf

[global]
instruments = E1 E2 E3 C1 C2 H1 V1 L1 I1 K1
mass1_ref = 30.00000000747985
mass2_ref = 30.000000000278686
minchirp = 26.116416902260823
maxchirp = 26.116616902260823
mincov = 104197617376.21654
maxcov = 10419761737621.654
