
[data]
trigger-time = 1034339464.1682011
injection-file = /work/shashwat.singh/Prospects-of-LGWs/unlens/injection.hdf

[global]
instruments = E1 E2 E3 C1 C2 H1 V1 L1 I1 K1
mass1_ref = 30.000000008420095
mass2_ref = 30.00000000266927
minchirp = 26.116416903710654
maxchirp = 26.116616903710653
mincov = 170911572777.7094
maxcov = 17091157277770.94
