
[data]
trigger-time = 1058351902.8594395
injection-file = /work/shashwat.singh/Prospects-of-LGWs/unlens/injection.hdf

[global]
instruments = E1 E2 E3 C1 C2 H1 V1 L1 I1 K1
mass1_ref = 30.00000000165478
mass2_ref = 30.00000000277162
minchirp = 26.116416900810428
maxchirp = 26.116616900810428
mincov = 104115887633.48027
maxcov = 10411588763348.027
