
[data]
trigger-time = 1921181964.5551753
injection-file = /work/shashwat.singh/Prospects-of-LGWs/unlens/injection.hdf

[global]
instruments = E1 E2 E3 C1 C2 H1 V1 L1 I1 K1
mass1_ref = 30.00000000142885
mass2_ref = 30.000000000175287
minchirp = 26.116416899581967
maxchirp = 26.116616899581967
mincov = 1996778203.6749911
maxcov = 199677820367.4991
