
[data]
trigger-time = 1202980652.7120833
injection-file = /work/shashwat.singh/Prospects-of-LGWs/unlens/injection.hdf

[global]
instruments = E1 E2 E3 C1 C2 H1 V1 L1 I1 K1
mass1_ref = 30.000000004322207
mass2_ref = 30.00000000470449
minchirp = 26.116416902812823
maxchirp = 26.116616902812822
mincov = 152918707665.58444
maxcov = 15291870766558.445
