
[data]
trigger-time = 1384662722.1411548
injection-file = /work/shashwat.singh/Prospects-of-LGWs/unlens/injection.hdf

[global]
instruments = E1 E2 E3 C1 C2 H1 V1 L1 I1 K1
mass1_ref = 30.00000000555064
mass2_ref = 30.000000007322
minchirp = 26.116416904486865
maxchirp = 26.116616904486865
mincov = 99676063057.20416
maxcov = 9967606305720.416
