
[data]
trigger-time = 1712348112.062373
injection-file = /work/shashwat.singh/Prospects-of-LGWs/unlens/injection.hdf

[global]
instruments = E1 E2 E3 C1 C2 H1 V1 L1 I1 K1
mass1_ref = 30.000000006659498
mass2_ref = 30.000000007139253
minchirp = 26.11641690488998
maxchirp = 26.11661690488998
mincov = 99062255544.72203
maxcov = 9906225554472.203
