
[data]
trigger-time = 1248945094.5788224
injection-file = /work/shashwat.singh/Prospects-of-LGWs/unlens/injection.hdf

[global]
instruments = E1 E2 E3 C1 C2 H1 V1 L1 I1 K1
mass1_ref = 30.000000006949996
mass2_ref = 30.000000007870984
minchirp = 26.116416905334933
maxchirp = 26.116616905334933
mincov = 78417394008.42525
maxcov = 7841739400842.524
