
[data]
trigger-time = 1673466925.2847204
injection-file = /home/ss/Prospects-of-LGWs/unlens/injection.hdf

[global]
instruments = E1 E2 E3 C1 H1 V1 L1 I1 K1
mass1_ref = 30.000000007932695
mass2_ref = 30.000000007710714
minchirp = 26.116416905692912
maxchirp = 26.11661690569291
mincov = 522894996.8766376
maxcov = 52289499687.66376
