
[data]
trigger-time = 1485204413.9934487
injection-file = /work/shashwat.singh/Prospects-of-LGWs/unlens/injection.hdf

[global]
instruments = E1 E2 E3 C1 C2 H1 V1 L1 I1 K1
mass1_ref = 30.00000000738813
mass2_ref = 30.000000002577323
minchirp = 26.116416903221438
maxchirp = 26.116616903221438
mincov = 48932779218.35985
maxcov = 4893277921835.984
