
[data]
trigger-time = 1435400261.960226
injection-file = /work/shashwat.singh/Prospects-of-LGWs/unlens/injection.hdf

[global]
instruments = E1 E2 E3 C1 C2 H1 V1 L1 I1 K1
mass1_ref = 30.000000006351765
mass2_ref = 30.000000004943118
minchirp = 26.116416903800108
maxchirp = 26.116616903800107
mincov = 24767716964.490574
maxcov = 2476771696449.057
