
[data]
trigger-time = 1954912100.85282
injection-file = /work/shashwat.singh/Prospects-of-LGWs/unlens/injection.hdf

[global]
instruments = E1 E2 E3 C1 C2 H1 V1 L1 I1 K1
mass1_ref = 30.000000004481734
mass2_ref = 30.000000009497043
minchirp = 26.11641690496834
maxchirp = 26.11661690496834
mincov = 158489681020.5907
maxcov = 15848968102059.07
