
[data]
trigger-time = 1961207151.3606198
injection-file = /work/shashwat.singh/Prospects-of-LGWs/unlens/injection.hdf

[global]
instruments = E1 E2 E3 C1 C2 H1 V1 L1 I1 K1
mass1_ref = 30.00000000113362
mass2_ref = 30.00000000779273
minchirp = 26.116416902769142
maxchirp = 26.11661690276914
mincov = 178914366519.9024
maxcov = 17891436651990.24
