
[data]
trigger-time = 1143466553.8551733
injection-file = /work/shashwat.singh/Prospects-of-LGWs/unlens/injection.hdf

[global]
instruments = E1 E2 E3 C1 C2 H1 V1 L1 I1 K1
mass1_ref = 30.000000006162047
mass2_ref = 30.000000004080945
minchirp = 26.116416903342245
maxchirp = 26.116616903342244
mincov = 21802888007.237686
maxcov = 2180288800723.7686
