
[data]
trigger-time = 1988820090.693609
injection-file = /work/shashwat.singh/Prospects-of-LGWs/unlens/injection.hdf

[global]
instruments = E1 E2 E3 C1 C2 H1 V1 L1 I1 K1
mass1_ref = 30.000000004527383
mass2_ref = 30.00000000572062
minchirp = 26.116416903344426
maxchirp = 26.116616903344426
mincov = 109366547155.10966
maxcov = 10936654715510.967
