
[data]
trigger-time = 1096065980.9183822
injection-file = /work/shashwat.singh/Prospects-of-LGWs/unlens/injection.hdf

[global]
instruments = E1 E2 E3 C1 C2 H1 V1 L1 I1 K1
mass1_ref = 30.000000004870497
mass2_ref = 30.000000008297707
minchirp = 26.11641690461552
maxchirp = 26.11661690461552
mincov = 148397214141.92966
maxcov = 14839721414192.967
