
[data]
trigger-time = 1193304972.5027907
injection-file = /work/shashwat.singh/Prospects-of-LGWs/unlens/injection.hdf

[global]
instruments = E1 E2 E3 C1 C2 H1 V1 L1 I1 K1
mass1_ref = 30.000000007591254
mass2_ref = 30.00000000698959
minchirp = 26.116416905230405
maxchirp = 26.116616905230405
mincov = 39186755887.76913
maxcov = 3918675588776.913
