
[data]
trigger-time = 1211452696.2377808
injection-file = /work/shashwat.singh/Prospects-of-LGWs/unlens/injection.hdf

[global]
instruments = E1 E2 E3 C1 C2 H1 V1 L1 I1 K1
mass1_ref = 30.000000003857913
mass2_ref = 30.00000000107654
minchirp = 26.11641690103157
maxchirp = 26.11661690103157
mincov = 15600479343.288898
maxcov = 1560047934328.8896
