
[data]
trigger-time = 1140871213.6539917
injection-file = /work/shashwat.singh/Prospects-of-LGWs/unlens/injection.hdf

[global]
instruments = E1 E2 E3 C1 C2 H1 V1 L1 I1 K1
mass1_ref = 30.00000000528224
mass2_ref = 30.000000006417515
minchirp = 26.116416903976337
maxchirp = 26.116616903976336
mincov = 179280684332.13638
maxcov = 17928068433213.637
