
[data]
trigger-time = 1649373359.5185242
injection-file = /work/shashwat.singh/Prospects-of-LGWs/unlens/injection.hdf

[global]
instruments = E1 E2 E3 C1 C2 H1 V1 L1 I1 K1
mass1_ref = 30.000000003336314
mass2_ref = 30.000000001964704
minchirp = 26.116416901191126
maxchirp = 26.116616901191126
mincov = 72360918073.93808
maxcov = 7236091807393.808
