
[data]
trigger-time = 1385787733.5669131
injection-file = /work/shashwat.singh/Prospects-of-LGWs/unlens/injection.hdf

[global]
instruments = E1 E2 E3 C1 C2 H1 V1 L1 I1 K1
mass1_ref = 30.000000003719236
mass2_ref = 30.000000008510597
minchirp = 26.116416904207068
maxchirp = 26.116616904207067
mincov = 20116354550.21295
maxcov = 2011635455021.2952
