
[data]
trigger-time = 1017818613.3890305
injection-file = /work/shashwat.singh/Prospects-of-LGWs/unlens/injection.hdf

[global]
instruments = E1 E2 E3 C1 C2 H1 V1 L1 I1 K1
mass1_ref = 30.000000009703342
mass2_ref = 30.0000000015645
minchirp = 26.116416903788338
maxchirp = 26.116616903788337
mincov = 169367058268.635
maxcov = 16936705826863.5
