
[data]
trigger-time = 1340587034.416576
injection-file = /work/shashwat.singh/Prospects-of-LGWs/unlens/injection.hdf

[global]
instruments = E1 E2 E3 C1 C2 H1 V1 L1 I1 K1
mass1_ref = 30.000000002268848
mass2_ref = 30.000000002126047
minchirp = 26.116416900796715
maxchirp = 26.116616900796714
mincov = 71905411257.09961
maxcov = 7190541125709.961
