
[data]
trigger-time = 1295843862.0849714
injection-file = /work/shashwat.singh/Prospects-of-LGWs/unlens/injection.hdf

[global]
instruments = E1 E2 E3 C1 C2 H1 V1 L1 I1 K1
mass1_ref = 30.000000003809216
mass2_ref = 30.000000003832664
minchirp = 26.116416902210045
maxchirp = 26.116616902210044
mincov = 32607058407.647846
maxcov = 3260705840764.7847
