
[data]
trigger-time = 1432977858.4705555
injection-file = /work/shashwat.singh/Prospects-of-LGWs/unlens/injection.hdf

[global]
instruments = E1 E2 E3 C1 C2 H1 V1 L1 I1 K1
mass1_ref = 30.000000009429858
mass2_ref = 30.00000000729899
minchirp = 26.116416906165377
maxchirp = 26.116616906165376
mincov = 145856557849.03973
maxcov = 14585655784903.973
