
[data]
trigger-time = 1985899729.9932394
injection-file = /work/shashwat.singh/Prospects-of-LGWs/unlens/injection.hdf

[global]
instruments = E1 E2 E3 C1 C2 H1 V1 L1 I1 K1
mass1_ref = 30.000000007299484
mass2_ref = 30.000000003803883
minchirp = 26.116416903716747
maxchirp = 26.116616903716746
mincov = 151854190688.3676
maxcov = 15185419068836.762
