
[data]
trigger-time = 1310176052.2766173
injection-file = /work/shashwat.singh/Prospects-of-LGWs/unlens/injection.hdf

[global]
instruments = E1 E2 E3 C1 C2 H1 V1 L1 I1 K1
mass1_ref = 30.000000005553943
mass2_ref = 30.00000000487179
minchirp = 26.11641690342179
maxchirp = 26.11661690342179
mincov = 156161485619.10666
maxcov = 15616148561910.666
