
[data]
trigger-time = 1441646665.6066175
injection-file = /work/shashwat.singh/Prospects-of-LGWs/unlens/injection.hdf

[global]
instruments = E1 E2 E3 C1 C2 H1 V1 L1 I1 K1
mass1_ref = 30.00000000965974
mass2_ref = 30.00000000682435
minchirp = 26.11641690605884
maxchirp = 26.11661690605884
mincov = 126710120336.51831
maxcov = 12671012033651.832
