
[data]
trigger-time = 1083825955.7306306
injection-file = /work/shashwat.singh/Prospects-of-LGWs/unlens/injection.hdf

[global]
instruments = E1 E2 E3 C1 C2 H1 V1 L1 I1 K1
mass1_ref = 30.000000002719645
mass2_ref = 30.00000000619045
minchirp = 26.11641690276207
maxchirp = 26.11661690276207
mincov = 35919637426.505135
maxcov = 3591963742650.513
