
[data]
trigger-time = 1426318943.631905
injection-file = /work/shashwat.singh/Prospects-of-LGWs/unlens/injection.hdf

[global]
instruments = E1 E2 E3 C1 C2 H1 V1 L1 I1 K1
mass1_ref = 30.000000003123215
mass2_ref = 30.00000000805887
minchirp = 26.11641690375101
maxchirp = 26.11661690375101
mincov = 35544070513.936386
maxcov = 3554407051393.638
