
[data]
trigger-time = 1687098871.817953
injection-file = /work/shashwat.singh/Prospects-of-LGWs/unlens/injection.hdf

[global]
instruments = E1 E2 E3 C1 C2 H1 V1 L1 I1 K1
mass1_ref = 30.00000000205941
mass2_ref = 30.0000000063062
minchirp = 26.116416902525067
maxchirp = 26.116616902525067
mincov = 90962994343.94093
maxcov = 9096299434394.094
