
[data]
trigger-time = 1913243011.2794166
injection-file = /work/shashwat.singh/Prospects-of-LGWs/unlens/injection.hdf

[global]
instruments = E1 E2 E3 C1 C2 H1 V1 L1 I1 K1
mass1_ref = 30.00000000265459
mass2_ref = 30.00000000077464
minchirp = 26.116416900376386
maxchirp = 26.116616900376386
mincov = 176398374948.25925
maxcov = 17639837494825.926
