
[data]
trigger-time = 1341767609.8073578
injection-file = /work/shashwat.singh/Prospects-of-LGWs/unlens/injection.hdf

[global]
instruments = E1 E2 E3 C1 C2 H1 V1 L1 I1 K1
mass1_ref = 30.000000005482857
mass2_ref = 30.000000008349215
minchirp = 26.116416904904483
maxchirp = 26.116616904904483
mincov = 37256177901.16585
maxcov = 3725617790116.585
