
[data]
trigger-time = 1948420925.0303068
injection-file = /work/shashwat.singh/Prospects-of-LGWs/unlens/injection.hdf

[global]
instruments = E1 E2 E3 C1 C2 H1 V1 L1 I1 K1
mass1_ref = 30.00000000305367
mass2_ref = 30.00000000849847
minchirp = 26.11641690391209
maxchirp = 26.11661690391209
mincov = 113597127746.52737
maxcov = 11359712774652.736
