
[data]
trigger-time = 1800288917.067626
injection-file = /work/shashwat.singh/Prospects-of-LGWs/unlens/injection.hdf

[global]
instruments = E1 E2 E3 C1 C2 H1 V1 L1 I1 K1
mass1_ref = 30.000000002922537
mass2_ref = 30.000000009869087
minchirp = 26.1164169044516
maxchirp = 26.1166169044516
mincov = 159319126477.21454
maxcov = 15931912647721.453
