
[data]
trigger-time = 1571667275.1022487
injection-file = /work/shashwat.singh/Prospects-of-LGWs/unlens/injection.hdf

[global]
instruments = E1 E2 E3 C1 C2 H1 V1 L1 I1 K1
mass1_ref = 30.00000000257515
mass2_ref = 30.000000001577902
minchirp = 26.116416900691444
maxchirp = 26.116616900691444
mincov = 159537365518.9118
maxcov = 15953736551891.182
