
[data]
trigger-time = 1513898581.1770928
injection-file = /work/shashwat.singh/Prospects-of-LGWs/unlens/injection.hdf

[global]
instruments = E1 E2 E3 C1 C2 H1 V1 L1 I1 K1
mass1_ref = 30.0000000050386
mass2_ref = 30.000000007262578
minchirp = 26.116416904238122
maxchirp = 26.11661690423812
mincov = 86642700379.47098
maxcov = 8664270037947.099
