
[data]
trigger-time = 1111973048.493221
injection-file = /work/shashwat.singh/Prospects-of-LGWs/unlens/injection.hdf

[global]
instruments = E1 E2 E3 C1 C2 H1 V1 L1 I1 K1
mass1_ref = 30.000000006125067
mass2_ref = 30.000000001170974
minchirp = 26.116416902059512
maxchirp = 26.116616902059512
mincov = 108254278135.38608
maxcov = 10825427813538.607
