
[data]
trigger-time = 1414400793.8890016
injection-file = /work/shashwat.singh/Prospects-of-LGWs/unlens/injection.hdf

[global]
instruments = E1 E2 E3 C1 C2 H1 V1 L1 I1 K1
mass1_ref = 30.00000000211438
mass2_ref = 30.000000001378098
minchirp = 26.116416900403916
maxchirp = 26.116616900403915
mincov = 96703621847.91965
maxcov = 9670362184791.965
