
[data]
trigger-time = 1483396246.7912893
injection-file = /work/shashwat.singh/Prospects-of-LGWs/unlens/injection.hdf

[global]
instruments = E1 E2 E3 C1 C2 H1 V1 L1 I1 K1
mass1_ref = 30.00000000941857
mass2_ref = 30.000000006187502
minchirp = 26.11641690567666
maxchirp = 26.11661690567666
mincov = 139553300985.49686
maxcov = 13955330098549.686
