
[data]
trigger-time = 1769595364.3879154
injection-file = /work/shashwat.singh/Prospects-of-LGWs/unlens/injection.hdf

[global]
instruments = E1 E2 E3 C1 C2 H1 V1 L1 I1 K1
mass1_ref = 30.000000000412786
mass2_ref = 30.00000000709919
minchirp = 26.116416902153503
maxchirp = 26.116616902153503
mincov = 110982621731.62785
maxcov = 11098262173162.785
