
[data]
trigger-time = 1321545711.1285279
injection-file = /work/shashwat.singh/Prospects-of-LGWs/unlens/injection.hdf

[global]
instruments = E1 E2 E3 C1 C2 H1 V1 L1 I1 K1
mass1_ref = 30.000000008741175
mass2_ref = 30.000000000323535
minchirp = 26.11641690282937
maxchirp = 26.11661690282937
mincov = 76911268358.55539
maxcov = 7691126835855.538
