
[data]
trigger-time = 1310705627.7139235
injection-file = /work/shashwat.singh/Prospects-of-LGWs/unlens/injection.hdf

[global]
instruments = E1 E2 E3 C1 C2 H1 V1 L1 I1 K1
mass1_ref = 30.000000002313172
mass2_ref = 30.00000000342749
minchirp = 26.116416901382493
maxchirp = 26.116616901382493
mincov = 8394515499.966411
maxcov = 839451549996.6411
