
[data]
trigger-time = 1096658772.3644392
injection-file = /work/shashwat.singh/Prospects-of-LGWs/unlens/injection.hdf

[global]
instruments = E1 E2 E3 C1 C2 H1 V1 L1 I1 K1
mass1_ref = 30.000000008408772
mass2_ref = 30.000000005372076
minchirp = 26.116416904882186
maxchirp = 26.116616904882186
mincov = 169567254731.81635
maxcov = 16956725473181.637
