
[data]
trigger-time = 1927525826.0764208
injection-file = /work/shashwat.singh/Prospects-of-LGWs/unlens/injection.hdf

[global]
instruments = E1 E2 E3 C1 C2 H1 V1 L1 I1 K1
mass1_ref = 30.000000005644043
mass2_ref = 30.000000001371692
minchirp = 26.1164169019375
maxchirp = 26.1166169019375
mincov = 58436676462.852135
maxcov = 5843667646285.214
