
[data]
trigger-time = 1186664750.3809183
injection-file = /work/shashwat.singh/Prospects-of-LGWs/unlens/injection.hdf

[global]
instruments = E1 E2 E3 C1 C2 H1 V1 L1 I1 K1
mass1_ref = 30.00000000226005
mass2_ref = 30.000000004170687
minchirp = 26.116416901682864
maxchirp = 26.116616901682864
mincov = 171920332203.37308
maxcov = 17192033220337.307
