
[data]
trigger-time = 1210240160.9524584
injection-file = /work/shashwat.singh/Prospects-of-LGWs/unlens/injection.hdf

[global]
instruments = E1 E2 E3 C1 C2 H1 V1 L1 I1 K1
mass1_ref = 30.000000009093693
mass2_ref = 30.000000001894875
minchirp = 26.116416903666778
maxchirp = 26.116616903666777
mincov = 134387272549.7615
maxcov = 13438727254976.15
