
[data]
trigger-time = 1066673819.6132617
injection-file = /work/shashwat.singh/Prospects-of-LGWs/unlens/injection.hdf

[global]
instruments = E1 E2 E3 C1 C2 H1 V1 L1 I1 K1
mass1_ref = 30.000000009244797
mass2_ref = 30.00000000274816
minchirp = 26.116416904103964
maxchirp = 26.116616904103964
mincov = 83692000329.99504
maxcov = 8369200032999.504
