
[data]
trigger-time = 1781450478.4076762
injection-file = /work/shashwat.singh/Prospects-of-LGWs/unlens/injection.hdf

[global]
instruments = E1 E2 E3 C1 C2 H1 V1 L1 I1 K1
mass1_ref = 30.00000000582089
mass2_ref = 30.000000008760846
minchirp = 26.116416905230793
maxchirp = 26.116616905230792
mincov = 155457018761.4236
maxcov = 15545701876142.361
