
[data]
trigger-time = 1697610393.0272107
injection-file = /work/shashwat.singh/Prospects-of-LGWs/unlens/injection.hdf

[global]
instruments = E1 E2 E3 C1 C2 H1 V1 L1 I1 K1
mass1_ref = 30.000000009284776
mass2_ref = 30.000000007404473
minchirp = 26.116416906148142
maxchirp = 26.116616906148142
mincov = 67644195858.80991
maxcov = 6764419585880.991
