
[data]
trigger-time = 1872264942.6861634
injection-file = /work/shashwat.singh/Prospects-of-LGWs/unlens/injection.hdf

[global]
instruments = E1 E2 E3 C1 C2 H1 V1 L1 I1 K1
mass1_ref = 30.000000009341626
mass2_ref = 30.00000000035759
minchirp = 26.116416903105556
maxchirp = 26.116616903105555
mincov = 153044444195.06436
maxcov = 15304444419506.436
