
[data]
trigger-time = 1742093345.2530525
injection-file = /work/shashwat.singh/Prospects-of-LGWs/unlens/injection.hdf

[global]
instruments = E1 E2 E3 C1 C2 H1 V1 L1 I1 K1
mass1_ref = 30.00000000390139
mass2_ref = 30.00000000255328
minchirp = 26.11641690169328
maxchirp = 26.11661690169328
mincov = 115073578884.5114
maxcov = 11507357888451.14
