
[data]
trigger-time = 1226650911.4594893
injection-file = /work/shashwat.singh/Prospects-of-LGWs/unlens/injection.hdf

[global]
instruments = E1 E2 E3 C1 C2 H1 V1 L1 I1 K1
mass1_ref = 30.00000000391209
mass2_ref = 30.00000000594917
minchirp = 26.116416903176088
maxchirp = 26.116616903176087
mincov = 37138638233.85102
maxcov = 3713863823385.102
