
[data]
trigger-time = 1904136286.1798625
injection-file = /work/shashwat.singh/Prospects-of-LGWs/unlens/injection.hdf

[global]
instruments = E1 E2 E3 C1 C2 H1 V1 L1 I1 K1
mass1_ref = 30.00000000120995
mass2_ref = 30.00000000295914
minchirp = 26.11641690069843
maxchirp = 26.11661690069843
mincov = 162994656080.18512
maxcov = 16299465608018.514
