
[data]
trigger-time = 1148533451.3564587
injection-file = /home/ss/Prospects-of-LGWs/unlens/injection.hdf

[global]
instruments = E1 E2 E3 C1 H1 V1 L1 I1 K1
mass1_ref = 30.000000003426432
mass2_ref = 30.000000003604853
minchirp = 26.11641690194427
maxchirp = 26.11661690194427
mincov = 2944517649.353466
maxcov = 294451764935.3466
