
[data]
trigger-time = 1750799099.3297544
injection-file = /work/shashwat.singh/Prospects-of-LGWs/unlens/injection.hdf

[global]
instruments = E1 E2 E3 C1 C2 H1 V1 L1 I1 K1
mass1_ref = 30.00000000640544
mass2_ref = 30.000000007987524
minchirp = 26.116416905148625
maxchirp = 26.116616905148625
mincov = 76111571779.42596
maxcov = 7611157177942.597
