
[data]
trigger-time = 1991927942.831081
injection-file = /work/shashwat.singh/Prospects-of-LGWs/unlens/injection.hdf

[global]
instruments = E1 E2 E3 C1 C2 H1 V1 L1 I1 K1
mass1_ref = 30.000000001628525
mass2_ref = 30.000000003059547
minchirp = 26.116416900924328
maxchirp = 26.116616900924328
mincov = 166726699917.59827
maxcov = 16672669991759.826
