
[data]
trigger-time = 1585350301.1345108
injection-file = /work/shashwat.singh/Prospects-of-LGWs/unlens/injection.hdf

[global]
instruments = E1 E2 E3 C1 C2 H1 V1 L1 I1 K1
mass1_ref = 30.00000000405358
mass2_ref = 30.000000003515083
minchirp = 26.116416902178177
maxchirp = 26.116616902178176
mincov = 51334427315.778305
maxcov = 5133442731577.831
