
[data]
trigger-time = 1183788028.5797684
injection-file = /work/shashwat.singh/Prospects-of-LGWs/unlens/injection.hdf

[global]
instruments = E1 E2 E3 C1 C2 H1 V1 L1 I1 K1
mass1_ref = 30.00000000412761
mass2_ref = 30.00000000633624
minchirp = 26.11641690343838
maxchirp = 26.11661690343838
mincov = 126659461884.11594
maxcov = 12665946188411.594
