
[data]
trigger-time = 1433701738.9173446
injection-file = /work/shashwat.singh/Prospects-of-LGWs/unlens/injection.hdf

[global]
instruments = E1 E2 E3 C1 C2 H1 V1 L1 I1 K1
mass1_ref = 30.000000009189673
mass2_ref = 30.000000003344635
minchirp = 26.116416904339598
maxchirp = 26.116616904339597
mincov = 98633643594.66745
maxcov = 9863364359466.744
