
[data]
trigger-time = 1589979377.7418594
injection-file = /work/shashwat.singh/Prospects-of-LGWs/unlens/injection.hdf

[global]
instruments = E1 E2 E3 C1 C2 H1 V1 L1 I1 K1
mass1_ref = 30.000000003902937
mass2_ref = 30.00000000749365
minchirp = 26.116416903844378
maxchirp = 26.116616903844378
mincov = 173879414765.0374
maxcov = 17387941476503.74
