
[data]
trigger-time = 1000484845.134506
injection-file = /work/shashwat.singh/Prospects-of-LGWs/unlens/injection.hdf

[global]
instruments = E1 E2 E3 C1 C2 H1 V1 L1 I1 K1
mass1_ref = 30.000000009762523
mass2_ref = 30.00000000099279
minchirp = 26.116416903565245
maxchirp = 26.116616903565244
mincov = 49676004088.68087
maxcov = 4967600408868.087
