
[data]
trigger-time = 1658268590.8099194
injection-file = /work/shashwat.singh/Prospects-of-LGWs/unlens/injection.hdf

[global]
instruments = E1 E2 E3 C1 C2 H1 V1 L1 I1 K1
mass1_ref = 30.000000005415107
mass2_ref = 30.00000000816668
minchirp = 26.116416904795543
maxchirp = 26.116616904795542
mincov = 104826001641.80003
maxcov = 10482600164180.004
