
[data]
trigger-time = 1027388390.3014493
injection-file = /work/shashwat.singh/Prospects-of-LGWs/unlens/injection.hdf

[global]
instruments = E1 E2 E3 C1 C2 H1 V1 L1 I1 K1
mass1_ref = 30.000000005279
mass2_ref = 30.00000000384026
minchirp = 26.116416902853114
maxchirp = 26.116616902853114
mincov = 161863488217.46338
maxcov = 16186348821746.338
