
[data]
trigger-time = 1988537742.0806322
injection-file = /work/shashwat.singh/Prospects-of-LGWs/unlens/injection.hdf

[global]
instruments = E1 E2 E3 C1 C2 H1 V1 L1 I1 K1
mass1_ref = 30.00000000277718
mass2_ref = 30.000000002061153
minchirp = 26.11641690098973
maxchirp = 26.11661690098973
mincov = 152815818826.53497
maxcov = 15281581882653.496
