
[data]
trigger-time = 1963165815.2261977
injection-file = /work/shashwat.singh/Prospects-of-LGWs/unlens/injection.hdf

[global]
instruments = E1 E2 E3 C1 C2 H1 V1 L1 I1 K1
mass1_ref = 30.00000000772449
mass2_ref = 30.000000008320647
minchirp = 26.116416905867776
maxchirp = 26.116616905867776
mincov = 28152088408.077545
maxcov = 2815208840807.7544
