
[data]
trigger-time = 1580962526.9002151
injection-file = /work/shashwat.singh/Prospects-of-LGWs/unlens/injection.hdf

[global]
instruments = E1 E2 E3 C1 C2 H1 V1 L1 I1 K1
mass1_ref = 30.000000007930687
mass2_ref = 30.000000007177086
minchirp = 26.116416905459765
maxchirp = 26.116616905459765
mincov = 126816683440.91411
maxcov = 12681668344091.41
