
[data]
trigger-time = 1851260587.3679237
injection-file = /work/shashwat.singh/Prospects-of-LGWs/unlens/injection.hdf

[global]
instruments = E1 E2 E3 C1 C2 H1 V1 L1 I1 K1
mass1_ref = 30.000000002812147
mass2_ref = 30.000000009070067
minchirp = 26.116416904055757
maxchirp = 26.116616904055757
mincov = 33067797213.95883
maxcov = 3306779721395.8833
