
[data]
trigger-time = 1734882022.0007012
injection-file = /work/shashwat.singh/Prospects-of-LGWs/unlens/injection.hdf

[global]
instruments = E1 E2 E3 C1 C2 H1 V1 L1 I1 K1
mass1_ref = 30.00000000862254
mass2_ref = 30.0000000085745
minchirp = 26.11641690636917
maxchirp = 26.11661690636917
mincov = 175590583602.5709
maxcov = 17559058360257.09
