
[data]
trigger-time = 1386166993.0506892
injection-file = /work/shashwat.singh/Prospects-of-LGWs/unlens/injection.hdf

[global]
instruments = E1 E2 E3 C1 C2 H1 V1 L1 I1 K1
mass1_ref = 30.000000005317318
mass2_ref = 30.000000008532655
minchirp = 26.116416904912278
maxchirp = 26.116616904912277
mincov = 91358911080.18771
maxcov = 9135891108018.771
