
[data]
trigger-time = 1799109689.9875026
injection-file = /work/shashwat.singh/Prospects-of-LGWs/unlens/injection.hdf

[global]
instruments = E1 E2 E3 C1 C2 H1 V1 L1 I1 K1
mass1_ref = 30.000000005267815
mass2_ref = 30.000000004307328
minchirp = 26.116416903051547
maxchirp = 26.116616903051547
mincov = 42664750803.879135
maxcov = 4266475080387.914
