
[data]
trigger-time = 1210102555.0015626
injection-file = /work/shashwat.singh/Prospects-of-LGWs/unlens/injection.hdf

[global]
instruments = E1 E2 E3 C1 C2 H1 V1 L1 I1 K1
mass1_ref = 30.000000007535895
mass2_ref = 30.00000000673166
minchirp = 26.116416905094038
maxchirp = 26.116616905094038
mincov = 59557732998.18099
maxcov = 5955773299818.1
