
[data]
trigger-time = 1965275732.9289613
injection-file = /work/shashwat.singh/Prospects-of-LGWs/unlens/injection.hdf

[global]
instruments = E1 E2 E3 C1 C2 H1 V1 L1 I1 K1
mass1_ref = 30.000000009676775
mass2_ref = 30.00000000517211
minchirp = 26.116416905347076
maxchirp = 26.116616905347076
mincov = 18000542034.37317
maxcov = 1800054203437.317
