
[data]
trigger-time = 1232239536.60142
injection-file = /work/shashwat.singh/Prospects-of-LGWs/unlens/injection.hdf

[global]
instruments = E1 E2 E3 C1 C2 H1 V1 L1 I1 K1
mass1_ref = 30.00000000401998
mass2_ref = 30.000000000897806
minchirp = 26.116416901024316
maxchirp = 26.116616901024315
mincov = 65162995727.570496
maxcov = 6516299572757.05
