
[data]
trigger-time = 1159700739.013856
injection-file = /work/shashwat.singh/Prospects-of-LGWs/unlens/injection.hdf

[global]
instruments = E1 E2 E3 C1 C2 H1 V1 L1 I1 K1
mass1_ref = 30.000000000496108
mass2_ref = 30.000000002766978
minchirp = 26.116416900304067
maxchirp = 26.116616900304066
mincov = 5651764.452979504
maxcov = 565176445.2979504
