
[data]
trigger-time = 1150338031.8200989
injection-file = /work/shashwat.singh/Prospects-of-LGWs/unlens/injection.hdf

[global]
instruments = E1 E2 E3 C1 C2 H1 V1 L1 I1 K1
mass1_ref = 30.000000003419565
mass2_ref = 30.00000000455013
minchirp = 26.116416902352736
maxchirp = 26.116616902352735
mincov = 124855270010.33533
maxcov = 12485527001033.533
