
[data]
trigger-time = 1157827854.0356727
injection-file = /work/shashwat.singh/Prospects-of-LGWs/unlens/injection.hdf

[global]
instruments = E1 E2 E3 C1 C2 H1 V1 L1 I1 K1
mass1_ref = 30.00000000790151
mass2_ref = 30.000000000148358
minchirp = 26.11641690238763
maxchirp = 26.11661690238763
mincov = 178822741724.3679
maxcov = 17882274172436.79
