
[data]
trigger-time = 1133752811.454225
injection-file = /work/shashwat.singh/Prospects-of-LGWs/unlens/injection.hdf

[global]
instruments = E1 E2 E3 C1 C2 H1 V1 L1 I1 K1
mass1_ref = 30.000000009655146
mass2_ref = 30.000000001510365
minchirp = 26.116416903743794
maxchirp = 26.116616903743793
mincov = 24803555337.177177
maxcov = 2480355533717.718
