
[data]
trigger-time = 1478876869.0455866
injection-file = /work/shashwat.singh/Prospects-of-LGWs/unlens/injection.hdf

[global]
instruments = E1 E2 E3 C1 C2 H1 V1 L1 I1 K1
mass1_ref = 30.000000008316906
mass2_ref = 30.000000002823096
minchirp = 26.11641690373269
maxchirp = 26.11661690373269
mincov = 143803943402.98404
maxcov = 14380394340298.402
