
[data]
trigger-time = 1564619055.8105402
injection-file = /work/shashwat.singh/Prospects-of-LGWs/unlens/injection.hdf

[global]
instruments = E1 E2 E3 C1 C2 H1 V1 L1 I1 K1
mass1_ref = 30.00000000941589
mass2_ref = 30.000000009249778
minchirp = 26.11641690700843
maxchirp = 26.116616907008428
mincov = 49957001680.0735
maxcov = 4995700168007.351
