
[data]
trigger-time = 1180690056.010881
injection-file = /work/shashwat.singh/Prospects-of-LGWs/unlens/injection.hdf

[global]
instruments = E1 E2 E3 C1 C2 H1 V1 L1 I1 K1
mass1_ref = 30.000000008366037
mass2_ref = 30.00000000504875
minchirp = 26.11641690472285
maxchirp = 26.11661690472285
mincov = 142117598268.40546
maxcov = 14211759826840.545
