
[data]
trigger-time = 1351021368.1268096
injection-file = /work/shashwat.singh/Prospects-of-LGWs/unlens/injection.hdf

[global]
instruments = E1 E2 E3 C1 C2 H1 V1 L1 I1 K1
mass1_ref = 30.000000000698364
mass2_ref = 30.00000000364546
minchirp = 26.116416900774485
maxchirp = 26.116616900774485
mincov = 94223699956.82155
maxcov = 9422369995682.154
