
[data]
trigger-time = 1505324299.9090579
injection-file = /work/shashwat.singh/Prospects-of-LGWs/unlens/injection.hdf

[global]
instruments = E1 E2 E3 C1 C2 H1 V1 L1 I1 K1
mass1_ref = 30.000000005754313
mass2_ref = 30.000000004692026
minchirp = 26.116416903430757
maxchirp = 26.116616903430756
mincov = 61296155209.11892
maxcov = 6129615520911.893
