
[data]
trigger-time = 1398385797.2354534
injection-file = /work/shashwat.singh/Prospects-of-LGWs/unlens/injection.hdf

[global]
instruments = E1 E2 E3 C1 C2 H1 V1 L1 I1 K1
mass1_ref = 30.00000000103107
mass2_ref = 30.000000004243134
minchirp = 26.116416901179456
maxchirp = 26.116616901179455
mincov = 84376056305.02226
maxcov = 8437605630502.227
