
[data]
trigger-time = 1225613210.019548
injection-file = /work/shashwat.singh/Prospects-of-LGWs/unlens/injection.hdf

[global]
instruments = E1 E2 E3 C1 C2 H1 V1 L1 I1 K1
mass1_ref = 30.0000000000501
mass2_ref = 30.00000000609927
minchirp = 26.11641690156039
maxchirp = 26.11661690156039
mincov = 179520579107.66803
maxcov = 17952057910766.805
