
[data]
trigger-time = 1993203567.794899
injection-file = /work/shashwat.singh/Prospects-of-LGWs/unlens/injection.hdf

[global]
instruments = E1 E2 E3 C1 C2 H1 V1 L1 I1 K1
mass1_ref = 30.000000007203486
mass2_ref = 30.000000003053117
minchirp = 26.11641690334817
maxchirp = 26.11661690334817
mincov = 70098217469.1336
maxcov = 7009821746913.36
