
[data]
trigger-time = 1871178904.6282072
injection-file = /work/shashwat.singh/Prospects-of-LGWs/unlens/injection.hdf

[global]
instruments = E1 E2 E3 C1 C2 H1 V1 L1 I1 K1
mass1_ref = 30.00000000856012
mass2_ref = 30.00000000061865
minchirp = 26.116416902879017
maxchirp = 26.116616902879016
mincov = 157695173448.45752
maxcov = 15769517344845.752
