
[data]
trigger-time = 1524492798.5243564
injection-file = /work/shashwat.singh/Prospects-of-LGWs/unlens/injection.hdf

[global]
instruments = E1 E2 E3 C1 C2 H1 V1 L1 I1 K1
mass1_ref = 30.000000005555954
mass2_ref = 30.000000003331618
minchirp = 26.116416902752267
maxchirp = 26.116616902752266
mincov = 15496760668.858664
maxcov = 1549676066885.8665
