
[data]
trigger-time = 1433168894.7929168
injection-file = /work/shashwat.singh/Prospects-of-LGWs/unlens/injection.hdf

[global]
instruments = E1 E2 E3 C1 C2 H1 V1 L1 I1 K1
mass1_ref = 30.000000004288452
mass2_ref = 30.00000000777953
minchirp = 26.11641690413662
maxchirp = 26.11661690413662
mincov = 86187126230.0386
maxcov = 8618712623003.859
