
[data]
trigger-time = 1334179087.5829215
injection-file = /work/shashwat.singh/Prospects-of-LGWs/unlens/injection.hdf

[global]
instruments = E1 E2 E3 C1 C2 H1 V1 L1 I1 K1
mass1_ref = 30.00000000976305
mass2_ref = 30.000000002936044
minchirp = 26.116416904411327
maxchirp = 26.116616904411327
mincov = 174085793996.66293
maxcov = 17408579399666.293
