
[data]
trigger-time = 1807429414.2763143
injection-file = /work/shashwat.singh/Prospects-of-LGWs/unlens/injection.hdf

[global]
instruments = E1 E2 E3 C1 C2 H1 V1 L1 I1 K1
mass1_ref = 30.000000002052214
mass2_ref = 30.00000000074944
minchirp = 26.116416900103214
maxchirp = 26.116616900103214
mincov = 137822816254.00287
maxcov = 13782281625400.285
