
[data]
trigger-time = 1890628373.6332006
injection-file = /work/shashwat.singh/Prospects-of-LGWs/unlens/injection.hdf

[global]
instruments = E1 E2 E3 C1 C2 H1 V1 L1 I1 K1
mass1_ref = 30.000000004591943
mass2_ref = 30.000000003023203
minchirp = 26.11641690219841
maxchirp = 26.11661690219841
mincov = 28692618762.33899
maxcov = 2869261876233.899
