
[data]
trigger-time = 1609237774.049645
injection-file = /work/shashwat.singh/Prospects-of-LGWs/unlens/injection.hdf

[global]
instruments = E1 E2 E3 C1 C2 H1 V1 L1 I1 K1
mass1_ref = 30.00000000137496
mass2_ref = 30.00000000490378
minchirp = 26.116416901616702
maxchirp = 26.116616901616702
mincov = 82436933011.31625
maxcov = 8243693301131.626
