
[data]
trigger-time = 1658503656.462192
injection-file = /work/shashwat.singh/Prospects-of-LGWs/unlens/injection.hdf

[global]
instruments = E1 E2 E3 C1 C2 H1 V1 L1 I1 K1
mass1_ref = 30.000000006240075
mass2_ref = 30.000000000266642
minchirp = 26.116416901715937
maxchirp = 26.116616901715936
mincov = 6115869302.930116
maxcov = 611586930293.0116
