
[data]
trigger-time = 1622502497.3823564
injection-file = /work/shashwat.singh/Prospects-of-LGWs/unlens/injection.hdf

[global]
instruments = E1 E2 E3 C1 C2 H1 V1 L1 I1 K1
mass1_ref = 30.000000002405407
mass2_ref = 30.00000000363335
minchirp = 26.11641690151225
maxchirp = 26.11661690151225
mincov = 105230883668.68716
maxcov = 10523088366868.715
