
[data]
trigger-time = 1392717298.853377
injection-file = /work/shashwat.singh/Prospects-of-LGWs/unlens/injection.hdf

[global]
instruments = E1 E2 E3 C1 C2 H1 V1 L1 I1 K1
mass1_ref = 30.0000000097702
mass2_ref = 30.00000000310185
minchirp = 26.11641690448661
maxchirp = 26.11661690448661
mincov = 25094938922.058662
maxcov = 2509493892205.866
