
[data]
trigger-time = 1725569058.3394732
injection-file = /work/shashwat.singh/Prospects-of-LGWs/unlens/injection.hdf

[global]
instruments = E1 E2 E3 C1 C2 H1 V1 L1 I1 K1
mass1_ref = 30.00000000531502
mass2_ref = 30.00000000969685
minchirp = 26.11641690541802
maxchirp = 26.11661690541802
mincov = 146210276704.51337
maxcov = 14621027670451.338
