
[data]
trigger-time = 1745099247.118421
injection-file = /work/shashwat.singh/Prospects-of-LGWs/unlens/injection.hdf

[global]
instruments = E1 E2 E3 C1 C2 H1 V1 L1 I1 K1
mass1_ref = 30.00000000263923
mass2_ref = 30.00000000872719
minchirp = 26.116416903831247
maxchirp = 26.116616903831247
mincov = 42400369319.60729
maxcov = 4240036931960.7295
