
[data]
trigger-time = 1176633731.6746223
injection-file = /work/shashwat.singh/Prospects-of-LGWs/unlens/injection.hdf

[global]
instruments = E1 E2 E3 C1 C2 H1 V1 L1 I1 K1
mass1_ref = 30.00000000021432
mass2_ref = 30.00000000049856
minchirp = 26.11641689919402
maxchirp = 26.11661689919402
mincov = 113971157322.52136
maxcov = 11397115732252.137
