
[data]
trigger-time = 1679021735.2812538
injection-file = /work/shashwat.singh/Prospects-of-LGWs/unlens/injection.hdf

[global]
instruments = E1 E2 E3 C1 C2 H1 V1 L1 I1 K1
mass1_ref = 30.00000000286519
mass2_ref = 30.00000000507469
minchirp = 26.116416902339758
maxchirp = 26.116616902339757
mincov = 60524494990.21879
maxcov = 6052449499021.879
