
[data]
trigger-time = 1023811811.1144857
injection-file = /work/shashwat.singh/Prospects-of-LGWs/unlens/injection.hdf

[global]
instruments = E1 E2 E3 C1 C2 H1 V1 L1 I1 K1
mass1_ref = 30.00000000066295
mass2_ref = 30.000000000411102
minchirp = 26.116416899351233
maxchirp = 26.116616899351232
mincov = 146425439293.19867
maxcov = 14642543929319.865
