
[data]
trigger-time = 1798757878.469452
injection-file = /work/shashwat.singh/Prospects-of-LGWs/unlens/injection.hdf

[global]
instruments = E1 E2 E3 C1 C2 H1 V1 L1 I1 K1
mass1_ref = 30.00000000108412
mass2_ref = 30.000000001721922
minchirp = 26.116416900105126
maxchirp = 26.116616900105125
mincov = 125005600.75590797
maxcov = 12500560075.590797
