
[data]
trigger-time = 1912023103.8541222
injection-file = /work/shashwat.singh/Prospects-of-LGWs/unlens/injection.hdf

[global]
instruments = E1 E2 E3 C1 C2 H1 V1 L1 I1 K1
mass1_ref = 30.000000005000782
mass2_ref = 30.000000007609284
minchirp = 26.116416904372574
maxchirp = 26.116616904372574
mincov = 160081318366.13837
maxcov = 16008131836613.836
