
[data]
trigger-time = 1241513001.7494278
injection-file = /work/shashwat.singh/Prospects-of-LGWs/unlens/injection.hdf

[global]
instruments = E1 E2 E3 C1 C2 H1 V1 L1 I1 K1
mass1_ref = 30.00000000680068
mass2_ref = 30.000000007407767
minchirp = 26.11641690506831
maxchirp = 26.11661690506831
mincov = 169034926706.84125
maxcov = 16903492670684.123
