
[data]
trigger-time = 1267188031.089452
injection-file = /work/shashwat.singh/Prospects-of-LGWs/unlens/injection.hdf

[global]
instruments = E1 E2 E3 C1 C2 H1 V1 L1 I1 K1
mass1_ref = 30.00000000182665
mass2_ref = 30.000000006224038
minchirp = 26.11641690238799
maxchirp = 26.11661690238799
mincov = 50945797333.90312
maxcov = 5094579733390.3125
