
[data]
trigger-time = 1526795573.175846
injection-file = /work/shashwat.singh/Prospects-of-LGWs/unlens/injection.hdf

[global]
instruments = E1 E2 E3 C1 C2 H1 V1 L1 I1 K1
mass1_ref = 30.00000000227233
mass2_ref = 30.000000002733817
minchirp = 26.116416901062777
maxchirp = 26.116616901062777
mincov = 58830848876.95107
maxcov = 5883084887695.107
