
[data]
trigger-time = 1040229169.0693597
injection-file = /work/shashwat.singh/Prospects-of-LGWs/unlens/injection.hdf

[global]
instruments = E1 E2 E3 C1 C2 H1 V1 L1 I1 K1
mass1_ref = 30.000000009350014
mass2_ref = 30.00000000977525
minchirp = 26.116416907208478
maxchirp = 26.116616907208478
mincov = 66645961837.45442
maxcov = 6664596183745.441
