
[data]
trigger-time = 1022700134.7659488
injection-file = /work/shashwat.singh/Prospects-of-LGWs/unlens/injection.hdf

[global]
instruments = E1 E2 E3 C1 C2 H1 V1 L1 I1 K1
mass1_ref = 30.000000009328883
mass2_ref = 30.000000000285368
minchirp = 26.116416903068572
maxchirp = 26.11661690306857
mincov = 89325095226.77959
maxcov = 8932509522677.959
