
[data]
trigger-time = 1257063847.7590232
injection-file = /work/shashwat.singh/Prospects-of-LGWs/unlens/injection.hdf

[global]
instruments = E1 E2 E3 C1 C2 H1 V1 L1 I1 K1
mass1_ref = 30.000000000931532
mass2_ref = 30.0000000058143
minchirp = 26.11641690182002
maxchirp = 26.11661690182002
mincov = 20953290561.248665
maxcov = 2095329056124.8667
