
[data]
trigger-time = 1389978364.2567155
injection-file = /work/shashwat.singh/Prospects-of-LGWs/unlens/injection.hdf

[global]
instruments = E1 E2 E3 C1 C2 H1 V1 L1 I1 K1
mass1_ref = 30.000000006481713
mass2_ref = 30.000000000679073
minchirp = 26.116416902000637
maxchirp = 26.116616902000636
mincov = 138568128363.38956
maxcov = 13856812836338.955
