
[data]
trigger-time = 1687980394.337465
injection-file = /work/shashwat.singh/Prospects-of-LGWs/unlens/injection.hdf

[global]
instruments = E1 E2 E3 C1 C2 H1 V1 L1 I1 K1
mass1_ref = 30.00000000063805
mass2_ref = 30.000000003863175
minchirp = 26.116416900842996
maxchirp = 26.116616900842995
mincov = 136404830053.87991
maxcov = 13640483005387.99
