
[data]
trigger-time = 1760692988.9657066
injection-file = /work/shashwat.singh/Prospects-of-LGWs/unlens/injection.hdf

[global]
instruments = E1 E2 E3 C1 C2 H1 V1 L1 I1 K1
mass1_ref = 30.00000000516697
mass2_ref = 30.00000000819886
minchirp = 26.11641690470154
maxchirp = 26.11661690470154
mincov = 131513499449.07256
maxcov = 13151349944907.256
