
[data]
trigger-time = 1879348632.60118
injection-file = /work/shashwat.singh/Prospects-of-LGWs/unlens/injection.hdf

[global]
instruments = E1 E2 E3 C1 C2 H1 V1 L1 I1 K1
mass1_ref = 30.00000000781571
mass2_ref = 30.000000000868106
minchirp = 26.116416902663577
maxchirp = 26.116616902663576
mincov = 59850975175.88312
maxcov = 5985097517588.312
