
[data]
trigger-time = 1568699962.2482185
injection-file = /work/shashwat.singh/Prospects-of-LGWs/unlens/injection.hdf

[global]
instruments = E1 E2 E3 C1 C2 H1 V1 L1 I1 K1
mass1_ref = 30.000000004468742
mass2_ref = 30.000000001149232
minchirp = 26.116416901329092
maxchirp = 26.116616901329092
mincov = 60570825384.78389
maxcov = 6057082538478.389
