
[data]
trigger-time = 1042077134.629068
injection-file = /work/shashwat.singh/Prospects-of-LGWs/unlens/injection.hdf

[global]
instruments = E1 E2 E3 C1 C2 H1 V1 L1 I1 K1
mass1_ref = 30.00000000144017
mass2_ref = 30.000000002791374
minchirp = 26.11641690072561
maxchirp = 26.11661690072561
mincov = 175655207438.50458
maxcov = 17565520743850.459
