
[data]
trigger-time = 1248612507.8027694
injection-file = /home/ss/Prospects-of-LGWs/unlens/injection.hdf

[global]
instruments = E1 E2 E3 C1 H1 V1 L1 I1 K1
mass1_ref = 30.000000006014403
mass2_ref = 30.000000004772208
minchirp = 26.11641690357887
maxchirp = 26.11661690357887
mincov = 9420225660.686792
maxcov = 942022566068.6792
