
[data]
trigger-time = 1232808528.2110257
injection-file = /work/shashwat.singh/Prospects-of-LGWs/unlens/injection.hdf

[global]
instruments = E1 E2 E3 C1 C2 H1 V1 L1 I1 K1
mass1_ref = 30.00000000595938
mass2_ref = 30.000000006916792
minchirp = 26.116416904488403
maxchirp = 26.116616904488403
mincov = 45145129083.914246
maxcov = 4514512908391.425
