
[data]
trigger-time = 1703040673.4838853
injection-file = /work/shashwat.singh/Prospects-of-LGWs/unlens/injection.hdf

[global]
instruments = E1 E2 E3 C1 C2 H1 V1 L1 I1 K1
mass1_ref = 30.00000000229454
mass2_ref = 30.000000009848975
minchirp = 26.116416904169498
maxchirp = 26.116616904169497
mincov = 41126265168.02279
maxcov = 4112626516802.2793
