
[data]
trigger-time = 1349624487.3298492
injection-file = /work/shashwat.singh/Prospects-of-LGWs/unlens/injection.hdf

[global]
instruments = E1 E2 E3 C1 C2 H1 V1 L1 I1 K1
mass1_ref = 30.000000004629747
mass2_ref = 30.000000005019228
minchirp = 26.11641690308368
maxchirp = 26.11661690308368
mincov = 161807832928.24408
maxcov = 16180783292824.406
