
[data]
trigger-time = 1099693857.0085201
injection-file = /work/shashwat.singh/Prospects-of-LGWs/unlens/injection.hdf

[global]
instruments = E1 E2 E3 C1 C2 H1 V1 L1 I1 K1
mass1_ref = 30.000000005679812
mass2_ref = 30.00000000777802
minchirp = 26.116416904741588
maxchirp = 26.116616904741587
mincov = 24436368649.500053
maxcov = 2443636864950.0054
