
[data]
trigger-time = 1990551222.3544111
injection-file = /work/shashwat.singh/Prospects-of-LGWs/unlens/injection.hdf

[global]
instruments = E1 E2 E3 C1 C2 H1 V1 L1 I1 K1
mass1_ref = 30.00000000616108
mass2_ref = 30.000000002506315
minchirp = 26.11641690265643
maxchirp = 26.11661690265643
mincov = 778833372.4449363
maxcov = 77883337244.49362
