
[data]
trigger-time = 1899682528.424384
injection-file = /work/shashwat.singh/Prospects-of-LGWs/unlens/injection.hdf

[global]
instruments = E1 E2 E3 C1 C2 H1 V1 L1 I1 K1
mass1_ref = 30.00000000982467
mass2_ref = 30.00000000309329
minchirp = 26.116416904506593
maxchirp = 26.116616904506593
mincov = 68485648107.12224
maxcov = 6848564810712.225
