
[data]
trigger-time = 1295886575.9720354
injection-file = /work/shashwat.singh/Prospects-of-LGWs/unlens/injection.hdf

[global]
instruments = E1 E2 E3 C1 C2 H1 V1 L1 I1 K1
mass1_ref = 30.000000002992042
mass2_ref = 30.00000000803604
minchirp = 26.116416903683977
maxchirp = 26.116616903683976
mincov = 126796101133.07942
maxcov = 12679610113307.941
