
[data]
trigger-time = 1600992603.1319227
injection-file = /work/shashwat.singh/Prospects-of-LGWs/unlens/injection.hdf

[global]
instruments = E1 E2 E3 C1 C2 H1 V1 L1 I1 K1
mass1_ref = 30.00000000117274
mass2_ref = 30.000000009161166
minchirp = 26.11641690338182
maxchirp = 26.116616903381818
mincov = 63494230327.69446
maxcov = 6349423032769.445
