
[data]
trigger-time = 1323501691.204487
injection-file = /work/shashwat.singh/Prospects-of-LGWs/unlens/injection.hdf

[global]
instruments = E1 E2 E3 C1 C2 H1 V1 L1 I1 K1
mass1_ref = 30.000000004385818
mass2_ref = 30.00000000775586
minchirp = 26.116416904168698
maxchirp = 26.116616904168698
mincov = 140891348532.11304
maxcov = 14089134853211.305
