
[data]
trigger-time = 1550522134.8960118
injection-file = /work/shashwat.singh/Prospects-of-LGWs/unlens/injection.hdf

[global]
instruments = E1 E2 E3 C1 C2 H1 V1 L1 I1 K1
mass1_ref = 30.00000000083561
mass2_ref = 30.000000001084572
minchirp = 26.116416899719532
maxchirp = 26.11661689971953
mincov = 90176852802.1736
maxcov = 9017685280217.36
