
[data]
trigger-time = 1028249723.0457304
injection-file = /work/shashwat.singh/Prospects-of-LGWs/unlens/injection.hdf

[global]
instruments = E1 E2 E3 C1 C2 H1 V1 L1 I1 K1
mass1_ref = 30.00000000006632
mass2_ref = 30.000000006150096
minchirp = 26.116416901589577
maxchirp = 26.116616901589577
mincov = 46932976839.47849
maxcov = 4693297683947.85
