
[data]
trigger-time = 1093313716.171957
injection-file = /work/shashwat.singh/Prospects-of-LGWs/unlens/injection.hdf

[global]
instruments = E1 E2 E3 C1 C2 H1 V1 L1 I1 K1
mass1_ref = 30.000000009362413
mass2_ref = 30.000000002693557
minchirp = 26.11641690413139
maxchirp = 26.11661690413139
mincov = 132267265919.66145
maxcov = 13226726591966.145
