
[data]
trigger-time = 1407515562.2861602
injection-file = /work/shashwat.singh/Prospects-of-LGWs/unlens/injection.hdf

[global]
instruments = E1 E2 E3 C1 C2 H1 V1 L1 I1 K1
mass1_ref = 30.000000006360835
mass2_ref = 30.00000000677133
minchirp = 26.11641690459983
maxchirp = 26.11661690459983
mincov = 48663542665.95764
maxcov = 4866354266595.764
