
[data]
trigger-time = 1844274232.8890967
injection-file = /work/shashwat.singh/Prospects-of-LGWs/unlens/injection.hdf

[global]
instruments = E1 E2 E3 C1 C2 H1 V1 L1 I1 K1
mass1_ref = 30.000000007485784
mass2_ref = 30.00000000306414
minchirp = 26.116416903475844
maxchirp = 26.116616903475844
mincov = 23500865790.146866
maxcov = 2350086579014.6865
