
[data]
trigger-time = 1653632624.455258
injection-file = /work/shashwat.singh/Prospects-of-LGWs/unlens/injection.hdf

[global]
instruments = E1 E2 E3 C1 C2 H1 V1 L1 I1 K1
mass1_ref = 30.00000000398306
mass2_ref = 30.000000003153247
minchirp = 26.116416901989982
maxchirp = 26.116616901989982
mincov = 178176179790.20978
maxcov = 17817617979020.98
