
[data]
trigger-time = 1756940451.0213375
injection-file = /work/shashwat.singh/Prospects-of-LGWs/unlens/injection.hdf

[global]
instruments = E1 E2 E3 C1 C2 H1 V1 L1 I1 K1
mass1_ref = 30.00000000677627
mass2_ref = 30.000000008863722
minchirp = 26.116416905691427
maxchirp = 26.116616905691426
mincov = 5193977427.131683
maxcov = 519397742713.16833
