
[data]
trigger-time = 1311201638.0753856
injection-file = /work/shashwat.singh/Prospects-of-LGWs/unlens/injection.hdf

[global]
instruments = E1 E2 E3 C1 C2 H1 V1 L1 I1 K1
mass1_ref = 30.000000006005397
mass2_ref = 30.000000001732655
minchirp = 26.116416902251906
maxchirp = 26.116616902251906
mincov = 159565795071.42828
maxcov = 15956579507142.828
