
[data]
trigger-time = 1437982269.3456414
injection-file = /work/shashwat.singh/Prospects-of-LGWs/unlens/injection.hdf

[global]
instruments = E1 E2 E3 C1 C2 H1 V1 L1 I1 K1
mass1_ref = 30.000000002668315
mass2_ref = 30.00000000752899
minchirp = 26.11641690332236
maxchirp = 26.11661690332236
mincov = 138683512471.19794
maxcov = 13868351247119.795
