
[data]
trigger-time = 1143769670.8176122
injection-file = /work/shashwat.singh/Prospects-of-LGWs/unlens/injection.hdf

[global]
instruments = E1 E2 E3 C1 C2 H1 V1 L1 I1 K1
mass1_ref = 30.000000000837154
mass2_ref = 30.000000007745673
minchirp = 26.11641690261962
maxchirp = 26.11661690261962
mincov = 64804883624.67562
maxcov = 6480488362467.5625
