
[data]
trigger-time = 1619392570.9118268
injection-file = /work/shashwat.singh/Prospects-of-LGWs/unlens/injection.hdf

[global]
instruments = E1 E2 E3 C1 C2 H1 V1 L1 I1 K1
mass1_ref = 30.00000000394161
mass2_ref = 30.00000000906927
minchirp = 26.11641690454704
maxchirp = 26.11661690454704
mincov = 54332083485.988
maxcov = 5433208348598.8
