
[data]
trigger-time = 1053589394.7973454
injection-file = /work/shashwat.singh/Prospects-of-LGWs/unlens/injection.hdf

[global]
instruments = E1 E2 E3 C1 C2 H1 V1 L1 I1 K1
mass1_ref = 30.00000000885393
mass2_ref = 30.000000005065694
minchirp = 26.116416904942593
maxchirp = 26.116616904942592
mincov = 3104327500.156222
maxcov = 310432750015.6222
