
[data]
trigger-time = 1728620542.9221787
injection-file = /work/shashwat.singh/Prospects-of-LGWs/unlens/injection.hdf

[global]
instruments = E1 E2 E3 C1 C2 H1 V1 L1 I1 K1
mass1_ref = 30.000000000531152
mass2_ref = 30.000000002810264
minchirp = 26.116416900338162
maxchirp = 26.116616900338162
mincov = 10413792587.471972
maxcov = 1041379258747.1971
