
[data]
trigger-time = 1423727016.3426356
injection-file = /work/shashwat.singh/Prospects-of-LGWs/unlens/injection.hdf

[global]
instruments = E1 E2 E3 C1 C2 H1 V1 L1 I1 K1
mass1_ref = 30.00000000191808
mass2_ref = 30.00000000350251
minchirp = 26.116416901243177
maxchirp = 26.116616901243177
mincov = 14821108374.006302
maxcov = 1482110837400.6301
