
[data]
trigger-time = 1389193022.2089224
injection-file = /work/shashwat.singh/Prospects-of-LGWs/unlens/injection.hdf

[global]
instruments = E1 E2 E3 C1 C2 H1 V1 L1 I1 K1
mass1_ref = 30.000000006134336
mass2_ref = 30.000000004247855
minchirp = 26.116416903402836
maxchirp = 26.116616903402836
mincov = 55060021628.60233
maxcov = 5506002162860.233
