
[data]
trigger-time = 1190303552.8711305
injection-file = /work/shashwat.singh/Prospects-of-LGWs/unlens/injection.hdf

[global]
instruments = E1 E2 E3 C1 C2 H1 V1 L1 I1 K1
mass1_ref = 30.00000000291856
mass2_ref = 30.000000004178943
minchirp = 26.116416901973093
maxchirp = 26.116616901973092
mincov = 104458684788.6427
maxcov = 10445868478864.27
