
[data]
trigger-time = 1468972717.108697
injection-file = /work/shashwat.singh/Prospects-of-LGWs/unlens/injection.hdf

[global]
instruments = E1 E2 E3 C1 C2 H1 V1 L1 I1 K1
mass1_ref = 30.0000000018155
mass2_ref = 30.000000004190163
minchirp = 26.11641690149784
maxchirp = 26.11661690149784
mincov = 162387496372.72906
maxcov = 16238749637272.906
