
[data]
trigger-time = 1089981034.9526517
injection-file = /work/shashwat.singh/Prospects-of-LGWs/unlens/injection.hdf

[global]
instruments = E1 E2 E3 C1 C2 H1 V1 L1 I1 K1
mass1_ref = 30.000000007243433
mass2_ref = 30.000000000269115
minchirp = 26.11641690215375
maxchirp = 26.116616902153748
mincov = 39315357789.9871
maxcov = 3931535778998.71
