
[data]
trigger-time = 1247333864.2054083
injection-file = /work/shashwat.singh/Prospects-of-LGWs/unlens/injection.hdf

[global]
instruments = E1 E2 E3 C1 C2 H1 V1 L1 I1 K1
mass1_ref = 30.000000000499362
mass2_ref = 30.000000004535003
minchirp = 26.11641690107506
maxchirp = 26.11661690107506
mincov = 96436338633.60123
maxcov = 9643633863360.121
