
[data]
trigger-time = 1615281448.3117857
injection-file = /work/shashwat.singh/Prospects-of-LGWs/unlens/injection.hdf

[global]
instruments = E1 E2 E3 C1 C2 H1 V1 L1 I1 K1
mass1_ref = 30.000000007652552
mass2_ref = 30.00000000399187
minchirp = 26.116416903952253
maxchirp = 26.116616903952252
mincov = 123641355144.45244
maxcov = 12364135514445.244
