
[data]
trigger-time = 1967511571.5553207
injection-file = /work/shashwat.singh/Prospects-of-LGWs/unlens/injection.hdf

[global]
instruments = E1 E2 E3 C1 C2 H1 V1 L1 I1 K1
mass1_ref = 30.000000001584805
mass2_ref = 30.00000000021339
minchirp = 26.116416899666437
maxchirp = 26.116616899666436
mincov = 7154226190.799718
maxcov = 715422619079.9718
