
[data]
trigger-time = 1678803494.1113536
injection-file = /work/shashwat.singh/Prospects-of-LGWs/unlens/injection.hdf

[global]
instruments = E1 E2 E3 C1 C2 H1 V1 L1 I1 K1
mass1_ref = 30.000000007679045
mass2_ref = 30.000000007332925
minchirp = 26.116416905418063
maxchirp = 26.116616905418063
mincov = 53938340482.70744
maxcov = 5393834048270.744
