
[data]
trigger-time = 1473652881.5679474
injection-file = /work/shashwat.singh/Prospects-of-LGWs/unlens/injection.hdf

[global]
instruments = E1 E2 E3 C1 C2 H1 V1 L1 I1 K1
mass1_ref = 30.00000000058491
mass2_ref = 30.00000000966191
minchirp = 26.11641690334391
maxchirp = 26.11661690334391
mincov = 5046417468.924501
maxcov = 504641746892.4501
