
[data]
trigger-time = 1315697841.3659012
injection-file = /work/shashwat.singh/Prospects-of-LGWs/unlens/injection.hdf

[global]
instruments = E1 E2 E3 C1 C2 H1 V1 L1 I1 K1
mass1_ref = 30.00000000629275
mass2_ref = 30.000000005208317
minchirp = 26.116416903889856
maxchirp = 26.116616903889856
mincov = 117194235814.19405
maxcov = 11719423581419.404
