
[data]
trigger-time = 1223344376.3156536
injection-file = /work/shashwat.singh/Prospects-of-LGWs/unlens/injection.hdf

[global]
instruments = E1 E2 E3 C1 C2 H1 V1 L1 I1 K1
mass1_ref = 30.000000002281965
mass2_ref = 30.000000007541555
minchirp = 26.11641690315966
maxchirp = 26.11661690315966
mincov = 60559179024.34713
maxcov = 6055917902434.713
