
[data]
trigger-time = 1697399764.2509322
injection-file = /work/shashwat.singh/Prospects-of-LGWs/unlens/injection.hdf

[global]
instruments = E1 E2 E3 C1 C2 H1 V1 L1 I1 K1
mass1_ref = 30.00000000973291
mass2_ref = 30.00000000512154
minchirp = 26.1164169053495
maxchirp = 26.1166169053495
mincov = 73742114359.609
maxcov = 7374211435960.899
