
[data]
trigger-time = 1220968390.7600138
injection-file = /work/shashwat.singh/Prospects-of-LGWs/unlens/injection.hdf

[global]
instruments = E1 E2 E3 C1 C2 H1 V1 L1 I1 K1
mass1_ref = 30.00000000564887
mass2_ref = 30.000000005367294
minchirp = 26.11641690367879
maxchirp = 26.11661690367879
mincov = 61677006225.03129
maxcov = 6167700622503.129
