
[data]
trigger-time = 1593746178.2876277
injection-file = /work/shashwat.singh/Prospects-of-LGWs/unlens/injection.hdf

[global]
instruments = E1 E2 E3 C1 C2 H1 V1 L1 I1 K1
mass1_ref = 30.000000005915897
mass2_ref = 30.00000000085679
minchirp = 26.11641690183171
maxchirp = 26.11661690183171
mincov = 135316263574.29851
maxcov = 13531626357429.852
