
[data]
trigger-time = 1888802000.3381333
injection-file = /work/shashwat.singh/Prospects-of-LGWs/unlens/injection.hdf

[global]
instruments = E1 E2 E3 C1 C2 H1 V1 L1 I1 K1
mass1_ref = 30.000000001979718
mass2_ref = 30.000000004072003
minchirp = 26.116416901517887
maxchirp = 26.116616901517887
mincov = 115948273842.48471
maxcov = 11594827384248.473
