
[data]
trigger-time = 1456436899.0617616
injection-file = /work/shashwat.singh/Prospects-of-LGWs/unlens/injection.hdf

[global]
instruments = E1 E2 E3 C1 C2 H1 V1 L1 I1 K1
mass1_ref = 30.000000000503796
mass2_ref = 30.0000000079233
minchirp = 26.116416902551833
maxchirp = 26.116616902551833
mincov = 81004079746.0758
maxcov = 8100407974607.58
