
[data]
trigger-time = 1820214126.5155606
injection-file = /work/shashwat.singh/Prospects-of-LGWs/unlens/injection.hdf

[global]
instruments = E1 E2 E3 C1 C2 H1 V1 L1 I1 K1
mass1_ref = 30.000000001426955
mass2_ref = 30.000000006114213
minchirp = 26.116416902166208
maxchirp = 26.116616902166207
mincov = 157798166401.90448
maxcov = 15779816640190.447
