
[data]
trigger-time = 1235962298.0065918
injection-file = /work/shashwat.singh/Prospects-of-LGWs/unlens/injection.hdf

[global]
instruments = E1 E2 E3 C1 C2 H1 V1 L1 I1 K1
mass1_ref = 30.000000009691195
mass2_ref = 30.000000004108408
minchirp = 26.11641690489035
maxchirp = 26.11661690489035
mincov = 68985878521.01003
maxcov = 6898587852101.002
