
[data]
trigger-time = 1181309798.984843
injection-file = /work/shashwat.singh/Prospects-of-LGWs/unlens/injection.hdf

[global]
instruments = E1 E2 E3 C1 C2 H1 V1 L1 I1 K1
mass1_ref = 30.00000000104562
mass2_ref = 30.00000000711247
minchirp = 26.11641690243474
maxchirp = 26.11661690243474
mincov = 72957435409.13484
maxcov = 7295743540913.484
