
[data]
trigger-time = 1427010325.4179258
injection-file = /work/shashwat.singh/Prospects-of-LGWs/unlens/injection.hdf

[global]
instruments = E1 E2 E3 C1 C2 H1 V1 L1 I1 K1
mass1_ref = 30.000000009887323
mass2_ref = 30.000000004929177
minchirp = 26.11641690533298
maxchirp = 26.11661690533298
mincov = 176904525019.93088
maxcov = 17690452501993.09
