
[data]
trigger-time = 1282021920.3985975
injection-file = /work/shashwat.singh/Prospects-of-LGWs/unlens/injection.hdf

[global]
instruments = E1 E2 E3 C1 C2 H1 V1 L1 I1 K1
mass1_ref = 30.00000000353949
mass2_ref = 30.00000000617733
minchirp = 26.116416903113215
maxchirp = 26.116616903113215
mincov = 142595312849.42145
maxcov = 14259531284942.146
