
[data]
trigger-time = 1656605985.4486492
injection-file = /work/shashwat.singh/Prospects-of-LGWs/unlens/injection.hdf

[global]
instruments = E1 E2 E3 C1 C2 H1 V1 L1 I1 K1
mass1_ref = 30.000000008414617
mass2_ref = 30.000000006327017
minchirp = 26.11641690530039
maxchirp = 26.11661690530039
mincov = 152597700071.2099
maxcov = 15259770007120.988
