
[data]
trigger-time = 1595391666.870867
injection-file = /work/shashwat.singh/Prospects-of-LGWs/unlens/injection.hdf

[global]
instruments = E1 E2 E3 C1 C2 H1 V1 L1 I1 K1
mass1_ref = 30.00000000043407
mass2_ref = 30.00000000158178
minchirp = 26.116416899761173
maxchirp = 26.116616899761173
mincov = 66381621273.41319
maxcov = 6638162127341.319
