
[data]
trigger-time = 1610095660.777828
injection-file = /work/shashwat.singh/Prospects-of-LGWs/unlens/injection.hdf

[global]
instruments = E1 E2 E3 C1 C2 H1 V1 L1 I1 K1
mass1_ref = 30.00000000883128
mass2_ref = 30.000000008829286
minchirp = 26.116416906570933
maxchirp = 26.116616906570933
mincov = 171318732011.0484
maxcov = 17131873201104.84
