
[data]
trigger-time = 1590363974.1469438
injection-file = /work/shashwat.singh/Prospects-of-LGWs/unlens/injection.hdf

[global]
instruments = E1 E2 E3 C1 C2 H1 V1 L1 I1 K1
mass1_ref = 30.00000000377237
mass2_ref = 30.000000002657647
minchirp = 26.116416901682552
maxchirp = 26.11661690168255
mincov = 134200573048.6069
maxcov = 13420057304860.691
