
[data]
trigger-time = 1306830486.9987776
injection-file = /work/shashwat.singh/Prospects-of-LGWs/unlens/injection.hdf

[global]
instruments = E1 E2 E3 C1 C2 H1 V1 L1 I1 K1
mass1_ref = 30.000000000056616
mass2_ref = 30.000000005081443
minchirp = 26.116416901120196
maxchirp = 26.116616901120196
mincov = 10819517542.281984
maxcov = 1081951754228.1984
