
[data]
trigger-time = 1207513000.670722
injection-file = /work/shashwat.singh/Prospects-of-LGWs/unlens/injection.hdf

[global]
instruments = E1 E2 E3 C1 C2 H1 V1 L1 I1 K1
mass1_ref = 30.00000000564986
mass2_ref = 30.000000001228752
minchirp = 26.116416901877816
maxchirp = 26.116616901877816
mincov = 86306484408.176
maxcov = 8630648440817.599
