
[data]
trigger-time = 1900819931.9186459
injection-file = /work/shashwat.singh/Prospects-of-LGWs/unlens/injection.hdf

[global]
instruments = E1 E2 E3 C1 C2 H1 V1 L1 I1 K1
mass1_ref = 30.000000000138215
mass2_ref = 30.000000004313854
minchirp = 26.116416900821598
maxchirp = 26.116616900821597
mincov = 91824722582.29495
maxcov = 9182472258229.496
