
[data]
trigger-time = 1938157492.2165804
injection-file = /work/shashwat.singh/Prospects-of-LGWs/unlens/injection.hdf

[global]
instruments = E1 E2 E3 C1 C2 H1 V1 L1 I1 K1
mass1_ref = 30.00000000204339
mass2_ref = 30.000000001634447
minchirp = 26.116416900484598
maxchirp = 26.116616900484598
mincov = 166909546634.31964
maxcov = 16690954663431.965
