
[data]
trigger-time = 1148095118.1532438
injection-file = /work/shashwat.singh/Prospects-of-LGWs/unlens/injection.hdf

[global]
instruments = E1 E2 E3 C1 C2 H1 V1 L1 I1 K1
mass1_ref = 30.000000005609284
mass2_ref = 30.000000000424684
minchirp = 26.116416901510163
maxchirp = 26.116616901510163
mincov = 79377205898.89743
maxcov = 7937720589889.742
