
[data]
trigger-time = 1696731354.5361757
injection-file = /work/shashwat.singh/Prospects-of-LGWs/unlens/injection.hdf

[global]
instruments = E1 E2 E3 C1 C2 H1 V1 L1 I1 K1
mass1_ref = 30.000000001352866
mass2_ref = 30.00000000235013
minchirp = 26.116416900495548
maxchirp = 26.116616900495547
mincov = 138665364059.19196
maxcov = 13866536405919.197
