
[data]
trigger-time = 1529922819.221437
injection-file = /work/shashwat.singh/Prospects-of-LGWs/unlens/injection.hdf

[global]
instruments = E1 E2 E3 C1 C2 H1 V1 L1 I1 K1
mass1_ref = 30.00000000027028
mass2_ref = 30.000000005939555
minchirp = 26.11641690158671
maxchirp = 26.11661690158671
mincov = 86888664147.98224
maxcov = 8688866414798.224
