
[data]
trigger-time = 1084011484.1433358
injection-file = /work/shashwat.singh/Prospects-of-LGWs/unlens/injection.hdf

[global]
instruments = E1 E2 E3 C1 C2 H1 V1 L1 I1 K1
mass1_ref = 30.0000000088716
mass2_ref = 30.000000009998374
minchirp = 26.11641690709736
maxchirp = 26.11661690709736
mincov = 41414336034.752495
maxcov = 4141433603475.2495
