
[data]
trigger-time = 1518293088.5540416
injection-file = /work/shashwat.singh/Prospects-of-LGWs/unlens/injection.hdf

[global]
instruments = E1 E2 E3 C1 C2 H1 V1 L1 I1 K1
mass1_ref = 30.00000000387976
mass2_ref = 30.000000001535266
minchirp = 26.11641690124075
maxchirp = 26.11661690124075
mincov = 141080600748.9771
maxcov = 14108060074897.713
