
[data]
trigger-time = 1795207342.3573318
injection-file = /work/shashwat.singh/Prospects-of-LGWs/unlens/injection.hdf

[global]
instruments = E1 E2 E3 C1 C2 H1 V1 L1 I1 K1
mass1_ref = 30.00000000157439
mass2_ref = 30.000000009510373
minchirp = 26.116416903708647
maxchirp = 26.116616903708646
mincov = 4400530187.897677
maxcov = 440053018789.76776
