
[data]
trigger-time = 1624821957.6549096
injection-file = /work/shashwat.singh/Prospects-of-LGWs/unlens/injection.hdf

[global]
instruments = E1 E2 E3 C1 C2 H1 V1 L1 I1 K1
mass1_ref = 30.00000000234639
mass2_ref = 30.00000000560022
minchirp = 26.11641690234269
maxchirp = 26.116616902342688
mincov = 47280786347.399414
maxcov = 4728078634739.941
