
[data]
trigger-time = 1016001570.1497217
injection-file = /work/shashwat.singh/Prospects-of-LGWs/unlens/injection.hdf

[global]
instruments = E1 E2 E3 C1 C2 H1 V1 L1 I1 K1
mass1_ref = 30.000000002021444
mass2_ref = 30.00000000035792
minchirp = 26.116416899919404
maxchirp = 26.116616899919403
mincov = 109617772630.18341
maxcov = 10961777263018.342
