
[data]
trigger-time = 1311701244.159343
injection-file = /work/shashwat.singh/Prospects-of-LGWs/unlens/injection.hdf

[global]
instruments = E1 E2 E3 C1 C2 H1 V1 L1 I1 K1
mass1_ref = 30.000000000363325
mass2_ref = 30.00000000149618
minchirp = 26.11641689969312
maxchirp = 26.11661689969312
mincov = 62545373702.312805
maxcov = 6254537370231.28
