
[data]
trigger-time = 1248291424.9110034
injection-file = /work/shashwat.singh/Prospects-of-LGWs/unlens/injection.hdf

[global]
instruments = E1 E2 E3 C1 C2 H1 V1 L1 I1 K1
mass1_ref = 30.00000000898362
mass2_ref = 30.000000009910742
minchirp = 26.116416907107972
maxchirp = 26.11661690710797
mincov = 75247059716.24509
maxcov = 7524705971624.508
