
[data]
trigger-time = 1103317199.766933
injection-file = /work/shashwat.singh/Prospects-of-LGWs/unlens/injection.hdf

[global]
instruments = E1 E2 E3 C1 C2 H1 V1 L1 I1 K1
mass1_ref = 30.000000004059245
mass2_ref = 30.00000000508576
minchirp = 26.11641690286432
maxchirp = 26.11661690286432
mincov = 176604512999.4095
maxcov = 17660451299940.945
