
[data]
trigger-time = 1901536776.9040241
injection-file = /work/shashwat.singh/Prospects-of-LGWs/unlens/injection.hdf

[global]
instruments = E1 E2 E3 C1 C2 H1 V1 L1 I1 K1
mass1_ref = 30.000000001013078
mass2_ref = 30.000000003959812
minchirp = 26.1164169010483
maxchirp = 26.1166169010483
mincov = 139538119229.96173
maxcov = 13953811922996.172
