
[data]
trigger-time = 1041535153.1167212
injection-file = /work/shashwat.singh/Prospects-of-LGWs/unlens/injection.hdf

[global]
instruments = E1 E2 E3 C1 C2 H1 V1 L1 I1 K1
mass1_ref = 30.000000001857497
mass2_ref = 30.000000001500126
minchirp = 26.116416900345214
maxchirp = 26.116616900345214
mincov = 159061640853.47733
maxcov = 15906164085347.732
