
[data]
trigger-time = 1880237748.5398474
injection-file = /work/shashwat.singh/Prospects-of-LGWs/unlens/injection.hdf

[global]
instruments = E1 E2 E3 C1 C2 H1 V1 L1 I1 K1
mass1_ref = 30.000000002111328
mass2_ref = 30.00000000318838
minchirp = 26.116416901190558
maxchirp = 26.116616901190557
mincov = 78781787.9811231
maxcov = 7878178798.11231
