
[data]
trigger-time = 1314578515.0161452
injection-file = /work/shashwat.singh/Prospects-of-LGWs/unlens/injection.hdf

[global]
instruments = E1 E2 E3 C1 C2 H1 V1 L1 I1 K1
mass1_ref = 30.000000005709225
mass2_ref = 30.000000003639094
minchirp = 26.116416902952817
maxchirp = 26.116616902952817
mincov = 162270109991.70963
maxcov = 16227010999170.96
