
[data]
trigger-time = 1231183591.1888409
injection-file = /work/shashwat.singh/Prospects-of-LGWs/unlens/injection.hdf

[global]
instruments = E1 E2 E3 C1 C2 H1 V1 L1 I1 K1
mass1_ref = 30.000000008563013
mass2_ref = 30.00000000049418
minchirp = 26.1164169028261
maxchirp = 26.1166169028261
mincov = 157782764630.18997
maxcov = 15778276463018.996
