
[data]
trigger-time = 1892625212.2055192
injection-file = /work/shashwat.singh/Prospects-of-LGWs/unlens/injection.hdf

[global]
instruments = E1 E2 E3 C1 C2 H1 V1 L1 I1 K1
mass1_ref = 30.00000000242086
mass2_ref = 30.00000000534045
minchirp = 26.11641690226203
maxchirp = 26.11661690226203
mincov = 1818744349.1894555
maxcov = 181874434918.94556
