
[data]
trigger-time = 1117435457.445983
injection-file = /work/shashwat.singh/Prospects-of-LGWs/unlens/injection.hdf

[global]
instruments = E1 E2 E3 C1 C2 H1 V1 L1 I1 K1
mass1_ref = 30.00000000345818
mass2_ref = 30.00000000716553
minchirp = 26.11641690350796
maxchirp = 26.11661690350796
mincov = 74734185794.29611
maxcov = 7473418579429.611
