
[data]
trigger-time = 1309686547.168549
injection-file = /work/shashwat.singh/Prospects-of-LGWs/unlens/injection.hdf

[global]
instruments = E1 E2 E3 C1 C2 H1 V1 L1 I1 K1
mass1_ref = 30.00000000496727
mass2_ref = 30.00000000512408
minchirp = 26.11641690327624
maxchirp = 26.11661690327624
mincov = 137902203644.08713
maxcov = 13790220364408.713
