
[data]
trigger-time = 1808750989.3908424
injection-file = /work/shashwat.singh/Prospects-of-LGWs/unlens/injection.hdf

[global]
instruments = E1 E2 E3 C1 C2 H1 V1 L1 I1 K1
mass1_ref = 30.000000004408065
mass2_ref = 30.000000001309292
minchirp = 26.11641690137235
maxchirp = 26.11661690137235
mincov = 119021312223.25098
maxcov = 11902131222325.098
