
[data]
trigger-time = 1710872264.9031181
injection-file = /work/shashwat.singh/Prospects-of-LGWs/unlens/injection.hdf

[global]
instruments = E1 E2 E3 C1 C2 H1 V1 L1 I1 K1
mass1_ref = 30.000000005929746
mass2_ref = 30.000000001935724
minchirp = 26.11641690230737
maxchirp = 26.11661690230737
mincov = 3559892323.6517677
maxcov = 355989232365.17676
