
[data]
trigger-time = 1325941679.7917519
injection-file = /work/shashwat.singh/Prospects-of-LGWs/unlens/injection.hdf

[global]
instruments = E1 E2 E3 C1 C2 H1 V1 L1 I1 K1
mass1_ref = 30.00000000901765
mass2_ref = 30.00000000396147
minchirp = 26.116416904533214
maxchirp = 26.116616904533213
mincov = 67397835459.36076
maxcov = 6739783545936.076
