
[data]
trigger-time = 1991659254.8775072
injection-file = /work/shashwat.singh/Prospects-of-LGWs/unlens/injection.hdf

[global]
instruments = E1 E2 E3 C1 C2 H1 V1 L1 I1 K1
mass1_ref = 30.00000000268309
mass2_ref = 30.00000000260339
minchirp = 26.1164169011848
maxchirp = 26.1166169011848
mincov = 9120123952.146542
maxcov = 912012395214.654
