
[data]
trigger-time = 1551863174.531598
injection-file = /work/shashwat.singh/Prospects-of-LGWs/unlens/injection.hdf

[global]
instruments = E1 E2 E3 C1 C2 H1 V1 L1 I1 K1
mass1_ref = 30.000000008719883
mass2_ref = 30.000000005815508
minchirp = 26.116416905210624
maxchirp = 26.116616905210623
mincov = 164216412287.0023
maxcov = 16421641228700.23
