
[data]
trigger-time = 1009665867.9255295
injection-file = /work/shashwat.singh/Prospects-of-LGWs/unlens/injection.hdf

[global]
instruments = E1 E2 E3 C1 C2 H1 V1 L1 I1 K1
mass1_ref = 30.000000001320196
mass2_ref = 30.000000003285525
minchirp = 26.11641690088848
maxchirp = 26.11661690088848
mincov = 43412317403.61261
maxcov = 4341231740361.2607
