
[data]
trigger-time = 1405047027.3720279
injection-file = /work/shashwat.singh/Prospects-of-LGWs/unlens/injection.hdf

[global]
instruments = E1 E2 E3 C1 C2 H1 V1 L1 I1 K1
mass1_ref = 30.00000000336763
mass2_ref = 30.000000006055917
minchirp = 26.116416902985563
maxchirp = 26.116616902985562
mincov = 82224758683.03261
maxcov = 8222475868303.261
