
[data]
trigger-time = 1381669100.7980201
injection-file = /work/shashwat.singh/Prospects-of-LGWs/unlens/injection.hdf

[global]
instruments = E1 E2 E3 C1 C2 H1 V1 L1 I1 K1
mass1_ref = 30.000000000597314
mass2_ref = 30.000000009972148
minchirp = 26.11641690348435
maxchirp = 26.11661690348435
mincov = 15955438446.242517
maxcov = 1595543844624.2517
