
[data]
trigger-time = 1023426971.9882426
injection-file = /work/shashwat.singh/Prospects-of-LGWs/unlens/injection.hdf

[global]
instruments = E1 E2 E3 C1 C2 H1 V1 L1 I1 K1
mass1_ref = 30.000000002432643
mass2_ref = 30.000000002674863
minchirp = 26.116416901106895
maxchirp = 26.116616901106894
mincov = 53586066353.01386
maxcov = 5358606635301.386
