
[data]
trigger-time = 1255444315.259826
injection-file = /work/shashwat.singh/Prospects-of-LGWs/unlens/injection.hdf

[global]
instruments = E1 E2 E3 C1 C2 H1 V1 L1 I1 K1
mass1_ref = 30.000000008629435
mass2_ref = 30.00000000640018
minchirp = 26.116416905425748
maxchirp = 26.116616905425747
mincov = 154011817161.1171
maxcov = 15401181716111.709
