
[data]
trigger-time = 1490825002.326408
injection-file = /work/shashwat.singh/Prospects-of-LGWs/unlens/injection.hdf

[global]
instruments = E1 E2 E3 C1 C2 H1 V1 L1 I1 K1
mass1_ref = 30.000000005275222
mass2_ref = 30.000000000968228
minchirp = 26.116416901601344
maxchirp = 26.116616901601343
mincov = 158984404582.11697
maxcov = 15898440458211.697
