
[data]
trigger-time = 1043081624.5084828
injection-file = /work/shashwat.singh/Prospects-of-LGWs/unlens/injection.hdf

[global]
instruments = E1 E2 E3 C1 C2 H1 V1 L1 I1 K1
mass1_ref = 30.000000000436938
mass2_ref = 30.00000000951309
minchirp = 26.116416903214727
maxchirp = 26.116616903214727
mincov = 111598107954.5395
maxcov = 11159810795453.95
