
[data]
trigger-time = 1251316365.0659637
injection-file = /work/shashwat.singh/Prospects-of-LGWs/unlens/injection.hdf

[global]
instruments = E1 E2 E3 C1 C2 H1 V1 L1 I1 K1
mass1_ref = 30.000000001845528
mass2_ref = 30.000000003301214
minchirp = 26.116416901123976
maxchirp = 26.116616901123976
mincov = 1128293495.6284714
maxcov = 112829349562.84714
