
[data]
trigger-time = 1140924381.5945263
injection-file = /work/shashwat.singh/Prospects-of-LGWs/unlens/injection.hdf

[global]
instruments = E1 E2 E3 C1 C2 H1 V1 L1 I1 K1
mass1_ref = 30.000000008380233
mass2_ref = 30.000000007949176
minchirp = 26.11641690599151
maxchirp = 26.11661690599151
mincov = 41944064669.28682
maxcov = 4194406466928.682
