
[data]
trigger-time = 1159626978.1305254
injection-file = /work/shashwat.singh/Prospects-of-LGWs/unlens/injection.hdf

[global]
instruments = E1 E2 E3 C1 C2 H1 V1 L1 I1 K1
mass1_ref = 30.000000003116455
mass2_ref = 30.000000008981758
minchirp = 26.116416904149776
maxchirp = 26.116616904149776
mincov = 43400018226.88415
maxcov = 4340001822688.415
