
[data]
trigger-time = 1603196038.4344563
injection-file = /work/shashwat.singh/Prospects-of-LGWs/unlens/injection.hdf

[global]
instruments = E1 E2 E3 C1 C2 H1 V1 L1 I1 K1
mass1_ref = 30.000000006616933
mass2_ref = 30.000000001788443
minchirp = 26.11641690254238
maxchirp = 26.11661690254238
mincov = 30735457074.862457
maxcov = 3073545707486.2456
