
[data]
trigger-time = 1196306525.5526958
injection-file = /work/shashwat.singh/Prospects-of-LGWs/unlens/injection.hdf

[global]
instruments = E1 E2 E3 C1 C2 H1 V1 L1 I1 K1
mass1_ref = 30.00000000403068
mass2_ref = 30.000000003969898
minchirp = 26.11641690236618
maxchirp = 26.11661690236618
mincov = 80653747349.0587
maxcov = 8065374734905.87
