
[data]
trigger-time = 1306445978.864826
injection-file = /work/shashwat.singh/Prospects-of-LGWs/unlens/injection.hdf

[global]
instruments = E1 E2 E3 C1 C2 H1 V1 L1 I1 K1
mass1_ref = 30.000000008574435
mass2_ref = 30.000000008010208
minchirp = 26.11641690610261
maxchirp = 26.11661690610261
mincov = 792634154.9936507
maxcov = 79263415499.36507
