
[data]
trigger-time = 1387607883.0827584
injection-file = /work/shashwat.singh/Prospects-of-LGWs/unlens/injection.hdf

[global]
instruments = E1 E2 E3 C1 C2 H1 V1 L1 I1 K1
mass1_ref = 30.000000009724882
mass2_ref = 30.00000000626925
minchirp = 26.116416905845576
maxchirp = 26.116616905845575
mincov = 166139006677.35245
maxcov = 16613900667735.244
