
[data]
trigger-time = 1897643796.581912
injection-file = /work/shashwat.singh/Prospects-of-LGWs/unlens/injection.hdf

[global]
instruments = E1 E2 E3 C1 C2 H1 V1 L1 I1 K1
mass1_ref = 30.00000000262648
mass2_ref = 30.000000000215543
minchirp = 26.116416900120786
maxchirp = 26.116616900120786
mincov = 175044885453.72293
maxcov = 17504488545372.293
