
[data]
trigger-time = 1988441944.8781536
injection-file = /work/shashwat.singh/Prospects-of-LGWs/unlens/injection.hdf

[global]
instruments = E1 E2 E3 C1 C2 H1 V1 L1 I1 K1
mass1_ref = 30.00000000859499
mass2_ref = 30.000000004129
minchirp = 26.116416904422163
maxchirp = 26.116616904422163
mincov = 172834976561.28622
maxcov = 17283497656128.623
