
[data]
trigger-time = 1445785203.7673576
injection-file = /work/shashwat.singh/Prospects-of-LGWs/unlens/injection.hdf

[global]
instruments = E1 E2 E3 C1 C2 H1 V1 L1 I1 K1
mass1_ref = 30.00000000247742
mass2_ref = 30.00000000332244
minchirp = 26.11641690140826
maxchirp = 26.11661690140826
mincov = 127117702693.7889
maxcov = 12711770269378.889
