
[data]
trigger-time = 1542098454.372919
injection-file = /work/shashwat.singh/Prospects-of-LGWs/unlens/injection.hdf

[global]
instruments = E1 E2 E3 C1 C2 H1 V1 L1 I1 K1
mass1_ref = 30.000000008399613
mass2_ref = 30.000000007135174
minchirp = 26.116416905645632
maxchirp = 26.116616905645632
mincov = 23038385804.745213
maxcov = 2303838580474.521
