
[data]
trigger-time = 1815601545.8479204
injection-file = /work/shashwat.singh/Prospects-of-LGWs/unlens/injection.hdf

[global]
instruments = E1 E2 E3 C1 C2 H1 V1 L1 I1 K1
mass1_ref = 30.000000006760562
mass2_ref = 30.00000000498724
minchirp = 26.11641690399725
maxchirp = 26.11661690399725
mincov = 60259556616.42279
maxcov = 6025955661642.279
