
[data]
trigger-time = 1228330257.7150733
injection-file = /work/shashwat.singh/Prospects-of-LGWs/unlens/injection.hdf

[global]
instruments = E1 E2 E3 C1 C2 H1 V1 L1 I1 K1
mass1_ref = 30.00000000414815
mass2_ref = 30.000000003343207
minchirp = 26.11641690214453
maxchirp = 26.11661690214453
mincov = 160480047493.3549
maxcov = 16048004749335.488
