
[data]
trigger-time = 1854539195.8019052
injection-file = /work/shashwat.singh/Prospects-of-LGWs/unlens/injection.hdf

[global]
instruments = E1 E2 E3 C1 C2 H1 V1 L1 I1 K1
mass1_ref = 30.00000000487636
mass2_ref = 30.000000005268323
minchirp = 26.116416903299452
maxchirp = 26.11661690329945
mincov = 124302103467.8918
maxcov = 12430210346789.18
