
[data]
trigger-time = 1533962738.2408576
injection-file = /work/shashwat.singh/Prospects-of-LGWs/unlens/injection.hdf

[global]
instruments = E1 E2 E3 C1 C2 H1 V1 L1 I1 K1
mass1_ref = 30.000000008275542
mass2_ref = 30.00000000644883
minchirp = 26.11641690529288
maxchirp = 26.11661690529288
mincov = 141798403216.65228
maxcov = 14179840321665.227
