
[data]
trigger-time = 1337066249.183636
injection-file = /work/shashwat.singh/Prospects-of-LGWs/unlens/injection.hdf

[global]
instruments = E1 E2 E3 C1 C2 H1 V1 L1 I1 K1
mass1_ref = 30.000000006892527
mass2_ref = 30.000000000665572
minchirp = 26.11641690217358
maxchirp = 26.11661690217358
mincov = 69549955520.64737
maxcov = 6954995552064.737
