
[data]
trigger-time = 1986169538.4904666
injection-file = /work/shashwat.singh/Prospects-of-LGWs/unlens/injection.hdf

[global]
instruments = E1 E2 E3 C1 C2 H1 V1 L1 I1 K1
mass1_ref = 30.000000005517148
mass2_ref = 30.000000009564506
minchirp = 26.116416905448396
maxchirp = 26.116616905448396
mincov = 146797448281.83865
maxcov = 14679744828183.865
