
[data]
trigger-time = 1674070348.8991494
injection-file = /work/shashwat.singh/Prospects-of-LGWs/unlens/injection.hdf

[global]
instruments = E1 E2 E3 C1 C2 H1 V1 L1 I1 K1
mass1_ref = 30.00000000978557
mass2_ref = 30.000000004508912
minchirp = 26.116416905105762
maxchirp = 26.11661690510576
mincov = 167047200664.89972
maxcov = 16704720066489.97
