
[data]
trigger-time = 1164880788.792852
injection-file = /work/shashwat.singh/Prospects-of-LGWs/unlens/injection.hdf

[global]
instruments = E1 E2 E3 C1 C2 H1 V1 L1 I1 K1
mass1_ref = 30.00000000276776
mass2_ref = 30.00000000161697
minchirp = 26.116416900792288
maxchirp = 26.116616900792287
mincov = 110716396765.56001
maxcov = 11071639676556.0
