
[data]
trigger-time = 1098003645.1754189
injection-file = /work/shashwat.singh/Prospects-of-LGWs/unlens/injection.hdf

[global]
instruments = E1 E2 E3 C1 C2 H1 V1 L1 I1 K1
mass1_ref = 30.000000008867705
mass2_ref = 30.000000001490335
minchirp = 26.11641690339232
maxchirp = 26.11661690339232
mincov = 116687355540.8428
maxcov = 11668735554084.28
