
[data]
trigger-time = 1667951572.4267092
injection-file = /work/shashwat.singh/Prospects-of-LGWs/unlens/injection.hdf

[global]
instruments = E1 E2 E3 C1 C2 H1 V1 L1 I1 K1
mass1_ref = 30.000000003240483
mass2_ref = 30.000000004687024
minchirp = 26.116416902334375
maxchirp = 26.116616902334375
mincov = 123688905993.8826
maxcov = 12368890599388.26
