
[data]
trigger-time = 1699432227.727326
injection-file = /work/shashwat.singh/Prospects-of-LGWs/unlens/injection.hdf

[global]
instruments = E1 E2 E3 C1 C2 H1 V1 L1 I1 K1
mass1_ref = 30.000000009333274
mass2_ref = 30.000000009703324
minchirp = 26.116416907169885
maxchirp = 26.116616907169885
mincov = 78051134652.8749
maxcov = 7805113465287.489
