
[data]
trigger-time = 1843610977.8705351
injection-file = /work/shashwat.singh/Prospects-of-LGWs/unlens/injection.hdf

[global]
instruments = E1 E2 E3 C1 C2 H1 V1 L1 I1 K1
mass1_ref = 30.000000008643234
mass2_ref = 30.000000008424667
minchirp = 26.11641690631296
maxchirp = 26.11661690631296
mincov = 167764780596.12848
maxcov = 16776478059612.85
