
[data]
trigger-time = 1400778016.1256669
injection-file = /work/shashwat.singh/Prospects-of-LGWs/unlens/injection.hdf

[global]
instruments = E1 E2 E3 C1 C2 H1 V1 L1 I1 K1
mass1_ref = 30.000000003292094
mass2_ref = 30.00000000912586
minchirp = 26.116416904288954
maxchirp = 26.116616904288954
mincov = 115546092756.59384
maxcov = 11554609275659.385
