
[data]
trigger-time = 1084703778.3460333
injection-file = /work/shashwat.singh/Prospects-of-LGWs/unlens/injection.hdf

[global]
instruments = E1 E2 E3 C1 C2 H1 V1 L1 I1 K1
mass1_ref = 30.00000000036171
mass2_ref = 30.000000001381885
minchirp = 26.11641689964267
maxchirp = 26.11661689964267
mincov = 150592575062.17377
maxcov = 15059257506217.375
