
[data]
trigger-time = 1218273918.7316952
injection-file = /work/shashwat.singh/Prospects-of-LGWs/unlens/injection.hdf

[global]
instruments = E1 E2 E3 C1 C2 H1 V1 L1 I1 K1
mass1_ref = 30.00000000506806
mass2_ref = 30.00000000417799
minchirp = 26.116416902908302
maxchirp = 26.1166169029083
mincov = 161334236216.82733
maxcov = 16133423621682.734
