
[data]
trigger-time = 1993931996.2425427
injection-file = /work/shashwat.singh/Prospects-of-LGWs/unlens/injection.hdf

[global]
instruments = E1 E2 E3 C1 C2 H1 V1 L1 I1 K1
mass1_ref = 30.000000001111864
mass2_ref = 30.00000000693507
minchirp = 26.11641690238636
maxchirp = 26.116616902386358
mincov = 119820666692.1132
maxcov = 11982066669211.32
