
[data]
trigger-time = 1791628397.753717
injection-file = /work/shashwat.singh/Prospects-of-LGWs/unlens/injection.hdf

[global]
instruments = E1 E2 E3 C1 C2 H1 V1 L1 I1 K1
mass1_ref = 30.00000000318764
mass2_ref = 30.000000001344162
minchirp = 26.116416900856308
maxchirp = 26.116616900856307
mincov = 24676869.124327995
maxcov = 2467686912.4327993
