
[data]
trigger-time = 1535738691.6396875
injection-file = /work/shashwat.singh/Prospects-of-LGWs/unlens/injection.hdf

[global]
instruments = E1 E2 E3 C1 C2 H1 V1 L1 I1 K1
mass1_ref = 30.000000003917542
mass2_ref = 30.0000000043777
minchirp = 26.11641690249444
maxchirp = 26.11661690249444
mincov = 175625262549.67917
maxcov = 17562526254967.918
