
[data]
trigger-time = 1575293887.283541
injection-file = /work/shashwat.singh/Prospects-of-LGWs/unlens/injection.hdf

[global]
instruments = E1 E2 E3 C1 C2 H1 V1 L1 I1 K1
mass1_ref = 30.00000000393961
mass2_ref = 30.000000003493135
minchirp = 26.116416902119013
maxchirp = 26.116616902119013
mincov = 17471553292.12832
maxcov = 1747155329212.832
