
[data]
trigger-time = 1730966139.0032845
injection-file = /work/shashwat.singh/Prospects-of-LGWs/unlens/injection.hdf

[global]
instruments = E1 E2 E3 C1 C2 H1 V1 L1 I1 K1
mass1_ref = 30.000000004981086
mass2_ref = 30.000000001376986
minchirp = 26.116416901651235
maxchirp = 26.116616901651234
mincov = 88282771072.2421
maxcov = 8828277107224.209
