
[data]
trigger-time = 1718956612.164682
injection-file = /work/shashwat.singh/Prospects-of-LGWs/unlens/injection.hdf

[global]
instruments = E1 E2 E3 C1 C2 H1 V1 L1 I1 K1
mass1_ref = 30.000000007534627
mass2_ref = 30.0000000064257
minchirp = 26.11641690496031
maxchirp = 26.11661690496031
mincov = 149847128266.87354
maxcov = 14984712826687.354
