
[data]
trigger-time = 1648587003.8682709
injection-file = /work/shashwat.singh/Prospects-of-LGWs/unlens/injection.hdf

[global]
instruments = E1 E2 E3 C1 C2 H1 V1 L1 I1 K1
mass1_ref = 30.000000001825644
mass2_ref = 30.000000003103203
minchirp = 26.11641690102913
maxchirp = 26.11661690102913
mincov = 157119561430.39124
maxcov = 15711956143039.123
