
[data]
trigger-time = 1175913710.5534558
injection-file = /work/shashwat.singh/Prospects-of-LGWs/unlens/injection.hdf

[global]
instruments = E1 E2 E3 C1 C2 H1 V1 L1 I1 K1
mass1_ref = 30.00000000831824
mass2_ref = 30.0000000050387
minchirp = 26.11641690469767
maxchirp = 26.11661690469767
mincov = 60575400107.54474
maxcov = 6057540010754.474
