
[data]
trigger-time = 1476434564.645448
injection-file = /work/shashwat.singh/Prospects-of-LGWs/unlens/injection.hdf

[global]
instruments = E1 E2 E3 C1 C2 H1 V1 L1 I1 K1
mass1_ref = 30.00000000452769
mass2_ref = 30.00000000282965
minchirp = 26.116416902086193
maxchirp = 26.116616902086193
mincov = 28677685958.895405
maxcov = 2867768595889.5405
