
[data]
trigger-time = 1960966381.4625883
injection-file = /work/shashwat.singh/Prospects-of-LGWs/unlens/injection.hdf

[global]
instruments = E1 E2 E3 C1 C2 H1 V1 L1 I1 K1
mass1_ref = 30.000000007636995
mass2_ref = 30.000000007774254
minchirp = 26.11641690559186
maxchirp = 26.116616905591858
mincov = 177128845453.2414
maxcov = 17712884545324.14
