
[data]
trigger-time = 1581671155.7776341
injection-file = /work/shashwat.singh/Prospects-of-LGWs/unlens/injection.hdf

[global]
instruments = E1 E2 E3 C1 C2 H1 V1 L1 I1 K1
mass1_ref = 30.000000000112482
mass2_ref = 30.000000003953044
minchirp = 26.11641690065335
maxchirp = 26.116616900653348
mincov = 140174261393.1764
maxcov = 14017426139317.639
