
[data]
trigger-time = 1104686945.359808
injection-file = /work/shashwat.singh/Prospects-of-LGWs/unlens/injection.hdf

[global]
instruments = E1 E2 E3 C1 C2 H1 V1 L1 I1 K1
mass1_ref = 30.000000000053994
mass2_ref = 30.000000000492708
minchirp = 26.116416899121692
maxchirp = 26.11661689912169
mincov = 110997421939.91943
maxcov = 11099742193991.943
