
[data]
trigger-time = 1112311537.1778705
injection-file = /work/shashwat.singh/Prospects-of-LGWs/unlens/injection.hdf

[global]
instruments = E1 E2 E3 C1 C2 H1 V1 L1 I1 K1
mass1_ref = 30.00000000143631
mass2_ref = 30.000000001628766
minchirp = 26.116416900217875
maxchirp = 26.116616900217874
mincov = 75411348237.30098
maxcov = 7541134823730.098
