
[data]
trigger-time = 1719334384.2718487
injection-file = /work/shashwat.singh/Prospects-of-LGWs/unlens/injection.hdf

[global]
instruments = E1 E2 E3 C1 C2 H1 V1 L1 I1 K1
mass1_ref = 30.000000000885812
mass2_ref = 30.000000007417082
minchirp = 26.11641690249777
maxchirp = 26.11661690249777
mincov = 17779097439.134987
maxcov = 1777909743913.4985
