
[data]
trigger-time = 1813789953.6766005
injection-file = /work/shashwat.singh/Prospects-of-LGWs/unlens/injection.hdf

[global]
instruments = E1 E2 E3 C1 C2 H1 V1 L1 I1 K1
mass1_ref = 30.00000000090284
mass2_ref = 30.00000000911364
minchirp = 26.116416903243653
maxchirp = 26.116616903243653
mincov = 85968833988.19038
maxcov = 8596883398819.038
