
[data]
trigger-time = 1776692638.736929
injection-file = /work/shashwat.singh/Prospects-of-LGWs/unlens/injection.hdf

[global]
instruments = E1 E2 E3 C1 C2 H1 V1 L1 I1 K1
mass1_ref = 30.00000000316656
mass2_ref = 30.00000000605151
minchirp = 26.116416902896123
maxchirp = 26.116616902896123
mincov = 175231437932.35614
maxcov = 17523143793235.613
