
[data]
trigger-time = 1608259630.3971725
injection-file = /work/shashwat.singh/Prospects-of-LGWs/unlens/injection.hdf

[global]
instruments = E1 E2 E3 C1 C2 H1 V1 L1 I1 K1
mass1_ref = 30.000000008610712
mass2_ref = 30.00000000309618
minchirp = 26.116416903979445
maxchirp = 26.116616903979445
mincov = 166550082499.55756
maxcov = 16655008249955.754
