
[data]
trigger-time = 1901215939.211141
injection-file = /work/shashwat.singh/Prospects-of-LGWs/unlens/injection.hdf

[global]
instruments = E1 E2 E3 C1 C2 H1 V1 L1 I1 K1
mass1_ref = 30.00000000498137
mass2_ref = 30.00000000073969
minchirp = 26.11641690137396
maxchirp = 26.11661690137396
mincov = 20989108537.86174
maxcov = 2098910853786.174
