
[data]
trigger-time = 1787039686.3311596
injection-file = /work/shashwat.singh/Prospects-of-LGWs/unlens/injection.hdf

[global]
instruments = E1 E2 E3 C1 C2 H1 V1 L1 I1 K1
mass1_ref = 30.000000006596238
mass2_ref = 30.000000009632203
minchirp = 26.116416905947563
maxchirp = 26.116616905947563
mincov = 12123925582.522125
maxcov = 1212392558252.2124
