
[data]
trigger-time = 1201045859.963954
injection-file = /work/shashwat.singh/Prospects-of-LGWs/unlens/injection.hdf

[global]
instruments = E1 E2 E3 C1 C2 H1 V1 L1 I1 K1
mass1_ref = 30.00000000196961
mass2_ref = 30.000000000849134
minchirp = 26.116416900110654
maxchirp = 26.116616900110653
mincov = 158041393239.2741
maxcov = 15804139323927.412
