
[data]
trigger-time = 1185943972.9327352
injection-file = /work/shashwat.singh/Prospects-of-LGWs/unlens/injection.hdf

[global]
instruments = E1 E2 E3 C1 C2 H1 V1 L1 I1 K1
mass1_ref = 30.00000000915
mass2_ref = 30.0000000048433
minchirp = 26.116416904974663
maxchirp = 26.116616904974663
mincov = 48387711899.53102
maxcov = 4838771189953.103
