
[data]
trigger-time = 1094344009.83456
injection-file = /work/shashwat.singh/Prospects-of-LGWs/unlens/injection.hdf

[global]
instruments = E1 E2 E3 C1 C2 H1 V1 L1 I1 K1
mass1_ref = 30.000000000629807
mass2_ref = 30.00000000334353
minchirp = 26.11641690061322
maxchirp = 26.11661690061322
mincov = 124570272642.6042
maxcov = 12457027264260.42
