
[data]
trigger-time = 1104263679.5531626
injection-file = /work/shashwat.singh/Prospects-of-LGWs/unlens/injection.hdf

[global]
instruments = E1 E2 E3 C1 C2 H1 V1 L1 I1 K1
mass1_ref = 30.000000008105353
mass2_ref = 30.00000000832252
minchirp = 26.116416906034374
maxchirp = 26.116616906034373
mincov = 29171521455.848553
maxcov = 2917152145584.8555
