
[data]
trigger-time = 1374702548.2368746
injection-file = /work/shashwat.singh/Prospects-of-LGWs/unlens/injection.hdf

[global]
instruments = E1 E2 E3 C1 C2 H1 V1 L1 I1 K1
mass1_ref = 30.000000001120707
mass2_ref = 30.000000005246815
minchirp = 26.11641690165535
maxchirp = 26.116616901655348
mincov = 163473731962.43393
maxcov = 16347373196243.395
