
[data]
trigger-time = 1424839846.8765178
injection-file = /work/shashwat.singh/Prospects-of-LGWs/unlens/injection.hdf

[global]
instruments = E1 E2 E3 C1 C2 H1 V1 L1 I1 K1
mass1_ref = 30.000000007343484
mass2_ref = 30.000000008537008
minchirp = 26.116416905796108
maxchirp = 26.116616905796107
mincov = 156126554900.6159
maxcov = 15612655490061.592
