
[data]
trigger-time = 1626018999.3402035
injection-file = /work/shashwat.singh/Prospects-of-LGWs/unlens/injection.hdf

[global]
instruments = E1 E2 E3 C1 C2 H1 V1 L1 I1 K1
mass1_ref = 30.0000000010394
mass2_ref = 30.000000002521123
minchirp = 26.11641690043353
maxchirp = 26.11661690043353
mincov = 29324249870.327534
maxcov = 2932424987032.7534
