
[data]
trigger-time = 1571421795.9659338
injection-file = /work/shashwat.singh/Prospects-of-LGWs/unlens/injection.hdf

[global]
instruments = E1 E2 E3 C1 C2 H1 V1 L1 I1 K1
mass1_ref = 30.00000000299564
mass2_ref = 30.00000000536429
minchirp = 26.116416902522595
maxchirp = 26.116616902522594
mincov = 134640563552.9701
maxcov = 13464056355297.01
