
[data]
trigger-time = 1862507987.1907854
injection-file = /work/shashwat.singh/Prospects-of-LGWs/unlens/injection.hdf

[global]
instruments = E1 E2 E3 C1 C2 H1 V1 L1 I1 K1
mass1_ref = 30.000000001620357
mass2_ref = 30.00000000835312
minchirp = 26.11641690322493
maxchirp = 26.11661690322493
mincov = 130643592551.21065
maxcov = 13064359255121.064
