
[data]
trigger-time = 1751580513.2877603
injection-file = /work/shashwat.singh/Prospects-of-LGWs/unlens/injection.hdf

[global]
instruments = E1 E2 E3 C1 C2 H1 V1 L1 I1 K1
mass1_ref = 30.000000006425736
mass2_ref = 30.000000005052293
minchirp = 26.116416903879827
maxchirp = 26.116616903879827
mincov = 166417066981.8279
maxcov = 16641706698182.791
