
[data]
trigger-time = 1684470089.4477975
injection-file = /work/shashwat.singh/Prospects-of-LGWs/unlens/injection.hdf

[global]
instruments = E1 E2 E3 C1 C2 H1 V1 L1 I1 K1
mass1_ref = 30.00000000165196
mass2_ref = 30.000000000691003
minchirp = 26.11641689990356
maxchirp = 26.11661689990356
mincov = 15487414477.1582
maxcov = 1548741447715.82
