
[data]
trigger-time = 1448454084.2484663
injection-file = /work/shashwat.singh/Prospects-of-LGWs/unlens/injection.hdf

[global]
instruments = E1 E2 E3 C1 C2 H1 V1 L1 I1 K1
mass1_ref = 30.00000000565106
mass2_ref = 30.000000004093334
minchirp = 26.11641690312522
maxchirp = 26.11661690312522
mincov = 1911292371.5051212
maxcov = 191129237150.51212
