
[data]
trigger-time = 1234627028.390921
injection-file = /work/shashwat.singh/Prospects-of-LGWs/unlens/injection.hdf

[global]
instruments = E1 E2 E3 C1 C2 H1 V1 L1 I1 K1
mass1_ref = 30.000000007703537
mass2_ref = 30.000000003615433
minchirp = 26.116416903810595
maxchirp = 26.116616903810595
mincov = 103203536716.49904
maxcov = 10320353671649.904
