
[data]
trigger-time = 1992180612.6132941
injection-file = /work/shashwat.singh/Prospects-of-LGWs/unlens/injection.hdf

[global]
instruments = E1 E2 E3 C1 C2 H1 V1 L1 I1 K1
mass1_ref = 30.000000009157468
mass2_ref = 30.000000004100112
minchirp = 26.11641690465442
maxchirp = 26.11661690465442
mincov = 173625502102.84552
maxcov = 17362550210284.553
