
[data]
trigger-time = 1737543768.2161148
injection-file = /work/shashwat.singh/Prospects-of-LGWs/unlens/injection.hdf

[global]
instruments = E1 E2 E3 C1 C2 H1 V1 L1 I1 K1
mass1_ref = 30.000000006689433
mass2_ref = 30.000000001937696
minchirp = 26.116416902638903
maxchirp = 26.116616902638903
mincov = 33452801701.47036
maxcov = 3345280170147.036
