
[data]
trigger-time = 1430814323.002787
injection-file = /work/shashwat.singh/Prospects-of-LGWs/unlens/injection.hdf

[global]
instruments = E1 E2 E3 C1 C2 H1 V1 L1 I1 K1
mass1_ref = 30.0000000040545
mass2_ref = 30.000000005383463
minchirp = 26.116416902991837
maxchirp = 26.116616902991836
mincov = 85546226022.92564
maxcov = 8554622602292.564
