
[data]
trigger-time = 1661546541.2215068
injection-file = /work/shashwat.singh/Prospects-of-LGWs/unlens/injection.hdf

[global]
instruments = E1 E2 E3 C1 C2 H1 V1 L1 I1 K1
mass1_ref = 30.000000004877137
mass2_ref = 30.00000000570185
minchirp = 26.116416903488496
maxchirp = 26.116616903488495
mincov = 125533629877.15662
maxcov = 12553362987715.662
