
[data]
trigger-time = 1577537340.294733
injection-file = /work/shashwat.singh/Prospects-of-LGWs/unlens/injection.hdf

[global]
instruments = E1 E2 E3 C1 C2 H1 V1 L1 I1 K1
mass1_ref = 30.00000000716408
mass2_ref = 30.000000005990508
minchirp = 26.116416904609594
maxchirp = 26.116616904609593
mincov = 167465585756.08093
maxcov = 16746558575608.094
