
[data]
trigger-time = 1776295517.583222
injection-file = /work/shashwat.singh/Prospects-of-LGWs/unlens/injection.hdf

[global]
instruments = E1 E2 E3 C1 C2 H1 V1 L1 I1 K1
mass1_ref = 30.000000003573874
mass2_ref = 30.000000005569515
minchirp = 26.116416902863616
maxchirp = 26.116616902863615
mincov = 100297792791.26555
maxcov = 10029779279126.555
