
[data]
trigger-time = 1532373798.166628
injection-file = /work/shashwat.singh/Prospects-of-LGWs/unlens/injection.hdf

[global]
instruments = E1 E2 E3 C1 C2 H1 V1 L1 I1 K1
mass1_ref = 30.000000007972
mass2_ref = 30.000000001705782
minchirp = 26.116416903096223
maxchirp = 26.116616903096222
mincov = 79900137246.16711
maxcov = 7990013724616.711
