
[data]
trigger-time = 1092237637.0465243
injection-file = /work/shashwat.singh/Prospects-of-LGWs/unlens/injection.hdf

[global]
instruments = E1 E2 E3 C1 C2 H1 V1 L1 I1 K1
mass1_ref = 30.00000000868043
mass2_ref = 30.000000000933447
minchirp = 26.11641690306841
maxchirp = 26.116616903068408
mincov = 43357888644.49313
maxcov = 4335788864449.3135
