
[data]
trigger-time = 1796048956.5732474
injection-file = /work/shashwat.singh/Prospects-of-LGWs/unlens/injection.hdf

[global]
instruments = E1 E2 E3 C1 C2 H1 V1 L1 I1 K1
mass1_ref = 30.000000009463257
mass2_ref = 30.000000005241517
minchirp = 26.11641690528435
maxchirp = 26.11661690528435
mincov = 122180861661.48672
maxcov = 12218086166148.672
