
[data]
trigger-time = 1165830357.2620113
injection-file = /work/shashwat.singh/Prospects-of-LGWs/unlens/injection.hdf

[global]
instruments = E1 E2 E3 C1 C2 H1 V1 L1 I1 K1
mass1_ref = 30.00000000428684
mass2_ref = 30.000000001237847
minchirp = 26.116416901288485
maxchirp = 26.116616901288484
mincov = 5963946298.782821
maxcov = 596394629878.2821
