
[data]
trigger-time = 1844788187.3874755
injection-file = /work/shashwat.singh/Prospects-of-LGWs/unlens/injection.hdf

[global]
instruments = E1 E2 E3 C1 C2 H1 V1 L1 I1 K1
mass1_ref = 30.000000007157457
mass2_ref = 30.000000003338386
minchirp = 26.116416903452308
maxchirp = 26.116616903452307
mincov = 113352903617.39871
maxcov = 11335290361739.871
