
[data]
trigger-time = 1466386788.0175939
injection-file = /work/shashwat.singh/Prospects-of-LGWs/unlens/injection.hdf

[global]
instruments = E1 E2 E3 C1 C2 H1 V1 L1 I1 K1
mass1_ref = 30.000000002936815
mass2_ref = 30.000000001955225
minchirp = 26.11641690101311
maxchirp = 26.11661690101311
mincov = 47071605654.373
maxcov = 4707160565437.3
