
[data]
trigger-time = 1594094132.1857705
injection-file = /work/shashwat.singh/Prospects-of-LGWs/unlens/injection.hdf

[global]
instruments = E1 E2 E3 C1 C2 H1 V1 L1 I1 K1
mass1_ref = 30.000000004794888
mass2_ref = 30.000000006947285
minchirp = 26.116416903994804
maxchirp = 26.116616903994803
mincov = 86930512273.38817
maxcov = 8693051227338.817
