
[data]
trigger-time = 1868338048.9434533
injection-file = /work/shashwat.singh/Prospects-of-LGWs/unlens/injection.hdf

[global]
instruments = E1 E2 E3 C1 C2 H1 V1 L1 I1 K1
mass1_ref = 30.0000000029592
mass2_ref = 30.00000000621372
minchirp = 26.11641690287647
maxchirp = 26.11661690287647
mincov = 87249893790.81467
maxcov = 8724989379081.466
