
[data]
trigger-time = 1947528235.8661206
injection-file = /work/shashwat.singh/Prospects-of-LGWs/unlens/injection.hdf

[global]
instruments = E1 E2 E3 C1 C2 H1 V1 L1 I1 K1
mass1_ref = 30.00000000732747
mass2_ref = 30.000000001763528
minchirp = 26.11641690284081
maxchirp = 26.11661690284081
mincov = 624174004.8257825
maxcov = 62417400482.57826
