
[data]
trigger-time = 1267177574.9402874
injection-file = /work/shashwat.singh/Prospects-of-LGWs/unlens/injection.hdf

[global]
instruments = E1 E2 E3 C1 C2 H1 V1 L1 I1 K1
mass1_ref = 30.00000000215072
mass2_ref = 30.00000000334421
minchirp = 26.11641690127553
maxchirp = 26.11661690127553
mincov = 171654915516.90756
maxcov = 17165491551690.758
