
[data]
trigger-time = 1813695836.45478
injection-file = /work/shashwat.singh/Prospects-of-LGWs/unlens/injection.hdf

[global]
instruments = E1 E2 E3 C1 C2 H1 V1 L1 I1 K1
mass1_ref = 30.000000000261103
mass2_ref = 30.000000007724537
minchirp = 26.116416902359674
maxchirp = 26.116616902359674
mincov = 88523193000.29373
maxcov = 8852319300029.373
