
[data]
trigger-time = 1097034143.8601508
injection-file = /work/shashwat.singh/Prospects-of-LGWs/unlens/injection.hdf

[global]
instruments = E1 E2 E3 C1 C2 H1 V1 L1 I1 K1
mass1_ref = 30.000000006090865
mass2_ref = 30.00000000605138
minchirp = 26.116416904168943
maxchirp = 26.116616904168943
mincov = 2473878426.5731425
maxcov = 247387842657.31427
