
[data]
trigger-time = 1263901571.1053643
injection-file = /work/shashwat.singh/Prospects-of-LGWs/unlens/injection.hdf

[global]
instruments = E1 E2 E3 C1 C2 H1 V1 L1 I1 K1
mass1_ref = 30.00000000278626
mass2_ref = 30.000000004850623
minchirp = 26.11641690220787
maxchirp = 26.11661690220787
mincov = 23244326505.699284
maxcov = 2324432650569.928
