
[data]
trigger-time = 1695113598.7446227
injection-file = /work/shashwat.singh/Prospects-of-LGWs/unlens/injection.hdf

[global]
instruments = E1 E2 E3 C1 C2 H1 V1 L1 I1 K1
mass1_ref = 30.00000000407247
mass2_ref = 30.000000007859803
minchirp = 26.116416904077546
maxchirp = 26.116616904077546
mincov = 48904495840.272575
maxcov = 4890449584027.258
