
[data]
trigger-time = 1085101447.155227
injection-file = /work/shashwat.singh/Prospects-of-LGWs/unlens/injection.hdf

[global]
instruments = E1 E2 E3 C1 C2 H1 V1 L1 I1 K1
mass1_ref = 30.000000006001873
mass2_ref = 30.000000000247898
minchirp = 26.116416901604094
maxchirp = 26.116616901604093
mincov = 80816037925.98251
maxcov = 8081603792598.252
