
[data]
trigger-time = 1980171794.0526958
injection-file = /work/shashwat.singh/Prospects-of-LGWs/unlens/injection.hdf

[global]
instruments = E1 E2 E3 C1 C2 H1 V1 L1 I1 K1
mass1_ref = 30.00000000869734
mass2_ref = 30.000000008915936
minchirp = 26.11641690655035
maxchirp = 26.116616906550348
mincov = 23152.682145833303
maxcov = 2315268.2145833303
