
[data]
trigger-time = 1628273252.7447162
injection-file = /work/shashwat.singh/Prospects-of-LGWs/unlens/injection.hdf

[global]
instruments = E1 E2 E3 C1 C2 H1 V1 L1 I1 K1
mass1_ref = 30.000000002944308
mass2_ref = 30.000000005567443
minchirp = 26.116416902588682
maxchirp = 26.11661690258868
mincov = 103413342935.92743
maxcov = 10341334293592.742
