
[data]
trigger-time = 1287808354.9831462
injection-file = /work/shashwat.singh/Prospects-of-LGWs/unlens/injection.hdf

[global]
instruments = E1 E2 E3 C1 C2 H1 V1 L1 I1 K1
mass1_ref = 30.000000001708056
mass2_ref = 30.000000007020414
minchirp = 26.11641690268301
maxchirp = 26.11661690268301
mincov = 26361896463.659786
maxcov = 2636189646365.9785
