
[data]
trigger-time = 1272825340.2444496
injection-file = /work/shashwat.singh/Prospects-of-LGWs/unlens/injection.hdf

[global]
instruments = E1 E2 E3 C1 C2 H1 V1 L1 I1 K1
mass1_ref = 30.000000000984464
mass2_ref = 30.00000000289606
minchirp = 26.11641690057282
maxchirp = 26.11661690057282
mincov = 110362301905.31465
maxcov = 11036230190531.465
