
[data]
trigger-time = 1418330304.3929377
injection-file = /work/shashwat.singh/Prospects-of-LGWs/unlens/injection.hdf

[global]
instruments = E1 E2 E3 C1 C2 H1 V1 L1 I1 K1
mass1_ref = 30.00000000776084
mass2_ref = 30.0000000068111
minchirp = 26.11641690522653
maxchirp = 26.11661690522653
mincov = 146557213545.815
maxcov = 14655721354581.502
