
[data]
trigger-time = 1213318273.5657568
injection-file = /work/shashwat.singh/Prospects-of-LGWs/unlens/injection.hdf

[global]
instruments = E1 E2 E3 C1 C2 H1 V1 L1 I1 K1
mass1_ref = 30.000000005132353
mass2_ref = 30.000000004189026
minchirp = 26.11641690294109
maxchirp = 26.11661690294109
mincov = 99928657558.23842
maxcov = 9992865755823.842
