
[data]
trigger-time = 1468264488.9245534
injection-file = /work/shashwat.singh/Prospects-of-LGWs/unlens/injection.hdf

[global]
instruments = E1 E2 E3 C1 C2 H1 V1 L1 I1 K1
mass1_ref = 30.000000006784923
mass2_ref = 30.00000000715681
minchirp = 26.116416904952214
maxchirp = 26.116616904952213
mincov = 178676181610.82382
maxcov = 17867618161082.383
