
[data]
trigger-time = 1966746210.300095
injection-file = /work/shashwat.singh/Prospects-of-LGWs/unlens/injection.hdf

[global]
instruments = E1 E2 E3 C1 C2 H1 V1 L1 I1 K1
mass1_ref = 30.000000004690026
mass2_ref = 30.000000009887852
minchirp = 26.116416905229116
maxchirp = 26.116616905229115
mincov = 95410072946.89688
maxcov = 9541007294689.69
