
[data]
trigger-time = 1434340966.4714575
injection-file = /work/shashwat.singh/Prospects-of-LGWs/unlens/injection.hdf

[global]
instruments = E1 E2 E3 C1 C2 H1 V1 L1 I1 K1
mass1_ref = 30.00000000193502
mass2_ref = 30.000000009393037
minchirp = 26.11641690381455
maxchirp = 26.11661690381455
mincov = 674859.9944199098
maxcov = 67485999.44199097
