
[data]
trigger-time = 1533091320.191197
injection-file = /work/shashwat.singh/Prospects-of-LGWs/unlens/injection.hdf

[global]
instruments = E1 E2 E3 C1 C2 H1 V1 L1 I1 K1
mass1_ref = 30.00000000310999
mass2_ref = 30.000000004776787
minchirp = 26.116416902316644
maxchirp = 26.116616902316643
mincov = 178882828339.60638
maxcov = 17888282833960.637
