
[data]
trigger-time = 1833013343.4249825
injection-file = /work/shashwat.singh/Prospects-of-LGWs/unlens/injection.hdf

[global]
instruments = E1 E2 E3 C1 C2 H1 V1 L1 I1 K1
mass1_ref = 30.000000004792312
mass2_ref = 30.000000004700688
minchirp = 26.116416903015793
maxchirp = 26.116616903015792
mincov = 1738495538.3561268
maxcov = 173849553835.61267
