
[data]
trigger-time = 1574622109.2190714
injection-file = /work/shashwat.singh/Prospects-of-LGWs/unlens/injection.hdf

[global]
instruments = E1 E2 E3 C1 C2 H1 V1 L1 I1 K1
mass1_ref = 30.00000000214881
mass2_ref = 30.000000000476266
minchirp = 26.116416900026355
maxchirp = 26.116616900026354
mincov = 128359430231.50589
maxcov = 12835943023150.588
