
[data]
trigger-time = 1059296201.9613011
injection-file = /work/shashwat.singh/Prospects-of-LGWs/unlens/injection.hdf

[global]
instruments = E1 E2 E3 C1 C2 H1 V1 L1 I1 K1
mass1_ref = 30.00000000179118
mass2_ref = 30.000000008190565
minchirp = 26.116416903228533
maxchirp = 26.116616903228532
mincov = 45101492002.33287
maxcov = 4510149200233.287
