
[data]
trigger-time = 1324366392.4833362
injection-file = /work/shashwat.singh/Prospects-of-LGWs/unlens/injection.hdf

[global]
instruments = E1 E2 E3 C1 C2 H1 V1 L1 I1 K1
mass1_ref = 30.000000002066542
mass2_ref = 30.000000000335355
minchirp = 26.11641689992921
maxchirp = 26.11661689992921
mincov = 1241971412.637924
maxcov = 124197141263.7924
