
[data]
trigger-time = 1637907140.4539526
injection-file = /work/shashwat.singh/Prospects-of-LGWs/unlens/injection.hdf

[global]
instruments = E1 E2 E3 C1 C2 H1 V1 L1 I1 K1
mass1_ref = 30.000000002184954
mass2_ref = 30.00000000916197
minchirp = 26.11641690382276
maxchirp = 26.11661690382276
mincov = 13910950512.993114
maxcov = 1391095051299.3115
