
[data]
trigger-time = 1949816362.5769386
injection-file = /work/shashwat.singh/Prospects-of-LGWs/unlens/injection.hdf

[global]
instruments = E1 E2 E3 C1 C2 H1 V1 L1 I1 K1
mass1_ref = 30.00000000338845
mass2_ref = 30.00000000719589
minchirp = 26.116416903490826
maxchirp = 26.116616903490826
mincov = 738879356.8986781
maxcov = 73887935689.8678
