
[data]
trigger-time = 1453117430.4843998
injection-file = /work/shashwat.singh/Prospects-of-LGWs/unlens/injection.hdf

[global]
instruments = E1 E2 E3 C1 C2 H1 V1 L1 I1 K1
mass1_ref = 30.000000008495487
mass2_ref = 30.00000000345115
minchirp = 26.1164169040838
maxchirp = 26.1166169040838
mincov = 122691884228.11165
maxcov = 12269188422811.164
