
[data]
trigger-time = 1989069825.136089
injection-file = /work/shashwat.singh/Prospects-of-LGWs/unlens/injection.hdf

[global]
instruments = E1 E2 E3 C1 C2 H1 V1 L1 I1 K1
mass1_ref = 30.000000000041638
mass2_ref = 30.000000004315787
minchirp = 26.116416900780404
maxchirp = 26.116616900780404
mincov = 126330664030.04941
maxcov = 12633066403004.941
