
[data]
trigger-time = 1794413439.1375678
injection-file = /work/shashwat.singh/Prospects-of-LGWs/unlens/injection.hdf

[global]
instruments = E1 E2 E3 C1 C2 H1 V1 L1 I1 K1
mass1_ref = 30.000000004003418
mass2_ref = 30.000000000628773
minchirp = 26.116416900900003
maxchirp = 26.116616900900002
mincov = 27804512575.089905
maxcov = 2780451257508.99
