
[data]
trigger-time = 1997392359.5379734
injection-file = /work/shashwat.singh/Prospects-of-LGWs/unlens/injection.hdf

[global]
instruments = E1 E2 E3 C1 C2 H1 V1 L1 I1 K1
mass1_ref = 30.00000000865224
mass2_ref = 30.00000000220101
minchirp = 26.116416903607874
maxchirp = 26.116616903607873
mincov = 129138726971.90909
maxcov = 12913872697190.908
