
[data]
trigger-time = 1369686221.6102636
injection-file = /work/shashwat.singh/Prospects-of-LGWs/unlens/injection.hdf

[global]
instruments = E1 E2 E3 C1 C2 H1 V1 L1 I1 K1
mass1_ref = 30.00000000653965
mass2_ref = 30.00000000450385
minchirp = 26.116416903690688
maxchirp = 26.116616903690687
mincov = 106987890105.5856
maxcov = 10698789010558.56
