
[data]
trigger-time = 1593186653.7884166
injection-file = /work/shashwat.singh/Prospects-of-LGWs/unlens/injection.hdf

[global]
instruments = E1 E2 E3 C1 C2 H1 V1 L1 I1 K1
mass1_ref = 30.000000005801112
mass2_ref = 30.000000006084516
minchirp = 26.116416904057246
maxchirp = 26.116616904057246
mincov = 105253320558.18112
maxcov = 10525332055818.111
