
[data]
trigger-time = 1355250916.8381035
injection-file = /work/shashwat.singh/Prospects-of-LGWs/unlens/injection.hdf

[global]
instruments = E1 E2 E3 C1 C2 H1 V1 L1 I1 K1
mass1_ref = 30.000000009604637
mass2_ref = 30.000000005695625
minchirp = 26.116416905543552
maxchirp = 26.11661690554355
mincov = 58878944779.14612
maxcov = 5887894477914.611
