
[data]
trigger-time = 1904453468.3639884
injection-file = /work/shashwat.singh/Prospects-of-LGWs/unlens/injection.hdf

[global]
instruments = E1 E2 E3 C1 C2 H1 V1 L1 I1 K1
mass1_ref = 30.00000000047128
mass2_ref = 30.00000000674838
minchirp = 26.116416902026263
maxchirp = 26.116616902026262
mincov = 189347985.5102343
maxcov = 18934798551.02343
