
[data]
trigger-time = 1102805075.4330757
injection-file = /work/shashwat.singh/Prospects-of-LGWs/unlens/injection.hdf

[global]
instruments = E1 E2 E3 C1 C2 H1 V1 L1 I1 K1
mass1_ref = 30.000000005140762
mass2_ref = 30.000000006712003
minchirp = 26.116416904042943
maxchirp = 26.116616904042942
mincov = 162221154643.59354
maxcov = 16222115464359.354
