
[data]
trigger-time = 1694400647.2474494
injection-file = /work/shashwat.singh/Prospects-of-LGWs/unlens/injection.hdf

[global]
instruments = E1 E2 E3 C1 C2 H1 V1 L1 I1 K1
mass1_ref = 30.000000004122978
mass2_ref = 30.00000000120301
minchirp = 26.116416901201994
maxchirp = 26.116616901201994
mincov = 56415615820.57534
maxcov = 5641561582057.534
