
[data]
trigger-time = 1227880743.1111307
injection-file = /work/shashwat.singh/Prospects-of-LGWs/unlens/injection.hdf

[global]
instruments = E1 E2 E3 C1 C2 H1 V1 L1 I1 K1
mass1_ref = 30.0000000041295
mass2_ref = 30.00000000124278
minchirp = 26.116416901222145
maxchirp = 26.116616901222145
mincov = 66881503012.43373
maxcov = 6688150301243.373
