
[data]
trigger-time = 1403446805.9525213
injection-file = /work/shashwat.singh/Prospects-of-LGWs/unlens/injection.hdf

[global]
instruments = E1 E2 E3 C1 C2 H1 V1 L1 I1 K1
mass1_ref = 30.00000000301203
mass2_ref = 30.000000005667086
minchirp = 26.116416902661527
maxchirp = 26.116616902661526
mincov = 173027293820.0634
maxcov = 17302729382006.338
