
[data]
trigger-time = 1422759702.8638873
injection-file = /work/shashwat.singh/Prospects-of-LGWs/unlens/injection.hdf

[global]
instruments = E1 E2 E3 C1 C2 H1 V1 L1 I1 K1
mass1_ref = 30.00000000594104
mass2_ref = 30.000000001262418
minchirp = 26.11641690201921
maxchirp = 26.11661690201921
mincov = 79966204938.46185
maxcov = 7996620493846.186
