
[data]
trigger-time = 1269506883.7702014
injection-file = /work/shashwat.singh/Prospects-of-LGWs/unlens/injection.hdf

[global]
instruments = E1 E2 E3 C1 C2 H1 V1 L1 I1 K1
mass1_ref = 30.000000007473908
mass2_ref = 30.000000009773004
minchirp = 26.116416906390878
maxchirp = 26.116616906390878
mincov = 29084731179.874535
maxcov = 2908473117987.4536
