
[data]
trigger-time = 1271911286.3725338
injection-file = /work/shashwat.singh/Prospects-of-LGWs/unlens/injection.hdf

[global]
instruments = E1 E2 E3 C1 C2 H1 V1 L1 I1 K1
mass1_ref = 30.00000000718109
mass2_ref = 30.000000002269665
minchirp = 26.116416902997404
maxchirp = 26.116616902997404
mincov = 170227038920.85577
maxcov = 17022703892085.576
