
[data]
trigger-time = 1894064425.3044357
injection-file = /work/shashwat.singh/Prospects-of-LGWs/unlens/injection.hdf

[global]
instruments = E1 E2 E3 C1 C2 H1 V1 L1 I1 K1
mass1_ref = 30.000000008268554
mass2_ref = 30.0000000091231
minchirp = 26.116416906453882
maxchirp = 26.11661690645388
mincov = 22128153295.371353
maxcov = 2212815329537.1353
