
[data]
trigger-time = 1323067789.3370774
injection-file = /work/shashwat.singh/Prospects-of-LGWs/unlens/injection.hdf

[global]
instruments = E1 E2 E3 C1 C2 H1 V1 L1 I1 K1
mass1_ref = 30.000000000049877
mass2_ref = 30.00000000443735
minchirp = 26.116416900836903
maxchirp = 26.116616900836902
mincov = 76681252717.61038
maxcov = 7668125271761.039
