
[data]
trigger-time = 1133875456.4503055
injection-file = /work/shashwat.singh/Prospects-of-LGWs/unlens/injection.hdf

[global]
instruments = E1 E2 E3 C1 C2 H1 V1 L1 I1 K1
mass1_ref = 30.000000000003933
mass2_ref = 30.00000000273757
minchirp = 26.11641690007703
maxchirp = 26.11661690007703
mincov = 48640059.143589534
maxcov = 4864005914.358953
