
[data]
trigger-time = 1092798363.9412208
injection-file = /work/shashwat.singh/Prospects-of-LGWs/unlens/injection.hdf

[global]
instruments = E1 E2 E3 C1 C2 H1 V1 L1 I1 K1
mass1_ref = 30.000000000056996
mass2_ref = 30.000000001323702
minchirp = 26.116416899484708
maxchirp = 26.116616899484708
mincov = 16394685756.72323
maxcov = 1639468575672.323
