
[data]
trigger-time = 1215525404.9298925
injection-file = /work/shashwat.singh/Prospects-of-LGWs/unlens/injection.hdf

[global]
instruments = E1 E2 E3 C1 C2 H1 V1 L1 I1 K1
mass1_ref = 30.00000000015218
mass2_ref = 30.000000008529437
minchirp = 26.116416902662618
maxchirp = 26.116616902662617
mincov = 108351463305.29678
maxcov = 10835146330529.678
