
[data]
trigger-time = 1049359336.1318733
injection-file = /work/shashwat.singh/Prospects-of-LGWs/unlens/injection.hdf

[global]
instruments = E1 E2 E3 C1 C2 H1 V1 L1 I1 K1
mass1_ref = 30.000000009285934
mass2_ref = 30.000000009279272
minchirp = 26.116416906964698
maxchirp = 26.116616906964698
mincov = 21796887302.329586
maxcov = 2179688730232.9587
