
[data]
trigger-time = 1997166906.425727
injection-file = /work/shashwat.singh/Prospects-of-LGWs/unlens/injection.hdf

[global]
instruments = E1 E2 E3 C1 C2 H1 V1 L1 I1 K1
mass1_ref = 30.000000005844758
mass2_ref = 30.000000009785065
minchirp = 26.116416905687
maxchirp = 26.116616905687
mincov = 82824574904.98691
maxcov = 8282457490498.69
