
[data]
trigger-time = 1013088205.6630585
injection-file = /work/shashwat.singh/Prospects-of-LGWs/unlens/injection.hdf

[global]
instruments = E1 E2 E3 C1 C2 H1 V1 L1 I1 K1
mass1_ref = 30.000000001020314
mass2_ref = 30.000000001621117
minchirp = 26.11641690003347
maxchirp = 26.11661690003347
mincov = 110170177584.73763
maxcov = 11017017758473.762
