
[data]
trigger-time = 1665197035.6188898
injection-file = /work/shashwat.singh/Prospects-of-LGWs/unlens/injection.hdf

[global]
instruments = E1 E2 E3 C1 C2 H1 V1 L1 I1 K1
mass1_ref = 30.000000005956014
mass2_ref = 30.00000000710049
minchirp = 26.116416904566897
maxchirp = 26.116616904566897
mincov = 149819918059.26218
maxcov = 14981991805926.219
