
[data]
trigger-time = 1810139996.2424831
injection-file = /work/shashwat.singh/Prospects-of-LGWs/unlens/injection.hdf

[global]
instruments = E1 E2 E3 C1 C2 H1 V1 L1 I1 K1
mass1_ref = 30.00000000911995
mass2_ref = 30.000000003269694
minchirp = 26.116416904276633
maxchirp = 26.116616904276633
mincov = 161129097817.4808
maxcov = 16112909781748.082
