
[data]
trigger-time = 1916904356.7136188
injection-file = /work/shashwat.singh/Prospects-of-LGWs/unlens/injection.hdf

[global]
instruments = E1 E2 E3 C1 C2 H1 V1 L1 I1 K1
mass1_ref = 30.000000009063935
mass2_ref = 30.000000008670785
minchirp = 26.11641690660321
maxchirp = 26.11661690660321
mincov = 25031836104.330345
maxcov = 2503183610433.034
