
[data]
trigger-time = 1290665330.8131235
injection-file = /work/shashwat.singh/Prospects-of-LGWs/unlens/injection.hdf

[global]
instruments = E1 E2 E3 C1 C2 H1 V1 L1 I1 K1
mass1_ref = 30.000000009862244
mass2_ref = 30.00000000387941
minchirp = 26.116416904865126
maxchirp = 26.116616904865126
mincov = 64349581060.54844
maxcov = 6434958106054.844
