
[data]
trigger-time = 1679194498.6368465
injection-file = /work/shashwat.singh/Prospects-of-LGWs/unlens/injection.hdf

[global]
instruments = E1 E2 E3 C1 C2 H1 V1 L1 I1 K1
mass1_ref = 30.00000000394847
mass2_ref = 30.000000005387864
minchirp = 26.1164169029476
maxchirp = 26.116616902947598
mincov = 97828450207.55554
maxcov = 9782845020755.555
