
[data]
trigger-time = 1742773334.813995
injection-file = /work/shashwat.singh/Prospects-of-LGWs/unlens/injection.hdf

[global]
instruments = E1 E2 E3 C1 C2 H1 V1 L1 I1 K1
mass1_ref = 30.000000005065782
mass2_ref = 30.00000000668336
minchirp = 26.116416903997838
maxchirp = 26.116616903997837
mincov = 950446425.6394022
maxcov = 95044642563.94022
