
[data]
trigger-time = 1361638207.5826912
injection-file = /work/shashwat.singh/Prospects-of-LGWs/unlens/injection.hdf

[global]
instruments = E1 E2 E3 C1 C2 H1 V1 L1 I1 K1
mass1_ref = 30.000000000619906
mass2_ref = 30.000000002892637
minchirp = 26.11641690041265
maxchirp = 26.116616900412648
mincov = 140414239449.32043
maxcov = 14041423944932.043
