
[data]
trigger-time = 1573028904.033186
injection-file = /home/ss/Prospects-of-LGWs/unlens/injection.hdf

[global]
instruments = E1 E2 E3 C1 H1 V1 L1 I1 K1
mass1_ref = 30.000000005167895
mass2_ref = 30.00000000267888
minchirp = 26.116416902299232
maxchirp = 26.11661690229923
mincov = 7339562733.007838
maxcov = 733956273300.7838
