
[data]
trigger-time = 1161847435.6604857
injection-file = /work/shashwat.singh/Prospects-of-LGWs/unlens/injection.hdf

[global]
instruments = E1 E2 E3 C1 C2 H1 V1 L1 I1 K1
mass1_ref = 30.000000004567344
mass2_ref = 30.00000000790733
minchirp = 26.116416904313645
maxchirp = 26.116616904313645
mincov = 5902443353.211813
maxcov = 590244335321.1813
