
[data]
trigger-time = 1986357599.6239874
injection-file = /work/shashwat.singh/Prospects-of-LGWs/unlens/injection.hdf

[global]
instruments = E1 E2 E3 C1 C2 H1 V1 L1 I1 K1
mass1_ref = 30.000000008418283
mass2_ref = 30.00000000167573
minchirp = 26.116416903277397
maxchirp = 26.116616903277396
mincov = 28333938647.21715
maxcov = 2833393864721.715
