
[data]
trigger-time = 1767247029.218249
injection-file = /work/shashwat.singh/Prospects-of-LGWs/unlens/injection.hdf

[global]
instruments = E1 E2 E3 C1 C2 H1 V1 L1 I1 K1
mass1_ref = 30.000000003403752
mass2_ref = 30.000000001394014
minchirp = 26.116416900972073
maxchirp = 26.116616900972073
mincov = 165796259315.0305
maxcov = 16579625931503.049
