
[data]
trigger-time = 1382986518.976158
injection-file = /work/shashwat.singh/Prospects-of-LGWs/unlens/injection.hdf

[global]
instruments = E1 E2 E3 C1 C2 H1 V1 L1 I1 K1
mass1_ref = 30.00000000668029
mass2_ref = 30.000000002178542
minchirp = 26.116416902739754
maxchirp = 26.116616902739754
mincov = 88704868967.35733
maxcov = 8870486896735.732
