
[data]
trigger-time = 1101618491.0054312
injection-file = /work/shashwat.singh/Prospects-of-LGWs/unlens/injection.hdf

[global]
instruments = E1 E2 E3 C1 C2 H1 V1 L1 I1 K1
mass1_ref = 30.000000004109925
mass2_ref = 30.000000001109015
minchirp = 26.116416901155397
maxchirp = 26.116616901155396
mincov = 30034691707.571632
maxcov = 3003469170757.163
