
[data]
trigger-time = 1298694389.7337346
injection-file = /work/shashwat.singh/Prospects-of-LGWs/unlens/injection.hdf

[global]
instruments = E1 E2 E3 C1 C2 H1 V1 L1 I1 K1
mass1_ref = 30.00000000325833
mass2_ref = 30.00000000554486
minchirp = 26.116416902715535
maxchirp = 26.116616902715535
mincov = 58820446116.73293
maxcov = 5882044611673.293
