
[data]
trigger-time = 1202706484.7319973
injection-file = /work/shashwat.singh/Prospects-of-LGWs/unlens/injection.hdf

[global]
instruments = E1 E2 E3 C1 C2 H1 V1 L1 I1 K1
mass1_ref = 30.000000007845795
mass2_ref = 30.00000000864415
minchirp = 26.116416906061392
maxchirp = 26.11661690606139
mincov = 122734550736.98885
maxcov = 12273455073698.885
