
[data]
trigger-time = 1131519486.8893826
injection-file = /work/shashwat.singh/Prospects-of-LGWs/unlens/injection.hdf

[global]
instruments = E1 E2 E3 C1 C2 H1 V1 L1 I1 K1
mass1_ref = 30.000000008455768
mass2_ref = 30.000000001761425
minchirp = 26.116416903331015
maxchirp = 26.116616903331014
mincov = 87115716435.29721
maxcov = 8711571643529.721
