
[data]
trigger-time = 1589054453.797577
injection-file = /work/shashwat.singh/Prospects-of-LGWs/unlens/injection.hdf

[global]
instruments = E1 E2 E3 C1 C2 H1 V1 L1 I1 K1
mass1_ref = 30.000000004147267
mass2_ref = 30.000000003185782
minchirp = 26.11641690207562
maxchirp = 26.11661690207562
mincov = 33173211472.03875
maxcov = 3317321147203.875
