
[data]
trigger-time = 1146413778.4384227
injection-file = /work/shashwat.singh/Prospects-of-LGWs/unlens/injection.hdf

[global]
instruments = E1 E2 E3 C1 C2 H1 V1 L1 I1 K1
mass1_ref = 30.000000007173288
mass2_ref = 30.000000003862468
minchirp = 26.116416903687316
maxchirp = 26.116616903687316
mincov = 90435987244.46541
maxcov = 9043598724446.541
