
[data]
trigger-time = 1160142453.4191325
injection-file = /work/shashwat.singh/Prospects-of-LGWs/unlens/injection.hdf

[global]
instruments = E1 E2 E3 C1 C2 H1 V1 L1 I1 K1
mass1_ref = 30.0000000005185
mass2_ref = 30.000000008264816
minchirp = 26.116416902706884
maxchirp = 26.116616902706884
mincov = 43004278432.51436
maxcov = 4300427843251.436
