
[data]
trigger-time = 1295355644.4833412
injection-file = /work/shashwat.singh/Prospects-of-LGWs/unlens/injection.hdf

[global]
instruments = E1 E2 E3 C1 C2 H1 V1 L1 I1 K1
mass1_ref = 30.00000000494419
mass2_ref = 30.00000000460636
minchirp = 26.116416903040843
maxchirp = 26.116616903040843
mincov = 158206093802.57657
maxcov = 15820609380257.656
