
[data]
trigger-time = 1664890974.237249
injection-file = /work/shashwat.singh/Prospects-of-LGWs/unlens/injection.hdf

[global]
instruments = E1 E2 E3 C1 C2 H1 V1 L1 I1 K1
mass1_ref = 30.000000004541185
mass2_ref = 30.000000007122896
minchirp = 26.11641690396081
maxchirp = 26.11661690396081
mincov = 175316856756.36774
maxcov = 17531685675636.775
