
[data]
trigger-time = 1697679045.3273652
injection-file = /work/shashwat.singh/Prospects-of-LGWs/unlens/injection.hdf

[global]
instruments = E1 E2 E3 C1 C2 H1 V1 L1 I1 K1
mass1_ref = 30.00000000513577
mass2_ref = 30.000000001967546
minchirp = 26.116416901975622
maxchirp = 26.116616901975622
mincov = 353796261.6815725
maxcov = 35379626168.15725
