
[data]
trigger-time = 1724274235.6994562
injection-file = /work/shashwat.singh/Prospects-of-LGWs/unlens/injection.hdf

[global]
instruments = E1 E2 E3 C1 C2 H1 V1 L1 I1 K1
mass1_ref = 30.000000001486384
mass2_ref = 30.000000006750795
minchirp = 26.116416902469165
maxchirp = 26.116616902469165
mincov = 66786501951.151474
maxcov = 6678650195115.147
