
[data]
trigger-time = 1584156898.361625
injection-file = /work/shashwat.singh/Prospects-of-LGWs/unlens/injection.hdf

[global]
instruments = E1 E2 E3 C1 C2 H1 V1 L1 I1 K1
mass1_ref = 30.000000007535828
mass2_ref = 30.00000000774277
minchirp = 26.116416905534123
maxchirp = 26.116616905534123
mincov = 80887619588.03014
maxcov = 8088761958803.014
