
[data]
trigger-time = 1568431318.086843
injection-file = /work/shashwat.singh/Prospects-of-LGWs/unlens/injection.hdf

[global]
instruments = E1 E2 E3 C1 C2 H1 V1 L1 I1 K1
mass1_ref = 30.000000007675546
mass2_ref = 30.000000008993375
minchirp = 26.116416906139293
maxchirp = 26.116616906139292
mincov = 101065864828.46793
maxcov = 10106586482846.793
