
[data]
trigger-time = 1747885856.055298
injection-file = /work/shashwat.singh/Prospects-of-LGWs/unlens/injection.hdf

[global]
instruments = E1 E2 E3 C1 C2 H1 V1 L1 I1 K1
mass1_ref = 30.000000009128286
mass2_ref = 30.000000004079098
minchirp = 26.116416904632572
maxchirp = 26.116616904632572
mincov = 106307269254.84953
maxcov = 10630726925484.953
