
[data]
trigger-time = 1463583832.572953
injection-file = /work/shashwat.singh/Prospects-of-LGWs/unlens/injection.hdf

[global]
instruments = E1 E2 E3 C1 C2 H1 V1 L1 I1 K1
mass1_ref = 30.0000000063285
mass2_ref = 30.000000004747257
minchirp = 26.116416903704728
maxchirp = 26.116616903704728
mincov = 110000855461.10466
maxcov = 11000085546110.467
