
[data]
trigger-time = 1636364726.6993268
injection-file = /work/shashwat.singh/Prospects-of-LGWs/unlens/injection.hdf

[global]
instruments = E1 E2 E3 C1 C2 H1 V1 L1 I1 K1
mass1_ref = 30.000000009302575
mass2_ref = 30.000000009076473
minchirp = 26.116416906883668
maxchirp = 26.116616906883667
mincov = 38268911084.190414
maxcov = 3826891108419.042
