
[data]
trigger-time = 1115217581.853715
injection-file = /work/shashwat.singh/Prospects-of-LGWs/unlens/injection.hdf

[global]
instruments = E1 E2 E3 C1 C2 H1 V1 L1 I1 K1
mass1_ref = 30.000000007966065
mass2_ref = 30.000000004671914
minchirp = 26.116416904384725
maxchirp = 26.116616904384724
mincov = 140935133921.58426
maxcov = 14093513392158.426
