
[data]
trigger-time = 1714910910.7416935
injection-file = /work/shashwat.singh/Prospects-of-LGWs/unlens/injection.hdf

[global]
instruments = E1 E2 E3 C1 C2 H1 V1 L1 I1 K1
mass1_ref = 30.00000000089129
mass2_ref = 30.000000002403766
minchirp = 26.11641690031798
maxchirp = 26.11661690031798
mincov = 142470714364.4129
maxcov = 14247071436441.291
