
[data]
trigger-time = 1198864062.2835352
injection-file = /work/shashwat.singh/Prospects-of-LGWs/unlens/injection.hdf

[global]
instruments = E1 E2 E3 C1 C2 H1 V1 L1 I1 K1
mass1_ref = 30.00000000339813
mass2_ref = 30.000000002654893
minchirp = 26.11641690151846
maxchirp = 26.11661690151846
mincov = 161746032864.48795
maxcov = 16174603286448.793
