
[data]
trigger-time = 1023644876.3633833
injection-file = /work/shashwat.singh/Prospects-of-LGWs/unlens/injection.hdf

[global]
instruments = E1 E2 E3 C1 C2 H1 V1 L1 I1 K1
mass1_ref = 30.000000001829534
mass2_ref = 30.000000007774062
minchirp = 26.116416903063932
maxchirp = 26.11661690306393
mincov = 143237110919.55463
maxcov = 14323711091955.465
