
[data]
trigger-time = 1909756575.4472015
injection-file = /work/shashwat.singh/Prospects-of-LGWs/unlens/injection.hdf

[global]
instruments = E1 E2 E3 C1 C2 H1 V1 L1 I1 K1
mass1_ref = 30.000000006956174
mass2_ref = 30.00000000904739
minchirp = 26.116416905849682
maxchirp = 26.116616905849682
mincov = 158147955389.63705
maxcov = 15814795538963.707
