
[data]
trigger-time = 1940146565.7260141
injection-file = /work/shashwat.singh/Prospects-of-LGWs/unlens/injection.hdf

[global]
instruments = E1 E2 E3 C1 C2 H1 V1 L1 I1 K1
mass1_ref = 30.00000000231442
mass2_ref = 30.000000001663256
minchirp = 26.116416900615107
maxchirp = 26.116616900615107
mincov = 69076963902.31284
maxcov = 6907696390231.283
