
[data]
trigger-time = 1901728181.6452036
injection-file = /work/shashwat.singh/Prospects-of-LGWs/unlens/injection.hdf

[global]
instruments = E1 E2 E3 C1 C2 H1 V1 L1 I1 K1
mass1_ref = 30.000000007804502
mass2_ref = 30.00000000102065
minchirp = 26.116416902725096
maxchirp = 26.116616902725095
mincov = 12685850879.30018
maxcov = 1268585087930.018
