
[data]
trigger-time = 1900903705.3274071
injection-file = /work/shashwat.singh/Prospects-of-LGWs/unlens/injection.hdf

[global]
instruments = E1 E2 E3 C1 C2 H1 V1 L1 I1 K1
mass1_ref = 30.000000009815732
mass2_ref = 30.000000003874565
minchirp = 26.116416904842772
maxchirp = 26.116616904842772
mincov = 136467946193.81604
maxcov = 13646794619381.604
