
[data]
trigger-time = 1126929342.3938792
injection-file = /work/shashwat.singh/Prospects-of-LGWs/unlens/injection.hdf

[global]
instruments = E1 E2 E3 C1 C2 H1 V1 L1 I1 K1
mass1_ref = 30.00000000752695
mass2_ref = 30.00000000621332
minchirp = 26.116416904864522
maxchirp = 26.11661690486452
mincov = 65557939.942252055
maxcov = 6555793994.225205
