
[data]
trigger-time = 1115026641.0800803
injection-file = /work/shashwat.singh/Prospects-of-LGWs/unlens/injection.hdf

[global]
instruments = E1 E2 E3 C1 C2 H1 V1 L1 I1 K1
mass1_ref = 30.000000006857668
mass2_ref = 30.000000002395414
minchirp = 26.116416902911364
maxchirp = 26.116616902911364
mincov = 167298068780.80307
maxcov = 16729806878080.309
