
[data]
trigger-time = 1324200784.8649728
injection-file = /work/shashwat.singh/Prospects-of-LGWs/unlens/injection.hdf

[global]
instruments = E1 E2 E3 C1 C2 H1 V1 L1 I1 K1
mass1_ref = 30.00000000838328
mass2_ref = 30.00000000250202
minchirp = 26.116416903621825
maxchirp = 26.116616903621825
mincov = 10902333936.332066
maxcov = 1090233393633.2065
