
[data]
trigger-time = 1673337203.3186166
injection-file = /work/shashwat.singh/Prospects-of-LGWs/unlens/injection.hdf

[global]
instruments = E1 E2 E3 C1 C2 H1 V1 L1 I1 K1
mass1_ref = 30.000000001711616
mass2_ref = 30.000000003641087
minchirp = 26.116416901213622
maxchirp = 26.11661690121362
mincov = 161802888641.99805
maxcov = 16180288864199.805
