
[data]
trigger-time = 1022531049.3264568
injection-file = /work/shashwat.singh/Prospects-of-LGWs/unlens/injection.hdf

[global]
instruments = E1 E2 E3 C1 C2 H1 V1 L1 I1 K1
mass1_ref = 30.000000004839052
mass2_ref = 30.000000003730477
minchirp = 26.116416902613828
maxchirp = 26.116616902613828
mincov = 2965159445.137758
maxcov = 296515944513.77576
