
[data]
trigger-time = 1962634135.0684612
injection-file = /work/shashwat.singh/Prospects-of-LGWs/unlens/injection.hdf

[global]
instruments = E1 E2 E3 C1 C2 H1 V1 L1 I1 K1
mass1_ref = 30.000000005252602
mass2_ref = 30.000000004479865
minchirp = 26.116416903120026
maxchirp = 26.116616903120025
mincov = 140092141581.64053
maxcov = 14009214158164.053
