
[data]
trigger-time = 1686438687.4143076
injection-file = /work/shashwat.singh/Prospects-of-LGWs/unlens/injection.hdf

[global]
instruments = E1 E2 E3 C1 C2 H1 V1 L1 I1 K1
mass1_ref = 30.00000000430715
mass2_ref = 30.000000005678263
minchirp = 26.116416903230128
maxchirp = 26.116616903230128
mincov = 65148398798.30558
maxcov = 6514839879830.558
