
[data]
trigger-time = 1254969990.4882195
injection-file = /work/shashwat.singh/Prospects-of-LGWs/unlens/injection.hdf

[global]
instruments = E1 E2 E3 C1 C2 H1 V1 L1 I1 K1
mass1_ref = 30.00000000140174
mass2_ref = 30.000000009130137
minchirp = 26.11641690346799
maxchirp = 26.11661690346799
mincov = 126750322061.6364
maxcov = 12675032206163.64
