
[data]
trigger-time = 1849004425.6463926
injection-file = /work/shashwat.singh/Prospects-of-LGWs/unlens/injection.hdf

[global]
instruments = E1 E2 E3 C1 C2 H1 V1 L1 I1 K1
mass1_ref = 30.00000000818049
mass2_ref = 30.00000000290018
minchirp = 26.116416903706867
maxchirp = 26.116616903706866
mincov = 148002483770.0698
maxcov = 14800248377006.98
