
[data]
trigger-time = 1105087865.2727919
injection-file = /work/shashwat.singh/Prospects-of-LGWs/unlens/injection.hdf

[global]
instruments = E1 E2 E3 C1 C2 H1 V1 L1 I1 K1
mass1_ref = 30.000000001599
mass2_ref = 30.00000000040005
minchirp = 26.11641689975386
maxchirp = 26.11661689975386
mincov = 78347351315.44185
maxcov = 7834735131544.185
