
[data]
trigger-time = 1098048324.217031
injection-file = /work/shashwat.singh/Prospects-of-LGWs/unlens/injection.hdf

[global]
instruments = E1 E2 E3 C1 C2 H1 V1 L1 I1 K1
mass1_ref = 30.00000000949805
mass2_ref = 30.00000000727755
minchirp = 26.11641690618573
maxchirp = 26.11661690618573
mincov = 138224464992.66507
maxcov = 13822446499266.506
