
[data]
trigger-time = 1888817620.9575067
injection-file = /work/shashwat.singh/Prospects-of-LGWs/unlens/injection.hdf

[global]
instruments = E1 E2 E3 C1 C2 H1 V1 L1 I1 K1
mass1_ref = 30.000000007151563
mass2_ref = 30.000000004346866
minchirp = 26.116416903888705
maxchirp = 26.116616903888705
mincov = 159127931672.92572
maxcov = 15912793167292.57
