
[data]
trigger-time = 1394313023.8187547
injection-file = /work/shashwat.singh/Prospects-of-LGWs/unlens/injection.hdf

[global]
instruments = E1 E2 E3 C1 C2 H1 V1 L1 I1 K1
mass1_ref = 30.000000007739366
mass2_ref = 30.00000000527896
minchirp = 26.11641690455028
maxchirp = 26.11661690455028
mincov = 67031666216.23948
maxcov = 6703166621623.947
