
[data]
trigger-time = 1016900216.4341482
injection-file = /work/shashwat.singh/Prospects-of-LGWs/unlens/injection.hdf

[global]
instruments = E1 E2 E3 C1 C2 H1 V1 L1 I1 K1
mass1_ref = 30.00000000549013
mass2_ref = 30.000000009844843
minchirp = 26.11641690555866
maxchirp = 26.116616905558658
mincov = 148543569057.27643
maxcov = 14854356905727.64
