
[data]
trigger-time = 1853309689.8822823
injection-file = /work/shashwat.singh/Prospects-of-LGWs/unlens/injection.hdf

[global]
instruments = E1 E2 E3 C1 C2 H1 V1 L1 I1 K1
mass1_ref = 30.00000000225004
mass2_ref = 30.000000005116704
minchirp = 26.116416902090286
maxchirp = 26.116616902090286
mincov = 70490185900.83122
maxcov = 7049018590083.123
