
[data]
trigger-time = 1800019112.6928613
injection-file = /work/shashwat.singh/Prospects-of-LGWs/unlens/injection.hdf

[global]
instruments = E1 E2 E3 C1 C2 H1 V1 L1 I1 K1
mass1_ref = 30.00000000560932
mass2_ref = 30.000000003927518
minchirp = 26.116416903034875
maxchirp = 26.116616903034874
mincov = 106460900961.67607
maxcov = 10646090096167.607
