
[data]
trigger-time = 1170607941.4917712
injection-file = /work/shashwat.singh/Prospects-of-LGWs/unlens/injection.hdf

[global]
instruments = E1 E2 E3 C1 C2 H1 V1 L1 I1 K1
mass1_ref = 30.000000000233666
mass2_ref = 30.000000009579455
minchirp = 26.116416903155134
maxchirp = 26.116616903155133
mincov = 163315983982.35016
maxcov = 16331598398235.016
