
[data]
trigger-time = 1610313974.9185314
injection-file = /work/shashwat.singh/Prospects-of-LGWs/unlens/injection.hdf

[global]
instruments = E1 E2 E3 C1 C2 H1 V1 L1 I1 K1
mass1_ref = 30.000000002526058
mass2_ref = 30.000000008874807
minchirp = 26.11641690384624
maxchirp = 26.11661690384624
mincov = 144488155604.59866
maxcov = 14448815560459.865
