
[data]
trigger-time = 1526961615.309059
injection-file = /work/shashwat.singh/Prospects-of-LGWs/unlens/injection.hdf

[global]
instruments = E1 E2 E3 C1 C2 H1 V1 L1 I1 K1
mass1_ref = 30.000000002954707
mass2_ref = 30.000000003081123
minchirp = 26.116416901510974
maxchirp = 26.116616901510973
mincov = 66775511953.74806
maxcov = 6677551195374.806
