
[data]
trigger-time = 1137231773.705205
injection-file = /work/shashwat.singh/Prospects-of-LGWs/unlens/injection.hdf

[global]
instruments = E1 E2 E3 C1 C2 H1 V1 L1 I1 K1
mass1_ref = 30.00000000810694
mass2_ref = 30.000000004184685
minchirp = 26.11641690423396
maxchirp = 26.11661690423396
mincov = 121024016411.92802
maxcov = 12102401641192.803
