
[data]
trigger-time = 1617892648.5663133
injection-file = /work/shashwat.singh/Prospects-of-LGWs/unlens/injection.hdf

[global]
instruments = E1 E2 E3 C1 C2 H1 V1 L1 I1 K1
mass1_ref = 30.000000003530683
mass2_ref = 30.0000000022082
minchirp = 26.11641690138172
maxchirp = 26.116616901381718
mincov = 106307298102.29817
maxcov = 10630729810229.816
