
[data]
trigger-time = 1769501328.0826354
injection-file = /work/shashwat.singh/Prospects-of-LGWs/unlens/injection.hdf

[global]
instruments = E1 E2 E3 C1 C2 H1 V1 L1 I1 K1
mass1_ref = 30.00000000415891
mass2_ref = 30.00000000448232
minchirp = 26.11641690264504
maxchirp = 26.11661690264504
mincov = 126830134125.49992
maxcov = 12683013412549.992
