
[data]
trigger-time = 1597913360.79079
injection-file = /work/shashwat.singh/Prospects-of-LGWs/unlens/injection.hdf

[global]
instruments = E1 E2 E3 C1 C2 H1 V1 L1 I1 K1
mass1_ref = 30.00000000575344
mass2_ref = 30.00000000555102
minchirp = 26.116416903804275
maxchirp = 26.116616903804275
mincov = 175723293929.7316
maxcov = 17572329392973.16
