
[data]
trigger-time = 1810198772.0399458
injection-file = /work/shashwat.singh/Prospects-of-LGWs/unlens/injection.hdf

[global]
instruments = E1 E2 E3 C1 C2 H1 V1 L1 I1 K1
mass1_ref = 30.00000000252269
mass2_ref = 30.000000003004644
minchirp = 26.116416901289636
maxchirp = 26.116616901289635
mincov = 146613622286.15005
maxcov = 14661362228615.004
