
[data]
trigger-time = 1964048426.2874672
injection-file = /work/shashwat.singh/Prospects-of-LGWs/unlens/injection.hdf

[global]
instruments = E1 E2 E3 C1 C2 H1 V1 L1 I1 K1
mass1_ref = 30.00000000676948
mass2_ref = 30.000000006156508
minchirp = 26.116416904510086
maxchirp = 26.116616904510085
mincov = 68840051560.49664
maxcov = 6884005156049.664
