
[data]
trigger-time = 1187519588.1890671
injection-file = /work/shashwat.singh/Prospects-of-LGWs/unlens/injection.hdf

[global]
instruments = E1 E2 E3 C1 C2 H1 V1 L1 I1 K1
mass1_ref = 30.000000008655242
mass2_ref = 30.000000006841795
minchirp = 26.1164169056292
maxchirp = 26.1166169056292
mincov = 4916440133.716711
maxcov = 491644013371.67114
