
[data]
trigger-time = 1975158528.9418006
injection-file = /work/shashwat.singh/Prospects-of-LGWs/unlens/injection.hdf

[global]
instruments = E1 E2 E3 C1 C2 H1 V1 L1 I1 K1
mass1_ref = 30.000000006322722
mass2_ref = 30.000000000322185
minchirp = 26.116416901776088
maxchirp = 26.116616901776087
mincov = 164870502522.855
maxcov = 16487050252285.5
