
[data]
trigger-time = 1451529710.4086943
injection-file = /work/shashwat.singh/Prospects-of-LGWs/unlens/injection.hdf

[global]
instruments = E1 E2 E3 C1 C2 H1 V1 L1 I1 K1
mass1_ref = 30.000000002422674
mass2_ref = 30.000000004769937
minchirp = 26.11641690201449
maxchirp = 26.11661690201449
mincov = 138558393026.12845
maxcov = 13855839302612.844
