
[data]
trigger-time = 1508408203.0136895
injection-file = /work/shashwat.singh/Prospects-of-LGWs/unlens/injection.hdf

[global]
instruments = E1 E2 E3 C1 C2 H1 V1 L1 I1 K1
mass1_ref = 30.00000000928091
mass2_ref = 30.0000000081999
minchirp = 26.11641690649269
maxchirp = 26.11661690649269
mincov = 4663786556.215895
maxcov = 466378655621.5894
