
[data]
trigger-time = 1543357749.3241496
injection-file = /work/shashwat.singh/Prospects-of-LGWs/unlens/injection.hdf

[global]
instruments = E1 E2 E3 C1 C2 H1 V1 L1 I1 K1
mass1_ref = 30.000000003216368
mass2_ref = 30.00000000677669
minchirp = 26.116416903233457
maxchirp = 26.116616903233457
mincov = 168987586101.00702
maxcov = 16898758610100.703
