
[data]
trigger-time = 1088597904.4429176
injection-file = /work/shashwat.singh/Prospects-of-LGWs/unlens/injection.hdf

[global]
instruments = E1 E2 E3 C1 C2 H1 V1 L1 I1 K1
mass1_ref = 30.000000002553765
mass2_ref = 30.000000008143747
minchirp = 26.116416903540088
maxchirp = 26.116616903540088
mincov = 26234103928.08362
maxcov = 2623410392808.362
