
[data]
trigger-time = 1131284277.762579
injection-file = /work/shashwat.singh/Prospects-of-LGWs/unlens/injection.hdf

[global]
instruments = E1 E2 E3 C1 C2 H1 V1 L1 I1 K1
mass1_ref = 30.000000004273893
mass2_ref = 30.000000000976215
minchirp = 26.116416901168964
maxchirp = 26.116616901168964
mincov = 158301486172.59323
maxcov = 15830148617259.324
