
[data]
trigger-time = 1563195988.9209557
injection-file = /work/shashwat.singh/Prospects-of-LGWs/unlens/injection.hdf

[global]
instruments = E1 E2 E3 C1 C2 H1 V1 L1 I1 K1
mass1_ref = 30.00000000878526
mass2_ref = 30.00000000033953
minchirp = 26.11641690285552
maxchirp = 26.11661690285552
mincov = 823214796.0003566
maxcov = 82321479600.03566
