
[data]
trigger-time = 1722554081.7376292
injection-file = /work/shashwat.singh/Prospects-of-LGWs/unlens/injection.hdf

[global]
instruments = E1 E2 E3 C1 C2 H1 V1 L1 I1 K1
mass1_ref = 30.00000000026816
mass2_ref = 30.000000007919013
minchirp = 26.116416902447398
maxchirp = 26.116616902447397
mincov = 126968354656.22432
maxcov = 12696835465622.432
