
[data]
trigger-time = 1565779014.2871928
injection-file = /work/shashwat.singh/Prospects-of-LGWs/unlens/injection.hdf

[global]
instruments = E1 E2 E3 C1 C2 H1 V1 L1 I1 K1
mass1_ref = 30.000000001156767
mass2_ref = 30.000000004383036
minchirp = 26.116416901295064
maxchirp = 26.116616901295064
mincov = 45351969141.57008
maxcov = 4535196914157.009
