
[data]
trigger-time = 1788689141.9570842
injection-file = /work/shashwat.singh/Prospects-of-LGWs/unlens/injection.hdf

[global]
instruments = E1 E2 E3 C1 C2 H1 V1 L1 I1 K1
mass1_ref = 30.000000006449145
mass2_ref = 30.000000002325745
minchirp = 26.116416902703218
maxchirp = 26.116616902703218
mincov = 149844769356.3592
maxcov = 14984476935635.918
