
[data]
trigger-time = 1161476955.3216605
injection-file = /work/shashwat.singh/Prospects-of-LGWs/unlens/injection.hdf

[global]
instruments = E1 E2 E3 C1 C2 H1 V1 L1 I1 K1
mass1_ref = 30.000000009314853
mass2_ref = 30.00000000875962
minchirp = 26.116416906751095
maxchirp = 26.116616906751094
mincov = 143677712999.29633
maxcov = 14367771299929.633
