
[data]
trigger-time = 1166224270.4288812
injection-file = /work/shashwat.singh/Prospects-of-LGWs/unlens/injection.hdf

[global]
instruments = E1 E2 E3 C1 C2 H1 V1 L1 I1 K1
mass1_ref = 30.000000004086072
mass2_ref = 30.000000000669193
minchirp = 26.116416900953574
maxchirp = 26.116616900953574
mincov = 171638703238.1736
maxcov = 17163870323817.361
