
[data]
trigger-time = 1764385345.5710025
injection-file = /work/shashwat.singh/Prospects-of-LGWs/unlens/injection.hdf

[global]
instruments = E1 E2 E3 C1 C2 H1 V1 L1 I1 K1
mass1_ref = 30.00000000699034
mass2_ref = 30.000000006245507
minchirp = 26.11641690464496
maxchirp = 26.11661690464496
mincov = 97038934918.82674
maxcov = 9703893491882.674
