
[data]
trigger-time = 1266045481.643388
injection-file = /work/shashwat.singh/Prospects-of-LGWs/unlens/injection.hdf

[global]
instruments = E1 E2 E3 C1 C2 H1 V1 L1 I1 K1
mass1_ref = 30.000000002869722
mass2_ref = 30.000000005588472
minchirp = 26.116416902565366
maxchirp = 26.116616902565365
mincov = 81471065410.0626
maxcov = 8147106541006.261
