
[data]
trigger-time = 1941353592.5794344
injection-file = /work/shashwat.singh/Prospects-of-LGWs/unlens/injection.hdf

[global]
instruments = E1 E2 E3 C1 C2 H1 V1 L1 I1 K1
mass1_ref = 30.00000000184897
mass2_ref = 30.000000007942482
minchirp = 26.116416903145705
maxchirp = 26.116616903145704
mincov = 68167234296.444016
maxcov = 6816723429644.402
