
[data]
trigger-time = 1497480349.905795
injection-file = /work/shashwat.singh/Prospects-of-LGWs/unlens/injection.hdf

[global]
instruments = E1 E2 E3 C1 C2 H1 V1 L1 I1 K1
mass1_ref = 30.000000008929412
mass2_ref = 30.0000000036648
minchirp = 26.116416904365675
maxchirp = 26.116616904365674
mincov = 141351337883.69952
maxcov = 14135133788369.951
