
[data]
trigger-time = 1404354786.308478
injection-file = /work/shashwat.singh/Prospects-of-LGWs/unlens/injection.hdf

[global]
instruments = E1 E2 E3 C1 C2 H1 V1 L1 I1 K1
mass1_ref = 30.000000008184262
mass2_ref = 30.00000000413033
minchirp = 26.116416904243962
maxchirp = 26.116616904243962
mincov = 3744152629.472808
maxcov = 374415262947.2808
