
[data]
trigger-time = 1571641631.5832243
injection-file = /work/shashwat.singh/Prospects-of-LGWs/unlens/injection.hdf

[global]
instruments = E1 E2 E3 C1 C2 H1 V1 L1 I1 K1
mass1_ref = 30.00000000987249
mass2_ref = 30.000000008896652
minchirp = 26.116416907053466
maxchirp = 26.116616907053466
mincov = 102888263977.97481
maxcov = 10288826397797.48
