
[data]
trigger-time = 1921482122.812479
injection-file = /work/shashwat.singh/Prospects-of-LGWs/unlens/injection.hdf

[global]
instruments = E1 E2 E3 C1 C2 H1 V1 L1 I1 K1
mass1_ref = 30.000000003407877
mass2_ref = 30.000000002058453
minchirp = 26.116416901263083
maxchirp = 26.116616901263082
mincov = 68366833079.57703
maxcov = 6836683307957.703
