
[data]
trigger-time = 1211638580.9915254
injection-file = /work/shashwat.singh/Prospects-of-LGWs/unlens/injection.hdf

[global]
instruments = E1 E2 E3 C1 C2 H1 V1 L1 I1 K1
mass1_ref = 30.000000001593985
mass2_ref = 30.00000000273404
minchirp = 26.116416900767607
maxchirp = 26.116616900767607
mincov = 107910815682.31052
maxcov = 10791081568231.053
