
[data]
trigger-time = 1742078066.1824834
injection-file = /work/shashwat.singh/Prospects-of-LGWs/unlens/injection.hdf

[global]
instruments = E1 E2 E3 C1 C2 H1 V1 L1 I1 K1
mass1_ref = 30.00000000094055
mass2_ref = 30.000000008790018
minchirp = 26.1164169031192
maxchirp = 26.1166169031192
mincov = 65614172401.00891
maxcov = 6561417240100.891
