
[data]
trigger-time = 1139545165.8015954
injection-file = /work/shashwat.singh/Prospects-of-LGWs/unlens/injection.hdf

[global]
instruments = E1 E2 E3 C1 C2 H1 V1 L1 I1 K1
mass1_ref = 30.000000005981743
mass2_ref = 30.000000005430795
minchirp = 26.11641690385132
maxchirp = 26.11661690385132
mincov = 176633455798.83383
maxcov = 17663345579883.383
