
[data]
trigger-time = 1511523371.6081145
injection-file = /work/shashwat.singh/Prospects-of-LGWs/unlens/injection.hdf

[global]
instruments = E1 E2 E3 C1 C2 H1 V1 L1 I1 K1
mass1_ref = 30.00000000168807
mass2_ref = 30.00000000715111
minchirp = 26.1164169027312
maxchirp = 26.1166169027312
mincov = 177725209737.00214
maxcov = 17772520973700.21
