
[data]
trigger-time = 1882081389.2033186
injection-file = /work/shashwat.singh/Prospects-of-LGWs/unlens/injection.hdf

[global]
instruments = E1 E2 E3 C1 C2 H1 V1 L1 I1 K1
mass1_ref = 30.000000005908507
mass2_ref = 30.000000008989407
minchirp = 26.116416905368418
maxchirp = 26.116616905368417
mincov = 173207688723.1573
maxcov = 17320768872315.73
