
[data]
trigger-time = 1715299794.310456
injection-file = /work/shashwat.singh/Prospects-of-LGWs/unlens/injection.hdf

[global]
instruments = E1 E2 E3 C1 C2 H1 V1 L1 I1 K1
mass1_ref = 30.000000008938606
mass2_ref = 30.000000005099505
minchirp = 26.116416904994168
maxchirp = 26.116616904994167
mincov = 175671116199.87894
maxcov = 17567111619987.893
