
[data]
trigger-time = 1138086853.2257109
injection-file = /work/shashwat.singh/Prospects-of-LGWs/unlens/injection.hdf

[global]
instruments = E1 E2 E3 C1 C2 H1 V1 L1 I1 K1
mass1_ref = 30.000000001089074
mass2_ref = 30.000000000219345
minchirp = 26.11641689945325
maxchirp = 26.11661689945325
mincov = 7253646050.295245
maxcov = 725364605029.5245
