
[data]
trigger-time = 1257133196.8329668
injection-file = /work/shashwat.singh/Prospects-of-LGWs/unlens/injection.hdf

[global]
instruments = E1 E2 E3 C1 C2 H1 V1 L1 I1 K1
mass1_ref = 30.000000000012868
mass2_ref = 30.00000000531511
minchirp = 26.11641690120286
maxchirp = 26.11661690120286
mincov = 60289590177.76152
maxcov = 6028959017776.152
