
[data]
trigger-time = 1672892128.6812289
injection-file = /work/shashwat.singh/Prospects-of-LGWs/unlens/injection.hdf

[global]
instruments = E1 E2 E3 C1 C2 H1 V1 L1 I1 K1
mass1_ref = 30.00000000610803
mass2_ref = 30.00000000375252
minchirp = 26.11641690317578
maxchirp = 26.116616903175778
mincov = 171146177962.51312
maxcov = 17114617796251.312
