
[data]
trigger-time = 1423072302.7096493
injection-file = /work/shashwat.singh/Prospects-of-LGWs/unlens/injection.hdf

[global]
instruments = E1 E2 E3 C1 C2 H1 V1 L1 I1 K1
mass1_ref = 30.0000000074441
mass2_ref = 30.000000007270256
minchirp = 26.11641690528852
maxchirp = 26.11661690528852
mincov = 139191092536.30685
maxcov = 13919109253630.686
