
[data]
trigger-time = 1387112534.310501
injection-file = /work/shashwat.singh/Prospects-of-LGWs/unlens/injection.hdf

[global]
instruments = E1 E2 E3 C1 C2 H1 V1 L1 I1 K1
mass1_ref = 30.000000006491373
mass2_ref = 30.00000000854643
minchirp = 26.116416905429308
maxchirp = 26.116616905429307
mincov = 86968619252.39845
maxcov = 8696861925239.845
