
[data]
trigger-time = 1278706476.0844276
injection-file = /work/shashwat.singh/Prospects-of-LGWs/unlens/injection.hdf

[global]
instruments = E1 E2 E3 C1 C2 H1 V1 L1 I1 K1
mass1_ref = 30.000000003483684
mass2_ref = 30.000000008590202
minchirp = 26.11641690413919
maxchirp = 26.11661690413919
mincov = 53772422897.85983
maxcov = 5377242289785.983
