
[data]
trigger-time = 1359029073.3494787
injection-file = /work/shashwat.singh/Prospects-of-LGWs/unlens/injection.hdf

[global]
instruments = E1 E2 E3 C1 C2 H1 V1 L1 I1 K1
mass1_ref = 30.000000003619967
mass2_ref = 30.00000000081468
minchirp = 26.116416900814016
maxchirp = 26.116616900814016
mincov = 39893277862.46969
maxcov = 3989327786246.9688
