
[data]
trigger-time = 1977962310.1967268
injection-file = /work/shashwat.singh/Prospects-of-LGWs/unlens/injection.hdf

[global]
instruments = E1 E2 E3 C1 C2 H1 V1 L1 I1 K1
mass1_ref = 30.000000004659675
mass2_ref = 30.0000000069323
minchirp = 26.116416903929426
maxchirp = 26.116616903929426
mincov = 4195861879.6729355
maxcov = 419586187967.2936
