
[data]
trigger-time = 1241163953.094723
injection-file = /work/shashwat.singh/Prospects-of-LGWs/unlens/injection.hdf

[global]
instruments = E1 E2 E3 C1 C2 H1 V1 L1 I1 K1
mass1_ref = 30.000000001349196
mass2_ref = 30.000000003547964
minchirp = 26.116416901015338
maxchirp = 26.116616901015338
mincov = 122901799693.5271
maxcov = 12290179969352.71
