
[data]
trigger-time = 1926016481.6527913
injection-file = /work/shashwat.singh/Prospects-of-LGWs/unlens/injection.hdf

[global]
instruments = E1 E2 E3 C1 C2 H1 V1 L1 I1 K1
mass1_ref = 30.00000000097805
mass2_ref = 30.00000000445258
minchirp = 26.116416901247547
maxchirp = 26.116616901247546
mincov = 7051492881.274515
maxcov = 705149288127.4514
