
[data]
trigger-time = 1590396899.4872956
injection-file = /work/shashwat.singh/Prospects-of-LGWs/unlens/injection.hdf

[global]
instruments = E1 E2 E3 C1 C2 H1 V1 L1 I1 K1
mass1_ref = 30.000000008398132
mass2_ref = 30.000000005684054
minchirp = 26.116416905013352
maxchirp = 26.116616905013352
mincov = 81678757872.27841
maxcov = 8167875787227.841
