
[data]
trigger-time = 1680716269.3471322
injection-file = /work/shashwat.singh/Prospects-of-LGWs/unlens/injection.hdf

[global]
instruments = E1 E2 E3 C1 C2 H1 V1 L1 I1 K1
mass1_ref = 30.000000001054037
mass2_ref = 30.000000005918363
minchirp = 26.116416901918637
maxchirp = 26.116616901918636
mincov = 105128912246.76137
maxcov = 10512891224676.137
