
[data]
trigger-time = 1295373609.844654
injection-file = /work/shashwat.singh/Prospects-of-LGWs/unlens/injection.hdf

[global]
instruments = E1 E2 E3 C1 C2 H1 V1 L1 I1 K1
mass1_ref = 30.000000008510938
mass2_ref = 30.000000008179878
minchirp = 26.116416906148824
maxchirp = 26.116616906148824
mincov = 175393188512.43518
maxcov = 17539318851243.518
