
[data]
trigger-time = 1333833076.9989362
injection-file = /work/shashwat.singh/Prospects-of-LGWs/unlens/injection.hdf

[global]
instruments = E1 E2 E3 C1 C2 H1 V1 L1 I1 K1
mass1_ref = 30.000000007515286
mass2_ref = 30.000000006395265
minchirp = 26.116416904938642
maxchirp = 26.116616904938642
mincov = 8956220169.956572
maxcov = 895622016995.6572
