
[data]
trigger-time = 1164141484.6742344
injection-file = /work/shashwat.singh/Prospects-of-LGWs/unlens/injection.hdf

[global]
instruments = E1 E2 E3 C1 C2 H1 V1 L1 I1 K1
mass1_ref = 30.000000007562107
mass2_ref = 30.00000000569786
minchirp = 26.116416904655463
maxchirp = 26.116616904655462
mincov = 32129973177.05304
maxcov = 3212997317705.3037
