
[data]
trigger-time = 1688030725.753512
injection-file = /work/shashwat.singh/Prospects-of-LGWs/unlens/injection.hdf

[global]
instruments = E1 E2 E3 C1 C2 H1 V1 L1 I1 K1
mass1_ref = 30.0000000090577
mass2_ref = 30.00000000933678
minchirp = 26.116416906890386
maxchirp = 26.116616906890386
mincov = 24643291462.705452
maxcov = 2464329146270.545
