
[data]
trigger-time = 1757204597.1428885
injection-file = /work/shashwat.singh/Prospects-of-LGWs/unlens/injection.hdf

[global]
instruments = E1 E2 E3 C1 C2 H1 V1 L1 I1 K1
mass1_ref = 30.000000001016346
mass2_ref = 30.000000004407177
minchirp = 26.11641690124445
maxchirp = 26.11661690124445
mincov = 113991920230.27193
maxcov = 11399192023027.191
