
[data]
trigger-time = 1694776827.6995304
injection-file = /work/shashwat.singh/Prospects-of-LGWs/unlens/injection.hdf

[global]
instruments = E1 E2 E3 C1 C2 H1 V1 L1 I1 K1
mass1_ref = 30.000000008497867
mass2_ref = 30.00000000906508
minchirp = 26.11641690652844
maxchirp = 26.11661690652844
mincov = 94037592202.44795
maxcov = 9403759220244.795
