
[data]
trigger-time = 1048100855.5137713
injection-file = /work/shashwat.singh/Prospects-of-LGWs/unlens/injection.hdf

[global]
instruments = E1 E2 E3 C1 C2 H1 V1 L1 I1 K1
mass1_ref = 30.000000002933703
mass2_ref = 30.00000000646165
minchirp = 26.11641690297329
maxchirp = 26.11661690297329
mincov = 105573920311.93526
maxcov = 10557392031193.525
