
[data]
trigger-time = 1244636053.7925882
injection-file = /work/shashwat.singh/Prospects-of-LGWs/unlens/injection.hdf

[global]
instruments = E1 E2 E3 C1 C2 H1 V1 L1 I1 K1
mass1_ref = 30.00000000254601
mass2_ref = 30.00000000469815
minchirp = 26.116416902036928
maxchirp = 26.116616902036927
mincov = 115183939625.44339
maxcov = 11518393962544.338
