
[data]
trigger-time = 1219305045.1560915
injection-file = /work/shashwat.singh/Prospects-of-LGWs/unlens/injection.hdf

[global]
instruments = E1 E2 E3 C1 C2 H1 V1 L1 I1 K1
mass1_ref = 30.000000004850556
mass2_ref = 30.000000004513385
minchirp = 26.116416902959617
maxchirp = 26.116616902959617
mincov = 172907753468.97638
maxcov = 17290775346897.639
