
[data]
trigger-time = 1177491778.43291
injection-file = /work/shashwat.singh/Prospects-of-LGWs/unlens/injection.hdf

[global]
instruments = E1 E2 E3 C1 C2 H1 V1 L1 I1 K1
mass1_ref = 30.000000008505815
mass2_ref = 30.0000000087306
minchirp = 26.11641690638631
maxchirp = 26.11661690638631
mincov = 169571977320.50058
maxcov = 16957197732050.059
