
[data]
trigger-time = 1446964901.0293941
injection-file = /work/shashwat.singh/Prospects-of-LGWs/unlens/injection.hdf

[global]
instruments = E1 E2 E3 C1 C2 H1 V1 L1 I1 K1
mass1_ref = 30.000000009214137
mass2_ref = 30.000000007139384
minchirp = 26.11641690600201
maxchirp = 26.116616906002008
mincov = 151691231249.58914
maxcov = 15169123124958.914
