
[data]
trigger-time = 1465313270.4869323
injection-file = /work/shashwat.singh/Prospects-of-LGWs/unlens/injection.hdf

[global]
instruments = E1 E2 E3 C1 C2 H1 V1 L1 I1 K1
mass1_ref = 30.0000000057905
mass2_ref = 30.000000007561546
minchirp = 26.11641690469554
maxchirp = 26.11661690469554
mincov = 164096046322.60913
maxcov = 16409604632260.914
