
[data]
trigger-time = 1775703927.691947
injection-file = /work/shashwat.singh/Prospects-of-LGWs/unlens/injection.hdf

[global]
instruments = E1 E2 E3 C1 C2 H1 V1 L1 I1 K1
mass1_ref = 30.000000000166906
mass2_ref = 30.00000000252738
minchirp = 26.11641690005648
maxchirp = 26.116616900056478
mincov = 133131498783.48074
maxcov = 13313149878348.074
