
[data]
trigger-time = 1251882954.0730124
injection-file = /work/shashwat.singh/Prospects-of-LGWs/unlens/injection.hdf

[global]
instruments = E1 E2 E3 C1 C2 H1 V1 L1 I1 K1
mass1_ref = 30.00000000917155
mass2_ref = 30.00000000471853
minchirp = 26.116416904929732
maxchirp = 26.11661690492973
mincov = 140500046324.5225
maxcov = 14050004632452.248
