
[data]
trigger-time = 1719388558.0834308
injection-file = /work/shashwat.singh/Prospects-of-LGWs/unlens/injection.hdf

[global]
instruments = E1 E2 E3 C1 C2 H1 V1 L1 I1 K1
mass1_ref = 30.00000000458985
mass2_ref = 30.000000001717016
minchirp = 26.116416901628945
maxchirp = 26.116616901628944
mincov = 118643577270.87292
maxcov = 11864357727087.293
