
[data]
trigger-time = 1354968297.1015682
injection-file = /work/shashwat.singh/Prospects-of-LGWs/unlens/injection.hdf

[global]
instruments = E1 E2 E3 C1 C2 H1 V1 L1 I1 K1
mass1_ref = 30.00000000475232
mass2_ref = 30.000000001222315
minchirp = 26.116416901484335
maxchirp = 26.116616901484335
mincov = 124477709387.6222
maxcov = 12447770938762.219
