
[data]
trigger-time = 1592613194.8678527
injection-file = /work/shashwat.singh/Prospects-of-LGWs/unlens/injection.hdf

[global]
instruments = E1 E2 E3 C1 C2 H1 V1 L1 I1 K1
mass1_ref = 30.000000001177625
mass2_ref = 30.000000008087046
minchirp = 26.11641690291641
maxchirp = 26.11661690291641
mincov = 157747515030.4792
maxcov = 15774751503047.92
