
[data]
trigger-time = 1423103886.8301258
injection-file = /work/shashwat.singh/Prospects-of-LGWs/unlens/injection.hdf

[global]
instruments = E1 E2 E3 C1 C2 H1 V1 L1 I1 K1
mass1_ref = 30.00000000668094
mass2_ref = 30.00000000670646
minchirp = 26.116416904710928
maxchirp = 26.116616904710927
mincov = 73288597824.15273
maxcov = 7328859782415.272
