
[data]
trigger-time = 1633173161.5590563
injection-file = /work/shashwat.singh/Prospects-of-LGWs/unlens/injection.hdf

[global]
instruments = E1 E2 E3 C1 C2 H1 V1 L1 I1 K1
mass1_ref = 30.000000008465744
mass2_ref = 30.00000000129151
minchirp = 26.116416903130816
maxchirp = 26.116616903130815
mincov = 64326854719.06726
maxcov = 6432685471906.727
