
[data]
trigger-time = 1625100091.4923353
injection-file = /work/shashwat.singh/Prospects-of-LGWs/unlens/injection.hdf

[global]
instruments = E1 E2 E3 C1 C2 H1 V1 L1 I1 K1
mass1_ref = 30.000000002430085
mass2_ref = 30.0000000028674
minchirp = 26.116416901189588
maxchirp = 26.116616901189587
mincov = 162682487350.1456
maxcov = 16268248735014.56
