
[data]
trigger-time = 1107367207.0605724
injection-file = /work/shashwat.singh/Prospects-of-LGWs/unlens/injection.hdf

[global]
instruments = E1 E2 E3 C1 C2 H1 V1 L1 I1 K1
mass1_ref = 30.000000008080995
mass2_ref = 30.000000000348667
minchirp = 26.11641690255295
maxchirp = 26.11661690255295
mincov = 94941507412.35193
maxcov = 9494150741235.193
