
[data]
trigger-time = 1931869830.4128442
injection-file = /work/shashwat.singh/Prospects-of-LGWs/unlens/injection.hdf

[global]
instruments = E1 E2 E3 C1 C2 H1 V1 L1 I1 K1
mass1_ref = 30.00000000662705
mass2_ref = 30.000000009995563
minchirp = 26.116416906119138
maxchirp = 26.116616906119138
mincov = 29268209509.748657
maxcov = 2926820950974.8657
