
[data]
trigger-time = 1469834391.621504
injection-file = /work/shashwat.singh/Prospects-of-LGWs/unlens/injection.hdf

[global]
instruments = E1 E2 E3 C1 C2 H1 V1 L1 I1 K1
mass1_ref = 30.000000003226553
mass2_ref = 30.000000002700258
minchirp = 26.116416901463516
maxchirp = 26.116616901463516
mincov = 165758556597.51608
maxcov = 16575855659751.61
