
[data]
trigger-time = 1208431292.3333802
injection-file = /work/shashwat.singh/Prospects-of-LGWs/unlens/injection.hdf

[global]
instruments = E1 E2 E3 C1 C2 H1 V1 L1 I1 K1
mass1_ref = 30.000000006383413
mass2_ref = 30.00000000181991
minchirp = 26.11641690245443
maxchirp = 26.116616902454428
mincov = 48621123369.02364
maxcov = 4862112336902.364
