
[data]
trigger-time = 1930343704.894998
injection-file = /work/shashwat.singh/Prospects-of-LGWs/unlens/injection.hdf

[global]
instruments = E1 E2 E3 C1 C2 H1 V1 L1 I1 K1
mass1_ref = 30.00000000970183
mass2_ref = 30.00000000961244
minchirp = 26.11641690729075
maxchirp = 26.116616907290748
mincov = 9552145994.973856
maxcov = 955214599497.3855
