
[data]
trigger-time = 1957322145.592352
injection-file = /work/shashwat.singh/Prospects-of-LGWs/unlens/injection.hdf

[global]
instruments = E1 E2 E3 C1 C2 H1 V1 L1 I1 K1
mass1_ref = 30.000000005756167
mass2_ref = 30.000000007100017
minchirp = 26.116416904479703
maxchirp = 26.116616904479702
mincov = 37926514659.01665
maxcov = 3792651465901.6646
