
[data]
trigger-time = 1842031319.9540746
injection-file = /work/shashwat.singh/Prospects-of-LGWs/unlens/injection.hdf

[global]
instruments = E1 E2 E3 C1 C2 H1 V1 L1 I1 K1
mass1_ref = 30.000000001497735
mass2_ref = 30.000000006292506
minchirp = 26.116416902274622
maxchirp = 26.11661690227462
mincov = 18245620224.017014
maxcov = 1824562022401.7014
