
[data]
trigger-time = 1969893157.3695726
injection-file = /work/shashwat.singh/Prospects-of-LGWs/unlens/injection.hdf

[global]
instruments = E1 E2 E3 C1 C2 H1 V1 L1 I1 K1
mass1_ref = 30.000000004966754
mass2_ref = 30.00000000578612
minchirp = 26.116416903564183
maxchirp = 26.116616903564182
mincov = 395559034.22979856
maxcov = 39555903422.97986
