
[data]
trigger-time = 1924398807.7763944
injection-file = /work/shashwat.singh/Prospects-of-LGWs/unlens/injection.hdf

[global]
instruments = E1 E2 E3 C1 C2 H1 V1 L1 I1 K1
mass1_ref = 30.000000007601844
mass2_ref = 30.000000008166488
minchirp = 26.11641690574729
maxchirp = 26.11661690574729
mincov = 42777090457.52227
maxcov = 4277709045752.227
