
[data]
trigger-time = 1689085027.4977088
injection-file = /work/shashwat.singh/Prospects-of-LGWs/unlens/injection.hdf

[global]
instruments = E1 E2 E3 C1 C2 H1 V1 L1 I1 K1
mass1_ref = 30.000000009710327
mass2_ref = 30.000000009205067
minchirp = 26.116416907117127
maxchirp = 26.116616907117127
mincov = 165796487135.4506
maxcov = 16579648713545.059
