
[data]
trigger-time = 1758735360.1617837
injection-file = /work/shashwat.singh/Prospects-of-LGWs/unlens/injection.hdf

[global]
instruments = E1 E2 E3 C1 C2 H1 V1 L1 I1 K1
mass1_ref = 30.00000000222211
mass2_ref = 30.000000009520083
minchirp = 26.11641690399481
maxchirp = 26.11661690399481
mincov = 142240700109.759
maxcov = 14224070010975.9
