
[data]
trigger-time = 1378245391.8366537
injection-file = /work/shashwat.singh/Prospects-of-LGWs/unlens/injection.hdf

[global]
instruments = E1 E2 E3 C1 C2 H1 V1 L1 I1 K1
mass1_ref = 30.000000008680395
mass2_ref = 30.00000000655252
minchirp = 26.116416905514235
maxchirp = 26.116616905514235
mincov = 108921438079.49051
maxcov = 10892143807949.05
