
[data]
trigger-time = 1047888402.5845634
injection-file = /work/shashwat.singh/Prospects-of-LGWs/unlens/injection.hdf

[global]
instruments = E1 E2 E3 C1 C2 H1 V1 L1 I1 K1
mass1_ref = 30.000000002229687
mass2_ref = 30.000000000469317
minchirp = 26.116416900058535
maxchirp = 26.116616900058535
mincov = 108352032019.48975
maxcov = 10835203201948.975
