
[data]
trigger-time = 1622945703.473937
injection-file = /work/shashwat.singh/Prospects-of-LGWs/unlens/injection.hdf

[global]
instruments = E1 E2 E3 C1 C2 H1 V1 L1 I1 K1
mass1_ref = 30.000000007606257
mass2_ref = 30.000000003599993
minchirp = 26.11641690376153
maxchirp = 26.11661690376153
mincov = 175946351955.57736
maxcov = 17594635195557.74
