
[data]
trigger-time = 1895900604.8000648
injection-file = /work/shashwat.singh/Prospects-of-LGWs/unlens/injection.hdf

[global]
instruments = E1 E2 E3 C1 C2 H1 V1 L1 I1 K1
mass1_ref = 30.00000000143753
mass2_ref = 30.000000000405183
minchirp = 26.116416899685813
maxchirp = 26.116616899685813
mincov = 136877379032.35698
maxcov = 13687737903235.7
