
[data]
trigger-time = 1547797675.572181
injection-file = /work/shashwat.singh/Prospects-of-LGWs/unlens/injection.hdf

[global]
instruments = E1 E2 E3 C1 C2 H1 V1 L1 I1 K1
mass1_ref = 30.00000000752298
mass2_ref = 30.000000005093693
minchirp = 26.116416904375452
maxchirp = 26.11661690437545
mincov = 158085880808.15015
maxcov = 15808588080815.016
