
[data]
trigger-time = 1759493998.539991
injection-file = /work/shashwat.singh/Prospects-of-LGWs/unlens/injection.hdf

[global]
instruments = E1 E2 E3 C1 C2 H1 V1 L1 I1 K1
mass1_ref = 30.000000002072408
mass2_ref = 30.00000000089253
minchirp = 26.11641690017429
maxchirp = 26.11661690017429
mincov = 132164999160.01562
maxcov = 13216499916001.562
