
[data]
trigger-time = 1195862547.3026857
injection-file = /work/shashwat.singh/Prospects-of-LGWs/unlens/injection.hdf

[global]
instruments = E1 E2 E3 C1 C2 H1 V1 L1 I1 K1
mass1_ref = 30.000000009491313
mass2_ref = 30.000000004241066
minchirp = 26.116416904861087
maxchirp = 26.116616904861086
mincov = 4857082991.314562
maxcov = 485708299131.4562
