
[data]
trigger-time = 1071840614.1629059
injection-file = /work/shashwat.singh/Prospects-of-LGWs/unlens/injection.hdf

[global]
instruments = E1 E2 E3 C1 C2 H1 V1 L1 I1 K1
mass1_ref = 30.00000000583258
mass2_ref = 30.000000006593726
minchirp = 26.11641690429259
maxchirp = 26.116616904292588
mincov = 21277608291.272835
maxcov = 2127760829127.2837
