
[data]
trigger-time = 1273187338.9156992
injection-file = /work/shashwat.singh/Prospects-of-LGWs/unlens/injection.hdf

[global]
instruments = E1 E2 E3 C1 C2 H1 V1 L1 I1 K1
mass1_ref = 30.000000000902926
mass2_ref = 30.00000000112711
minchirp = 26.116416899767348
maxchirp = 26.116616899767347
mincov = 167587384724.86993
maxcov = 16758738472486.994
