
[data]
trigger-time = 1686822224.768096
injection-file = /work/shashwat.singh/Prospects-of-LGWs/unlens/injection.hdf

[global]
instruments = E1 E2 E3 C1 C2 H1 V1 L1 I1 K1
mass1_ref = 30.000000001547267
mass2_ref = 30.00000000291066
minchirp = 26.116416900824152
maxchirp = 26.11661690082415
mincov = 114709111212.12166
maxcov = 11470911121212.166
