
[data]
trigger-time = 1039888604.8828743
injection-file = /work/shashwat.singh/Prospects-of-LGWs/unlens/injection.hdf

[global]
instruments = E1 E2 E3 C1 C2 H1 V1 L1 I1 K1
mass1_ref = 30.000000001856446
mass2_ref = 30.000000002569013
minchirp = 26.116416900810016
maxchirp = 26.116616900810016
mincov = 63417281837.50665
maxcov = 6341728183750.665
