
[data]
trigger-time = 1981535192.0001235
injection-file = /home/ss/Prospects-of-LGWs/unlens/injection.hdf

[global]
instruments = E1 E2 E3
mass1_ref = 30.000000008537747
mass2_ref = 30.000000003035723
minchirp = 26.11641690392137
maxchirp = 26.11661690392137
mincov = 20015985.546513904
maxcov = 2001598554.6513903
