
[data]
trigger-time = 1094734200.8517027
injection-file = /home/ss/Prospects-of-LGWs/unlens/injection.hdf

[global]
instruments = E1 E2 E3
mass1_ref = 30.000000003790053
mass2_ref = 30.00000000551956
minchirp = 26.11641690293597
maxchirp = 26.11661690293597
mincov = 6811962547.402593
maxcov = 681196254740.2593
