
[data]
trigger-time = 1346060175.945168
injection-file = /home/ss/Prospects-of-LGWs/unlens/injection.hdf

[global]
instruments = E1 E2 E3
mass1_ref = 30.000000007262194
mass2_ref = 30.000000004794703
minchirp = 26.116416904131796
maxchirp = 26.116616904131796
mincov = 6555183205.085905
maxcov = 655518320508.5905
