
[data]
trigger-time = 1304029910.5880384
injection-file = /home/ss/Prospects-of-LGWs/unlens/injection.hdf

[global]
instruments = E1 E2 E3
mass1_ref = 30.00000000717444
mass2_ref = 30.00000000288356
minchirp = 26.116416903261722
maxchirp = 26.116616903261722
mincov = 19354650570.96836
maxcov = 1935465057096.836
