
[data]
trigger-time = 1861262699.5690303
injection-file = /home/ss/Prospects-of-LGWs/unlens/injection.hdf

[global]
instruments = E1 E2 E3
mass1_ref = 30.00000000037834
mass2_ref = 30.000000003907516
minchirp = 26.11641690074925
maxchirp = 26.11661690074925
mincov = 14644633316.577417
maxcov = 1464463331657.7417
