
[data]
trigger-time = 1639708538.6325645
injection-file = /home/ss/Prospects-of-LGWs/unlens/injection.hdf

[global]
instruments = E1 E2 E3
mass1_ref = 30.000000007740613
mass2_ref = 30.00000000373545
minchirp = 26.116416903878974
maxchirp = 26.116616903878974
mincov = 7002141047.795488
maxcov = 700214104779.5488
