
[data]
trigger-time = 1629854785.2260575
injection-file = /home/ss/Prospects-of-LGWs/unlens/injection.hdf

[global]
instruments = E1 E2 E3
mass1_ref = 30.000000006270557
mass2_ref = 30.000000002201933
minchirp = 26.11641690257159
maxchirp = 26.11661690257159
mincov = 8563934632.294563
maxcov = 856393463229.4563
