
[data]
trigger-time = 1700662445.309481
injection-file = /home/ss/Prospects-of-LGWs/unlens/injection.hdf

[global]
instruments = E1 E2 E3
mass1_ref = 30.000000004609475
mass2_ref = 30.000000004326676
minchirp = 26.116416902773413
maxchirp = 26.116616902773412
mincov = 4187786516.881064
maxcov = 418778651688.1064
