
[data]
trigger-time = 1733386560.0783744
injection-file = /home/ss/Prospects-of-LGWs/unlens/injection.hdf

[global]
instruments = E1 E2 E3
mass1_ref = 30.000000008577523
mass2_ref = 30.00000000942139
minchirp = 26.116416906718207
maxchirp = 26.116616906718207
mincov = 496381804.4780389
maxcov = 49638180447.80389
