
[data]
trigger-time = 1168215448.9828389
injection-file = /home/ss/Prospects-of-LGWs/unlens/injection.hdf

[global]
instruments = E1 E2 E3
mass1_ref = 30.00000000210254
mass2_ref = 30.000000009523607
minchirp = 26.116416903944298
maxchirp = 26.116616903944298
mincov = 22965068494.387856
maxcov = 2296506849438.7856
