
[data]
trigger-time = 1038217070.967493
injection-file = /home/ss/Prospects-of-LGWs/unlens/injection.hdf

[global]
instruments = E1 E2 E3
mass1_ref = 30.000000006027946
mass2_ref = 30.00000000614164
minchirp = 26.116416904180845
maxchirp = 26.116616904180844
mincov = 11400609794.733463
maxcov = 1140060979473.3462
