
[data]
trigger-time = 1153124419.330316
injection-file = /home/ss/Prospects-of-LGWs/unlens/injection.hdf

[global]
instruments = E1 E2 E3
mass1_ref = 30.000000001376467
mass2_ref = 30.000000007095398
minchirp = 26.116416902571316
maxchirp = 26.116616902571316
mincov = 978717700.3490279
maxcov = 97871770034.90279
