
[data]
trigger-time = 1762173433.114171
injection-file = /home/ss/Prospects-of-LGWs/unlens/injection.hdf

[global]
instruments = E1 E2 E3
mass1_ref = 30.000000000332722
mass2_ref = 30.000000002695305
minchirp = 26.11641690020175
maxchirp = 26.11661690020175
mincov = 14263152542.720627
maxcov = 1426315254272.0627
