
[data]
trigger-time = 1803563228.6436
injection-file = /home/ss/Prospects-of-LGWs/unlens/injection.hdf

[global]
instruments = E1 E2 E3
mass1_ref = 30.00000000276309
mass2_ref = 30.000000004710877
minchirp = 26.116416902136958
maxchirp = 26.116616902136958
mincov = 8496114527.064189
maxcov = 849611452706.419
