
[data]
trigger-time = 1263526190.5196629
injection-file = /home/ss/Prospects-of-LGWs/unlens/injection.hdf

[global]
instruments = E1 E2 E3
mass1_ref = 30.000000008453707
mass2_ref = 30.000000002272508
minchirp = 26.11641690355258
maxchirp = 26.11661690355258
mincov = 9561285843.793879
maxcov = 956128584379.3878
