
[data]
trigger-time = 1491532843.254729
injection-file = /home/ss/Prospects-of-LGWs/unlens/injection.hdf

[global]
instruments = E1 E2 E3
mass1_ref = 30.00000000095901
mass2_ref = 30.00000000098952
minchirp = 26.11641689973187
maxchirp = 26.11661689973187
mincov = 690702.0661052993
maxcov = 69070206.61052993
