
[data]
trigger-time = 1367446789.7617795
injection-file = /home/ss/Prospects-of-LGWs/unlens/injection.hdf

[global]
instruments = E1 E2 E3
mass1_ref = 30.000000002069385
mass2_ref = 30.00000000658633
minchirp = 26.116416902651345
maxchirp = 26.116616902651344
mincov = 21832338348.683113
maxcov = 2183233834868.311
