
[data]
trigger-time = 1595078946.0448837
injection-file = /home/ss/Prospects-of-LGWs/unlens/injection.hdf

[global]
instruments = E1 E2 E3
mass1_ref = 30.000000003458247
mass2_ref = 30.00000000391961
minchirp = 26.11641690209512
maxchirp = 26.11661690209512
mincov = 18240551889.991035
maxcov = 1824055188999.1038
