
[data]
trigger-time = 1525381879.9175334
injection-file = /home/ss/Prospects-of-LGWs/unlens/injection.hdf

[global]
instruments = E1 E2 E3
mass1_ref = 30.00000000876757
mass2_ref = 30.00000000923301
minchirp = 26.11641690671893
maxchirp = 26.116616906718928
mincov = 1323706.7196982764
maxcov = 132370671.96982764
