
[data]
trigger-time = 1996207931.9111662
injection-file = /home/ss/Prospects-of-LGWs/unlens/injection.hdf

[global]
instruments = E1 E2 E3
mass1_ref = 30.000000000052637
mass2_ref = 30.000000006842257
minchirp = 26.1164169018849
maxchirp = 26.1166169018849
mincov = 605415712.8726156
maxcov = 60541571287.261566
