
[data]
trigger-time = 1568789843.4243126
injection-file = /home/ss/Prospects-of-LGWs/unlens/injection.hdf

[global]
instruments = E1 E2 E3
mass1_ref = 30.000000002914305
mass2_ref = 30.000000001759464
minchirp = 26.1164169009181
maxchirp = 26.1166169009181
mincov = 19335302301.85499
maxcov = 1933530230185.4985
