
[data]
trigger-time = 1969365480.6637545
injection-file = /home/ss/Prospects-of-LGWs/unlens/injection.hdf

[global]
instruments = E1 E2 E3
mass1_ref = 30.000000000054655
mass2_ref = 30.00000000511798
minchirp = 26.116416901135246
maxchirp = 26.116616901135245
mincov = 23536549102.32081
maxcov = 2353654910232.081
