
[data]
trigger-time = 1713879607.9500859
injection-file = /home/ss/Prospects-of-LGWs/unlens/injection.hdf

[global]
instruments = E1 E2 E3
mass1_ref = 30.000000007485607
mass2_ref = 30.00000000095724
minchirp = 26.116416902558687
maxchirp = 26.116616902558686
mincov = 31451891406.478863
maxcov = 3145189140647.886
