
[data]
trigger-time = 1076079657.475722
injection-file = /home/ss/Prospects-of-LGWs/unlens/injection.hdf

[global]
instruments = E1 E2 E3
mass1_ref = 30.000000004744084
mass2_ref = 30.000000005336133
minchirp = 26.116416903271396
maxchirp = 26.116616903271396
mincov = 5176667799.253866
maxcov = 517666779925.38666
