
[data]
trigger-time = 1518996449.2384381
injection-file = /home/ss/Prospects-of-LGWs/unlens/injection.hdf

[global]
instruments = E1 E2 E3
mass1_ref = 30.000000009992693
mass2_ref = 30.000000009481237
minchirp = 26.116416907360243
maxchirp = 26.116616907360243
mincov = 29909217184.10186
maxcov = 2990921718410.186
