
[data]
trigger-time = 1258783220.2756653
injection-file = /home/ss/Prospects-of-LGWs/unlens/injection.hdf

[global]
instruments = E1 E2 E3
mass1_ref = 30.00000000385973
mass2_ref = 30.000000000623004
minchirp = 26.11641690083495
maxchirp = 26.11661690083495
mincov = 784015018.255767
maxcov = 78401501825.57669
