
[data]
trigger-time = 1326003451.0457983
injection-file = /home/ss/Prospects-of-LGWs/unlens/injection.hdf

[global]
instruments = E1 E2 E3
mass1_ref = 30.00000000908914
mass2_ref = 30.000000001845038
minchirp = 26.116416903643103
maxchirp = 26.116616903643102
mincov = 1611279639.462401
maxcov = 161127963946.2401
