
[data]
trigger-time = 1950343655.8214107
injection-file = /home/ss/Prospects-of-LGWs/unlens/injection.hdf

[global]
instruments = E1 E2 E3
mass1_ref = 30.000000009835084
mass2_ref = 30.00000000688825
minchirp = 26.11641690616298
maxchirp = 26.116616906162978
mincov = 22327710387.278984
maxcov = 2232771038727.8984
