
[data]
trigger-time = 1589652480.2200527
injection-file = /home/ss/Prospects-of-LGWs/unlens/injection.hdf

[global]
instruments = E1 E2 E3
mass1_ref = 30.000000003869488
mass2_ref = 30.000000009425683
minchirp = 26.116416904670782
maxchirp = 26.11661690467078
mincov = 15090887422.900858
maxcov = 1509088742290.0857
