
[data]
trigger-time = 1483136144.550427
injection-file = /home/ss/Prospects-of-LGWs/unlens/injection.hdf

[global]
instruments = E1 E2 E3
mass1_ref = 30.000000003480697
mass2_ref = 30.000000003501967
minchirp = 26.116416901923106
maxchirp = 26.116616901923106
mincov = 20728785011.634983
maxcov = 2072878501163.4983
