
[data]
trigger-time = 1209510037.317447
injection-file = /home/ss/Prospects-of-LGWs/unlens/injection.hdf

[global]
instruments = E1 E2 E3
mass1_ref = 30.000000006621683
mass2_ref = 30.0000000001574
minchirp = 26.11641690183449
maxchirp = 26.11661690183449
mincov = 29287803865.188457
maxcov = 2928780386518.8457
