
[data]
trigger-time = 1003316115.5154481
injection-file = /home/ss/Prospects-of-LGWs/unlens/injection.hdf

[global]
instruments = E1 E2 E3
mass1_ref = 30.000000007081205
mass2_ref = 30.00000000059163
minchirp = 26.11641690222352
maxchirp = 26.11661690222352
mincov = 4031174169.401207
maxcov = 403117416940.1207
