
[data]
trigger-time = 1542317593.790933
injection-file = /home/ss/Prospects-of-LGWs/unlens/injection.hdf

[global]
instruments = E1 E2 E3
mass1_ref = 30.00000000072599
mass2_ref = 30.000000003284487
minchirp = 26.11641690062939
maxchirp = 26.11661690062939
mincov = 12431158838.476543
maxcov = 1243115883847.6543
