
[data]
trigger-time = 1922200163.0431738
injection-file = /home/ss/Prospects-of-LGWs/unlens/injection.hdf

[global]
instruments = E1 E2 E3
mass1_ref = 30.00000000292438
mass2_ref = 30.000000008215107
minchirp = 26.116416903732468
maxchirp = 26.116616903732467
mincov = 982703684.3708467
maxcov = 98270368437.08467
