
[data]
trigger-time = 1005506678.106133
injection-file = /home/ss/Prospects-of-LGWs/unlens/injection.hdf

[global]
instruments = E1 E2 E3
mass1_ref = 30.00000000244311
mass2_ref = 30.00000000094209
minchirp = 26.11641690035722
maxchirp = 26.11661690035722
mincov = 10776548426.798656
maxcov = 1077654842679.8656
