
[data]
trigger-time = 1043472598.548227
injection-file = /home/ss/Prospects-of-LGWs/unlens/injection.hdf

[global]
instruments = E1 E2 E3
mass1_ref = 30.00000000887784
mass2_ref = 30.00000000917215
minchirp = 26.11641690674044
maxchirp = 26.11661690674044
mincov = 11137149334.379536
maxcov = 1113714933437.9536
