
[data]
trigger-time = 1190504035.4858544
injection-file = /home/ss/Prospects-of-LGWs/unlens/injection.hdf

[global]
instruments = E1 E2 E3
mass1_ref = 30.00000000462234
mass2_ref = 30.00000000056871
minchirp = 26.11641690114326
maxchirp = 26.11661690114326
mincov = 16484510.03579155
maxcov = 1648451003.579155
