
[data]
trigger-time = 1523950379.4267974
injection-file = /home/ss/Prospects-of-LGWs/unlens/injection.hdf

[global]
instruments = E1 E2 E3
mass1_ref = 30.000000007799187
mass2_ref = 30.000000005058507
minchirp = 26.11641690448036
maxchirp = 26.11661690448036
mincov = 24432198536.480324
maxcov = 2443219853648.0327
