
[data]
trigger-time = 1132581054.0954456
injection-file = /home/ss/Prospects-of-LGWs/unlens/injection.hdf

[global]
instruments = E1 E2 E3
mass1_ref = 30.000000004316355
mass2_ref = 30.000000001683816
minchirp = 26.11641690149545
maxchirp = 26.11661690149545
mincov = 622591.3742968983
maxcov = 62259137.42968983
