
[data]
trigger-time = 1994699284.1538494
injection-file = /home/ss/Prospects-of-LGWs/unlens/injection.hdf

[global]
instruments = E1 E2 E3
mass1_ref = 30.000000006295895
mass2_ref = 30.0000000084765
minchirp = 26.116416905313784
maxchirp = 26.116616905313784
mincov = 29617729980.662586
maxcov = 2961772998066.259
