
[data]
trigger-time = 1807831398.2809486
injection-file = /home/ss/Prospects-of-LGWs/unlens/injection.hdf

[global]
instruments = E1 E2 E3
mass1_ref = 30.00000000228629
mass2_ref = 30.000000008213206
minchirp = 26.116416903453896
maxchirp = 26.116616903453895
mincov = 21474307868.98518
maxcov = 2147430786898.518
