
[data]
trigger-time = 1891365709.824922
injection-file = /home/ss/Prospects-of-LGWs/unlens/injection.hdf

[global]
instruments = E1 E2 E3
mass1_ref = 30.000000003133366
mass2_ref = 30.000000003668205
minchirp = 26.11641690184428
maxchirp = 26.116616901844278
mincov = 3991264309.093168
maxcov = 399126430909.3168
