
[data]
trigger-time = 1959229212.796132
injection-file = /home/ss/Prospects-of-LGWs/unlens/injection.hdf

[global]
instruments = E1 E2 E3
mass1_ref = 30.000000004824546
mass2_ref = 30.000000008609277
minchirp = 26.116416904731135
maxchirp = 26.116616904731135
mincov = 880471142.1242542
maxcov = 88047114212.42542
