
[data]
trigger-time = 1003680117.8195363
injection-file = /home/ss/Prospects-of-LGWs/unlens/injection.hdf

[global]
instruments = E1 E2 E3
mass1_ref = 30.000000004422297
mass2_ref = 30.00000000797376
minchirp = 26.116416904279422
maxchirp = 26.11661690427942
mincov = 26742824490.25559
maxcov = 2674282449025.5586
