
[data]
trigger-time = 1091042235.7642264
injection-file = /home/ss/Prospects-of-LGWs/unlens/injection.hdf

[global]
instruments = E1 E2 E3
mass1_ref = 30.000000001172644
mass2_ref = 30.00000000527426
minchirp = 26.116416901689902
maxchirp = 26.116616901689902
mincov = 18573239903.727726
maxcov = 1857323990372.7725
