
[data]
trigger-time = 1553263768.1541429
injection-file = /home/ss/Prospects-of-LGWs/unlens/injection.hdf

[global]
instruments = E1 E2 E3
mass1_ref = 30.0000000002943
mass2_ref = 30.000000005525433
minchirp = 26.116416901416912
maxchirp = 26.11661690141691
mincov = 4742504284.258463
maxcov = 474250428425.8463
