
[data]
trigger-time = 1413422313.4770865
injection-file = /home/ss/Prospects-of-LGWs/unlens/injection.hdf

[global]
instruments = E1 E2 E3
mass1_ref = 30.000000001591008
mass2_ref = 30.000000003724644
minchirp = 26.116416901197496
maxchirp = 26.116616901197496
mincov = 1425646726.375522
maxcov = 142564672637.5522
