
[data]
trigger-time = 1755836124.5752044
injection-file = /home/ss/Prospects-of-LGWs/unlens/injection.hdf

[global]
instruments = E1 E2 E3
mass1_ref = 30.00000000525576
mass2_ref = 30.000000008312185
minchirp = 26.116416904789517
maxchirp = 26.116616904789517
mincov = 424935720.4753181
maxcov = 42493572047.53181
