
[data]
trigger-time = 1789504068.0760236
injection-file = /home/ss/Prospects-of-LGWs/unlens/injection.hdf

[global]
instruments = E1 E2 E3
mass1_ref = 30.000000003372985
mass2_ref = 30.000000005399677
minchirp = 26.116416902702248
maxchirp = 26.116616902702248
mincov = 5840721966.392403
maxcov = 584072196639.2402
