
[data]
trigger-time = 1598198014.4189425
injection-file = /home/ss/Prospects-of-LGWs/unlens/injection.hdf

[global]
instruments = E1 E2 E3
mass1_ref = 30.000000000750575
mass2_ref = 30.00000000813066
minchirp = 26.116416902749506
maxchirp = 26.116616902749506
mincov = 6853265983.198869
maxcov = 685326598319.8868
