
[data]
trigger-time = 1893510115.391463
injection-file = /home/ss/Prospects-of-LGWs/unlens/injection.hdf

[global]
instruments = E1 E2 E3
mass1_ref = 30.000000002465324
mass2_ref = 30.000000000992717
minchirp = 26.116416900388923
maxchirp = 26.116616900388923
mincov = 19515452087.38421
maxcov = 1951545208738.421
