
[data]
trigger-time = 1265451173.4094622
injection-file = /home/ss/Prospects-of-LGWs/unlens/injection.hdf

[global]
instruments = E1 E2 E3
mass1_ref = 30.000000005601674
mass2_ref = 30.00000000750806
minchirp = 26.116416904590068
maxchirp = 26.116616904590067
mincov = 8155726159.701576
maxcov = 815572615970.1576
