
[data]
trigger-time = 1483408020.6752803
injection-file = /home/ss/Prospects-of-LGWs/unlens/injection.hdf

[global]
instruments = E1 E2 E3
mass1_ref = 30.000000001363016
mass2_ref = 30.0000000011229
minchirp = 26.116416899965785
maxchirp = 26.116616899965784
mincov = 16366076536.98586
maxcov = 1636607653698.5862
