
[data]
trigger-time = 1984411162.063797
injection-file = /home/ss/Prospects-of-LGWs/unlens/injection.hdf

[global]
instruments = E1 E2 E3
mass1_ref = 30.000000006778944
mass2_ref = 30.000000009184713
minchirp = 26.11641690583231
maxchirp = 26.11661690583231
mincov = 9541690418.852715
maxcov = 954169041885.2715
