
[data]
trigger-time = 1057126476.7501128
injection-file = /home/ss/Prospects-of-LGWs/unlens/injection.hdf

[global]
instruments = E1 E2 E3
mass1_ref = 30.000000003379487
mass2_ref = 30.000000005556934
minchirp = 26.11641690277353
maxchirp = 26.11661690277353
mincov = 16439099440.144464
maxcov = 1643909944014.4463
