
[data]
trigger-time = 1251474626.2334602
injection-file = /home/ss/Prospects-of-LGWs/unlens/injection.hdf

[global]
instruments = E1 E2 E3
mass1_ref = 30.000000009276373
mass2_ref = 30.000000002435286
minchirp = 26.11641690398152
maxchirp = 26.11661690398152
mincov = 11850457023.94197
maxcov = 1185045702394.197
