
[data]
trigger-time = 1993416134.475762
injection-file = /home/ss/Prospects-of-LGWs/unlens/injection.hdf

[global]
instruments = E1 E2 E3
mass1_ref = 30.0000000018333
mass2_ref = 30.000000005004207
minchirp = 26.116416901859925
maxchirp = 26.116616901859924
mincov = 87130526.37076801
maxcov = 8713052637.076801
