
[data]
trigger-time = 1281173059.1507483
injection-file = /home/ss/Prospects-of-LGWs/unlens/injection.hdf

[global]
instruments = E1 E2 E3
mass1_ref = 30.000000008712664
mass2_ref = 30.00000000035976
minchirp = 26.116416902832725
maxchirp = 26.116616902832725
mincov = 3948450057.794364
maxcov = 394845005779.4364
