
[data]
trigger-time = 1747324246.8798823
injection-file = /home/ss/Prospects-of-LGWs/unlens/injection.hdf

[global]
instruments = E1 E2 E3
mass1_ref = 30.00000000250986
mass2_ref = 30.0000000018234
minchirp = 26.116416900769885
maxchirp = 26.116616900769884
mincov = 17337716169.320175
maxcov = 1733771616932.0176
