
[data]
trigger-time = 1322189392.2875085
injection-file = /home/ss/Prospects-of-LGWs/unlens/injection.hdf

[global]
instruments = E1 E2 E3
mass1_ref = 30.000000000685056
mass2_ref = 30.0000000086047
minchirp = 26.116416902927327
maxchirp = 26.116616902927326
mincov = 16057070613.796911
maxcov = 1605707061379.6912
