
[data]
trigger-time = 1155669567.3472624
injection-file = /home/ss/Prospects-of-LGWs/unlens/injection.hdf

[global]
instruments = E1 E2 E3
mass1_ref = 30.000000001904695
mass2_ref = 30.000000004028756
minchirp = 26.11641690146641
maxchirp = 26.116616901466408
mincov = 14581782435.68591
maxcov = 1458178243568.591
