
[data]
trigger-time = 1002509909.5778062
injection-file = /home/ss/Prospects-of-LGWs/unlens/injection.hdf

[global]
instruments = E1 E2 E3
mass1_ref = 30.00000000858221
mass2_ref = 30.00000000846734
minchirp = 26.116416906304973
maxchirp = 26.116616906304973
mincov = 638687782.9418237
maxcov = 63868778294.18237
