
[data]
trigger-time = 1455193820.0895836
injection-file = /home/ss/Prospects-of-LGWs/unlens/injection.hdf

[global]
instruments = E1 E2 E3
mass1_ref = 30.000000006082647
mass2_ref = 30.000000007136276
minchirp = 26.116416904637596
maxchirp = 26.116616904637596
mincov = 11797176672.58545
maxcov = 1179717667258.545
