
[data]
trigger-time = 1677375946.733831
injection-file = /home/ss/Prospects-of-LGWs/unlens/injection.hdf

[global]
instruments = E1 E2 E3
mass1_ref = 30.00000000732892
mass2_ref = 30.000000006786568
minchirp = 26.11641690502785
maxchirp = 26.11661690502785
mincov = 14602259450.953318
maxcov = 1460225945095.3318
