
[data]
trigger-time = 1391809307.7585995
injection-file = /home/ss/Prospects-of-LGWs/unlens/injection.hdf

[global]
instruments = E1 E2 E3
mass1_ref = 30.00000000423925
mass2_ref = 30.00000000141599
minchirp = 26.116416901345314
maxchirp = 26.116616901345314
mincov = 6044015192.931634
maxcov = 604401519293.1633
