
[data]
trigger-time = 1836949806.999382
injection-file = /home/ss/Prospects-of-LGWs/unlens/injection.hdf

[global]
instruments = E1 E2 E3
mass1_ref = 30.000000003712167
mass2_ref = 30.000000000907157
minchirp = 26.1164169008944
maxchirp = 26.1166169008944
mincov = 4830898438.754465
maxcov = 483089843875.44653
