
[data]
trigger-time = 1586392419.398405
injection-file = /home/ss/Prospects-of-LGWs/unlens/injection.hdf

[global]
instruments = E1 E2 E3
mass1_ref = 30.000000007751236
mass2_ref = 30.000000000087656
minchirp = 26.1164169022958
maxchirp = 26.1166169022958
mincov = 16952667603.588932
maxcov = 1695266760358.893
