
[data]
trigger-time = 1349125374.5894804
injection-file = /home/ss/Prospects-of-LGWs/unlens/injection.hdf

[global]
instruments = E1 E2 E3
mass1_ref = 30.00000000198717
mass2_ref = 30.0000000013415
minchirp = 26.116416900332613
maxchirp = 26.116616900332613
mincov = 27793436318.85736
maxcov = 2779343631885.7363
