
[data]
trigger-time = 1189747557.5486536
injection-file = /home/ss/Prospects-of-LGWs/unlens/injection.hdf

[global]
instruments = E1 E2 E3
mass1_ref = 30.00000000035921
mass2_ref = 30.00000000095101
minchirp = 26.116416899454034
maxchirp = 26.116616899454034
mincov = 19040994912.05976
maxcov = 1904099491205.9763
