
[data]
trigger-time = 1917261722.842236
injection-file = /home/ss/Prospects-of-LGWs/unlens/injection.hdf

[global]
instruments = E1 E2 E3
mass1_ref = 30.00000000183968
mass2_ref = 30.000000000491433
minchirp = 26.1164168998984
maxchirp = 26.1166168998984
mincov = 5943751018.04006
maxcov = 594375101804.0061
