
[data]
trigger-time = 1353960874.072926
injection-file = /home/ss/Prospects-of-LGWs/unlens/injection.hdf

[global]
instruments = E1 E2 E3
mass1_ref = 30.000000009845124
mass2_ref = 30.00000000053604
minchirp = 26.11641690340239
maxchirp = 26.116616903402388
mincov = 9780968664.16827
maxcov = 978096866416.8271
