
[data]
trigger-time = 1483083579.9717526
injection-file = /home/ss/Prospects-of-LGWs/unlens/injection.hdf

[global]
instruments = E1 E2 E3
mass1_ref = 30.000000007190298
mass2_ref = 30.00000000915309
minchirp = 26.1164169059976
maxchirp = 26.1166169059976
mincov = 21504880148.27192
maxcov = 2150488014827.1921
