
[data]
trigger-time = 1318443348.770051
injection-file = /home/ss/Prospects-of-LGWs/unlens/injection.hdf

[global]
instruments = E1 E2 E3
mass1_ref = 30.000000005337945
mass2_ref = 30.000000003496197
minchirp = 26.116416902729007
maxchirp = 26.116616902729007
mincov = 1213301808.6792018
maxcov = 121330180867.9202
