
[data]
trigger-time = 1153954815.4060383
injection-file = /home/ss/Prospects-of-LGWs/unlens/injection.hdf

[global]
instruments = E1 E2 E3
mass1_ref = 30.00000000109744
mass2_ref = 30.000000008602054
minchirp = 26.116416903105677
maxchirp = 26.116616903105676
mincov = 10074583953.560268
maxcov = 1007458395356.0269
