
[data]
trigger-time = 1991003972.1226096
injection-file = /home/ss/Prospects-of-LGWs/unlens/injection.hdf

[global]
instruments = E1 E2 E3
mass1_ref = 30.000000004485827
mass2_ref = 30.000000004373764
minchirp = 26.116416902740085
maxchirp = 26.116616902740084
mincov = 19766281199.716087
maxcov = 1976628119971.6086
