
[data]
trigger-time = 1738702503.8615131
injection-file = /home/ss/Prospects-of-LGWs/unlens/injection.hdf

[global]
instruments = E1 E2 E3
mass1_ref = 30.000000004078988
mass2_ref = 30.000000001241357
minchirp = 26.11641690119954
maxchirp = 26.11661690119954
mincov = 9115696344.789177
maxcov = 911569634478.9177
