
[data]
trigger-time = 1402234637.7344804
injection-file = /home/ss/Prospects-of-LGWs/unlens/injection.hdf

[global]
instruments = E1 E2 E3
mass1_ref = 30.00000000224837
mass2_ref = 30.000000002682576
minchirp = 26.116416901030043
maxchirp = 26.116616901030042
mincov = 9718145789.326977
maxcov = 971814578932.6976
