
[data]
trigger-time = 1899273350.6518393
injection-file = /home/ss/Prospects-of-LGWs/unlens/injection.hdf

[global]
instruments = E1 E2 E3
mass1_ref = 30.000000005058837
mass2_ref = 30.00000000294679
minchirp = 26.116416902368375
maxchirp = 26.116616902368374
mincov = 5796714253.351892
maxcov = 579671425335.1892
