
[data]
trigger-time = 1858818218.5276227
injection-file = /home/ss/Prospects-of-LGWs/unlens/injection.hdf

[global]
instruments = E1 E2 E3
mass1_ref = 30.000000003920135
mass2_ref = 30.00000000458022
minchirp = 26.11641690258372
maxchirp = 26.11661690258372
mincov = 1743830.3803101436
maxcov = 174383038.03101435
