
[data]
trigger-time = 1708688694.8854096
injection-file = /home/ss/Prospects-of-LGWs/unlens/injection.hdf

[global]
instruments = E1 E2 E3
mass1_ref = 30.00000000261577
mass2_ref = 30.00000000152756
minchirp = 26.116416900687213
maxchirp = 26.116616900687212
mincov = 3429882279.0354824
maxcov = 342988227903.5482
