
[data]
trigger-time = 1480400105.973432
injection-file = /home/ss/Prospects-of-LGWs/unlens/injection.hdf

[global]
instruments = E1 E2 E3
mass1_ref = 30.000000005070454
mass2_ref = 30.000000001345743
minchirp = 26.116416901676537
maxchirp = 26.116616901676537
mincov = 3855107048.412482
maxcov = 385510704841.24817
