
[data]
trigger-time = 1374382987.6539564
injection-file = /home/ss/Prospects-of-LGWs/unlens/injection.hdf

[global]
instruments = E1 E2 E3
mass1_ref = 30.00000000828535
mass2_ref = 30.00000000475985
minchirp = 26.116416904561977
maxchirp = 26.116616904561976
mincov = 110576718.19038543
maxcov = 11057671819.038544
