
[data]
trigger-time = 1017267460.4772736
injection-file = /home/ss/Prospects-of-LGWs/unlens/injection.hdf

[global]
instruments = E1 E2 E3
mass1_ref = 30.000000002737547
mass2_ref = 30.000000000989505
minchirp = 26.116416900506017
maxchirp = 26.116616900506017
mincov = 9785547162.018581
maxcov = 978554716201.8582
