
[data]
trigger-time = 1937617915.9159188
injection-file = /home/ss/Prospects-of-LGWs/unlens/injection.hdf

[global]
instruments = E1 E2 E3
mass1_ref = 30.00000000691255
mass2_ref = 30.000000007666237
minchirp = 26.11641690522951
maxchirp = 26.11661690522951
mincov = 2738848788.3447523
maxcov = 273884878834.47525
