
[data]
trigger-time = 1934412067.9294295
injection-file = /home/ss/Prospects-of-LGWs/unlens/injection.hdf

[global]
instruments = E1 E2 E3
mass1_ref = 30.000000005459484
mass2_ref = 30.00000000090717
minchirp = 26.116416901654972
maxchirp = 26.11661690165497
mincov = 13636153241.958921
maxcov = 1363615324195.892
