
[data]
trigger-time = 1388434432.7852435
injection-file = /home/ss/Prospects-of-LGWs/unlens/injection.hdf

[global]
instruments = E1 E2 E3
mass1_ref = 30.00000000277261
mass2_ref = 30.000000005951094
minchirp = 26.116416902680935
maxchirp = 26.116616902680935
mincov = 30572968712.0123
maxcov = 3057296871201.23
