
[data]
trigger-time = 1782674526.4570875
injection-file = /home/ss/Prospects-of-LGWs/unlens/injection.hdf

[global]
instruments = E1 E2 E3
mass1_ref = 30.000000001936403
mass2_ref = 30.00000000877316
minchirp = 26.116416903545332
maxchirp = 26.11661690354533
mincov = 1127661290.0305061
maxcov = 112766129003.05061
