
[data]
trigger-time = 1175012735.9586132
injection-file = /home/ss/Prospects-of-LGWs/unlens/injection.hdf

[global]
instruments = E1 E2 E3
mass1_ref = 30.000000001859163
mass2_ref = 30.000000000773678
minchirp = 26.116416900029737
maxchirp = 26.116616900029737
mincov = 8546675.667211425
maxcov = 854667566.7211425
