
[data]
trigger-time = 1944072018.707508
injection-file = /home/ss/Prospects-of-LGWs/unlens/injection.hdf

[global]
instruments = E1 E2 E3
mass1_ref = 30.000000006259963
mass2_ref = 30.000000000057575
minchirp = 26.116416901633595
maxchirp = 26.116616901633595
mincov = 92491189.8772139
maxcov = 9249118987.72139
