
[data]
trigger-time = 1429153545.5007381
injection-file = /home/ss/Prospects-of-LGWs/unlens/injection.hdf

[global]
instruments = E1 E2 E3
mass1_ref = 30.00000000000423
mass2_ref = 30.00000000529831
minchirp = 26.11641690119179
maxchirp = 26.11661690119179
mincov = 22744744719.40326
maxcov = 2274474471940.326
