
[data]
trigger-time = 1064287261.4179355
injection-file = /home/ss/Prospects-of-LGWs/unlens/injection.hdf

[global]
instruments = E1 E2 E3
mass1_ref = 30.00000000144161
mass2_ref = 30.000000006229513
minchirp = 26.116416902222777
maxchirp = 26.116616902222777
mincov = 19799847367.967644
maxcov = 1979984736796.7642
