
[data]
trigger-time = 1987377582.7308564
injection-file = /home/ss/Prospects-of-LGWs/unlens/injection.hdf

[global]
instruments = E1 E2 E3
mass1_ref = 30.000000009969348
mass2_ref = 30.000000000384617
minchirp = 26.116416903390547
maxchirp = 26.116616903390547
mincov = 6358173213.312084
maxcov = 635817321331.2084
