
[data]
trigger-time = 1121633436.273756
injection-file = /home/ss/Prospects-of-LGWs/unlens/injection.hdf

[global]
instruments = E1 E2 E3
mass1_ref = 30.000000005291234
mass2_ref = 30.000000009726826
minchirp = 26.116416905420714
maxchirp = 26.116616905420713
mincov = 30852343365.472313
maxcov = 3085234336547.2314
