
[data]
trigger-time = 1031750160.1013327
injection-file = /home/ss/Prospects-of-LGWs/unlens/injection.hdf

[global]
instruments = E1 E2 E3
mass1_ref = 30.00000000110781
mass2_ref = 30.000000006115194
minchirp = 26.11641690202772
maxchirp = 26.11661690202772
mincov = 9249876618.0997
maxcov = 924987661809.9701
