
[data]
trigger-time = 1436653098.2676823
injection-file = /home/ss/Prospects-of-LGWs/unlens/injection.hdf

[global]
instruments = E1 E2 E3
mass1_ref = 30.000000000016286
mass2_ref = 30.000000009295885
minchirp = 26.116416902937083
maxchirp = 26.116616902937082
mincov = 16066537309.827301
maxcov = 1606653730982.73
