
[data]
trigger-time = 1986913093.6255302
injection-file = /home/ss/Prospects-of-LGWs/unlens/injection.hdf

[global]
instruments = E1 E2 E3
mass1_ref = 30.000000009613945
mass2_ref = 30.00000000717254
minchirp = 26.116416906190466
maxchirp = 26.116616906190465
mincov = 18893858794.612873
maxcov = 1889385879461.287
