
[data]
trigger-time = 1401687741.4416938
injection-file = /home/ss/Prospects-of-LGWs/unlens/injection.hdf

[global]
instruments = E1 E2 E3
mass1_ref = 30.000000004341597
mass2_ref = 30.000000009326452
minchirp = 26.116416904833088
maxchirp = 26.116616904833087
mincov = 5750077311.467989
maxcov = 575007731146.7988
