
[data]
trigger-time = 1837182112.64357
injection-file = /home/ss/Prospects-of-LGWs/unlens/injection.hdf

[global]
instruments = E1 E2 E3
mass1_ref = 30.000000000479094
mass2_ref = 30.000000002699885
minchirp = 26.116416900267456
maxchirp = 26.116616900267456
mincov = 2800714987.981576
maxcov = 280071498798.1576
