
[data]
trigger-time = 1902268128.957932
injection-file = /home/ss/Prospects-of-LGWs/unlens/injection.hdf

[global]
instruments = E1 E2 E3
mass1_ref = 30.00000000503197
mass2_ref = 30.000000006347626
minchirp = 26.11641690383698
maxchirp = 26.11661690383698
mincov = 17013724336.191696
maxcov = 1701372433619.1697
