
[data]
trigger-time = 1698024045.2031388
injection-file = /home/ss/Prospects-of-LGWs/unlens/injection.hdf

[global]
instruments = E1 E2 E3
mass1_ref = 30.0000000063873
mass2_ref = 30.00000000651439
minchirp = 26.116416904499513
maxchirp = 26.116616904499512
mincov = 11054744012.619022
maxcov = 1105474401261.9023
