
[data]
trigger-time = 1979271984.396945
injection-file = /home/ss/Prospects-of-LGWs/unlens/injection.hdf

[global]
instruments = E1 E2 E3
mass1_ref = 30.00000000702595
mass2_ref = 30.00000000747442
minchirp = 26.11641690519538
maxchirp = 26.11661690519538
mincov = 8399936756.670558
maxcov = 839993675667.0558
