
[data]
trigger-time = 1735822722.5968463
injection-file = /home/ss/Prospects-of-LGWs/unlens/injection.hdf

[global]
instruments = E1 E2 E3
mass1_ref = 30.00000000228938
mass2_ref = 30.000000003319016
minchirp = 26.11641690132492
maxchirp = 26.11661690132492
mincov = 13930533725.586334
maxcov = 1393053372558.6333
