
[data]
trigger-time = 1706303166.3342812
injection-file = /home/ss/Prospects-of-LGWs/unlens/injection.hdf

[global]
instruments = E1 E2 E3
mass1_ref = 30.000000002060172
mass2_ref = 30.000000001601542
minchirp = 26.116416900477578
maxchirp = 26.116616900477577
mincov = 16168000470.522854
maxcov = 1616800047052.2854
