
[data]
trigger-time = 1442416868.88197
injection-file = /home/ss/Prospects-of-LGWs/unlens/injection.hdf

[global]
instruments = E1 E2 E3
mass1_ref = 30.00000000679019
mass2_ref = 30.000000004789946
minchirp = 26.11641690392427
maxchirp = 26.11661690392427
mincov = 4708015855.273097
maxcov = 470801585527.3097
