
[data]
trigger-time = 1481443885.9696138
injection-file = /home/ss/Prospects-of-LGWs/unlens/injection.hdf

[global]
instruments = E1 E2 E3
mass1_ref = 30.000000000963713
mass2_ref = 30.00000000398533
minchirp = 26.11641690103792
maxchirp = 26.11661690103792
mincov = 5740073776.085644
maxcov = 574007377608.5643
