
[data]
trigger-time = 1714600762.7783298
injection-file = /home/ss/Prospects-of-LGWs/unlens/injection.hdf

[global]
instruments = E1 E2 E3
mass1_ref = 30.000000007301505
mass2_ref = 30.00000000725013
minchirp = 26.116416905217694
maxchirp = 26.116616905217693
mincov = 25502884738.991737
maxcov = 2550288473899.174
