
[data]
trigger-time = 1285937691.3073606
injection-file = /home/ss/Prospects-of-LGWs/unlens/injection.hdf

[global]
instruments = E1 E2 E3
mass1_ref = 30.00000000037892
mass2_ref = 30.000000006187285
minchirp = 26.11641690174183
maxchirp = 26.11661690174183
mincov = 5790976284.129232
maxcov = 579097628412.9233
