
[data]
trigger-time = 1063598436.0982536
injection-file = /home/ss/Prospects-of-LGWs/unlens/injection.hdf

[global]
instruments = E1 E2 E3
mass1_ref = 30.000000003167806
mass2_ref = 30.000000001007905
minchirp = 26.116416900701307
maxchirp = 26.116616900701306
mincov = 64752887.99477625
maxcov = 6475288799.477625
