
[data]
trigger-time = 1334198086.3960438
injection-file = /home/ss/Prospects-of-LGWs/unlens/injection.hdf

[global]
instruments = E1 E2 E3
mass1_ref = 30.000000008522274
mass2_ref = 30.00000000030565
minchirp = 26.1164169027263
maxchirp = 26.1166169027263
mincov = 2680862709.6466002
maxcov = 268086270964.66003
