
[data]
trigger-time = 1822388603.8626504
injection-file = /home/ss/Prospects-of-LGWs/unlens/injection.hdf

[global]
instruments = E1 E2 E3
mass1_ref = 30.000000007882313
mass2_ref = 30.000000007315904
minchirp = 26.116416905499133
maxchirp = 26.116616905499132
mincov = 12251520295.617336
maxcov = 1225152029561.7336
