
[data]
trigger-time = 1355999792.460883
injection-file = /home/ss/Prospects-of-LGWs/unlens/injection.hdf

[global]
instruments = E1 E2 E3
mass1_ref = 30.00000000040348
mass2_ref = 30.00000000620024
minchirp = 26.11641690175816
maxchirp = 26.11661690175816
mincov = 3732677460.859586
maxcov = 373267746085.95856
