
[data]
trigger-time = 1711064514.1619854
injection-file = /home/ss/Prospects-of-LGWs/unlens/injection.hdf

[global]
instruments = E1 E2 E3
mass1_ref = 30.00000000702462
mass2_ref = 30.000000001161737
minchirp = 26.116416902447046
maxchirp = 26.116616902447046
mincov = 18939983502.85807
maxcov = 1893998350285.8071
