
[data]
trigger-time = 1626736629.4464285
injection-file = /home/ss/Prospects-of-LGWs/unlens/injection.hdf

[global]
instruments = E1 E2 E3
mass1_ref = 30.000000001860016
mass2_ref = 30.000000005945925
minchirp = 26.116416902281454
maxchirp = 26.116616902281454
mincov = 856678413.3652942
maxcov = 85667841336.52942
