
[data]
trigger-time = 1356813361.745568
injection-file = /home/ss/Prospects-of-LGWs/unlens/injection.hdf

[global]
instruments = E1 E2 E3
mass1_ref = 30.000000001816687
mass2_ref = 30.000000008144035
minchirp = 26.11641690321938
maxchirp = 26.11661690321938
mincov = 4377938512.04452
maxcov = 437793851204.452
