
[data]
trigger-time = 1542164398.6062422
injection-file = /home/ss/Prospects-of-LGWs/unlens/injection.hdf

[global]
instruments = E1 E2 E3
mass1_ref = 30.00000000390905
mass2_ref = 30.000000002869402
minchirp = 26.11641690183422
maxchirp = 26.11661690183422
mincov = 559215124.9821999
maxcov = 55921512498.219986
