
[data]
trigger-time = 1410495728.9156966
injection-file = /home/ss/Prospects-of-LGWs/unlens/injection.hdf

[global]
instruments = E1 E2 E3
mass1_ref = 30.000000008924186
mass2_ref = 30.000000003655643
minchirp = 26.116416904359415
maxchirp = 26.116616904359415
mincov = 126893178.47989771
maxcov = 12689317847.98977
