
[data]
trigger-time = 1062750025.921322
injection-file = /home/ss/Prospects-of-LGWs/unlens/injection.hdf

[global]
instruments = E1 E2 E3
mass1_ref = 30.000000003923812
mass2_ref = 30.000000009695945
minchirp = 26.11641690481207
maxchirp = 26.11661690481207
mincov = 24322856127.78442
maxcov = 2432285612778.442
