
[data]
trigger-time = 1255457068.883676
injection-file = /home/ss/Prospects-of-LGWs/unlens/injection.hdf

[global]
instruments = E1 E2 E3
mass1_ref = 30.000000000896442
mass2_ref = 30.00000000448707
minchirp = 26.116416901227034
maxchirp = 26.116616901227033
mincov = 2669881654.1126485
maxcov = 266988165411.26483
