
[data]
trigger-time = 1737841927.0834162
injection-file = /home/ss/Prospects-of-LGWs/unlens/injection.hdf

[global]
instruments = E1 E2 E3
mass1_ref = 30.000000000039513
mass2_ref = 30.000000003959343
minchirp = 26.116416900624326
maxchirp = 26.116616900624326
mincov = 29901716421.025887
maxcov = 2990171642102.5884
