
[data]
trigger-time = 1910278947.7481356
injection-file = /home/ss/Prospects-of-LGWs/unlens/injection.hdf

[global]
instruments = E1 E2 E3
mass1_ref = 30.0000000064968
mass2_ref = 30.000000008415494
minchirp = 26.116416905374678
maxchirp = 26.116616905374677
mincov = 16946446752.231869
maxcov = 1694644675223.187
