
[data]
trigger-time = 1225052918.0167267
injection-file = /home/ss/Prospects-of-LGWs/unlens/injection.hdf

[global]
instruments = E1 E2 E3
mass1_ref = 30.000000002938926
mass2_ref = 30.000000006652957
minchirp = 26.116416903058834
maxchirp = 26.116616903058834
mincov = 9352010171.00751
maxcov = 935201017100.7509
