
[data]
trigger-time = 1830017691.7062078
injection-file = /home/ss/Prospects-of-LGWs/unlens/injection.hdf

[global]
instruments = E1 E2 E3
mass1_ref = 30.00000000235501
mass2_ref = 30.000000007224873
minchirp = 26.11641690305361
maxchirp = 26.11661690305361
mincov = 14278926301.654491
maxcov = 1427892630165.4492
