
[data]
trigger-time = 1336278508.964594
injection-file = /home/ss/Prospects-of-LGWs/unlens/injection.hdf

[global]
instruments = E1 E2 E3
mass1_ref = 30.000000004048363
mass2_ref = 30.00000000750333
minchirp = 26.11641690391189
maxchirp = 26.11661690391189
mincov = 885033550.2842604
maxcov = 88503355028.42604
