
[data]
trigger-time = 1106884999.4375596
injection-file = /home/ss/Prospects-of-LGWs/unlens/injection.hdf

[global]
instruments = E1 E2 E3
mass1_ref = 30.000000008661228
mass2_ref = 30.0000000016589
minchirp = 26.11641690337582
maxchirp = 26.11661690337582
mincov = 905094809.8840683
maxcov = 90509480988.40683
