
[data]
trigger-time = 1395999999.4488351
injection-file = /home/ss/Prospects-of-LGWs/unlens/injection.hdf

[global]
instruments = E1 E2 E3
mass1_ref = 30.000000005739704
mass2_ref = 30.000000006532037
minchirp = 26.11641690422531
maxchirp = 26.11661690422531
mincov = 6532823629.650739
maxcov = 653282362965.0739
