
[data]
trigger-time = 1689785015.5295215
injection-file = /home/ss/Prospects-of-LGWs/unlens/injection.hdf

[global]
instruments = E1 E2 E3
mass1_ref = 30.0000000048481
mass2_ref = 30.000000006582773
minchirp = 26.116416903859303
maxchirp = 26.116616903859303
mincov = 3936176586.327437
maxcov = 393617658632.74365
