
[data]
trigger-time = 1108475523.906883
injection-file = /home/ss/Prospects-of-LGWs/unlens/injection.hdf

[global]
instruments = E1 E2 E3
mass1_ref = 30.000000009158022
mass2_ref = 30.000000003421707
minchirp = 26.116416904359372
maxchirp = 26.116616904359372
mincov = 6850676804.68357
maxcov = 685067680468.357
