
[data]
trigger-time = 1915963173.420109
injection-file = /home/ss/Prospects-of-LGWs/unlens/injection.hdf

[global]
instruments = E1 E2 E3
mass1_ref = 30.000000009794434
mass2_ref = 30.00000000469879
minchirp = 26.116416905192267
maxchirp = 26.116616905192267
mincov = 10069364861.833303
maxcov = 1006936486183.3303
