
[data]
trigger-time = 1238737250.7631958
injection-file = /home/ss/Prospects-of-LGWs/unlens/injection.hdf

[global]
instruments = E1 E2 E3
mass1_ref = 30.000000009519464
mass2_ref = 30.000000009641916
minchirp = 26.1164169072242
maxchirp = 26.1166169072242
mincov = 28742581103.239143
maxcov = 2874258110323.914
