
[data]
trigger-time = 1393047389.8349044
injection-file = /home/ss/Prospects-of-LGWs/unlens/injection.hdf

[global]
instruments = E1 E2 E3
mass1_ref = 30.000000001629495
mass2_ref = 30.000000000406196
minchirp = 26.11641689976981
maxchirp = 26.11661689976981
mincov = 11152280509.297665
maxcov = 1115228050929.7666
