
[data]
trigger-time = 1460154740.1847465
injection-file = /home/ss/Prospects-of-LGWs/unlens/injection.hdf

[global]
instruments = E1 E2 E3
mass1_ref = 30.000000000766338
mass2_ref = 30.000000004476203
minchirp = 26.11641690116567
maxchirp = 26.11661690116567
mincov = 144748607.37867153
maxcov = 14474860737.867153
