
[data]
trigger-time = 1069126537.7571013
injection-file = /home/ss/Prospects-of-LGWs/unlens/injection.hdf

[global]
instruments = E1 E2 E3
mass1_ref = 30.000000005672483
mass2_ref = 30.000000001970495
minchirp = 26.116416902210524
maxchirp = 26.116616902210524
mincov = 3480328875.1500854
maxcov = 348032887515.00854
