
[data]
trigger-time = 1401973488.4378042
injection-file = /home/ss/Prospects-of-LGWs/unlens/injection.hdf

[global]
instruments = E1 E2 E3
mass1_ref = 30.000000005703026
mass2_ref = 30.00000000495061
minchirp = 26.11641690352099
maxchirp = 26.11661690352099
mincov = 22190487872.627552
maxcov = 2219048787262.755
