
[data]
trigger-time = 1132643351.619853
injection-file = /home/ss/Prospects-of-LGWs/unlens/injection.hdf

[global]
instruments = E1 E2 E3
mass1_ref = 30.000000007846772
mass2_ref = 30.000000004880633
minchirp = 26.116416904423648
maxchirp = 26.116616904423648
mincov = 2906423770.8410892
maxcov = 290642377084.10895
