
[data]
trigger-time = 1738233307.8552935
injection-file = /home/ss/Prospects-of-LGWs/unlens/injection.hdf

[global]
instruments = E1 E2 E3
mass1_ref = 30.000000007495217
mass2_ref = 30.000000005662226
minchirp = 26.116416904610837
maxchirp = 26.116616904610837
mincov = 8182418285.83152
maxcov = 818241828583.152
