
[data]
trigger-time = 1663773044.8447247
injection-file = /home/ss/Prospects-of-LGWs/unlens/injection.hdf

[global]
instruments = E1 E2 E3
mass1_ref = 30.000000000324583
mass2_ref = 30.000000008621047
minchirp = 26.116416902777537
maxchirp = 26.116616902777537
mincov = 5361085473.055433
maxcov = 536108547305.54333
