
[data]
trigger-time = 1740955341.9238667
injection-file = /home/ss/Prospects-of-LGWs/unlens/injection.hdf

[global]
instruments = E1 E2 E3
mass1_ref = 30.000000003179345
mass2_ref = 30.00000000697428
minchirp = 26.116416903303346
maxchirp = 26.116616903303346
mincov = 15891537482.27587
maxcov = 1589153748227.587
