
[data]
trigger-time = 1068022000.3730704
injection-file = /home/ss/Prospects-of-LGWs/unlens/injection.hdf

[global]
instruments = E1 E2 E3
mass1_ref = 30.00000000603843
mass2_ref = 30.00000000600843
minchirp = 26.116416904127426
maxchirp = 26.116616904127426
mincov = 3333116591.759368
maxcov = 333311659175.9368
