
[data]
trigger-time = 1540589562.574205
injection-file = /home/ss/Prospects-of-LGWs/unlens/injection.hdf

[global]
instruments = E1 E2 E3
mass1_ref = 30.00000000478373
mass2_ref = 30.000000008688094
minchirp = 26.116416904747677
maxchirp = 26.116616904747676
mincov = 8735717800.831629
maxcov = 873571780083.1628
