
[data]
trigger-time = 1558150072.4839587
injection-file = /home/ss/Prospects-of-LGWs/unlens/injection.hdf

[global]
instruments = E1 E2 E3
mass1_ref = 30.000000005356295
mass2_ref = 30.000000000690306
minchirp = 26.116416901515663
maxchirp = 26.116616901515663
mincov = 11837107822.704115
maxcov = 1183710782270.4116
