
[data]
trigger-time = 1944397378.0862966
injection-file = /home/ss/Prospects-of-LGWs/unlens/injection.hdf

[global]
instruments = E1 E2 E3
mass1_ref = 30.000000008586717
mass2_ref = 30.00000000716265
minchirp = 26.116416905739037
maxchirp = 26.116616905739036
mincov = 8517128872.3389225
maxcov = 851712887233.8922
