
[data]
trigger-time = 1744631784.8124852
injection-file = /home/ss/Prospects-of-LGWs/unlens/injection.hdf

[global]
instruments = E1 E2 E3
mass1_ref = 30.00000000003066
mass2_ref = 30.000000008362296
minchirp = 26.116416902536972
maxchirp = 26.116616902536972
mincov = 21430832175.057144
maxcov = 2143083217505.7144
