
[data]
trigger-time = 1405264046.2822433
injection-file = /home/ss/Prospects-of-LGWs/unlens/injection.hdf

[global]
instruments = E1 E2 E3
mass1_ref = 30.000000008273574
mass2_ref = 30.000000004554966
minchirp = 26.116416904467673
maxchirp = 26.116616904467673
mincov = 7547775296.790121
maxcov = 754777529679.0122
