
[data]
trigger-time = 1146195226.7327137
injection-file = /home/ss/Prospects-of-LGWs/unlens/injection.hdf

[global]
instruments = E1 E2 E3
mass1_ref = 30.000000003928132
mass2_ref = 30.00000000257518
minchirp = 26.116416901714455
maxchirp = 26.116616901714455
mincov = 23377183145.516922
maxcov = 2337718314551.6924
