
[data]
trigger-time = 1972797571.7526011
injection-file = /home/ss/Prospects-of-LGWs/unlens/injection.hdf

[global]
instruments = E1 E2 E3
mass1_ref = 30.000000003060922
mass2_ref = 30.00000000983331
minchirp = 26.116416904496266
maxchirp = 26.116616904496265
mincov = 1679779512.2029345
maxcov = 167977951220.29346
