
[data]
trigger-time = 1337928181.9239063
injection-file = /home/ss/Prospects-of-LGWs/unlens/injection.hdf

[global]
instruments = E1 E2 E3
mass1_ref = 30.00000000120114
mass2_ref = 30.000000003524526
minchirp = 26.116416900940692
maxchirp = 26.11661690094069
mincov = 21123383245.453556
maxcov = 2112338324545.3555
