
[data]
trigger-time = 1020947668.7742518
injection-file = /home/ss/Prospects-of-LGWs/unlens/injection.hdf

[global]
instruments = E1 E2 E3
mass1_ref = 30.000000008966826
mass2_ref = 30.000000001861054
minchirp = 26.116416903596832
maxchirp = 26.11661690359683
mincov = 3446663995.9047723
maxcov = 344666399590.47723
