
[data]
trigger-time = 1958248813.1831799
injection-file = /home/ss/Prospects-of-LGWs/unlens/injection.hdf

[global]
instruments = E1 E2 E3
mass1_ref = 30.000000003528818
mass2_ref = 30.000000007740667
minchirp = 26.11641690378905
maxchirp = 26.11661690378905
mincov = 16680976741.126114
maxcov = 1668097674112.6113
