
[data]
trigger-time = 1416374288.3870163
injection-file = /home/ss/Prospects-of-LGWs/unlens/injection.hdf

[global]
instruments = E1 E2 E3
mass1_ref = 30.00000000808132
mass2_ref = 30.00000000476287
minchirp = 26.116416904474484
maxchirp = 26.116616904474483
mincov = 20470820432.112152
maxcov = 2047082043211.2153
