
[data]
trigger-time = 1529237472.4185333
injection-file = /home/ss/Prospects-of-LGWs/unlens/injection.hdf

[global]
instruments = E1 E2 E3
mass1_ref = 30.000000004858446
mass2_ref = 30.000000008385932
minchirp = 26.116416904648673
maxchirp = 26.116616904648673
mincov = 12992402270.878948
maxcov = 1299240227087.895
