
[data]
trigger-time = 1278602196.516206
injection-file = /home/ss/Prospects-of-LGWs/unlens/injection.hdf

[global]
instruments = E1 E2 E3
mass1_ref = 30.000000001338158
mass2_ref = 30.000000006562903
minchirp = 26.11641690232286
maxchirp = 26.11661690232286
mincov = 7312235167.084074
maxcov = 731223516708.4075
