
[data]
trigger-time = 1631318250.797216
injection-file = /home/ss/Prospects-of-LGWs/unlens/injection.hdf

[global]
instruments = E1 E2 E3
mass1_ref = 30.000000007730378
mass2_ref = 30.000000002053167
minchirp = 26.116416903142262
maxchirp = 26.116616903142262
mincov = 1241338536.3892286
maxcov = 124133853638.92287
