
[data]
trigger-time = 1208201786.7619324
injection-file = /home/ss/Prospects-of-LGWs/unlens/injection.hdf

[global]
instruments = E1 E2 E3
mass1_ref = 30.000000009440367
mass2_ref = 30.000000008520324
minchirp = 26.11641690670157
maxchirp = 26.11661690670157
mincov = 26117921182.492947
maxcov = 2611792118249.295
