
[data]
trigger-time = 1151670101.62357
injection-file = /home/ss/Prospects-of-LGWs/unlens/injection.hdf

[global]
instruments = E1 E2 E3
mass1_ref = 30.00000000135808
mass2_ref = 30.000000008558075
minchirp = 26.116416903199983
maxchirp = 26.116616903199983
mincov = 3965004866.3063116
maxcov = 396500486630.63116
