
[data]
trigger-time = 1671962201.58077
injection-file = /home/ss/Prospects-of-LGWs/unlens/injection.hdf

[global]
instruments = E1 E2 E3
mass1_ref = 30.000000001998156
mass2_ref = 30.000000005798885
minchirp = 26.11641690227758
maxchirp = 26.11661690227758
mincov = 29265854818.107685
maxcov = 2926585481810.7686
