
[data]
trigger-time = 1487855732.4300191
injection-file = /home/ss/Prospects-of-LGWs/unlens/injection.hdf

[global]
instruments = E1 E2 E3
mass1_ref = 30.0000000087507
mass2_ref = 30.000000001984862
minchirp = 26.116416903556647
maxchirp = 26.116616903556647
mincov = 4761469.003062589
maxcov = 476146900.30625886
