
[data]
trigger-time = 1661554582.9834652
injection-file = /home/ss/Prospects-of-LGWs/unlens/injection.hdf

[global]
instruments = E1 E2 E3
mass1_ref = 30.000000000811237
mass2_ref = 30.000000008801702
minchirp = 26.116416903068
maxchirp = 26.116616903068
mincov = 13083553979.055517
maxcov = 1308355397905.5518
