
[data]
trigger-time = 1906334363.0682993
injection-file = /home/ss/Prospects-of-LGWs/unlens/injection.hdf

[global]
instruments = E1 E2 E3
mass1_ref = 30.000000008933633
mass2_ref = 30.000000006211863
minchirp = 26.116416905476182
maxchirp = 26.11661690547618
mincov = 21326583295.756405
maxcov = 2132658329575.6406
