
[data]
trigger-time = 1373188896.3839629
injection-file = /home/ss/Prospects-of-LGWs/unlens/injection.hdf

[global]
instruments = E1 E2 E3
mass1_ref = 30.000000009659484
mass2_ref = 30.00000000640495
minchirp = 26.116416905876175
maxchirp = 26.116616905876175
mincov = 19698627651.345142
maxcov = 1969862765134.5142
