
[data]
trigger-time = 1589477506.2266355
injection-file = /home/ss/Prospects-of-LGWs/unlens/injection.hdf

[global]
instruments = E1 E2 E3
mass1_ref = 30.000000005398814
mass2_ref = 30.000000009082566
minchirp = 26.116416905187112
maxchirp = 26.11661690518711
mincov = 185170115.19205484
maxcov = 18517011519.205482
