
[data]
trigger-time = 1671921409.5348275
injection-file = /home/ss/Prospects-of-LGWs/unlens/injection.hdf

[global]
instruments = E1 E2 E3
mass1_ref = 30.000000002450196
mass2_ref = 30.00000000342573
minchirp = 26.11641690144137
maxchirp = 26.11661690144137
mincov = 26623776920.678127
maxcov = 2662377692067.813
