
[data]
trigger-time = 1163442655.1216118
injection-file = /home/ss/Prospects-of-LGWs/unlens/injection.hdf

[global]
instruments = E1 E2 E3
mass1_ref = 30.00000000855169
mass2_ref = 30.000000008523546
minchirp = 26.116416906316154
maxchirp = 26.116616906316153
mincov = 8347484105.815783
maxcov = 834748410581.5782
