
[data]
trigger-time = 1523554117.221654
injection-file = /home/ss/Prospects-of-LGWs/unlens/injection.hdf

[global]
instruments = E1 E2 E3
mass1_ref = 30.000000006959116
mass2_ref = 30.000000000439503
minchirp = 26.11641690210416
maxchirp = 26.11661690210416
mincov = 18389774186.239403
maxcov = 1838977418623.9404
