
[data]
trigger-time = 1002826813.2406635
injection-file = /home/ss/Prospects-of-LGWs/unlens/injection.hdf

[global]
instruments = E1 E2 E3
mass1_ref = 30.000000000307985
mass2_ref = 30.000000005531042
minchirp = 26.116416901425307
maxchirp = 26.116616901425306
mincov = 11776607724.390863
maxcov = 1177660772439.0864
