
[data]
trigger-time = 1853189378.1708074
injection-file = /home/ss/Prospects-of-LGWs/unlens/injection.hdf

[global]
instruments = E1 E2 E3
mass1_ref = 30.000000000404473
mass2_ref = 30.00000000499459
minchirp = 26.116416901233805
maxchirp = 26.116616901233805
mincov = 19129041452.932114
maxcov = 1912904145293.2114
