
[data]
trigger-time = 1979320803.0882921
injection-file = /home/ss/Prospects-of-LGWs/unlens/injection.hdf

[global]
instruments = E1 E2 E3
mass1_ref = 30.00000000349826
mass2_ref = 30.000000002069378
minchirp = 26.116416901307183
maxchirp = 26.116616901307182
mincov = 1616215.7843016915
maxcov = 161621578.43016917
