
[data]
trigger-time = 1754869609.6496534
injection-file = /home/ss/Prospects-of-LGWs/unlens/injection.hdf

[global]
instruments = E1 E2 E3
mass1_ref = 30.00000000688199
mass2_ref = 30.000000003439954
minchirp = 26.11641690337661
maxchirp = 26.11661690337661
mincov = 1905641121.3113708
maxcov = 190564112131.1371
