
[data]
trigger-time = 1138993780.405415
injection-file = /home/ss/Prospects-of-LGWs/unlens/injection.hdf

[global]
instruments = E1 E2 E3
mass1_ref = 30.00000000716718
mass2_ref = 30.00000000425987
minchirp = 26.11641690385764
maxchirp = 26.11661690385764
mincov = 1076475882.2155192
maxcov = 107647588221.55191
