
[data]
trigger-time = 1323344756.8918536
injection-file = /home/ss/Prospects-of-LGWs/unlens/injection.hdf

[global]
instruments = E1 E2 E3
mass1_ref = 30.00000000863167
mass2_ref = 30.000000002404423
minchirp = 26.116416903687462
maxchirp = 26.11661690368746
mincov = 3145218677.3497415
maxcov = 314521867734.9741
