
[data]
trigger-time = 1305943161.475181
injection-file = /home/ss/Prospects-of-LGWs/unlens/injection.hdf

[global]
instruments = E1 E2 E3
mass1_ref = 30.000000007959006
mass2_ref = 30.00000000840322
minchirp = 26.1164169060058
maxchirp = 26.1166169060058
mincov = 19893264328.29174
maxcov = 1989326432829.1743
