
[data]
trigger-time = 1185223005.914277
injection-file = /home/ss/Prospects-of-LGWs/unlens/injection.hdf

[global]
instruments = E1 E2 E3
mass1_ref = 30.000000009919365
mass2_ref = 30.000000007327067
minchirp = 26.116416906390672
maxchirp = 26.11661690639067
mincov = 108948789.85021678
maxcov = 10894878985.021677
