
[data]
trigger-time = 1027963838.7616405
injection-file = /home/ss/Prospects-of-LGWs/unlens/injection.hdf

[global]
instruments = E1 E2 E3
mass1_ref = 30.000000000978414
mass2_ref = 30.000000004998196
minchirp = 26.116416901485195
maxchirp = 26.116616901485195
mincov = 20288010826.895416
maxcov = 2028801082689.5415
