
[data]
trigger-time = 1041913096.17654
injection-file = /home/ss/Prospects-of-LGWs/unlens/injection.hdf

[global]
instruments = E1 E2 E3
mass1_ref = 30.000000002321777
mass2_ref = 30.00000000839915
minchirp = 26.116416903550277
maxchirp = 26.116616903550277
mincov = 7730003970.259503
maxcov = 773000397025.9503
