
[data]
trigger-time = 1964512806.7565854
injection-file = /home/ss/Prospects-of-LGWs/unlens/injection.hdf

[global]
instruments = E1 E2 E3
mass1_ref = 30.000000002227218
mass2_ref = 30.00000000569618
minchirp = 26.11641690233258
maxchirp = 26.11661690233258
mincov = 4658312918.554285
maxcov = 465831291855.4285
