
[data]
trigger-time = 1496482473.0008512
injection-file = /home/ss/Prospects-of-LGWs/unlens/injection.hdf

[global]
instruments = E1 E2 E3
mass1_ref = 30.000000007352238
mass2_ref = 30.000000002214257
minchirp = 26.11641690304778
maxchirp = 26.11661690304778
mincov = 28259419304.33323
maxcov = 2825941930433.3228
