
[data]
trigger-time = 1740024933.4622998
injection-file = /home/ss/Prospects-of-LGWs/unlens/injection.hdf

[global]
instruments = E1 E2 E3
mass1_ref = 30.0000000073172
mass2_ref = 30.000000002866596
minchirp = 26.11641690331648
maxchirp = 26.11661690331648
mincov = 19723764248.471992
maxcov = 1972376424847.1995
