
[data]
trigger-time = 1956206829.4243002
injection-file = /home/ss/Prospects-of-LGWs/unlens/injection.hdf

[global]
instruments = E1 E2 E3
mass1_ref = 30.00000000037728
mass2_ref = 30.00000000173926
minchirp = 26.116416899805
maxchirp = 26.116616899805
mincov = 22518667825.288456
maxcov = 2251866782528.8457
