
[data]
trigger-time = 1050663101.9729487
injection-file = /home/ss/Prospects-of-LGWs/unlens/injection.hdf

[global]
instruments = E1 E2 E3
mass1_ref = 30.000000002653014
mass2_ref = 30.00000000921895
minchirp = 26.1164169040513
maxchirp = 26.1166169040513
mincov = 128039962.14748295
maxcov = 12803996214.748295
