
[data]
trigger-time = 1881396998.8362858
injection-file = /home/ss/Prospects-of-LGWs/unlens/injection.hdf

[global]
instruments = E1 E2 E3
mass1_ref = 30.00000000726595
mass2_ref = 30.00000000113105
minchirp = 26.116416902538727
maxchirp = 26.116616902538727
mincov = 1242826474.635343
maxcov = 124282647463.53432
