
[data]
trigger-time = 1939322271.47062
injection-file = /home/ss/Prospects-of-LGWs/unlens/injection.hdf

[global]
instruments = E1 E2 E3
mass1_ref = 30.00000000293351
mass2_ref = 30.000000000863807
minchirp = 26.116416900536603
maxchirp = 26.116616900536602
mincov = 18685940123.185616
maxcov = 1868594012318.5615
