
[data]
trigger-time = 1176607463.4296958
injection-file = /home/ss/Prospects-of-LGWs/unlens/injection.hdf

[global]
instruments = E1 E2 E3
mass1_ref = 30.00000000547432
mass2_ref = 30.00000000241283
minchirp = 26.116416902316807
maxchirp = 26.116616902316807
mincov = 11826540124.244358
maxcov = 1182654012424.4358
