
[data]
trigger-time = 1424865415.655835
injection-file = /home/ss/Prospects-of-LGWs/unlens/injection.hdf

[global]
instruments = E1 E2 E3
mass1_ref = 30.00000000641568
mass2_ref = 30.000000003295312
minchirp = 26.116416903110675
maxchirp = 26.116616903110675
mincov = 128447678.75797315
maxcov = 12844767875.797314
