
[data]
trigger-time = 1707577625.0257506
injection-file = /home/ss/Prospects-of-LGWs/unlens/injection.hdf

[global]
instruments = E1 E2 E3
mass1_ref = 30.000000007356885
mass2_ref = 30.000000008380002
minchirp = 26.1164169057336
maxchirp = 26.1166169057336
mincov = 15954267955.24979
maxcov = 1595426795524.979
