
[data]
trigger-time = 1911603538.472291
injection-file = /home/ss/Prospects-of-LGWs/unlens/injection.hdf

[global]
instruments = E1 E2 E3
mass1_ref = 30.000000009889906
mass2_ref = 30.000000008943516
minchirp = 26.116416907081447
maxchirp = 26.116616907081447
mincov = 1810420081.6661396
maxcov = 181042008166.61395
