
[data]
trigger-time = 1915267193.0752473
injection-file = /home/ss/Prospects-of-LGWs/unlens/injection.hdf

[global]
instruments = E1 E2 E3
mass1_ref = 30.000000001902894
mass2_ref = 30.000000006247095
minchirp = 26.11641690243121
maxchirp = 26.11661690243121
mincov = 5099367.120475954
maxcov = 509936712.04759544
