
[data]
trigger-time = 1395558270.7810671
injection-file = /home/ss/Prospects-of-LGWs/unlens/injection.hdf

[global]
instruments = E1 E2 E3
mass1_ref = 30.00000000760512
mass2_ref = 30.000000006916377
minchirp = 26.116416905204574
maxchirp = 26.116616905204573
mincov = 4775858950.232847
maxcov = 477585895023.28467
