
[data]
trigger-time = 1855829152.8786063
injection-file = /home/ss/Prospects-of-LGWs/unlens/injection.hdf

[global]
instruments = E1 E2 E3
mass1_ref = 30.00000000445302
mass2_ref = 30.000000001732403
minchirp = 26.116416901576088
maxchirp = 26.116616901576087
mincov = 82290708.31471609
maxcov = 8229070831.471609
