
[data]
trigger-time = 1877606975.7990723
injection-file = /home/ss/Prospects-of-LGWs/unlens/injection.hdf

[global]
instruments = E1 E2 E3
mass1_ref = 30.00000000881242
mass2_ref = 30.000000001137057
minchirp = 26.11641690321449
maxchirp = 26.11661690321449
mincov = 11731144771.697472
maxcov = 1173114477169.747
