
[data]
trigger-time = 1417233200.4455602
injection-file = /home/ss/Prospects-of-LGWs/unlens/injection.hdf

[global]
instruments = E1 E2 E3
mass1_ref = 30.00000000566929
mass2_ref = 30.000000003012023
minchirp = 26.116416902662483
maxchirp = 26.116616902662482
mincov = 11369002801.044308
maxcov = 1136900280104.4307
