
[data]
trigger-time = 1274664679.793896
injection-file = /home/ss/Prospects-of-LGWs/unlens/injection.hdf

[global]
instruments = E1 E2 E3
mass1_ref = 30.000000001577224
mass2_ref = 30.000000007584056
minchirp = 26.116416902871403
maxchirp = 26.116616902871403
mincov = 20826717710.061066
maxcov = 2082671771006.1064
