
[data]
trigger-time = 1441245549.6849978
injection-file = /home/ss/Prospects-of-LGWs/unlens/injection.hdf

[global]
instruments = E1 E2 E3
mass1_ref = 30.000000000689468
mass2_ref = 30.000000006223022
minchirp = 26.116416901892563
maxchirp = 26.116616901892563
mincov = 9071041117.489536
maxcov = 907104111748.9536
