
[data]
trigger-time = 1344025578.0529811
injection-file = /home/ss/Prospects-of-LGWs/unlens/injection.hdf

[global]
instruments = E1 E2 E3
mass1_ref = 30.000000002430795
mass2_ref = 30.000000001304894
minchirp = 26.11641690050978
maxchirp = 26.11661690050978
mincov = 4180415339.5947723
maxcov = 418041533959.47723
