
[data]
trigger-time = 1708392921.5903935
injection-file = /home/ss/Prospects-of-LGWs/unlens/injection.hdf

[global]
instruments = E1 E2 E3
mass1_ref = 30.000000007139413
mass2_ref = 30.000000004046875
minchirp = 26.11641690375284
maxchirp = 26.11661690375284
mincov = 31214964694.570873
maxcov = 3121496469457.0874
