
[data]
trigger-time = 1602831257.8053055
injection-file = /home/ss/Prospects-of-LGWs/unlens/injection.hdf

[global]
instruments = E1 E2 E3
mass1_ref = 30.000000001982883
mass2_ref = 30.000000004936364
minchirp = 26.1164169018955
maxchirp = 26.1166169018955
mincov = 3948638791.905153
maxcov = 394863879190.51526
