
[data]
trigger-time = 1334230042.4566648
injection-file = /home/ss/Prospects-of-LGWs/unlens/injection.hdf

[global]
instruments = E1 E2 E3
mass1_ref = 30.000000001695753
mass2_ref = 30.000000000097465
minchirp = 26.116416899664266
maxchirp = 26.116616899664265
mincov = 10409441773.854156
maxcov = 1040944177385.4156
