
[data]
trigger-time = 1077599498.2570944
injection-file = /home/ss/Prospects-of-LGWs/unlens/injection.hdf

[global]
instruments = E1 E2 E3
mass1_ref = 30.00000000013609
mass2_ref = 30.000000008288506
minchirp = 26.116416902550743
maxchirp = 26.116616902550742
mincov = 9378560945.10786
maxcov = 937856094510.786
