
[data]
trigger-time = 1257447466.7442422
injection-file = /home/ss/Prospects-of-LGWs/unlens/injection.hdf

[global]
instruments = E1 E2 E3
mass1_ref = 30.000000003648978
mass2_ref = 30.000000004621327
minchirp = 26.116416902483582
maxchirp = 26.11661690248358
mincov = 14668517341.18457
maxcov = 1466851734118.457
