
[data]
trigger-time = 1491788212.3618453
injection-file = /home/ss/Prospects-of-LGWs/unlens/injection.hdf

[global]
instruments = E1 E2 E3
mass1_ref = 30.000000007930296
mass2_ref = 30.00000000821003
minchirp = 26.116416905909208
maxchirp = 26.116616905909208
mincov = 17190225650.625896
maxcov = 1719022565062.5898
