
[data]
trigger-time = 1463421280.1025143
injection-file = /home/ss/Prospects-of-LGWs/unlens/injection.hdf

[global]
instruments = E1 E2 E3
mass1_ref = 30.00000000933911
mass2_ref = 30.00000000548095
minchirp = 26.11641690533453
maxchirp = 26.116616905334528
mincov = 16770902717.027655
maxcov = 1677090271702.7656
