
[data]
trigger-time = 1137479580.118122
injection-file = /home/ss/Prospects-of-LGWs/unlens/injection.hdf

[global]
instruments = E1 E2 E3
mass1_ref = 30.000000009229776
mass2_ref = 30.000000001687223
minchirp = 26.116416903635624
maxchirp = 26.116616903635624
mincov = 1106814139.5674787
maxcov = 110681413956.74788
