
[data]
trigger-time = 1917178162.1881614
injection-file = /home/ss/Prospects-of-LGWs/unlens/injection.hdf

[global]
instruments = E1 E2 E3
mass1_ref = 30.00000000047176
mass2_ref = 30.000000007024127
minchirp = 26.1164169021465
maxchirp = 26.1166169021465
mincov = 19386188163.439323
maxcov = 1938618816343.9321
