
[data]
trigger-time = 1242058085.4983866
injection-file = /home/ss/Prospects-of-LGWs/unlens/injection.hdf

[global]
instruments = E1 E2 E3
mass1_ref = 30.000000008343807
mass2_ref = 30.00000000187007
minchirp = 26.116416903329576
maxchirp = 26.116616903329575
mincov = 27142752623.76055
maxcov = 2714275262376.055
