
[data]
trigger-time = 1110085454.5679443
injection-file = /home/ss/Prospects-of-LGWs/unlens/injection.hdf

[global]
instruments = E1 E2 E3
mass1_ref = 30.000000007632476
mass2_ref = 30.000000007973036
minchirp = 26.11641690567642
maxchirp = 26.11661690567642
mincov = 29105778362.81066
maxcov = 2910577836281.0664
