
[data]
trigger-time = 1532233087.1577208
injection-file = /home/ss/Prospects-of-LGWs/unlens/injection.hdf

[global]
instruments = E1 E2 E3
mass1_ref = 30.000000004627218
mass2_ref = 30.00000000847926
minchirp = 26.11641690458865
maxchirp = 26.11661690458865
mincov = 27602614791.68459
maxcov = 2760261479168.459
