
[data]
trigger-time = 1332479087.9198017
injection-file = /home/ss/Prospects-of-LGWs/unlens/injection.hdf

[global]
instruments = E1 E2 E3
mass1_ref = 30.000000009710313
mass2_ref = 30.000000006566932
minchirp = 26.11641690596881
maxchirp = 26.116616905968808
mincov = 28634230481.538208
maxcov = 2863423048153.821
