
[data]
trigger-time = 1194024954.1965222
injection-file = /home/ss/Prospects-of-LGWs/unlens/injection.hdf

[global]
instruments = E1 E2 E3
mass1_ref = 30.000000002029857
mass2_ref = 30.000000003271587
minchirp = 26.11641690119131
maxchirp = 26.11661690119131
mincov = 16647133237.4965
maxcov = 1664713323749.65
