
[data]
trigger-time = 1198937898.0317638
injection-file = /home/ss/Prospects-of-LGWs/unlens/injection.hdf

[global]
instruments = E1 E2 E3
mass1_ref = 30.000000001003297
mass2_ref = 30.000000008166047
minchirp = 26.116416902874914
maxchirp = 26.116616902874913
mincov = 441462172.19724
maxcov = 44146217219.724
