
[data]
trigger-time = 1861508075.4745615
injection-file = /home/ss/Prospects-of-LGWs/unlens/injection.hdf

[global]
instruments = E1 E2 E3
mass1_ref = 30.00000000755108
mass2_ref = 30.000000006427427
minchirp = 26.116416904968222
maxchirp = 26.11661690496822
mincov = 10944850083.934877
maxcov = 1094485008393.4877
