
[data]
trigger-time = 1665146535.3620827
injection-file = /home/ss/Prospects-of-LGWs/unlens/injection.hdf

[global]
instruments = E1 E2 E3
mass1_ref = 30.0000000040776
mass2_ref = 30.00000000992774
minchirp = 26.1164169049799
maxchirp = 26.1166169049799
mincov = 1729915746.0634227
maxcov = 172991574606.3423
