
[data]
trigger-time = 1327930978.4159696
injection-file = /home/ss/Prospects-of-LGWs/unlens/injection.hdf

[global]
instruments = E1 E2 E3
mass1_ref = 30.000000002769042
mass2_ref = 30.000000004192742
minchirp = 26.116416901914018
maxchirp = 26.116616901914018
mincov = 7256750026.056012
maxcov = 725675002605.6012
