
[data]
trigger-time = 1980078748.4776165
injection-file = /home/ss/Prospects-of-LGWs/unlens/injection.hdf

[global]
instruments = E1 E2 E3
mass1_ref = 30.000000000299377
mass2_ref = 30.000000000511566
minchirp = 26.116416899236707
maxchirp = 26.116616899236707
mincov = 21647188141.152836
maxcov = 2164718814115.2834
