
[data]
trigger-time = 1102244442.8472402
injection-file = /home/ss/Prospects-of-LGWs/unlens/injection.hdf

[global]
instruments = E1 E2 E3
mass1_ref = 30.00000000833977
mass2_ref = 30.000000003714383
minchirp = 26.116416904130602
maxchirp = 26.116616904130602
mincov = 12601653114.961948
maxcov = 1260165311496.1948
