
[data]
trigger-time = 1308014069.2026582
injection-file = /home/ss/Prospects-of-LGWs/unlens/injection.hdf

[global]
instruments = E1 E2 E3
mass1_ref = 30.000000007286754
mass2_ref = 30.000000000922334
minchirp = 26.11641690245694
maxchirp = 26.11661690245694
mincov = 2913630024.1704836
maxcov = 291363002417.04834
