
[data]
trigger-time = 1433237652.3455467
injection-file = /home/ss/Prospects-of-LGWs/unlens/injection.hdf

[global]
instruments = E1 E2 E3
mass1_ref = 30.000000003813398
mass2_ref = 30.000000006887895
minchirp = 26.116416903541733
maxchirp = 26.116616903541733
mincov = 3455370580.845215
maxcov = 345537058084.5215
