
[data]
trigger-time = 1650183003.5518193
injection-file = /home/ss/Prospects-of-LGWs/unlens/injection.hdf

[global]
instruments = E1 E2 E3
mass1_ref = 30.000000001510223
mass2_ref = 30.000000002029775
minchirp = 26.1164169004246
maxchirp = 26.1166169004246
mincov = 23988158854.34089
maxcov = 2398815885434.089
