
[data]
trigger-time = 1495454371.977236
injection-file = /home/ss/Prospects-of-LGWs/unlens/injection.hdf

[global]
instruments = E1 E2 E3
mass1_ref = 30.00000000062927
mass2_ref = 30.000000005671584
minchirp = 26.116416901626334
maxchirp = 26.116616901626333
mincov = 72187195.223349
maxcov = 7218719522.3349
