
[data]
trigger-time = 1376284255.432451
injection-file = /home/ss/Prospects-of-LGWs/unlens/injection.hdf

[global]
instruments = E1 E2 E3
mass1_ref = 30.000000004878366
mass2_ref = 30.00000000996275
minchirp = 26.116416905343698
maxchirp = 26.116616905343697
mincov = 3142539.3648989215
maxcov = 314253936.4898921
