
[data]
trigger-time = 1874424891.892542
injection-file = /home/ss/Prospects-of-LGWs/unlens/injection.hdf

[global]
instruments = E1 E2 E3
mass1_ref = 30.000000002226393
mass2_ref = 30.000000001956845
minchirp = 26.116416900704586
maxchirp = 26.116616900704585
mincov = 24079536145.197815
maxcov = 2407953614519.7812
