
[data]
trigger-time = 1740510275.7049003
injection-file = /home/ss/Prospects-of-LGWs/unlens/injection.hdf

[global]
instruments = E1 E2 E3
mass1_ref = 30.00000000006084
mass2_ref = 30.000000004267516
minchirp = 26.11641690076775
maxchirp = 26.11661690076775
mincov = 14987026204.875198
maxcov = 1498702620487.5198
