
[data]
trigger-time = 1339768618.10728
injection-file = /home/ss/Prospects-of-LGWs/unlens/injection.hdf

[global]
instruments = E1 E2 E3
mass1_ref = 30.000000008702152
mass2_ref = 30.000000008343953
minchirp = 26.11641690630347
maxchirp = 26.11661690630347
mincov = 14765308324.22457
maxcov = 1476530832422.457
