
[data]
trigger-time = 1522563915.1939993
injection-file = /home/ss/Prospects-of-LGWs/unlens/injection.hdf

[global]
instruments = E1 E2 E3
mass1_ref = 30.000000008082658
mass2_ref = 30.000000000828106
minchirp = 26.11641690276236
maxchirp = 26.11661690276236
mincov = 23646509864.789593
maxcov = 2364650986478.9595
