
[data]
trigger-time = 1392107625.358706
injection-file = /home/ss/Prospects-of-LGWs/unlens/injection.hdf

[global]
instruments = E1 E2 E3
mass1_ref = 30.000000006471613
mass2_ref = 30.00000000538354
minchirp = 26.11641690404398
maxchirp = 26.11661690404398
mincov = 487736803.24599236
maxcov = 48773680324.599236
