
[data]
trigger-time = 1306839407.3364677
injection-file = /home/ss/Prospects-of-LGWs/unlens/injection.hdf

[global]
instruments = E1 E2 E3
mass1_ref = 30.00000000815036
mass2_ref = 30.00000000451205
minchirp = 26.116416904395358
maxchirp = 26.116616904395357
mincov = 4871791047.116703
maxcov = 487179104711.6703
