
[data]
trigger-time = 1934237034.8055062
injection-file = /home/ss/Prospects-of-LGWs/unlens/injection.hdf

[global]
instruments = E1 E2 E3
mass1_ref = 30.000000003343523
mass2_ref = 30.00000000213684
minchirp = 26.11641690126919
maxchirp = 26.11661690126919
mincov = 1013921297.7652433
maxcov = 101392129776.52434
