
[data]
trigger-time = 1776592301.5410075
injection-file = /home/ss/Prospects-of-LGWs/unlens/injection.hdf

[global]
instruments = E1 E2 E3
mass1_ref = 30.000000003912362
mass2_ref = 30.00000000251692
minchirp = 26.116416901682232
maxchirp = 26.11661690168223
mincov = 4054013015.1869316
maxcov = 405401301518.6932
