
[data]
trigger-time = 1855123443.1879325
injection-file = /home/ss/Prospects-of-LGWs/unlens/injection.hdf

[global]
instruments = E1 E2 E3
mass1_ref = 30.000000000120146
mass2_ref = 30.000000008898425
minchirp = 26.116416902809284
maxchirp = 26.116616902809284
mincov = 5235374897.729395
maxcov = 523537489772.9395
