
[data]
trigger-time = 1056176079.1880985
injection-file = /home/ss/Prospects-of-LGWs/unlens/injection.hdf

[global]
instruments = E1 E2 E3
mass1_ref = 30.0000000068945
mass2_ref = 30.000000007394032
minchirp = 26.11641690510317
maxchirp = 26.116616905103168
mincov = 31033401699.486656
maxcov = 3103340169948.666
