
[data]
trigger-time = 1123260486.9111755
injection-file = /home/ss/Prospects-of-LGWs/unlens/injection.hdf

[global]
instruments = E1 E2 E3
mass1_ref = 30.000000007817903
mass2_ref = 30.000000007162605
minchirp = 26.116416905404368
maxchirp = 26.116616905404367
mincov = 29076856337.92636
maxcov = 2907685633792.636
