
[data]
trigger-time = 1955880668.6552706
injection-file = /home/ss/Prospects-of-LGWs/unlens/injection.hdf

[global]
instruments = E1 E2 E3
mass1_ref = 30.000000002539398
mass2_ref = 30.000000006538695
minchirp = 26.116416902835194
maxchirp = 26.116616902835194
mincov = 9264225358.192738
maxcov = 926422535819.2737
