
[data]
trigger-time = 1478065847.518151
injection-file = /home/ss/Prospects-of-LGWs/unlens/injection.hdf

[global]
instruments = E1 E2 E3
mass1_ref = 30.000000009312267
mass2_ref = 30.0000000009877
minchirp = 26.116416903367046
maxchirp = 26.116616903367046
mincov = 2926834129.0021696
maxcov = 292683412900.2169
