
[data]
trigger-time = 1128924454.2940383
injection-file = /home/ss/Prospects-of-LGWs/unlens/injection.hdf

[global]
instruments = E1 E2 E3
mass1_ref = 30.00000000310004
mass2_ref = 30.00000000225748
minchirp = 26.11641690121572
maxchirp = 26.11661690121572
mincov = 26706834584.328785
maxcov = 2670683458432.8784
