
[data]
trigger-time = 1859929116.0337029
injection-file = /home/ss/Prospects-of-LGWs/unlens/injection.hdf

[global]
instruments = E1 E2 E3
mass1_ref = 30.000000001627775
mass2_ref = 30.000000000688058
minchirp = 26.116416899891746
maxchirp = 26.116616899891746
mincov = 6757092518.219634
maxcov = 675709251821.9634
