
[data]
trigger-time = 1154324517.3017795
injection-file = /home/ss/Prospects-of-LGWs/unlens/injection.hdf

[global]
instruments = E1 E2 E3
mass1_ref = 30.000000005336286
mass2_ref = 30.00000000552196
minchirp = 26.11641690361005
maxchirp = 26.11661690361005
mincov = 449098323.31151617
maxcov = 44909832331.15162
