
[data]
trigger-time = 1954585588.4163327
injection-file = /home/ss/Prospects-of-LGWs/unlens/injection.hdf

[global]
instruments = E1 E2 E3
mass1_ref = 30.00000000407822
mass2_ref = 30.00000000693824
minchirp = 26.116416903678918
maxchirp = 26.116616903678917
mincov = 763473.2330444665
maxcov = 76347323.30444665
