
[data]
trigger-time = 1593973303.5875156
injection-file = /home/ss/Prospects-of-LGWs/unlens/injection.hdf

[global]
instruments = E1 E2 E3
mass1_ref = 30.00000000186096
mass2_ref = 30.000000002816474
minchirp = 26.1164169009197
maxchirp = 26.1166169009197
mincov = 19724529160.120487
maxcov = 1972452916012.0486
