
[data]
trigger-time = 1044234320.7500278
injection-file = /home/ss/Prospects-of-LGWs/unlens/injection.hdf

[global]
instruments = E1 E2 E3
mass1_ref = 30.000000004982223
mass2_ref = 30.000000002009703
minchirp = 26.116416901927135
maxchirp = 26.116616901927134
mincov = 20328125.689483352
maxcov = 2032812568.9483352
