
[data]
trigger-time = 1232252353.6981685
injection-file = /home/ss/Prospects-of-LGWs/unlens/injection.hdf

[global]
instruments = E1 E2 E3
mass1_ref = 30.00000000748362
mass2_ref = 30.000000004528584
minchirp = 26.11641690411234
maxchirp = 26.11661690411234
mincov = 13291668943.767935
maxcov = 1329166894376.7935
