
[data]
trigger-time = 1444013305.6214595
injection-file = /home/ss/Prospects-of-LGWs/unlens/injection.hdf

[global]
instruments = E1 E2 E3
mass1_ref = 30.000000005946166
mass2_ref = 30.000000001296893
minchirp = 26.11641690203645
maxchirp = 26.116616902036448
mincov = 422627631.83204836
maxcov = 42262763183.204834
