
[data]
trigger-time = 1701482537.8078845
injection-file = /home/ss/Prospects-of-LGWs/unlens/injection.hdf

[global]
instruments = E1 E2 E3
mass1_ref = 30.00000000276023
mass2_ref = 30.00000000261147
minchirp = 26.116416901221893
maxchirp = 26.116616901221892
mincov = 2841001.064891317
maxcov = 284100106.4891317
