
[data]
trigger-time = 1370368855.282515
injection-file = /home/ss/Prospects-of-LGWs/unlens/injection.hdf

[global]
instruments = E1 E2 E3
mass1_ref = 30.000000007181793
mass2_ref = 30.000000001096186
minchirp = 26.116416902486925
maxchirp = 26.116616902486925
mincov = 12519140048.488974
maxcov = 1251914004848.8975
