
[data]
trigger-time = 1304342423.4360077
injection-file = /home/ss/Prospects-of-LGWs/unlens/injection.hdf

[global]
instruments = E1 E2 E3
mass1_ref = 30.00000000249777
mass2_ref = 30.00000000205451
minchirp = 26.116416900865218
maxchirp = 26.116616900865218
mincov = 14285911733.399456
maxcov = 1428591173339.9458
