
[data]
trigger-time = 1775936822.3018007
injection-file = /home/ss/Prospects-of-LGWs/unlens/injection.hdf

[global]
instruments = E1 E2 E3
mass1_ref = 30.00000000804047
mass2_ref = 30.00000000205814
minchirp = 26.1164169032794
maxchirp = 26.1166169032794
mincov = 2627248332.7054033
maxcov = 262724833270.54034
