
[data]
trigger-time = 1423874963.5516605
injection-file = /home/ss/Prospects-of-LGWs/unlens/injection.hdf

[global]
instruments = E1 E2 E3
mass1_ref = 30.00000000971277
mass2_ref = 30.000000001881983
minchirp = 26.116416903930634
maxchirp = 26.116616903930634
mincov = 14584249969.332386
maxcov = 1458424996933.2385
