
[data]
trigger-time = 1296993800.3869898
injection-file = /home/ss/Prospects-of-LGWs/unlens/injection.hdf

[global]
instruments = E1 E2 E3
mass1_ref = 30.000000003065097
mass2_ref = 30.00000000917539
minchirp = 26.116416904211707
maxchirp = 26.116616904211707
mincov = 1109326014.2594466
maxcov = 110932601425.94467
