
[data]
trigger-time = 1684010569.0309021
injection-file = /home/ss/Prospects-of-LGWs/unlens/injection.hdf

[global]
instruments = E1 E2 E3
mass1_ref = 30.000000003906333
mass2_ref = 30.000000005478718
minchirp = 26.116416902968805
maxchirp = 26.116616902968804
mincov = 1544231052.8022208
maxcov = 154423105280.2221
