
[data]
trigger-time = 1841831267.083765
injection-file = /home/ss/Prospects-of-LGWs/unlens/injection.hdf

[global]
instruments = E1 E2 E3
mass1_ref = 30.00000000850092
mass2_ref = 30.00000000386586
minchirp = 26.11641690426668
maxchirp = 26.116616904266678
mincov = 6526159750.446434
maxcov = 652615975044.6434
