
[data]
trigger-time = 1166180008.062365
injection-file = /home/ss/Prospects-of-LGWs/unlens/injection.hdf

[global]
instruments = E1 E2 E3
mass1_ref = 30.000000002950692
mass2_ref = 30.00000000396253
minchirp = 26.11641690189288
maxchirp = 26.11661690189288
mincov = 8373522781.190028
maxcov = 837352278119.0028
