
[data]
trigger-time = 1079209787.2400317
injection-file = /home/ss/Prospects-of-LGWs/unlens/injection.hdf

[global]
instruments = E1 E2 E3
mass1_ref = 30.000000000555687
mass2_ref = 30.00000000607711
minchirp = 26.116416901770815
maxchirp = 26.116616901770815
mincov = 4908269186.564454
maxcov = 490826918656.4454
