
[data]
trigger-time = 1284038396.5669694
injection-file = /home/ss/Prospects-of-LGWs/unlens/injection.hdf

[global]
instruments = E1 E2 E3
mass1_ref = 30.000000009985385
mass2_ref = 30.000000006250524
minchirp = 26.116416905950814
maxchirp = 26.116616905950814
mincov = 8271944460.434433
maxcov = 827194446043.4434
