
[data]
trigger-time = 1315767477.1286874
injection-file = /home/ss/Prospects-of-LGWs/unlens/injection.hdf

[global]
instruments = E1 E2 E3
mass1_ref = 30.000000007311723
mass2_ref = 30.000000008056393
minchirp = 26.116416905573086
maxchirp = 26.116616905573085
mincov = 18000892184.41327
maxcov = 1800089218441.327
