
[data]
trigger-time = 1048383195.7361192
injection-file = /home/ss/Prospects-of-LGWs/unlens/injection.hdf

[global]
instruments = E1 E2 E3
mass1_ref = 30.000000004410595
mass2_ref = 30.000000005908742
minchirp = 26.116416903375477
maxchirp = 26.116616903375476
mincov = 2562879673.4514337
maxcov = 256287967345.14337
