
[data]
trigger-time = 1417409994.7449508
injection-file = /home/ss/Prospects-of-LGWs/unlens/injection.hdf

[global]
instruments = E1 E2 E3
mass1_ref = 30.000000007628582
mass2_ref = 30.00000000049664
minchirp = 26.116416902420433
maxchirp = 26.116616902420432
mincov = 11713945265.664795
maxcov = 1171394526566.4795
