
[data]
trigger-time = 1689816742.6714554
injection-file = /home/ss/Prospects-of-LGWs/unlens/injection.hdf

[global]
instruments = E1 E2 E3
mass1_ref = 30.00000000822609
mass2_ref = 30.000000005314792
minchirp = 26.116416904777736
maxchirp = 26.116616904777736
mincov = 4258407737.979674
maxcov = 425840773797.9674
