
[data]
trigger-time = 1654188536.6261604
injection-file = /home/ss/Prospects-of-LGWs/unlens/injection.hdf

[global]
instruments = E1 E2 E3
mass1_ref = 30.000000000032916
mass2_ref = 30.000000004006523
minchirp = 26.11641690064199
maxchirp = 26.11661690064199
mincov = 11642728690.887882
maxcov = 1164272869088.788
