
[data]
trigger-time = 1683937451.4393497
injection-file = /home/ss/Prospects-of-LGWs/unlens/injection.hdf

[global]
instruments = E1 E2 E3
mass1_ref = 30.000000000736147
mass2_ref = 30.000000005282043
minchirp = 26.116416901503293
maxchirp = 26.116616901503292
mincov = 6753627506.780875
maxcov = 675362750678.0875
