
[data]
trigger-time = 1479651905.63384
injection-file = /home/ss/Prospects-of-LGWs/unlens/injection.hdf

[global]
instruments = E1 E2 E3
mass1_ref = 30.000000004250616
mass2_ref = 30.000000001122707
minchirp = 26.1164169012226
maxchirp = 26.1166169012226
mincov = 485405644.1537012
maxcov = 48540564415.37012
