
[data]
trigger-time = 1528188710.101588
injection-file = /home/ss/Prospects-of-LGWs/unlens/injection.hdf

[global]
instruments = E1 E2 E3
mass1_ref = 30.000000001445457
mass2_ref = 30.000000003438906
minchirp = 26.116416901009767
maxchirp = 26.116616901009767
mincov = 11801463084.679707
maxcov = 1180146308467.9707
