
[data]
trigger-time = 1342198384.1800919
injection-file = /home/ss/Prospects-of-LGWs/unlens/injection.hdf

[global]
instruments = E1 E2 E3
mass1_ref = 30.00000000665922
mass2_ref = 30.00000000749389
minchirp = 26.116416905044225
maxchirp = 26.116616905044225
mincov = 3149856113.41002
maxcov = 314985611341.00195
