
[data]
trigger-time = 1432354479.3545942
injection-file = /home/ss/Prospects-of-LGWs/unlens/injection.hdf

[global]
instruments = E1 E2 E3
mass1_ref = 30.000000008713172
mass2_ref = 30.00000000195832
minchirp = 26.116416903528762
maxchirp = 26.11661690352876
mincov = 17865302929.32538
maxcov = 1786530292932.5378
