
[data]
trigger-time = 1535784244.7970157
injection-file = /home/ss/Prospects-of-LGWs/unlens/injection.hdf

[global]
instruments = E1 E2 E3
mass1_ref = 30.000000007239436
mass2_ref = 30.000000005489397
minchirp = 26.11641690442427
maxchirp = 26.11661690442427
mincov = 25797767527.493374
maxcov = 2579776752749.3374
