
[data]
trigger-time = 1506263244.124417
injection-file = /home/ss/Prospects-of-LGWs/unlens/injection.hdf

[global]
instruments = E1 E2 E3
mass1_ref = 30.000000005901693
mass2_ref = 30.000000004165294
minchirp = 26.116416903265637
maxchirp = 26.116616903265637
mincov = 20183972331.033737
maxcov = 2018397233103.3738
