
[data]
trigger-time = 1759056317.4316187
injection-file = /home/ss/Prospects-of-LGWs/unlens/injection.hdf

[global]
instruments = E1 E2 E3
mass1_ref = 30.000000006932556
mass2_ref = 30.000000006611
minchirp = 26.116416904778898
maxchirp = 26.116616904778898
mincov = 1185843540.1177936
maxcov = 118584354011.77934
