
[data]
trigger-time = 1737424236.6375623
injection-file = /home/ss/Prospects-of-LGWs/unlens/injection.hdf

[global]
instruments = E1 E2 E3
mass1_ref = 30.00000000094684
mass2_ref = 30.000000003122896
minchirp = 26.116416900655178
maxchirp = 26.116616900655178
mincov = 16838241473.916264
maxcov = 1683824147391.6262
