
[data]
trigger-time = 1550855171.211736
injection-file = /home/ss/Prospects-of-LGWs/unlens/injection.hdf

[global]
instruments = E1 E2 E3
mass1_ref = 30.000000004297274
mass2_ref = 30.000000007040025
minchirp = 26.11641690381857
maxchirp = 26.11661690381857
mincov = 27199452130.216743
maxcov = 2719945213021.6743
