
[data]
trigger-time = 1842102672.5963883
injection-file = /home/ss/Prospects-of-LGWs/unlens/injection.hdf

[global]
instruments = E1 E2 E3
mass1_ref = 30.000000008064944
mass2_ref = 30.00000000575996
minchirp = 26.116416904901364
maxchirp = 26.116616904901363
mincov = 19763641971.2436
maxcov = 1976364197124.36
