
[data]
trigger-time = 1577655364.5578198
injection-file = /home/ss/Prospects-of-LGWs/unlens/injection.hdf

[global]
instruments = E1 E2 E3
mass1_ref = 30.0000000009684
mass2_ref = 30.000000006452474
minchirp = 26.116416902113848
maxchirp = 26.116616902113847
mincov = 10571749271.630795
maxcov = 1057174927163.0796
