
[data]
trigger-time = 1170449156.002315
injection-file = /home/ss/Prospects-of-LGWs/unlens/injection.hdf

[global]
instruments = E1 E2 E3
mass1_ref = 30.000000002798988
mass2_ref = 30.00000000597824
minchirp = 26.116416902704234
maxchirp = 26.116616902704234
mincov = 3227307065.1359997
maxcov = 322730706513.6
