
[data]
trigger-time = 1369311043.845041
injection-file = /home/ss/Prospects-of-LGWs/unlens/injection.hdf

[global]
instruments = E1 E2 E3
mass1_ref = 30.00000000703864
mass2_ref = 30.000000008809582
minchirp = 26.116416905782064
maxchirp = 26.116616905782063
mincov = 3385317661.560929
maxcov = 338531766156.0929
