
[data]
trigger-time = 1073970950.31704
injection-file = /home/ss/Prospects-of-LGWs/unlens/injection.hdf

[global]
instruments = E1 E2 E3
mass1_ref = 30.000000009529494
mass2_ref = 30.00000000183835
minchirp = 26.116416903831865
maxchirp = 26.116616903831865
mincov = 11388142852.250069
maxcov = 1138814285225.0068
