
[data]
trigger-time = 1092320596.5299027
injection-file = /home/ss/Prospects-of-LGWs/unlens/injection.hdf

[global]
instruments = E1 E2 E3
mass1_ref = 30.000000008402
mass2_ref = 30.000000000413667
minchirp = 26.116416902720967
maxchirp = 26.116616902720967
mincov = 8876804418.25998
maxcov = 887680441825.9979
