
[data]
trigger-time = 1968205760.0317295
injection-file = /home/ss/Prospects-of-LGWs/unlens/injection.hdf

[global]
instruments = E1 E2 E3
mass1_ref = 30.00000000678254
mass2_ref = 30.0000000013309
minchirp = 26.116416902415303
maxchirp = 26.116616902415302
mincov = 26201915802.5001
maxcov = 2620191580250.01
