
[data]
trigger-time = 1967426529.8726547
injection-file = /home/ss/Prospects-of-LGWs/unlens/injection.hdf

[global]
instruments = E1 E2 E3
mass1_ref = 30.00000000069179
mass2_ref = 30.000000005597133
minchirp = 26.11641690162114
maxchirp = 26.11661690162114
mincov = 7936663595.420195
maxcov = 793666359542.0195
