
[data]
trigger-time = 1314488464.9876394
injection-file = /home/ss/Prospects-of-LGWs/unlens/injection.hdf

[global]
instruments = E1 E2 E3
mass1_ref = 30.00000000944204
mass2_ref = 30.000000005566957
minchirp = 26.11641690541677
maxchirp = 26.11661690541677
mincov = 28009264871.187397
maxcov = 2800926487118.7397
