
[data]
trigger-time = 1197258083.4442914
injection-file = /home/ss/Prospects-of-LGWs/unlens/injection.hdf

[global]
instruments = E1 E2 E3
mass1_ref = 30.000000009394157
mass2_ref = 30.00000000324779
minchirp = 26.11641690438645
maxchirp = 26.11661690438645
mincov = 8890922652.137325
maxcov = 889092265213.7327
