
[data]
trigger-time = 1652141499.5216098
injection-file = /home/ss/Prospects-of-LGWs/unlens/injection.hdf

[global]
instruments = E1 E2 E3
mass1_ref = 30.000000001155186
mass2_ref = 30.00000000534589
minchirp = 26.11641690171348
maxchirp = 26.11661690171348
mincov = 250470120.94537625
maxcov = 25047012094.537624
