
[data]
trigger-time = 1047161466.2118835
injection-file = /home/ss/Prospects-of-LGWs/unlens/injection.hdf

[global]
instruments = E1 E2 E3
mass1_ref = 30.00000000352241
mass2_ref = 30.000000005356622
minchirp = 26.116416902748544
maxchirp = 26.116616902748543
mincov = 27001378434.22517
maxcov = 2700137843422.517
