
[data]
trigger-time = 1226160882.6755207
injection-file = /home/ss/Prospects-of-LGWs/unlens/injection.hdf

[global]
instruments = E1 E2 E3
mass1_ref = 30.000000000418943
mass2_ref = 30.00000000065169
minchirp = 26.116416899349744
maxchirp = 26.116616899349744
mincov = 21376710127.6746
maxcov = 2137671012767.46
