
[data]
trigger-time = 1787738077.8959265
injection-file = /home/ss/Prospects-of-LGWs/unlens/injection.hdf

[global]
instruments = E1 E2 E3
mass1_ref = 30.00000000815678
mass2_ref = 30.000000008573952
minchirp = 26.116416906166197
maxchirp = 26.116616906166197
mincov = 22238032238.382652
maxcov = 2223803223838.265
