
[data]
trigger-time = 1019678760.0476426
injection-file = /home/ss/Prospects-of-LGWs/unlens/injection.hdf

[global]
instruments = E1 E2 E3
mass1_ref = 30.00000000222848
mass2_ref = 30.000000008516785
minchirp = 26.116416903560875
maxchirp = 26.116616903560875
mincov = 17556997722.577038
maxcov = 1755699772257.7039
