
[data]
trigger-time = 1349918302.5591314
injection-file = /home/ss/Prospects-of-LGWs/unlens/injection.hdf

[global]
instruments = E1 E2 E3
mass1_ref = 30.000000006043393
mass2_ref = 30.000000003609504
minchirp = 26.11641690308539
maxchirp = 26.11661690308539
mincov = 25808837136.13264
maxcov = 2580883713613.264
