
[data]
trigger-time = 1581619888.7889051
injection-file = /home/ss/Prospects-of-LGWs/unlens/injection.hdf

[global]
instruments = E1 E2 E3
mass1_ref = 30.000000002396842
mass2_ref = 30.000000007532773
minchirp = 26.116416903205838
maxchirp = 26.116616903205838
mincov = 8474439.659328323
maxcov = 847443965.9328324
