
[data]
trigger-time = 1326174186.0935068
injection-file = /home/ss/Prospects-of-LGWs/unlens/injection.hdf

[global]
instruments = E1 E2 E3
mass1_ref = 30.000000002332264
mass2_ref = 30.000000007877144
minchirp = 26.11641690332763
maxchirp = 26.11661690332763
mincov = 13668615051.51407
maxcov = 1366861505151.407
