
[data]
trigger-time = 1319842999.3394146
injection-file = /home/ss/Prospects-of-LGWs/unlens/injection.hdf

[global]
instruments = E1 E2 E3
mass1_ref = 30.00000000077944
mass2_ref = 30.000000004885006
minchirp = 26.116416901349318
maxchirp = 26.116616901349317
mincov = 17241754336.436813
maxcov = 1724175433643.6814
