
[data]
trigger-time = 1178593629.5973656
injection-file = /home/ss/Prospects-of-LGWs/unlens/injection.hdf

[global]
instruments = E1 E2 E3
mass1_ref = 30.000000008753414
mass2_ref = 30.0000000063242
minchirp = 26.116416905446638
maxchirp = 26.116616905446637
mincov = 26671243164.120483
maxcov = 2667124316412.0483
