
[data]
trigger-time = 1879417312.3165212
injection-file = /home/ss/Prospects-of-LGWs/unlens/injection.hdf

[global]
instruments = E1 E2 E3
mass1_ref = 30.00000000163761
mass2_ref = 30.000000005310497
minchirp = 26.116416901908064
maxchirp = 26.116616901908063
mincov = 24726835416.827023
maxcov = 2472683541682.702
