
[data]
trigger-time = 1669978289.3573139
injection-file = /home/ss/Prospects-of-LGWs/unlens/injection.hdf

[global]
instruments = E1 E2 E3
mass1_ref = 30.000000004845482
mass2_ref = 30.00000000518408
minchirp = 26.116416903249345
maxchirp = 26.116616903249344
mincov = 5794231743.004173
maxcov = 579423174300.4174
