
[data]
trigger-time = 1359682449.9562006
injection-file = /home/ss/Prospects-of-LGWs/unlens/injection.hdf

[global]
instruments = E1 E2 E3
mass1_ref = 30.00000000314318
mass2_ref = 30.000000006845674
minchirp = 26.116416903231627
maxchirp = 26.116616903231627
mincov = 22262210807.875084
maxcov = 2226221080787.509
