
[data]
trigger-time = 1430115880.713894
injection-file = /home/ss/Prospects-of-LGWs/unlens/injection.hdf

[global]
instruments = E1 E2 E3
mass1_ref = 30.00000000857774
mass2_ref = 30.000000009361383
minchirp = 26.11641690669218
maxchirp = 26.11661690669218
mincov = 21124789224.58269
maxcov = 2112478922458.269
