
[data]
trigger-time = 1708165536.7485342
injection-file = /home/ss/Prospects-of-LGWs/unlens/injection.hdf

[global]
instruments = E1 E2 E3
mass1_ref = 30.000000001676234
mass2_ref = 30.00000000490352
minchirp = 26.116416901747726
maxchirp = 26.116616901747726
mincov = 1005814381.2546116
maxcov = 100581438125.46115
