
[data]
trigger-time = 1366789493.9352083
injection-file = /home/ss/Prospects-of-LGWs/unlens/injection.hdf

[global]
instruments = E1 E2 E3
mass1_ref = 30.000000004789477
mass2_ref = 30.000000001846804
minchirp = 26.116416901772336
maxchirp = 26.116616901772336
mincov = 8310922757.63046
maxcov = 831092275763.0459
