
[data]
trigger-time = 1508469630.1173291
injection-file = /home/ss/Prospects-of-LGWs/unlens/injection.hdf

[global]
instruments = E1 E2 E3
mass1_ref = 30.00000000123912
mass2_ref = 30.000000006429282
minchirp = 26.11641690222159
maxchirp = 26.11661690222159
mincov = 20877868032.546787
maxcov = 2087786803254.6787
