
[data]
trigger-time = 1635721833.5430572
injection-file = /home/ss/Prospects-of-LGWs/unlens/injection.hdf

[global]
instruments = E1 E2 E3
mass1_ref = 30.00000000818077
mass2_ref = 30.0000000057496
minchirp = 26.116416904947272
maxchirp = 26.11661690494727
mincov = 12643377381.399794
maxcov = 1264337738139.9795
