
[data]
trigger-time = 1959927587.4492826
injection-file = /home/ss/Prospects-of-LGWs/unlens/injection.hdf

[global]
instruments = E1 E2 E3
mass1_ref = 30.000000001515815
mass2_ref = 30.00000000441588
minchirp = 26.116416901465644
maxchirp = 26.116616901465644
mincov = 8504281003.707315
maxcov = 850428100370.7314
