
[data]
trigger-time = 1264428702.417439
injection-file = /home/ss/Prospects-of-LGWs/unlens/injection.hdf

[global]
instruments = E1 E2 E3
mass1_ref = 30.00000000031275
mass2_ref = 30.000000000593356
minchirp = 26.11641689927813
maxchirp = 26.116616899278128
mincov = 100742093.49855526
maxcov = 10074209349.855526
