
[data]
trigger-time = 1154328560.1112814
injection-file = /home/ss/Prospects-of-LGWs/unlens/injection.hdf

[global]
instruments = E1 E2 E3
mass1_ref = 30.000000008437862
mass2_ref = 30.000000001536126
minchirp = 26.116416903225154
maxchirp = 26.116616903225154
mincov = 2059289572.8426986
maxcov = 205928957284.26987
