
[data]
trigger-time = 1044157339.1678178
injection-file = /home/ss/Prospects-of-LGWs/unlens/injection.hdf

[global]
instruments = E1 E2 E3
mass1_ref = 30.000000006335302
mass2_ref = 30.000000009559606
minchirp = 26.116416905802385
maxchirp = 26.116616905802385
mincov = 8782635177.031977
maxcov = 878263517703.1976
