
[data]
trigger-time = 1103261523.6150475
injection-file = /home/ss/Prospects-of-LGWs/unlens/injection.hdf

[global]
instruments = E1 E2 E3
mass1_ref = 30.000000005671904
mass2_ref = 30.00000000192385
minchirp = 26.11641690218997
maxchirp = 26.11661690218997
mincov = 15915013247.01299
maxcov = 1591501324701.299
