
[data]
trigger-time = 1305014712.9531994
injection-file = /home/ss/Prospects-of-LGWs/unlens/injection.hdf

[global]
instruments = E1 E2 E3
mass1_ref = 30.000000004394455
mass2_ref = 30.00000000318216
minchirp = 26.116416902181637
maxchirp = 26.116616902181637
mincov = 15311565093.385748
maxcov = 1531156509338.5747
