
[data]
trigger-time = 1620693649.836834
injection-file = /home/ss/Prospects-of-LGWs/unlens/injection.hdf

[global]
instruments = E1 E2 E3
mass1_ref = 30.00000000406063
mass2_ref = 30.000000003185566
minchirp = 26.116416902037816
maxchirp = 26.116616902037816
mincov = 10317650640.583197
maxcov = 1031765064058.3197
