
[data]
trigger-time = 1878794389.3288045
injection-file = /home/ss/Prospects-of-LGWs/unlens/injection.hdf

[global]
instruments = E1 E2 E3
mass1_ref = 30.00000000249299
mass2_ref = 30.000000000235723
minchirp = 26.116416900071464
maxchirp = 26.116616900071463
mincov = 16358743013.662683
maxcov = 1635874301366.2683
