
[data]
trigger-time = 1132528065.5525105
injection-file = /home/ss/Prospects-of-LGWs/unlens/injection.hdf

[global]
instruments = E1 E2 E3
mass1_ref = 30.000000009706966
mass2_ref = 30.00000000636415
minchirp = 26.116416905879085
maxchirp = 26.116616905879084
mincov = 13599827238.022655
maxcov = 1359982723802.2654
