
[data]
trigger-time = 1294348440.9222045
injection-file = /home/ss/Prospects-of-LGWs/unlens/injection.hdf

[global]
instruments = E1 E2 E3
mass1_ref = 30.000000002265907
mass2_ref = 30.000000004592252
minchirp = 26.11641690186891
maxchirp = 26.11661690186891
mincov = 4799780410.011177
maxcov = 479978041001.1177
