
[data]
trigger-time = 1717945592.3730707
injection-file = /home/ss/Prospects-of-LGWs/unlens/injection.hdf

[global]
instruments = E1 E2 E3
mass1_ref = 30.000000007799347
mass2_ref = 30.000000000165784
minchirp = 26.11641690235075
maxchirp = 26.11661690235075
mincov = 15582500760.872742
maxcov = 1558250076087.2742
