
[data]
trigger-time = 1117786183.8247986
injection-file = /home/ss/Prospects-of-LGWs/unlens/injection.hdf

[global]
instruments = E1 E2 E3
mass1_ref = 30.000000006790977
mass2_ref = 30.00000000811045
minchirp = 26.11641690536995
maxchirp = 26.11661690536995
mincov = 7347294985.153334
maxcov = 734729498515.3334
