
[data]
trigger-time = 1267286362.6968355
injection-file = /home/ss/Prospects-of-LGWs/unlens/injection.hdf

[global]
instruments = E1 E2 E3
mass1_ref = 30.000000005318025
mass2_ref = 30.000000008936603
minchirp = 26.116416905088414
maxchirp = 26.116616905088414
mincov = 19218886293.803265
maxcov = 1921888629380.3267
