
[data]
trigger-time = 1288103748.4089837
injection-file = /home/ss/Prospects-of-LGWs/unlens/injection.hdf

[global]
instruments = E1 E2 E3
mass1_ref = 30.000000003650563
mass2_ref = 30.00000000286956
minchirp = 26.116416901721774
maxchirp = 26.116616901721773
mincov = 15816415496.952444
maxcov = 1581641549695.2444
