
[data]
trigger-time = 1972703693.0322256
injection-file = /home/ss/Prospects-of-LGWs/unlens/injection.hdf

[global]
instruments = E1 E2 E3
mass1_ref = 30.000000002793655
mass2_ref = 30.000000002823267
minchirp = 26.116416901328634
maxchirp = 26.116616901328634
mincov = 23088391843.489784
maxcov = 2308839184348.9785
