
[data]
trigger-time = 1661433771.8267646
injection-file = /home/ss/Prospects-of-LGWs/unlens/injection.hdf

[global]
instruments = E1 E2 E3
mass1_ref = 30.00000000163973
mass2_ref = 30.000000002455337
minchirp = 26.116416900666206
maxchirp = 26.116616900666205
mincov = 8857117750.14397
maxcov = 885711775014.3971
