
[data]
trigger-time = 1138065128.949975
injection-file = /home/ss/Prospects-of-LGWs/unlens/injection.hdf

[global]
instruments = E1 E2 E3
mass1_ref = 30.000000008524463
mass2_ref = 30.000000005289277
minchirp = 26.116416904896504
maxchirp = 26.116616904896503
mincov = 465191295.1762376
maxcov = 46519129517.62376
