
[data]
trigger-time = 1679755757.917984
injection-file = /home/ss/Prospects-of-LGWs/unlens/injection.hdf

[global]
instruments = E1 E2 E3
mass1_ref = 30.000000001387086
mass2_ref = 30.000000007622564
minchirp = 26.116416902805405
maxchirp = 26.116616902805404
mincov = 5801672714.791809
maxcov = 580167271479.1809
