
[data]
trigger-time = 1604447057.247406
injection-file = /home/ss/Prospects-of-LGWs/unlens/injection.hdf

[global]
instruments = E1 E2 E3
mass1_ref = 30.00000000202397
mass2_ref = 30.0000000005886
minchirp = 26.116416900020912
maxchirp = 26.11661690002091
mincov = 3157640100.1111226
maxcov = 315764010011.11224
