
[data]
trigger-time = 1224692850.4758282
injection-file = /home/ss/Prospects-of-LGWs/unlens/injection.hdf

[global]
instruments = E1 E2 E3
mass1_ref = 30.00000000205974
mass2_ref = 30.000000001150465
minchirp = 26.116416900281045
maxchirp = 26.116616900281045
mincov = 9188015843.726398
maxcov = 918801584372.6399
