
[data]
trigger-time = 1543019774.9062738
injection-file = /home/ss/Prospects-of-LGWs/unlens/injection.hdf

[global]
instruments = E1 E2 E3
mass1_ref = 30.000000004172545
mass2_ref = 30.000000007659352
minchirp = 26.11641690403386
maxchirp = 26.116616904033858
mincov = 20738745419.31608
maxcov = 2073874541931.608
