
[data]
trigger-time = 1665298609.0208485
injection-file = /home/ss/Prospects-of-LGWs/unlens/injection.hdf

[global]
instruments = E1 E2 E3
mass1_ref = 30.000000001055117
mass2_ref = 30.000000002432547
minchirp = 26.116416900401816
maxchirp = 26.116616900401816
mincov = 11706284915.492443
maxcov = 1170628491549.2444
