
[data]
trigger-time = 1197039718.4458373
injection-file = /home/ss/Prospects-of-LGWs/unlens/injection.hdf

[global]
instruments = E1 E2 E3
mass1_ref = 30.000000001584272
mass2_ref = 30.000000008379356
minchirp = 26.116416903220646
maxchirp = 26.116616903220645
mincov = 12413252867.46105
maxcov = 1241325286746.105
