
[data]
trigger-time = 1972137223.38445
injection-file = /home/ss/Prospects-of-LGWs/unlens/injection.hdf

[global]
instruments = E1 E2 E3
mass1_ref = 30.000000008764026
mass2_ref = 30.00000000656009
minchirp = 26.116416905553933
maxchirp = 26.116616905553933
mincov = 126282568.25865379
maxcov = 12628256825.86538
