
[data]
trigger-time = 1512333593.5671496
injection-file = /home/ss/Prospects-of-LGWs/unlens/injection.hdf

[global]
instruments = E1 E2 E3
mass1_ref = 30.00000000037139
mass2_ref = 30.000000009349215
minchirp = 26.116416903114864
maxchirp = 26.116616903114863
mincov = 15361635589.250381
maxcov = 1536163558925.038
