
[data]
trigger-time = 1667929071.9476771
injection-file = /home/ss/Prospects-of-LGWs/unlens/injection.hdf

[global]
instruments = E1 E2 E3
mass1_ref = 30.000000008754295
mass2_ref = 30.000000004069538
minchirp = 26.11641690446562
maxchirp = 26.11661690446562
mincov = 4950307234.946661
maxcov = 495030723494.6661
