
[data]
trigger-time = 1701770354.5391676
injection-file = /home/ss/Prospects-of-LGWs/unlens/injection.hdf

[global]
instruments = E1 E2 E3
mass1_ref = 30.000000008019327
mass2_ref = 30.0000000088759
minchirp = 26.1164169062378
maxchirp = 26.116616906237798
mincov = 20910715055.352303
maxcov = 2091071505535.2305
