
[data]
trigger-time = 1718444624.5548863
injection-file = /home/ss/Prospects-of-LGWs/unlens/injection.hdf

[global]
instruments = E1 E2 E3
mass1_ref = 30.000000004625203
mass2_ref = 30.000000003333472
minchirp = 26.11641690234794
maxchirp = 26.11661690234794
mincov = 34795140.82017623
maxcov = 3479514082.017623
