
[data]
trigger-time = 1975381901.1692724
injection-file = /home/ss/Prospects-of-LGWs/unlens/injection.hdf

[global]
instruments = E1 E2 E3
mass1_ref = 30.000000005533842
mass2_ref = 30.000000002018577
minchirp = 26.116416902171103
maxchirp = 26.116616902171103
mincov = 12870035282.674122
maxcov = 1287003528267.4124
