
[data]
trigger-time = 1448151367.4928002
injection-file = /home/ss/Prospects-of-LGWs/unlens/injection.hdf

[global]
instruments = E1 E2 E3
mass1_ref = 30.00000000003584
mass2_ref = 30.00000000798956
minchirp = 26.116416902376983
maxchirp = 26.116616902376983
mincov = 27720870867.53172
maxcov = 2772087086753.172
