
[data]
trigger-time = 1824989874.2919798
injection-file = /home/ss/Prospects-of-LGWs/unlens/injection.hdf

[global]
instruments = E1 E2 E3
mass1_ref = 30.00000000545451
mass2_ref = 30.000000007974084
minchirp = 26.11641690472886
maxchirp = 26.11661690472886
mincov = 8410786847.979518
maxcov = 841078684797.9518
