
[data]
trigger-time = 1771064958.7420478
injection-file = /home/ss/Prospects-of-LGWs/unlens/injection.hdf

[global]
instruments = E1 E2 E3
mass1_ref = 30.00000000456215
mass2_ref = 30.000000007794966
minchirp = 26.116416904262472
maxchirp = 26.11661690426247
mincov = 10537968168.057821
maxcov = 1053796816805.7822
