
[data]
trigger-time = 1692760886.8779817
injection-file = /home/ss/Prospects-of-LGWs/unlens/injection.hdf

[global]
instruments = E1 E2 E3
mass1_ref = 30.000000001132413
mass2_ref = 30.00000000665636
minchirp = 26.116416902273983
maxchirp = 26.116616902273982
mincov = 25797364951.549736
maxcov = 2579736495154.9736
