
[data]
trigger-time = 1074826883.7163575
injection-file = /home/ss/Prospects-of-LGWs/unlens/injection.hdf

[global]
instruments = E1 E2 E3
mass1_ref = 30.00000000660767
mass2_ref = 30.000000004021263
minchirp = 26.11641690351024
maxchirp = 26.116616903510238
mincov = 20273696131.833725
maxcov = 2027369613183.3726
