
[data]
trigger-time = 1291886357.1056664
injection-file = /home/ss/Prospects-of-LGWs/unlens/injection.hdf

[global]
instruments = E1 E2 E3
mass1_ref = 30.000000002187644
mass2_ref = 30.00000000721421
minchirp = 26.11641690297612
maxchirp = 26.11661690297612
mincov = 3840298112.5432167
maxcov = 384029811254.32166
