
[data]
trigger-time = 1276290404.2108228
injection-file = /home/ss/Prospects-of-LGWs/unlens/injection.hdf

[global]
instruments = E1 E2 E3
mass1_ref = 30.00000000354409
mass2_ref = 30.000000000372385
minchirp = 26.11641690058847
maxchirp = 26.11661690058847
mincov = 4314996888.369097
maxcov = 431499688836.90967
