
[data]
trigger-time = 1128477787.1050253
injection-file = /home/ss/Prospects-of-LGWs/unlens/injection.hdf

[global]
instruments = E1 E2 E3
mass1_ref = 30.00000000948326
mass2_ref = 30.000000002392756
minchirp = 26.11641690405306
maxchirp = 26.11661690405306
mincov = 1834471969.5527923
maxcov = 183447196955.27924
