
[data]
trigger-time = 1512393878.769496
injection-file = /home/ss/Prospects-of-LGWs/unlens/injection.hdf

[global]
instruments = E1 E2 E3
mass1_ref = 30.000000000274277
mass2_ref = 30.000000003643382
minchirp = 26.116416900588984
maxchirp = 26.116616900588983
mincov = 111977812.12007558
maxcov = 11197781212.007559
