
[data]
trigger-time = 1042592707.329709
injection-file = /home/ss/Prospects-of-LGWs/unlens/injection.hdf

[global]
instruments = E1 E2 E3
mass1_ref = 30.000000002506923
mass2_ref = 30.000000009092684
minchirp = 26.11641690393275
maxchirp = 26.116616903932748
mincov = 23546197733.454037
maxcov = 2354619773345.404
