
[data]
trigger-time = 1432704096.9831479
injection-file = /home/ss/Prospects-of-LGWs/unlens/injection.hdf

[global]
instruments = E1 E2 E3
mass1_ref = 30.000000004112387
mass2_ref = 30.00000000113878
minchirp = 26.116416901169426
maxchirp = 26.116616901169426
mincov = 30904563022.179024
maxcov = 3090456302217.9023
