
[data]
trigger-time = 1774245156.2791467
injection-file = /home/ss/Prospects-of-LGWs/unlens/injection.hdf

[global]
instruments = E1 E2 E3
mass1_ref = 30.00000000727458
mass2_ref = 30.00000000637624
minchirp = 26.116416904825588
maxchirp = 26.116616904825587
mincov = 8674931474.2185
maxcov = 867493147421.85
