
[data]
trigger-time = 1637801274.0597315
injection-file = /home/ss/Prospects-of-LGWs/unlens/injection.hdf

[global]
instruments = E1 E2 E3
mass1_ref = 30.00000000909464
mass2_ref = 30.000000001681173
minchirp = 26.11641690357417
maxchirp = 26.11661690357417
mincov = 5450189244.050442
maxcov = 545018924405.0442
