
[data]
trigger-time = 1319527660.3529892
injection-file = /home/ss/Prospects-of-LGWs/unlens/injection.hdf

[global]
instruments = E1 E2 E3
mass1_ref = 30.000000002478284
mass2_ref = 30.00000000597145
minchirp = 26.116416902561685
maxchirp = 26.116616902561685
mincov = 14177471630.101673
maxcov = 1417747163010.1672
