
[data]
trigger-time = 1982509334.8500192
injection-file = /home/ss/Prospects-of-LGWs/unlens/injection.hdf

[global]
instruments = E1 E2 E3
mass1_ref = 30.000000004112913
mass2_ref = 30.00000000114296
minchirp = 26.116416901171476
maxchirp = 26.116616901171476
mincov = 29125063068.40143
maxcov = 2912506306840.1426
