
[data]
trigger-time = 1771427621.7750032
injection-file = /home/ss/Prospects-of-LGWs/unlens/injection.hdf

[global]
instruments = E1 E2 E3
mass1_ref = 30.000000004934396
mass2_ref = 30.000000002833396
minchirp = 26.116416902264852
maxchirp = 26.11661690226485
mincov = 792903869.320784
maxcov = 79290386932.0784
