
[data]
trigger-time = 1329877318.557159
injection-file = /home/ss/Prospects-of-LGWs/unlens/injection.hdf

[global]
instruments = E1 E2 E3
mass1_ref = 30.00000000716296
mass2_ref = 30.00000000684084
minchirp = 26.116416904979232
maxchirp = 26.11661690497923
mincov = 44519656.969182424
maxcov = 4451965696.918242
