
[data]
trigger-time = 1772706757.7732806
injection-file = /home/ss/Prospects-of-LGWs/unlens/injection.hdf

[global]
instruments = E1 E2 E3
mass1_ref = 30.000000007086555
mass2_ref = 30.000000009720196
minchirp = 26.116416906199287
maxchirp = 26.116616906199287
mincov = 145772148.2887897
maxcov = 14577214828.878971
