
[data]
trigger-time = 1921040459.6417675
injection-file = /home/ss/Prospects-of-LGWs/unlens/injection.hdf

[global]
instruments = E1 E2 E3
mass1_ref = 30.000000002494254
mass2_ref = 30.000000007584973
minchirp = 26.116416903270963
maxchirp = 26.116616903270963
mincov = 17472376383.692375
maxcov = 1747237638369.2378
