
[data]
trigger-time = 1159894536.6549766
injection-file = /home/ss/Prospects-of-LGWs/unlens/injection.hdf

[global]
instruments = E1 E2 E3
mass1_ref = 30.00000000524041
mass2_ref = 30.000000009568808
minchirp = 26.11641690532981
maxchirp = 26.11661690532981
mincov = 25580736825.676003
maxcov = 2558073682567.6006
