
[data]
trigger-time = 1041342379.1411446
injection-file = /home/ss/Prospects-of-LGWs/unlens/injection.hdf

[global]
instruments = E1 E2 E3
mass1_ref = 30.000000002409543
mass2_ref = 30.00000000567807
minchirp = 26.116416902404065
maxchirp = 26.116616902404065
mincov = 25910077212.443165
maxcov = 2591007721244.3164
