
[data]
trigger-time = 1310690849.4793766
injection-file = /home/ss/Prospects-of-LGWs/unlens/injection.hdf

[global]
instruments = E1 E2 E3
mass1_ref = 30.00000000018101
mass2_ref = 30.000000007988998
minchirp = 26.11641690243993
maxchirp = 26.11661690243993
mincov = 752234291.7622577
maxcov = 75223429176.22577
