
[data]
trigger-time = 1467025529.411412
injection-file = /home/ss/Prospects-of-LGWs/unlens/injection.hdf

[global]
instruments = E1 E2 E3
mass1_ref = 30.000000001315364
mass2_ref = 30.00000000343169
minchirp = 26.11641690095
maxchirp = 26.11661690095
mincov = 7519284271.4724455
maxcov = 751928427147.2446
