
[data]
trigger-time = 1104071755.1268396
injection-file = /home/ss/Prospects-of-LGWs/unlens/injection.hdf

[global]
instruments = E1 E2 E3
mass1_ref = 30.00000000124689
mass2_ref = 30.00000000679257
minchirp = 26.1164169023831
maxchirp = 26.1166169023831
mincov = 14354440760.86466
maxcov = 1435444076086.466
