
[data]
trigger-time = 1593573472.853529
injection-file = /home/ss/Prospects-of-LGWs/unlens/injection.hdf

[global]
instruments = E1 E2 E3
mass1_ref = 30.000000003307502
mass2_ref = 30.000000007745943
minchirp = 26.116416903695015
maxchirp = 26.116616903695014
mincov = 27985949036.52282
maxcov = 2798594903652.282
