
[data]
trigger-time = 1715644600.8202186
injection-file = /home/ss/Prospects-of-LGWs/unlens/injection.hdf

[global]
instruments = E1 E2 E3
mass1_ref = 30.00000000245755
mass2_ref = 30.000000002580325
minchirp = 26.116416901076587
maxchirp = 26.116616901076586
mincov = 17476826887.207054
maxcov = 1747682688720.7053
