
[data]
trigger-time = 1390687287.8942785
injection-file = /home/ss/Prospects-of-LGWs/unlens/injection.hdf

[global]
instruments = E1 E2 E3
mass1_ref = 30.00000000500554
mass2_ref = 30.000000006267168
minchirp = 26.116416903790455
maxchirp = 26.116616903790455
mincov = 13432789559.769037
maxcov = 1343278955976.9038
