
[data]
trigger-time = 1592440446.814913
injection-file = /home/ss/Prospects-of-LGWs/unlens/injection.hdf

[global]
instruments = E1 E2 E3
mass1_ref = 30.000000001571912
mass2_ref = 30.000000001797936
minchirp = 26.116416900350536
maxchirp = 26.116616900350536
mincov = 21697099526.960434
maxcov = 2169709952696.0435
