
[data]
trigger-time = 1428096694.5226107
injection-file = /home/ss/Prospects-of-LGWs/unlens/injection.hdf

[global]
instruments = E1 E2 E3
mass1_ref = 30.000000008463164
mass2_ref = 30.00000000037875
minchirp = 26.116416902732393
maxchirp = 26.116616902732392
mincov = 48518077.93063408
maxcov = 4851807793.063408
