
[data]
trigger-time = 1282803001.5613728
injection-file = /home/ss/Prospects-of-LGWs/unlens/injection.hdf

[global]
instruments = E1 E2 E3
mass1_ref = 30.000000001258446
mass2_ref = 30.00000000266005
minchirp = 26.11641690058935
maxchirp = 26.11661690058935
mincov = 86607920.62492706
maxcov = 8660792062.492706
