
[data]
trigger-time = 1922421287.8304331
injection-file = /home/ss/Prospects-of-LGWs/unlens/injection.hdf

[global]
instruments = E1 E2 E3
mass1_ref = 30.000000003182176
mass2_ref = 30.000000000935433
minchirp = 26.11641690067602
maxchirp = 26.116616900676018
mincov = 4108339595.8184395
maxcov = 410833959581.84393
