
[data]
trigger-time = 1401868210.043319
injection-file = /home/ss/Prospects-of-LGWs/unlens/injection.hdf

[global]
instruments = E1 E2 E3
mass1_ref = 30.000000007569433
mass2_ref = 30.000000006696734
minchirp = 26.116416905093434
maxchirp = 26.116616905093434
mincov = 23352195015.79865
maxcov = 2335219501579.8647
