
[data]
trigger-time = 1327573886.0471873
injection-file = /home/ss/Prospects-of-LGWs/unlens/injection.hdf

[global]
instruments = E1 E2 E3
mass1_ref = 30.000000000528345
mass2_ref = 30.000000000364786
minchirp = 26.116416899272483
maxchirp = 26.116616899272483
mincov = 19284186149.99901
maxcov = 1928418614999.901
