
[data]
trigger-time = 1563008150.818942
injection-file = /home/ss/Prospects-of-LGWs/unlens/injection.hdf

[global]
instruments = E1 E2 E3
mass1_ref = 30.0000000036116
mass2_ref = 30.000000001976304
minchirp = 26.116416901316
maxchirp = 26.116616901316
mincov = 31382634420.79136
maxcov = 3138263442079.1357
