
[data]
trigger-time = 1600471774.3434143
injection-file = /home/ss/Prospects-of-LGWs/unlens/injection.hdf

[global]
instruments = E1 E2 E3
mass1_ref = 30.000000001374776
mass2_ref = 30.000000005952906
minchirp = 26.116416902073283
maxchirp = 26.116616902073282
mincov = 28429525579.17403
maxcov = 2842952557917.403
