
[data]
trigger-time = 1244487752.0503619
injection-file = /home/ss/Prospects-of-LGWs/unlens/injection.hdf

[global]
instruments = E1 E2 E3
mass1_ref = 30.000000007699832
mass2_ref = 30.000000003414858
minchirp = 26.116416903721674
maxchirp = 26.116616903721674
mincov = 570034414.8019644
maxcov = 57003441480.19644
