
[data]
trigger-time = 1057056257.5744058
injection-file = /home/ss/Prospects-of-LGWs/unlens/injection.hdf

[global]
instruments = E1 E2 E3
mass1_ref = 30.000000000997396
mass2_ref = 30.000000000626418
minchirp = 26.116416899590533
maxchirp = 26.116616899590532
mincov = 1682481662.0881438
maxcov = 168248166208.81436
