
[data]
trigger-time = 1838359433.233612
injection-file = /home/ss/Prospects-of-LGWs/unlens/injection.hdf

[global]
instruments = E1 E2 E3
mass1_ref = 30.000000004915403
mass2_ref = 30.00000000548567
minchirp = 26.116416903411054
maxchirp = 26.116616903411053
mincov = 4285107332.4060736
maxcov = 428510733240.60736
