
[data]
trigger-time = 1929704068.021512
injection-file = /home/ss/Prospects-of-LGWs/unlens/injection.hdf

[global]
instruments = E1 E2 E3
mass1_ref = 30.00000000498192
mass2_ref = 30.000000001192276
minchirp = 26.1164169015712
maxchirp = 26.1166169015712
mincov = 2220284040.0555205
maxcov = 222028404005.55206
