
[data]
trigger-time = 1688553934.9542346
injection-file = /home/ss/Prospects-of-LGWs/unlens/injection.hdf

[global]
instruments = E1 E2 E3
mass1_ref = 30.00000000873978
mass2_ref = 30.00000000005846
minchirp = 26.11641690271338
maxchirp = 26.11661690271338
mincov = 641884223.8750097
maxcov = 64188422387.50096
