
[data]
trigger-time = 1279479762.4257479
injection-file = /home/ss/Prospects-of-LGWs/unlens/injection.hdf

[global]
instruments = E1 E2 E3
mass1_ref = 30.000000009683514
mass2_ref = 30.00000000064051
minchirp = 26.11641690337752
maxchirp = 26.11661690337752
mincov = 11884181198.701408
maxcov = 1188418119870.1409
