
[data]
trigger-time = 1564997197.7229533
injection-file = /home/ss/Prospects-of-LGWs/unlens/injection.hdf

[global]
instruments = E1 E2 E3
mass1_ref = 30.0000000086457
mass2_ref = 30.00000000924132
minchirp = 26.1164169066695
maxchirp = 26.1166169066695
mincov = 67.32079354512982
maxcov = 6732.079354512982
