
[data]
trigger-time = 1013532698.2394454
injection-file = /home/ss/Prospects-of-LGWs/unlens/injection.hdf

[global]
instruments = E1 E2 E3
mass1_ref = 30.000000004326772
mass2_ref = 30.000000005833243
minchirp = 26.116416903306128
maxchirp = 26.116616903306127
mincov = 1518295193.1406024
maxcov = 151829519314.06024
