
[data]
trigger-time = 1170913385.7024865
injection-file = /home/ss/Prospects-of-LGWs/unlens/injection.hdf

[global]
instruments = E1 E2 E3
mass1_ref = 30.000000001296463
mass2_ref = 30.000000002634508
minchirp = 26.11641690059478
maxchirp = 26.116616900594778
mincov = 3843319646.124173
maxcov = 384331964612.4173
