
[data]
trigger-time = 1171375688.3930187
injection-file = /home/ss/Prospects-of-LGWs/unlens/injection.hdf

[global]
instruments = E1 E2 E3
mass1_ref = 30.000000006374847
mass2_ref = 30.000000002479524
minchirp = 26.116416902737814
maxchirp = 26.116616902737814
mincov = 8327339007.927801
maxcov = 832733900792.7802
