
[data]
trigger-time = 1684489665.7829466
injection-file = /home/ss/Prospects-of-LGWs/unlens/injection.hdf

[global]
instruments = E1 E2 E3
mass1_ref = 30.0000000064324
mass2_ref = 30.0000000063017
minchirp = 26.116416904426565
maxchirp = 26.116616904426564
mincov = 247760245.38231683
maxcov = 24776024538.23168
