
[data]
trigger-time = 1567574162.2491004
injection-file = /home/ss/Prospects-of-LGWs/unlens/injection.hdf

[global]
instruments = E1 E2 E3
mass1_ref = 30.00000000833983
mass2_ref = 30.00000000167028
minchirp = 26.11641690324088
maxchirp = 26.116616903240878
mincov = 7171776233.024454
maxcov = 717177623302.4453
