
[data]
trigger-time = 1088957712.5551925
injection-file = /home/ss/Prospects-of-LGWs/unlens/injection.hdf

[global]
instruments = E1 E2 E3
mass1_ref = 30.000000004890733
mass2_ref = 30.000000009214258
minchirp = 26.11641690502328
maxchirp = 26.116616905023278
mincov = 667625788.6186125
maxcov = 66762578861.86125
