
[data]
trigger-time = 1470566197.1527314
injection-file = /home/ss/Prospects-of-LGWs/unlens/injection.hdf

[global]
instruments = E1 E2 E3
mass1_ref = 30.00000000170298
mass2_ref = 30.000000009378265
minchirp = 26.11641690370712
maxchirp = 26.11661690370712
mincov = 5535918397.659429
maxcov = 553591839765.9429
