
[data]
trigger-time = 1698806342.125365
injection-file = /home/ss/Prospects-of-LGWs/unlens/injection.hdf

[global]
instruments = E1 E2 E3
mass1_ref = 30.0000000010003
mass2_ref = 30.000000000505235
minchirp = 26.116416899539047
maxchirp = 26.116616899539046
mincov = 24554218433.860966
maxcov = 2455421843386.0967
