
[data]
trigger-time = 1165637683.6999536
injection-file = /home/ss/Prospects-of-LGWs/unlens/injection.hdf

[global]
instruments = E1 E2 E3
mass1_ref = 30.00000000944827
mass2_ref = 30.0000000067962
minchirp = 26.11641690595454
maxchirp = 26.11661690595454
mincov = 39119926.70237999
maxcov = 3911992670.2379985
