
[data]
trigger-time = 1532409546.0493245
injection-file = /home/ss/Prospects-of-LGWs/unlens/injection.hdf

[global]
instruments = E1 E2 E3
mass1_ref = 30.000000000134687
mass2_ref = 30.000000003519833
minchirp = 26.116416900474448
maxchirp = 26.116616900474448
mincov = 28330857281.633812
maxcov = 2833085728163.3813
