
[data]
trigger-time = 1256992684.8384304
injection-file = /home/ss/Prospects-of-LGWs/unlens/injection.hdf

[global]
instruments = E1 E2 E3
mass1_ref = 30.00000000300544
mass2_ref = 30.000000005074025
minchirp = 26.116416902400516
maxchirp = 26.116616902400516
mincov = 11027899476.60003
maxcov = 1102789947660.003
