
[data]
trigger-time = 1575785837.83991
injection-file = /home/ss/Prospects-of-LGWs/unlens/injection.hdf

[global]
instruments = E1 E2 E3
mass1_ref = 30.00000000095165
mass2_ref = 30.000000003206956
minchirp = 26.116416900693864
maxchirp = 26.116616900693863
mincov = 777847800.5087879
maxcov = 77784780050.87878
