
[data]
trigger-time = 1664095105.359734
injection-file = /home/ss/Prospects-of-LGWs/unlens/injection.hdf

[global]
instruments = E1 E2 E3
mass1_ref = 30.00000000458433
mass2_ref = 30.00000000707432
minchirp = 26.116416903958445
maxchirp = 26.116616903958445
mincov = 27710055629.519287
maxcov = 2771005562951.9287
