
[data]
trigger-time = 1234289492.116721
injection-file = /home/ss/Prospects-of-LGWs/unlens/injection.hdf

[global]
instruments = E1 E2 E3
mass1_ref = 30.000000009821758
mass2_ref = 30.000000006419494
minchirp = 26.11641690595314
maxchirp = 26.11661690595314
mincov = 1568804790.6862524
maxcov = 156880479068.62524
