
[data]
trigger-time = 1171446020.5543623
injection-file = /home/ss/Prospects-of-LGWs/unlens/injection.hdf

[global]
instruments = E1 E2 E3
mass1_ref = 30.000000005299054
mass2_ref = 30.00000000161151
minchirp = 26.116416901891725
maxchirp = 26.116616901891724
mincov = 68108.31393385817
maxcov = 6810831.393385817
