
[data]
trigger-time = 1422492130.9215436
injection-file = /home/ss/Prospects-of-LGWs/unlens/injection.hdf

[global]
instruments = E1 E2 E3
mass1_ref = 30.00000000769634
mass2_ref = 30.000000004845763
minchirp = 26.11641690434299
maxchirp = 26.11661690434299
mincov = 4692300200.085482
maxcov = 469230020008.5481
