
[data]
trigger-time = 1688494550.1031504
injection-file = /home/ss/Prospects-of-LGWs/unlens/injection.hdf

[global]
instruments = E1 E2 E3
mass1_ref = 30.000000004407426
mass2_ref = 30.000000003273048
minchirp = 26.116416902226845
maxchirp = 26.116616902226845
mincov = 22839284.573510505
maxcov = 2283928457.3510504
