
[data]
trigger-time = 1159222691.6505938
injection-file = /home/ss/Prospects-of-LGWs/unlens/injection.hdf

[global]
instruments = E1 E2 E3
mass1_ref = 30.000000001190177
mass2_ref = 30.000000004528523
minchirp = 26.116416901372933
maxchirp = 26.116616901372932
mincov = 9961394064.143818
maxcov = 996139406414.3817
