
[data]
trigger-time = 1419571951.9645858
injection-file = /home/ss/Prospects-of-LGWs/unlens/injection.hdf

[global]
instruments = E1 E2 E3
mass1_ref = 30.000000005875883
mass2_ref = 30.000000005203333
minchirp = 26.116416903706234
maxchirp = 26.116616903706234
mincov = 4181145202.1529527
maxcov = 418114520215.2953
