
[data]
trigger-time = 1192495285.5995793
injection-file = /home/ss/Prospects-of-LGWs/unlens/injection.hdf

[global]
instruments = E1 E2 E3
mass1_ref = 30.000000000249457
mass2_ref = 30.00000000904029
minchirp = 26.116416902927323
maxchirp = 26.116616902927323
mincov = 30641477871.946594
maxcov = 3064147787194.659
