
[data]
trigger-time = 1996014522.7618778
injection-file = /home/ss/Prospects-of-LGWs/unlens/injection.hdf

[global]
instruments = E1 E2 E3
mass1_ref = 30.000000004375774
mass2_ref = 30.000000001251806
minchirp = 26.11641690133327
maxchirp = 26.11661690133327
mincov = 12177401130.696648
maxcov = 1217740113069.6648
