
[data]
trigger-time = 1936521684.6631339
injection-file = /home/ss/Prospects-of-LGWs/unlens/injection.hdf

[global]
instruments = E1 E2 E3
mass1_ref = 30.00000000513255
mass2_ref = 30.000000003791357
minchirp = 26.11641690276808
maxchirp = 26.11661690276808
mincov = 29014590417.895344
maxcov = 2901459041789.534
