
[data]
trigger-time = 1846257809.3231611
injection-file = /home/ss/Prospects-of-LGWs/unlens/injection.hdf

[global]
instruments = E1 E2 E3
mass1_ref = 30.000000004744983
mass2_ref = 30.000000009610936
minchirp = 26.1164169051325
maxchirp = 26.1166169051325
mincov = 7820159.3090362195
maxcov = 782015930.9036219
