
[data]
trigger-time = 1186096143.101791
injection-file = /home/ss/Prospects-of-LGWs/unlens/injection.hdf

[global]
instruments = E1 E2 E3
mass1_ref = 30.000000004022837
mass2_ref = 30.000000008284033
minchirp = 26.1164169042406
maxchirp = 26.1166169042406
mincov = 20602843070.65339
maxcov = 2060284307065.339
