
[data]
trigger-time = 1734649460.488133
injection-file = /home/ss/Prospects-of-LGWs/unlens/injection.hdf

[global]
instruments = E1 E2 E3
mass1_ref = 30.00000000864777
mass2_ref = 30.00000000064633
minchirp = 26.116416902929217
maxchirp = 26.116616902929216
mincov = 1418737223.7665868
maxcov = 141873722376.6587
