
[data]
trigger-time = 1004372223.5383753
injection-file = /home/ss/Prospects-of-LGWs/unlens/injection.hdf

[global]
instruments = E1 E2 E3
mass1_ref = 30.000000006627047
mass2_ref = 30.00000000128747
minchirp = 26.11641690232872
maxchirp = 26.11661690232872
mincov = 5658142328.196538
maxcov = 565814232819.6538
