
[data]
trigger-time = 1451931345.350646
injection-file = /home/ss/Prospects-of-LGWs/unlens/injection.hdf

[global]
instruments = E1 E2 E3
mass1_ref = 30.000000003049706
mass2_ref = 30.00000000614694
minchirp = 26.116416902886797
maxchirp = 26.116616902886797
mincov = 9013998681.814812
maxcov = 901399868181.4812
