
[data]
trigger-time = 1368411559.75152
injection-file = /home/ss/Prospects-of-LGWs/unlens/injection.hdf

[global]
instruments = E1 E2 E3
mass1_ref = 30.000000000732022
mass2_ref = 30.000000000050335
minchirp = 26.116416899224266
maxchirp = 26.116616899224265
mincov = 868884792.6841414
maxcov = 86888479268.41414
