
[data]
trigger-time = 1097320511.3547664
injection-file = /home/ss/Prospects-of-LGWs/unlens/injection.hdf

[global]
instruments = E1 E2 E3
mass1_ref = 30.000000003983505
mass2_ref = 30.00000000686023
minchirp = 26.116416903603735
maxchirp = 26.116616903603735
mincov = 1574126827.8892093
maxcov = 157412682788.92093
