
[data]
trigger-time = 1766746537.6028328
injection-file = /home/ss/Prospects-of-LGWs/unlens/injection.hdf

[global]
instruments = E1 E2 E3
mass1_ref = 30.00000000879887
mass2_ref = 30.000000008456052
minchirp = 26.116416906394367
maxchirp = 26.116616906394366
mincov = 13023392204.898235
maxcov = 1302339220489.8235
