
[data]
trigger-time = 1320589785.845017
injection-file = /home/ss/Prospects-of-LGWs/unlens/injection.hdf

[global]
instruments = E1 E2 E3
mass1_ref = 30.000000006331796
mass2_ref = 30.000000002428884
minchirp = 26.116416902697033
maxchirp = 26.116616902697032
mincov = 20824305833.637924
maxcov = 2082430583363.7925
