
[data]
trigger-time = 1595629638.5581467
injection-file = /home/ss/Prospects-of-LGWs/unlens/injection.hdf

[global]
instruments = E1 E2 E3
mass1_ref = 30.000000000933333
mass2_ref = 30.000000009344046
minchirp = 26.116416903357212
maxchirp = 26.11661690335721
mincov = 817184373.7511628
maxcov = 81718437375.11629
