
[data]
trigger-time = 1829715396.6545706
injection-file = /home/ss/Prospects-of-LGWs/unlens/injection.hdf

[global]
instruments = E1 E2 E3
mass1_ref = 30.000000009689586
mass2_ref = 30.000000008142866
minchirp = 26.11641690664575
maxchirp = 26.11661690664575
mincov = 164975901.08558068
maxcov = 16497590108.558067
