
[data]
trigger-time = 1545291553.162157
injection-file = /home/ss/Prospects-of-LGWs/unlens/injection.hdf

[global]
instruments = E1 E2 E3
mass1_ref = 30.000000007781292
mass2_ref = 30.000000009073165
minchirp = 26.116416906220053
maxchirp = 26.116616906220052
mincov = 31448740451.60299
maxcov = 3144874045160.299
