
[data]
trigger-time = 1706465240.966045
injection-file = /home/ss/Prospects-of-LGWs/unlens/injection.hdf

[global]
instruments = E1 E2 E3
mass1_ref = 30.000000003400825
mass2_ref = 30.000000001185388
minchirp = 26.11641690087999
maxchirp = 26.11661690087999
mincov = 21578215.3012873
maxcov = 2157821530.1287303
