
[data]
trigger-time = 1200522618.885358
injection-file = /home/ss/Prospects-of-LGWs/unlens/injection.hdf

[global]
instruments = E1 E2 E3
mass1_ref = 30.000000000222617
mass2_ref = 30.000000007950774
minchirp = 26.1164169024414
maxchirp = 26.1166169024414
mincov = 15427607801.06051
maxcov = 1542760780106.051
