
[data]
trigger-time = 1022240940.9511622
injection-file = /home/ss/Prospects-of-LGWs/unlens/injection.hdf

[global]
instruments = E1 E2 E3
mass1_ref = 30.000000002738233
mass2_ref = 30.000000005938915
minchirp = 26.11641690266067
maxchirp = 26.11661690266067
mincov = 47276318.41604296
maxcov = 4727631841.604296
