
[data]
trigger-time = 1912184383.9404926
injection-file = /home/ss/Prospects-of-LGWs/unlens/injection.hdf

[global]
instruments = E1 E2 E3
mass1_ref = 30.000000003834977
mass2_ref = 30.00000000963992
minchirp = 26.116416904749013
maxchirp = 26.116616904749012
mincov = 15165945600.659565
maxcov = 1516594560065.9565
