
[data]
trigger-time = 1792585247.7271523
injection-file = /home/ss/Prospects-of-LGWs/unlens/injection.hdf

[global]
instruments = E1 E2 E3
mass1_ref = 30.000000009480445
mass2_ref = 30.000000000952916
minchirp = 26.116416903425108
maxchirp = 26.116616903425108
mincov = 5051506787.755515
maxcov = 505150678775.5515
