
[data]
trigger-time = 1210611863.7387986
injection-file = /home/ss/Prospects-of-LGWs/unlens/injection.hdf

[global]
instruments = E1 E2 E3
mass1_ref = 30.000000004982287
mass2_ref = 30.000000001861764
minchirp = 26.11641690186277
maxchirp = 26.11661690186277
mincov = 270697705.23875964
maxcov = 27069770523.875965
