
[data]
trigger-time = 1554301798.2924914
injection-file = /home/ss/Prospects-of-LGWs/unlens/injection.hdf

[global]
instruments = E1 E2 E3
mass1_ref = 30.000000002719236
mass2_ref = 30.000000000390123
minchirp = 26.11641690023715
maxchirp = 26.11661690023715
mincov = 21587403320.599487
maxcov = 2158740332059.9487
