
[data]
trigger-time = 1231726978.229573
injection-file = /home/ss/Prospects-of-LGWs/unlens/injection.hdf

[global]
instruments = E1 E2 E3
mass1_ref = 30.000000000925233
mass2_ref = 30.000000003090822
minchirp = 26.116416900631815
maxchirp = 26.116616900631815
mincov = 2700140174.5099363
maxcov = 270014017450.99365
