
[data]
trigger-time = 1203400998.5472946
injection-file = /home/ss/Prospects-of-LGWs/unlens/injection.hdf

[global]
instruments = E1 E2 E3
mass1_ref = 30.000000006038086
mass2_ref = 30.000000005421118
minchirp = 26.116416903871635
maxchirp = 26.116616903871634
mincov = 20207225192.106117
maxcov = 2020722519210.6118
