
[data]
trigger-time = 1337943079.7454724
injection-file = /home/ss/Prospects-of-LGWs/unlens/injection.hdf

[global]
instruments = E1 E2 E3
mass1_ref = 30.000000001841936
mass2_ref = 30.00000000037054
minchirp = 26.11641689984676
maxchirp = 26.11661689984676
mincov = 30550115242.773182
maxcov = 3055011524277.3184
