
[data]
trigger-time = 1915730785.6644726
injection-file = /home/ss/Prospects-of-LGWs/unlens/injection.hdf

[global]
instruments = E1 E2 E3
mass1_ref = 30.00000000746331
mass2_ref = 30.00000000564077
minchirp = 26.11641690458761
maxchirp = 26.11661690458761
mincov = 16271876875.110922
maxcov = 1627187687511.0923
