
[data]
trigger-time = 1998991002.422728
injection-file = /home/ss/Prospects-of-LGWs/unlens/injection.hdf

[global]
instruments = E1 E2 E3
mass1_ref = 30.00000000852932
mass2_ref = 30.000000006950312
minchirp = 26.116416905621623
maxchirp = 26.116616905621623
mincov = 5026266182.492688
maxcov = 502626618249.2688
