
[data]
trigger-time = 1297435684.4772568
injection-file = /home/ss/Prospects-of-LGWs/unlens/injection.hdf

[global]
instruments = E1 E2 E3
mass1_ref = 30.000000004484544
mass2_ref = 30.00000000467031
minchirp = 26.116416902868604
maxchirp = 26.116616902868603
mincov = 25433181804.87158
maxcov = 2543318180487.1577
