
[data]
trigger-time = 1575290364.6439419
injection-file = /home/ss/Prospects-of-LGWs/unlens/injection.hdf

[global]
instruments = E1 E2 E3
mass1_ref = 30.00000000556443
mass2_ref = 30.00000000820691
minchirp = 26.116416904878047
maxchirp = 26.116616904878047
mincov = 362565094.95859116
maxcov = 36256509495.859116
