
[data]
trigger-time = 1047159180.90955
injection-file = /home/ss/Prospects-of-LGWs/unlens/injection.hdf

[global]
instruments = E1 E2 E3
mass1_ref = 30.000000006626358
mass2_ref = 30.000000000201783
minchirp = 26.116416901855846
maxchirp = 26.116616901855846
mincov = 29984964767.11659
maxcov = 2998496476711.659
