
[data]
trigger-time = 1531617873.7911868
injection-file = /home/ss/Prospects-of-LGWs/unlens/injection.hdf

[global]
instruments = E1 E2 E3
mass1_ref = 30.000000002306336
mass2_ref = 30.000000008007675
minchirp = 26.116416903373157
maxchirp = 26.116616903373156
mincov = 2056908232.4831994
maxcov = 205690823248.31995
