
[data]
trigger-time = 1709350130.2421777
injection-file = /home/ss/Prospects-of-LGWs/unlens/injection.hdf

[global]
instruments = E1 E2 E3
mass1_ref = 30.000000001332143
mass2_ref = 30.000000004821246
minchirp = 26.11641690156214
maxchirp = 26.11661690156214
mincov = 1154624662.049024
maxcov = 115462466204.90242
