
[data]
trigger-time = 1254544969.4236298
injection-file = /home/ss/Prospects-of-LGWs/unlens/injection.hdf

[global]
instruments = E1 E2 E3
mass1_ref = 30.00000000631997
mass2_ref = 30.000000004568705
minchirp = 26.116416903623293
maxchirp = 26.116616903623292
mincov = 21585497.52186345
maxcov = 2158549752.186345
