
[data]
trigger-time = 1281058979.0630953
injection-file = /home/ss/Prospects-of-LGWs/unlens/injection.hdf

[global]
instruments = E1 E2 E3
mass1_ref = 30.000000004508003
mass2_ref = 30.000000007255306
minchirp = 26.116416904004
maxchirp = 26.116616904004
mincov = 350392208.5398881
maxcov = 35039220853.98881
