
[data]
trigger-time = 1549479377.2190213
injection-file = /home/ss/Prospects-of-LGWs/unlens/injection.hdf

[global]
instruments = E1 E2 E3
mass1_ref = 30.000000002125148
mass2_ref = 30.000000009813398
minchirp = 26.11641690408028
maxchirp = 26.116616904080278
mincov = 8175698810.94445
maxcov = 817569881094.4451
