
[data]
trigger-time = 1181189296.5210714
injection-file = /home/ss/Prospects-of-LGWs/unlens/injection.hdf

[global]
instruments = E1 E2 E3
mass1_ref = 30.000000003199176
mass2_ref = 30.000000009751577
minchirp = 26.116416904520868
maxchirp = 26.116616904520868
mincov = 20481569080.21718
maxcov = 2048156908021.7178
