
[data]
trigger-time = 1546061603.2596612
injection-file = /home/ss/Prospects-of-LGWs/unlens/injection.hdf

[global]
instruments = E1 E2 E3
mass1_ref = 30.000000003157556
mass2_ref = 30.000000003971973
minchirp = 26.11641690198703
maxchirp = 26.11661690198703
mincov = 12876654955.073597
maxcov = 1287665495507.3599
