
[data]
trigger-time = 1242573228.8690171
injection-file = /home/ss/Prospects-of-LGWs/unlens/injection.hdf

[global]
instruments = E1 E2 E3
mass1_ref = 30.000000008033442
mass2_ref = 30.00000000551074
minchirp = 26.11641690477917
maxchirp = 26.11661690477917
mincov = 20605108049.774803
maxcov = 2060510804977.4802
