
[data]
trigger-time = 1189935785.4196618
injection-file = /home/ss/Prospects-of-LGWs/unlens/injection.hdf

[global]
instruments = E1 E2 E3
mass1_ref = 30.00000000551232
mass2_ref = 30.00000000717189
minchirp = 26.116416904404847
maxchirp = 26.116616904404847
mincov = 28996573100.69452
maxcov = 2899657310069.452
