
[data]
trigger-time = 1722986759.1675644
injection-file = /home/ss/Prospects-of-LGWs/unlens/injection.hdf

[global]
instruments = E1 E2 E3
mass1_ref = 30.000000008874707
mass2_ref = 30.000000007806147
minchirp = 26.11641690614449
maxchirp = 26.11661690614449
mincov = 28902831500.895916
maxcov = 2890283150089.592
