
[data]
trigger-time = 1312413520.3318624
injection-file = /home/ss/Prospects-of-LGWs/unlens/injection.hdf

[global]
instruments = E1 E2 E3
mass1_ref = 30.00000000516223
mass2_ref = 30.00000000576964
minchirp = 26.116416903642097
maxchirp = 26.116616903642097
mincov = 2490537253.888935
maxcov = 249053725388.8935
