
[data]
trigger-time = 1885827096.1677058
injection-file = /home/ss/Prospects-of-LGWs/unlens/injection.hdf

[global]
instruments = E1 E2 E3
mass1_ref = 30.000000003452367
mass2_ref = 30.000000005378325
minchirp = 26.116416902727508
maxchirp = 26.116616902727507
mincov = 10663327111.029942
maxcov = 1066332711102.9941
