
[data]
trigger-time = 1405783390.7316198
injection-file = /home/ss/Prospects-of-LGWs/unlens/injection.hdf

[global]
instruments = E1 E2 E3
mass1_ref = 30.00000000738761
mass2_ref = 30.00000000797591
minchirp = 26.116416905571082
maxchirp = 26.11661690557108
mincov = 23179500610.756462
maxcov = 2317950061075.6465
