
[data]
trigger-time = 1444640445.3635008
injection-file = /home/ss/Prospects-of-LGWs/unlens/injection.hdf

[global]
instruments = E1 E2 E3
mass1_ref = 30.000000005958764
mass2_ref = 30.000000005967376
minchirp = 26.116416904074878
maxchirp = 26.116616904074878
mincov = 4108811481.5551705
maxcov = 410881148155.517
