
[data]
trigger-time = 1616772557.977921
injection-file = /home/ss/Prospects-of-LGWs/unlens/injection.hdf

[global]
instruments = E1 E2 E3
mass1_ref = 30.000000006963486
mass2_ref = 30.000000005844438
minchirp = 26.116416904458696
maxchirp = 26.116616904458695
mincov = 26723378779.452236
maxcov = 2672337877945.2236
