
[data]
trigger-time = 1264594524.5930398
injection-file = /home/ss/Prospects-of-LGWs/unlens/injection.hdf

[global]
instruments = E1 E2 E3
mass1_ref = 30.000000009810204
mass2_ref = 30.000000001139913
minchirp = 26.11641690365004
maxchirp = 26.11661690365004
mincov = 20010141305.963207
maxcov = 2001014130596.3208
