
[data]
trigger-time = 1007590044.7288189
injection-file = /home/ss/Prospects-of-LGWs/unlens/injection.hdf

[global]
instruments = E1 E2 E3
mass1_ref = 30.000000007168886
mass2_ref = 30.000000002702176
minchirp = 26.11641690318035
maxchirp = 26.11661690318035
mincov = 8295912699.482292
maxcov = 829591269948.2292
