
[data]
trigger-time = 1610013363.4995553
injection-file = /home/ss/Prospects-of-LGWs/unlens/injection.hdf

[global]
instruments = E1 E2 E3
mass1_ref = 30.00000000488648
mass2_ref = 30.00000000336938
minchirp = 26.116416902477297
maxchirp = 26.116616902477297
mincov = 3464337923.464489
maxcov = 346433792346.4489
