
[data]
trigger-time = 1546897184.6408381
injection-file = /home/ss/Prospects-of-LGWs/unlens/injection.hdf

[global]
instruments = E1 E2 E3
mass1_ref = 30.000000006710245
mass2_ref = 30.00000000758607
minchirp = 26.116416905106558
maxchirp = 26.116616905106557
mincov = 1679535304.1836972
maxcov = 167953530418.36972
