
[data]
trigger-time = 1120055739.836628
injection-file = /home/ss/Prospects-of-LGWs/unlens/injection.hdf

[global]
instruments = E1 E2 E3
mass1_ref = 30.00000000096449
mass2_ref = 30.000000001090868
minchirp = 26.116416899778372
maxchirp = 26.11661689977837
mincov = 15709051100.041447
maxcov = 1570905110004.1445
