
[data]
trigger-time = 1160777974.865448
injection-file = /home/ss/Prospects-of-LGWs/unlens/injection.hdf

[global]
instruments = E1 E2 E3
mass1_ref = 30.00000000083767
mass2_ref = 30.000000001273744
minchirp = 26.11641689980277
maxchirp = 26.116616899802768
mincov = 11747958676.87812
maxcov = 1174795867687.812
