
[data]
trigger-time = 1039947295.619653
injection-file = /home/ss/Prospects-of-LGWs/unlens/injection.hdf

[global]
instruments = E1 E2 E3
mass1_ref = 30.00000000804839
mass2_ref = 30.000000009082505
minchirp = 26.11641690634038
maxchirp = 26.11661690634038
mincov = 27764343.580109484
maxcov = 2776434358.010948
