
[data]
trigger-time = 1362188731.976936
injection-file = /home/ss/Prospects-of-LGWs/unlens/injection.hdf

[global]
instruments = E1 E2 E3
mass1_ref = 30.000000009007355
mass2_ref = 30.000000006322285
minchirp = 26.11641690555634
maxchirp = 26.116616905556338
mincov = 18172321480.06516
maxcov = 1817232148006.5159
