
[data]
trigger-time = 1727196688.3331823
injection-file = /home/ss/Prospects-of-LGWs/unlens/injection.hdf

[global]
instruments = E1 E2 E3
mass1_ref = 30.00000000052033
mass2_ref = 30.000000002541775
minchirp = 26.11641690021658
maxchirp = 26.11661690021658
mincov = 3800.3856873882833
maxcov = 380038.5687388283
