
[data]
trigger-time = 1218899172.6055942
injection-file = /home/ss/Prospects-of-LGWs/unlens/injection.hdf

[global]
instruments = E1 E2 E3
mass1_ref = 30.00000000259424
mass2_ref = 30.00000000016739
minchirp = 26.116416900085795
maxchirp = 26.116616900085795
mincov = 479189893.92825776
maxcov = 47918989392.825775
