
[data]
trigger-time = 1113389172.8023276
injection-file = /home/ss/Prospects-of-LGWs/unlens/injection.hdf

[global]
instruments = E1 E2 E3
mass1_ref = 30.00000000431859
mass2_ref = 30.000000007432966
minchirp = 26.116416903998886
maxchirp = 26.116616903998885
mincov = 68603510.20334089
maxcov = 6860351020.334089
