
[data]
trigger-time = 1441959741.3900716
injection-file = /home/ss/Prospects-of-LGWs/unlens/injection.hdf

[global]
instruments = E1 E2 E3
mass1_ref = 30.000000005416968
mass2_ref = 30.00000000448891
minchirp = 26.11641690319551
maxchirp = 26.11661690319551
mincov = 321431656.3035493
maxcov = 32143165630.354927
