
[data]
trigger-time = 1549554789.0714593
injection-file = /home/ss/Prospects-of-LGWs/unlens/injection.hdf

[global]
instruments = E1 E2 E3
mass1_ref = 30.000000005158185
mass2_ref = 30.000000009695473
minchirp = 26.116416905349155
maxchirp = 26.116616905349154
mincov = 2077075994.6060262
maxcov = 207707599460.6026
