
[data]
trigger-time = 1407990413.1844068
injection-file = /home/ss/Prospects-of-LGWs/unlens/injection.hdf

[global]
instruments = E1 E2 E3
mass1_ref = 30.000000004188706
mass2_ref = 30.00000000605785
minchirp = 26.116416903343797
maxchirp = 26.116616903343797
mincov = 4996817197.7573185
maxcov = 499681719775.7319
