
[data]
trigger-time = 1268542426.401739
injection-file = /home/ss/Prospects-of-LGWs/unlens/injection.hdf

[global]
instruments = E1 E2 E3
mass1_ref = 30.00000000440437
mass2_ref = 30.00000000447272
minchirp = 26.116416902747705
maxchirp = 26.116616902747705
mincov = 718519593.5521307
maxcov = 71851959355.21307
