
[data]
trigger-time = 1668114255.5970693
injection-file = /home/ss/Prospects-of-LGWs/unlens/injection.hdf

[global]
instruments = E1 E2 E3
mass1_ref = 30.000000002020773
mass2_ref = 30.000000003453096
minchirp = 26.116416901266366
maxchirp = 26.116616901266365
mincov = 7098403409.494057
maxcov = 709840340949.4056
