
[data]
trigger-time = 1722707799.4845366
injection-file = /home/ss/Prospects-of-LGWs/unlens/injection.hdf

[global]
instruments = E1 E2 E3
mass1_ref = 30.000000009087834
mass2_ref = 30.0000000037804
minchirp = 26.11641690448495
maxchirp = 26.11661690448495
mincov = 27719265871.262535
maxcov = 2771926587126.254
