
[data]
trigger-time = 1776557071.8672705
injection-file = /home/ss/Prospects-of-LGWs/unlens/injection.hdf

[global]
instruments = E1 E2 E3
mass1_ref = 30.000000003202135
mass2_ref = 30.00000000552629
minchirp = 26.116416902682992
maxchirp = 26.116616902682992
mincov = 29425035359.644886
maxcov = 2942503535964.4883
