
[data]
trigger-time = 1802639931.3186696
injection-file = /home/ss/Prospects-of-LGWs/unlens/injection.hdf

[global]
instruments = E1 E2 E3
mass1_ref = 30.000000007348618
mass2_ref = 30.00000000789082
minchirp = 26.116416905517074
maxchirp = 26.116616905517073
mincov = 31517562405.79885
maxcov = 3151756240579.8853
