
[data]
trigger-time = 1272999221.133243
injection-file = /home/ss/Prospects-of-LGWs/unlens/injection.hdf

[global]
instruments = E1 E2 E3
mass1_ref = 30.00000000941857
mass2_ref = 30.000000000066734
minchirp = 26.116416903012443
maxchirp = 26.116616903012442
mincov = 588517293.2290914
maxcov = 58851729322.909134
