
[data]
trigger-time = 1575072343.4624987
injection-file = /home/ss/Prospects-of-LGWs/unlens/injection.hdf

[global]
instruments = E1 E2 E3
mass1_ref = 30.000000007791996
mass2_ref = 30.00000000457394
minchirp = 26.116416904266313
maxchirp = 26.116616904266312
mincov = 5334585770.009096
maxcov = 533458577000.90967
