
[data]
trigger-time = 1057950790.8021005
injection-file = /home/ss/Prospects-of-LGWs/unlens/injection.hdf

[global]
instruments = E1 E2 E3
mass1_ref = 30.000000002087152
mass2_ref = 30.000000005006704
minchirp = 26.116416901971505
maxchirp = 26.116616901971504
mincov = 5942976714.97977
maxcov = 594297671497.977
