
[data]
trigger-time = 1717600684.2452645
injection-file = /home/ss/Prospects-of-LGWs/unlens/injection.hdf

[global]
instruments = E1 E2 E3
mass1_ref = 30.000000005367383
mass2_ref = 30.000000006043376
minchirp = 26.116416903850546
maxchirp = 26.116616903850545
mincov = 161398173.0406436
maxcov = 16139817304.06436
