
[data]
trigger-time = 1017384890.6847582
injection-file = /home/ss/Prospects-of-LGWs/unlens/injection.hdf

[global]
instruments = E1 E2 E3
mass1_ref = 30.000000000807287
mass2_ref = 30.000000002845308
minchirp = 26.11641690047361
maxchirp = 26.11661690047361
mincov = 15751729817.665543
maxcov = 1575172981766.5542
