
[data]
trigger-time = 1977461734.3708453
injection-file = /home/ss/Prospects-of-LGWs/unlens/injection.hdf

[global]
instruments = E1 E2 E3
mass1_ref = 30.00000000868355
mass2_ref = 30.00000000849468
minchirp = 26.116416906360982
maxchirp = 26.11661690636098
mincov = 2552325928.187199
maxcov = 255232592818.7199
