
[data]
trigger-time = 1517118506.303212
injection-file = /home/ss/Prospects-of-LGWs/unlens/injection.hdf

[global]
instruments = E1 E2 E3
mass1_ref = 30.000000003177398
mass2_ref = 30.000000009567348
minchirp = 26.116416904431198
maxchirp = 26.116616904431197
mincov = 13465779586.708153
maxcov = 1346577958670.8152
