
[data]
trigger-time = 1140570349.1032085
injection-file = /home/ss/Prospects-of-LGWs/unlens/injection.hdf

[global]
instruments = E1 E2 E3
mass1_ref = 30.000000007659043
mass2_ref = 30.00000000934982
minchirp = 26.116416906287263
maxchirp = 26.116616906287263
mincov = 10228950917.939224
maxcov = 1022895091793.9224
