
[data]
trigger-time = 1218157511.5680125
injection-file = /home/ss/Prospects-of-LGWs/unlens/injection.hdf

[global]
instruments = E1 E2 E3
mass1_ref = 30.000000000627427
mass2_ref = 30.000000001699583
minchirp = 26.116416899896617
maxchirp = 26.116616899896616
mincov = 12770025952.892426
maxcov = 1277002595289.2427
