
[data]
trigger-time = 1498613581.9792762
injection-file = /home/ss/Prospects-of-LGWs/unlens/injection.hdf

[global]
instruments = E1 E2 E3
mass1_ref = 30.000000007446314
mass2_ref = 30.00000000207734
minchirp = 26.116416903029133
maxchirp = 26.116616903029133
mincov = 25324952057.002922
maxcov = 2532495205700.2925
