
[data]
trigger-time = 1068802537.9076059
injection-file = /home/ss/Prospects-of-LGWs/unlens/injection.hdf

[global]
instruments = E1 E2 E3
mass1_ref = 30.00000000424081
mass2_ref = 30.00000000361949
minchirp = 26.11641690230512
maxchirp = 26.11661690230512
mincov = 2436346667.074978
maxcov = 243634666707.4978
