
[data]
trigger-time = 1790649891.556182
injection-file = /home/ss/Prospects-of-LGWs/unlens/injection.hdf

[global]
instruments = E1 E2 E3
mass1_ref = 30.0000000071954
mass2_ref = 30.00000000572582
minchirp = 26.11641690450801
maxchirp = 26.11661690450801
mincov = 399154848.6741582
maxcov = 39915484867.415825
