
[data]
trigger-time = 1018893931.2547084
injection-file = /home/ss/Prospects-of-LGWs/unlens/injection.hdf

[global]
instruments = E1 E2 E3
mass1_ref = 30.00000000258332
mass2_ref = 30.0000000012631
minchirp = 26.116416900557976
maxchirp = 26.116616900557975
mincov = 7799847018.672525
maxcov = 779984701867.2524
