
[data]
trigger-time = 1854070040.1755607
injection-file = /home/ss/Prospects-of-LGWs/unlens/injection.hdf

[global]
instruments = E1 E2 E3
mass1_ref = 30.000000003251458
mass2_ref = 30.0000000094036
minchirp = 26.116416904392157
maxchirp = 26.116616904392156
mincov = 17075104955.39719
maxcov = 1707510495539.719
