
[data]
trigger-time = 1145849590.368456
injection-file = /home/ss/Prospects-of-LGWs/unlens/injection.hdf

[global]
instruments = E1 E2 E3
mass1_ref = 30.000000009353542
mass2_ref = 30.000000002778354
minchirp = 26.116416904164435
maxchirp = 26.116616904164434
mincov = 21387342529.21521
maxcov = 2138734252921.521
