
[data]
trigger-time = 1013936918.0954242
injection-file = /home/ss/Prospects-of-LGWs/unlens/injection.hdf

[global]
instruments = E1 E2 E3
mass1_ref = 30.000000009714082
mass2_ref = 30.000000003738343
minchirp = 26.116416904739232
maxchirp = 26.11661690473923
mincov = 29844946832.26629
maxcov = 2984494683226.629
