
[data]
trigger-time = 1896482399.1250796
injection-file = /home/ss/Prospects-of-LGWs/unlens/injection.hdf

[global]
instruments = E1 E2 E3
mass1_ref = 30.00000000028987
mass2_ref = 30.00000000067355
minchirp = 26.116416899303076
maxchirp = 26.116616899303075
mincov = 9696416206.293674
maxcov = 969641620629.3674
