
[data]
trigger-time = 1913141021.2815683
injection-file = /home/ss/Prospects-of-LGWs/unlens/injection.hdf

[global]
instruments = E1 E2 E3
mass1_ref = 30.00000000477774
mass2_ref = 30.000000009747733
minchirp = 26.116416905206304
maxchirp = 26.116616905206303
mincov = 10418677516.764858
maxcov = 1041867751676.4857
