
[data]
trigger-time = 1201446351.6600285
injection-file = /home/ss/Prospects-of-LGWs/unlens/injection.hdf

[global]
instruments = E1 E2 E3
mass1_ref = 30.00000000812776
mass2_ref = 30.000000007101512
minchirp = 26.11641690551265
maxchirp = 26.11661690551265
mincov = 19455003095.550354
maxcov = 1945500309555.0354
