
[data]
trigger-time = 1391415178.3175097
injection-file = /home/ss/Prospects-of-LGWs/unlens/injection.hdf

[global]
instruments = E1 E2 E3
mass1_ref = 30.00000000161662
mass2_ref = 30.00000000531621
minchirp = 26.116416901901413
maxchirp = 26.116616901901413
mincov = 8551655079.858236
maxcov = 855165507985.8237
