
[data]
trigger-time = 1885231278.56677
injection-file = /home/ss/Prospects-of-LGWs/unlens/injection.hdf

[global]
instruments = E1 E2 E3
mass1_ref = 30.000000006860887
mass2_ref = 30.000000002149278
minchirp = 26.116416902805625
maxchirp = 26.116616902805625
mincov = 11457844870.186571
maxcov = 1145784487018.657
