
[data]
trigger-time = 1785377910.682503
injection-file = /home/ss/Prospects-of-LGWs/unlens/injection.hdf

[global]
instruments = E1 E2 E3
mass1_ref = 30.00000000630343
mass2_ref = 30.000000003779043
minchirp = 26.116416903272377
maxchirp = 26.116616903272377
mincov = 127998689.22932288
maxcov = 12799868922.93229
