
[data]
trigger-time = 1056829907.3153236
injection-file = /home/ss/Prospects-of-LGWs/unlens/injection.hdf

[global]
instruments = E1 E2 E3
mass1_ref = 30.000000006985232
mass2_ref = 30.000000004366495
minchirp = 26.116416903824852
maxchirp = 26.116616903824852
mincov = 120995272.45509955
maxcov = 12099527245.509956
