
[data]
trigger-time = 1984726401.2712712
injection-file = /home/ss/Prospects-of-LGWs/unlens/injection.hdf

[global]
instruments = E1 E2 E3
mass1_ref = 30.000000001394927
mass2_ref = 30.000000007533863
minchirp = 26.116416902770208
maxchirp = 26.116616902770208
mincov = 28052067479.89541
maxcov = 2805206747989.541
