
[data]
trigger-time = 1222559746.987966
injection-file = /home/ss/Prospects-of-LGWs/unlens/injection.hdf

[global]
instruments = E1 E2 E3
mass1_ref = 30.000000001787825
mass2_ref = 30.00000000179343
minchirp = 26.116416900442555
maxchirp = 26.116616900442555
mincov = 675310850.8788722
maxcov = 67531085087.88721
