
[data]
trigger-time = 1962497794.1163826
injection-file = /home/ss/Prospects-of-LGWs/unlens/injection.hdf

[global]
instruments = E1 E2 E3
mass1_ref = 30.000000008363056
mass2_ref = 30.000000003283315
minchirp = 26.116416903953102
maxchirp = 26.1166169039531
mincov = 828387089.4724249
maxcov = 82838708947.2425
