
[data]
trigger-time = 1712520887.9636197
injection-file = /home/ss/Prospects-of-LGWs/unlens/injection.hdf

[global]
instruments = E1 E2 E3
mass1_ref = 30.00000000403368
mass2_ref = 30.000000002019075
minchirp = 26.11641690151834
maxchirp = 26.116616901518338
mincov = 1701240360.919851
maxcov = 170124036091.9851
