
[data]
trigger-time = 1523311966.849249
injection-file = /home/ss/Prospects-of-LGWs/unlens/injection.hdf

[global]
instruments = E1 E2 E3
mass1_ref = 30.0000000006115
mass2_ref = 30.000000008448268
minchirp = 26.11641690282722
maxchirp = 26.116616902827218
mincov = 1045430243.1954113
maxcov = 104543024319.54114
