
[data]
trigger-time = 1123544168.5395558
injection-file = /home/ss/Prospects-of-LGWs/unlens/injection.hdf

[global]
instruments = E1 E2 E3
mass1_ref = 30.00000000794509
mass2_ref = 30.000000009141324
minchirp = 26.116416906321017
maxchirp = 26.116616906321017
mincov = 23921152939.20197
maxcov = 2392115293920.197
