
[data]
trigger-time = 1479868416.4104114
injection-file = /home/ss/Prospects-of-LGWs/unlens/injection.hdf

[global]
instruments = E1 E2 E3
mass1_ref = 30.00000000092842
mass2_ref = 30.000000004116835
minchirp = 26.116416901079802
maxchirp = 26.1166169010798
mincov = 14530402890.843555
maxcov = 1453040289084.3555
