
[data]
trigger-time = 1205249271.5138965
injection-file = /home/ss/Prospects-of-LGWs/unlens/injection.hdf

[global]
instruments = E1 E2 E3
mass1_ref = 30.000000006333025
mass2_ref = 30.000000006903754
minchirp = 26.116416904645366
maxchirp = 26.116616904645365
mincov = 1311678173.0446448
maxcov = 131167817304.46448
