
[data]
trigger-time = 1060982294.123305
injection-file = /home/ss/Prospects-of-LGWs/unlens/injection.hdf

[global]
instruments = E1 E2 E3
mass1_ref = 30.000000002406676
mass2_ref = 30.000000003626006
minchirp = 26.116416901509602
maxchirp = 26.1166169015096
mincov = 1725084074.6517384
maxcov = 172508407465.17383
