
[data]
trigger-time = 1033043383.3837546
injection-file = /home/ss/Prospects-of-LGWs/unlens/injection.hdf

[global]
instruments = E1 E2 E3
mass1_ref = 30.000000006801525
mass2_ref = 30.00000000860315
minchirp = 26.116416905589
maxchirp = 26.116616905588998
mincov = 9069769122.842693
maxcov = 906976912284.2694
