
[data]
trigger-time = 1579481494.0097623
injection-file = /home/ss/Prospects-of-LGWs/unlens/injection.hdf

[global]
instruments = E1 E2 E3
mass1_ref = 30.00000000433347
mass2_ref = 30.00000000335687
minchirp = 26.116416902231137
maxchirp = 26.116616902231137
mincov = 6889546935.463812
maxcov = 688954693546.3812
