
[data]
trigger-time = 1843738213.7843924
injection-file = /home/ss/Prospects-of-LGWs/unlens/injection.hdf

[global]
instruments = E1 E2 E3
mass1_ref = 30.0000000065286
mass2_ref = 30.000000007533156
minchirp = 26.11641690500446
maxchirp = 26.11661690500446
mincov = 1754392490.5383296
maxcov = 175439249053.83298
