
[data]
trigger-time = 1269575088.7537117
injection-file = /home/ss/Prospects-of-LGWs/unlens/injection.hdf

[global]
instruments = E1 E2 E3
mass1_ref = 30.000000008514682
mass2_ref = 30.000000009477596
minchirp = 26.11641690671532
maxchirp = 26.11661690671532
mincov = 3983973874.5826125
maxcov = 398397387458.2612
