
[data]
trigger-time = 1483810498.6651146
injection-file = /home/ss/Prospects-of-LGWs/unlens/injection.hdf

[global]
instruments = E1 E2 E3
mass1_ref = 30.000000004366502
mass2_ref = 30.00000000506399
minchirp = 26.116416902988586
maxchirp = 26.116616902988586
mincov = 26240256667.50426
maxcov = 2624025666750.426
