
[data]
trigger-time = 1342233702.696467
injection-file = /home/ss/Prospects-of-LGWs/unlens/injection.hdf

[global]
instruments = E1 E2 E3
mass1_ref = 30.000000001345917
mass2_ref = 30.00000000689756
minchirp = 26.116416902471908
maxchirp = 26.116616902471907
mincov = 455222795.78057605
maxcov = 45522279578.0576
