
[data]
trigger-time = 1827309503.155579
injection-file = /home/ss/Prospects-of-LGWs/unlens/injection.hdf

[global]
instruments = E1 E2 E3
mass1_ref = 30.0000000019824
mass2_ref = 30.000000008185612
minchirp = 26.116416903309606
maxchirp = 26.116616903309605
mincov = 452588695.1141993
maxcov = 45258869511.41992
