
[data]
trigger-time = 1658829620.8826609
injection-file = /home/ss/Prospects-of-LGWs/unlens/injection.hdf

[global]
instruments = E1 E2 E3
mass1_ref = 30.00000000621661
mass2_ref = 30.00000000618678
minchirp = 26.116416904282612
maxchirp = 26.116616904282612
mincov = 1485815396.8384883
maxcov = 148581539683.84885
