
[data]
trigger-time = 1290531709.7922668
injection-file = /home/ss/Prospects-of-LGWs/unlens/injection.hdf

[global]
instruments = E1 E2 E3
mass1_ref = 30.000000007207504
mass2_ref = 30.00000000230528
minchirp = 26.116416903024405
maxchirp = 26.116616903024404
mincov = 22287888631.78202
maxcov = 2228788863178.202
