
[data]
trigger-time = 1779915734.8697228
injection-file = /home/ss/Prospects-of-LGWs/unlens/injection.hdf

[global]
instruments = E1 E2 E3
mass1_ref = 30.000000004409312
mass2_ref = 30.000000000986418
minchirp = 26.116416901232352
maxchirp = 26.11661690123235
mincov = 5594321665.494284
maxcov = 559432166549.4285
