
[data]
trigger-time = 1588737479.3623214
injection-file = /home/ss/Prospects-of-LGWs/unlens/injection.hdf

[global]
instruments = E1 E2 E3
mass1_ref = 30.00000000355451
mass2_ref = 30.000000002942105
minchirp = 26.116416901711542
maxchirp = 26.11661690171154
mincov = 5717577116.117445
maxcov = 571757711611.7445
