
[data]
trigger-time = 1878513023.3154314
injection-file = /home/ss/Prospects-of-LGWs/unlens/injection.hdf

[global]
instruments = E1 E2 E3
mass1_ref = 30.000000003443308
mass2_ref = 30.00000000919618
minchirp = 26.11641690438538
maxchirp = 26.11661690438538
mincov = 26687666929.68209
maxcov = 2668766692968.209
