
[data]
trigger-time = 1077147837.1033108
injection-file = /home/ss/Prospects-of-LGWs/unlens/injection.hdf

[global]
instruments = E1 E2 E3
mass1_ref = 30.000000006342017
mass2_ref = 30.000000002141952
minchirp = 26.116416902576585
maxchirp = 26.116616902576585
mincov = 288550549.0669538
maxcov = 28855054906.695374
