
[data]
trigger-time = 1239993702.4851718
injection-file = /home/ss/Prospects-of-LGWs/unlens/injection.hdf

[global]
instruments = E1 E2 E3
mass1_ref = 30.000000003598828
mass2_ref = 30.000000009159486
minchirp = 26.116416904437102
maxchirp = 26.1166169044371
mincov = 18086661520.609966
maxcov = 1808666152060.9966
