
[data]
trigger-time = 1932278105.9213612
injection-file = /home/ss/Prospects-of-LGWs/unlens/injection.hdf

[global]
instruments = E1 E2 E3
mass1_ref = 30.00000000914197
mass2_ref = 30.000000005379274
minchirp = 26.116416905204463
maxchirp = 26.116616905204463
mincov = 2795344664.0170956
maxcov = 279534466401.70953
