
[data]
trigger-time = 1194041932.7150373
injection-file = /home/ss/Prospects-of-LGWs/unlens/injection.hdf

[global]
instruments = E1 E2 E3
mass1_ref = 30.00000000596829
mass2_ref = 30.000000007762207
minchirp = 26.11641690486027
maxchirp = 26.11661690486027
mincov = 19926450645.2727
maxcov = 1992645064527.2703
