
[data]
trigger-time = 1293470397.932777
injection-file = /home/ss/Prospects-of-LGWs/unlens/injection.hdf

[global]
instruments = E1 E2 E3
mass1_ref = 30.000000004044413
mass2_ref = 30.00000000004665
minchirp = 26.11641690066446
maxchirp = 26.11661690066446
mincov = 26288456344.168068
maxcov = 2628845634416.8066
