
[data]
trigger-time = 1755960082.8802733
injection-file = /home/ss/Prospects-of-LGWs/unlens/injection.hdf

[global]
instruments = E1 E2 E3
mass1_ref = 30.00000000166167
mass2_ref = 30.000000004368214
minchirp = 26.116416901508384
maxchirp = 26.116616901508383
mincov = 19421223945.65389
maxcov = 1942122394565.3887
