
[data]
trigger-time = 1732189482.5600467
injection-file = /home/ss/Prospects-of-LGWs/unlens/injection.hdf

[global]
instruments = E1 E2 E3
mass1_ref = 30.000000009763603
mass2_ref = 30.000000003350834
minchirp = 26.116416904592114
maxchirp = 26.116616904592114
mincov = 7244881906.37588
maxcov = 724488190637.588
