
[data]
trigger-time = 1887232161.9966998
injection-file = /home/ss/Prospects-of-LGWs/unlens/injection.hdf

[global]
instruments = E1 E2 E3
mass1_ref = 30.000000005250453
mass2_ref = 30.00000000033902
minchirp = 26.116416901316686
maxchirp = 26.116616901316686
mincov = 59036243.96555114
maxcov = 5903624396.555114
