
[data]
trigger-time = 1725570621.518025
injection-file = /home/ss/Prospects-of-LGWs/unlens/injection.hdf

[global]
instruments = E1 E2 E3
mass1_ref = 30.00000000838506
mass2_ref = 30.000000001921133
minchirp = 26.116416903369757
maxchirp = 26.116616903369756
mincov = 19347311070.78486
maxcov = 1934731107078.486
