
[data]
trigger-time = 1939005660.0770082
injection-file = /home/ss/Prospects-of-LGWs/unlens/injection.hdf

[global]
instruments = E1 E2 E3
mass1_ref = 30.000000002377778
mass2_ref = 30.00000000109256
minchirp = 26.116416900394277
maxchirp = 26.116616900394277
mincov = 200898867.8858449
maxcov = 20089886788.584488
