
[data]
trigger-time = 1399816409.7742918
injection-file = /home/ss/Prospects-of-LGWs/unlens/injection.hdf

[global]
instruments = E1 E2 E3
mass1_ref = 30.00000000998454
mass2_ref = 30.00000000109416
minchirp = 26.116416903706007
maxchirp = 26.116616903706007
mincov = 11696522005.92942
maxcov = 1169652200592.9421
