
[data]
trigger-time = 1162521176.5319026
injection-file = /home/ss/Prospects-of-LGWs/unlens/injection.hdf

[global]
instruments = E1 E2 E3
mass1_ref = 30.000000002443322
mass2_ref = 30.000000000569546
minchirp = 26.11641690019515
maxchirp = 26.11661690019515
mincov = 26758865546.713905
maxcov = 2675886554671.3906
