
[data]
trigger-time = 1533454565.211224
injection-file = /home/ss/Prospects-of-LGWs/unlens/injection.hdf

[global]
instruments = E1 E2 E3
mass1_ref = 30.000000003610413
mass2_ref = 30.00000000635584
minchirp = 26.11641690322179
maxchirp = 26.11661690322179
mincov = 11621779359.033537
maxcov = 1162177935903.3538
