
[data]
trigger-time = 1035334004.9239538
injection-file = /home/ss/Prospects-of-LGWs/unlens/injection.hdf

[global]
instruments = E1 E2 E3
mass1_ref = 30.000000006505324
mass2_ref = 30.000000004500155
minchirp = 26.11641690367414
maxchirp = 26.11661690367414
mincov = 5998738473.731272
maxcov = 599873847373.1272
