
[data]
trigger-time = 1850625569.079787
injection-file = /home/ss/Prospects-of-LGWs/unlens/injection.hdf

[global]
instruments = E1 E2 E3
mass1_ref = 30.000000004657032
mass2_ref = 30.000000007939846
minchirp = 26.116416904366833
maxchirp = 26.116616904366833
mincov = 1933639696.7050762
maxcov = 193363969670.50763
