
[data]
trigger-time = 1747155625.7088177
injection-file = /home/ss/Prospects-of-LGWs/unlens/injection.hdf

[global]
instruments = E1 E2 E3
mass1_ref = 30.000000003612485
mass2_ref = 30.000000003593623
minchirp = 26.116416902020365
maxchirp = 26.116616902020365
mincov = 11120061495.593174
maxcov = 1112006149559.3174
