
[data]
trigger-time = 1893309839.8769836
injection-file = /home/ss/Prospects-of-LGWs/unlens/injection.hdf

[global]
instruments = E1 E2 E3
mass1_ref = 30.00000000678017
mass2_ref = 30.00000000611133
minchirp = 26.116416904495075
maxchirp = 26.116616904495075
mincov = 30867157927.202736
maxcov = 3086715792720.2734
