
[data]
trigger-time = 1067242697.2356184
injection-file = /home/ss/Prospects-of-LGWs/unlens/injection.hdf

[global]
instruments = E1 E2 E3
mass1_ref = 30.00000000188799
mass2_ref = 30.00000000216543
minchirp = 26.116416900648076
maxchirp = 26.116616900648076
mincov = 31088768332.022137
maxcov = 3108876833202.214
