
[data]
trigger-time = 1643364357.8100524
injection-file = /home/ss/Prospects-of-LGWs/unlens/injection.hdf

[global]
instruments = E1 E2 E3
mass1_ref = 30.00000000358013
mass2_ref = 30.000000008819047
minchirp = 26.11641690428078
maxchirp = 26.11661690428078
mincov = 17851681734.47342
maxcov = 1785168173447.3418
