
[data]
trigger-time = 1441956225.1202168
injection-file = /home/ss/Prospects-of-LGWs/unlens/injection.hdf

[global]
instruments = E1 E2 E3
mass1_ref = 30.000000000699018
mass2_ref = 30.000000009539438
minchirp = 26.116416903340273
maxchirp = 26.116616903340272
mincov = 25235425672.49392
maxcov = 2523542567249.3916
