
[data]
trigger-time = 1374804766.361286
injection-file = /home/ss/Prospects-of-LGWs/unlens/injection.hdf

[global]
instruments = E1 E2 E3
mass1_ref = 30.000000009117247
mass2_ref = 30.000000004592728
minchirp = 26.116416904851338
maxchirp = 26.116616904851337
mincov = 18215423011.820946
maxcov = 1821542301182.0947
