
[data]
trigger-time = 1605370416.6026568
injection-file = /home/ss/Prospects-of-LGWs/unlens/injection.hdf

[global]
instruments = E1 E2 E3
mass1_ref = 30.000000003879787
mass2_ref = 30.000000003066397
minchirp = 26.116416901907225
maxchirp = 26.116616901907225
mincov = 328097771.72547
maxcov = 32809777172.547
