
[data]
trigger-time = 1049053091.0475622
injection-file = /home/ss/Prospects-of-LGWs/unlens/injection.hdf

[global]
instruments = E1 E2 E3
mass1_ref = 30.000000000139853
mass2_ref = 30.00000000453188
minchirp = 26.116416900917216
maxchirp = 26.116616900917215
mincov = 28488893.56024926
maxcov = 2848889356.024926
