
[data]
trigger-time = 1274567255.9330099
injection-file = /home/ss/Prospects-of-LGWs/unlens/injection.hdf

[global]
instruments = E1 E2 E3
mass1_ref = 30.000000002529276
mass2_ref = 30.0000000091762
minchirp = 26.11641690397883
maxchirp = 26.11661690397883
mincov = 15402877648.588388
maxcov = 1540287764858.8389
