
[data]
trigger-time = 1707038860.8494225
injection-file = /home/ss/Prospects-of-LGWs/unlens/injection.hdf

[global]
instruments = E1 E2 E3
mass1_ref = 30.00000000532705
mass2_ref = 30.000000009008545
minchirp = 26.116416905123657
maxchirp = 26.116616905123657
mincov = 1538419227.5727513
maxcov = 153841922757.27512
