
[data]
trigger-time = 1565464845.3676152
injection-file = /home/ss/Prospects-of-LGWs/unlens/injection.hdf

[global]
instruments = E1 E2 E3
mass1_ref = 30.000000003869463
mass2_ref = 30.000000002242054
minchirp = 26.116416901543918
maxchirp = 26.116616901543917
mincov = 31274758973.643913
maxcov = 3127475897364.3916
