
[data]
trigger-time = 1301169145.7335167
injection-file = /home/ss/Prospects-of-LGWs/unlens/injection.hdf

[global]
instruments = E1 E2 E3
mass1_ref = 30.000000002476995
mass2_ref = 30.000000006191076
minchirp = 26.116416902656724
maxchirp = 26.116616902656723
mincov = 3825780252.7217484
maxcov = 382578025272.1748
