
[data]
trigger-time = 1213542762.2628202
injection-file = /home/ss/Prospects-of-LGWs/unlens/injection.hdf

[global]
instruments = E1 E2 E3
mass1_ref = 30.000000002002025
mass2_ref = 30.000000006472153
minchirp = 26.116416902572325
maxchirp = 26.116616902572325
mincov = 3335504553.8987064
maxcov = 333550455389.87067
