
[data]
trigger-time = 1076414829.6156886
injection-file = /home/ss/Prospects-of-LGWs/unlens/injection.hdf

[global]
instruments = E1 E2 E3
mass1_ref = 30.00000000931365
mass2_ref = 30.000000002036018
minchirp = 26.116416903823954
maxchirp = 26.116616903823953
mincov = 1739627110.5579383
maxcov = 173962711055.79382
