
[data]
trigger-time = 1369403617.170363
injection-file = /home/ss/Prospects-of-LGWs/unlens/injection.hdf

[global]
instruments = E1 E2 E3
mass1_ref = 30.000000003177927
mass2_ref = 30.000000002819114
minchirp = 26.11641690149409
maxchirp = 26.11661690149409
mincov = 371269417.62983745
maxcov = 37126941762.98375
