
[data]
trigger-time = 1716096293.600152
injection-file = /home/ss/Prospects-of-LGWs/unlens/injection.hdf

[global]
instruments = E1 E2 E3
mass1_ref = 30.00000000226489
mass2_ref = 30.000000002911964
minchirp = 26.116416901137082
maxchirp = 26.116616901137082
mincov = 18590114730.745384
maxcov = 1859011473074.5386
