
[data]
trigger-time = 1511920933.6484828
injection-file = /home/ss/Prospects-of-LGWs/unlens/injection.hdf

[global]
instruments = E1 E2 E3
mass1_ref = 30.000000001708113
mass2_ref = 30.000000008446143
minchirp = 26.11641690330362
maxchirp = 26.11661690330362
mincov = 1663782552.0711274
maxcov = 166378255207.11276
