
[data]
trigger-time = 1612755883.4436855
injection-file = /home/ss/Prospects-of-LGWs/unlens/injection.hdf

[global]
instruments = E1 E2 E3
mass1_ref = 30.000000001580517
mass2_ref = 30.000000003799524
minchirp = 26.116416901225524
maxchirp = 26.116616901225523
mincov = 7883675048.879248
maxcov = 788367504887.9248
