
[data]
trigger-time = 1471412563.2548842
injection-file = /home/ss/Prospects-of-LGWs/unlens/injection.hdf

[global]
instruments = E1 E2 E3
mass1_ref = 30.00000000906889
mass2_ref = 30.00000000331817
minchirp = 26.116416904275507
maxchirp = 26.116616904275507
mincov = 850911129.1186467
maxcov = 85091112911.86467
