
[data]
trigger-time = 1061496727.6711305
injection-file = /home/ss/Prospects-of-LGWs/unlens/injection.hdf

[global]
instruments = E1 E2 E3
mass1_ref = 30.000000008393254
mass2_ref = 30.000000007248115
minchirp = 26.116416905692024
maxchirp = 26.116616905692023
mincov = 9430515341.984121
maxcov = 943051534198.4121
