
[data]
trigger-time = 1578136429.8824675
injection-file = /home/ss/Prospects-of-LGWs/unlens/injection.hdf

[global]
instruments = E1 E2 E3
mass1_ref = 30.000000006917748
mass2_ref = 30.00000000612729
minchirp = 26.116416904561905
maxchirp = 26.116616904561905
mincov = 1943104688.7781727
maxcov = 194310468877.81726
