
[data]
trigger-time = 1229890662.8017826
injection-file = /home/ss/Prospects-of-LGWs/unlens/injection.hdf

[global]
instruments = E1 E2 E3
mass1_ref = 30.000000007483063
mass2_ref = 30.000000000129177
minchirp = 26.116416902197145
maxchirp = 26.116616902197144
mincov = 16076371.515695702
maxcov = 1607637151.5695703
