
[data]
trigger-time = 1020896962.5941284
injection-file = /home/ss/Prospects-of-LGWs/unlens/injection.hdf

[global]
instruments = E1 E2 E3
mass1_ref = 30.00000000706312
mass2_ref = 30.00000000534889
minchirp = 26.116416904286368
maxchirp = 26.116616904286367
mincov = 29335203946.675835
maxcov = 2933520394667.5835
