
[data]
trigger-time = 1150755980.494224
injection-file = /home/ss/Prospects-of-LGWs/unlens/injection.hdf

[global]
instruments = E1 E2 E3
mass1_ref = 30.00000000061532
mass2_ref = 30.000000003332843
minchirp = 26.116416900602264
maxchirp = 26.116616900602263
mincov = 132567170.96787195
maxcov = 13256717096.787195
