
[data]
trigger-time = 1763277141.1748137
injection-file = /home/ss/Prospects-of-LGWs/unlens/injection.hdf

[global]
instruments = E1 E2 E3
mass1_ref = 30.000000001776385
mass2_ref = 30.00000000858556
minchirp = 26.116416903394022
maxchirp = 26.11661690339402
mincov = 21503624263.54703
maxcov = 2150362426354.7031
