
[data]
trigger-time = 1694272139.0906696
injection-file = /home/ss/Prospects-of-LGWs/unlens/injection.hdf

[global]
instruments = E1 E2 E3
mass1_ref = 30.000000004991886
mass2_ref = 30.000000004932435
minchirp = 26.116416903203536
maxchirp = 26.116616903203536
mincov = 1678935645.032681
maxcov = 167893564503.2681
