
[data]
trigger-time = 1964356161.4463472
injection-file = /home/ss/Prospects-of-LGWs/unlens/injection.hdf

[global]
instruments = E1 E2 E3
mass1_ref = 30.000000008299796
mass2_ref = 30.000000003483397
minchirp = 26.116416904012656
maxchirp = 26.116616904012655
mincov = 6043966911.301399
maxcov = 604396691130.1399
