
[data]
trigger-time = 1851457483.3633795
injection-file = /home/ss/Prospects-of-LGWs/unlens/injection.hdf

[global]
instruments = E1 E2 E3
mass1_ref = 30.000000006488527
mass2_ref = 30.000000000984354
minchirp = 26.116416902136486
maxchirp = 26.116616902136485
mincov = 21163071803.35183
maxcov = 2116307180335.183
