
[data]
trigger-time = 1661320803.609548
injection-file = /home/ss/Prospects-of-LGWs/unlens/injection.hdf

[global]
instruments = E1 E2 E3
mass1_ref = 30.000000005733767
mass2_ref = 30.000000003288996
minchirp = 26.11641690281111
maxchirp = 26.11661690281111
mincov = 27763734874.853046
maxcov = 2776373487485.3047
