
[data]
trigger-time = 1370661738.7284648
injection-file = /home/ss/Prospects-of-LGWs/unlens/injection.hdf

[global]
instruments = E1 E2 E3
mass1_ref = 30.00000000107998
mass2_ref = 30.000000002132115
minchirp = 26.11641690028187
maxchirp = 26.11661690028187
mincov = 7673997411.7026415
maxcov = 767399741170.2642
