
[data]
trigger-time = 1911070956.8320987
injection-file = /home/ss/Prospects-of-LGWs/unlens/injection.hdf

[global]
instruments = E1 E2 E3
mass1_ref = 30.000000005502397
mass2_ref = 30.00000000172574
minchirp = 26.116416902029954
maxchirp = 26.116616902029953
mincov = 10209248221.19018
maxcov = 1020924822119.018
