
[data]
trigger-time = 1010430346.715941
injection-file = /home/ss/Prospects-of-LGWs/unlens/injection.hdf

[global]
instruments = E1 E2 E3
mass1_ref = 30.000000004551527
mass2_ref = 30.000000002172058
minchirp = 26.116416901810332
maxchirp = 26.116616901810332
mincov = 19405551772.97153
maxcov = 1940555177297.153
