
[data]
trigger-time = 1349220165.1677766
injection-file = /home/ss/Prospects-of-LGWs/unlens/injection.hdf

[global]
instruments = E1 E2 E3
mass1_ref = 30.00000000156325
mass2_ref = 30.000000000486775
minchirp = 26.116416899776052
maxchirp = 26.11661689977605
mincov = 5939190229.739904
maxcov = 593919022973.9905
