
[data]
trigger-time = 1510494138.8176618
injection-file = /home/ss/Prospects-of-LGWs/unlens/injection.hdf

[global]
instruments = E1 E2 E3
mass1_ref = 30.00000000578101
mass2_ref = 30.000000000010196
minchirp = 26.116416901404495
maxchirp = 26.116616901404495
mincov = 25802167646.548035
maxcov = 2580216764654.8037
