
[data]
trigger-time = 1456270854.5710254
injection-file = /home/ss/Prospects-of-LGWs/unlens/injection.hdf

[global]
instruments = E1 E2 E3
mass1_ref = 30.00000000854206
mass2_ref = 30.000000008686563
minchirp = 26.116416906382916
maxchirp = 26.116616906382916
mincov = 135421.80227689174
maxcov = 13542180.227689175
