
[data]
trigger-time = 1921860191.663866
injection-file = /home/ss/Prospects-of-LGWs/unlens/injection.hdf

[global]
instruments = E1 E2 E3
mass1_ref = 30.000000005751296
mass2_ref = 30.00000000102847
minchirp = 26.11641690183479
maxchirp = 26.11661690183479
mincov = 20268877557.140327
maxcov = 2026887755714.033
