
[data]
trigger-time = 1938660213.0191193
injection-file = /home/ss/Prospects-of-LGWs/unlens/injection.hdf

[global]
instruments = E1 E2 E3
mass1_ref = 30.000000001071186
mass2_ref = 30.000000003245834
minchirp = 26.116416900762818
maxchirp = 26.116616900762818
mincov = 10914036035.474398
maxcov = 1091403603547.4397
