
[data]
trigger-time = 1585227823.5153944
injection-file = /home/ss/Prospects-of-LGWs/unlens/injection.hdf

[global]
instruments = E1 E2 E3
mass1_ref = 30.00000000601308
mass2_ref = 30.000000000710017
minchirp = 26.116416901810123
maxchirp = 26.116616901810122
mincov = 15365992542.139954
maxcov = 1536599254213.9954
