
[data]
trigger-time = 1705581356.724711
injection-file = /home/ss/Prospects-of-LGWs/unlens/injection.hdf

[global]
instruments = E1 E2 E3
mass1_ref = 30.00000000090295
mass2_ref = 30.00000000070759
minchirp = 26.116416899584753
maxchirp = 26.116616899584752
mincov = 490723691.55618364
maxcov = 49072369155.61836
