
[data]
trigger-time = 1291009587.1358051
injection-file = /home/ss/Prospects-of-LGWs/unlens/injection.hdf

[global]
instruments = E1 E2 E3
mass1_ref = 30.000000004975035
mass2_ref = 30.000000008132826
minchirp = 26.116416904589254
maxchirp = 26.116616904589254
mincov = 2426261607.633362
maxcov = 242626160763.33618
