
[data]
trigger-time = 1012520009.250067
injection-file = /home/ss/Prospects-of-LGWs/unlens/injection.hdf

[global]
instruments = E1 E2 E3
mass1_ref = 30.00000000192583
mass2_ref = 30.00000000952266
minchirp = 26.11641690386697
maxchirp = 26.11661690386697
mincov = 3279238425.830739
maxcov = 327923842583.0739
