
[data]
trigger-time = 1266200229.0230858
injection-file = /home/ss/Prospects-of-LGWs/unlens/injection.hdf

[global]
instruments = E1 E2 E3
mass1_ref = 30.00000000219044
mass2_ref = 30.000000004819746
minchirp = 26.116416901935086
maxchirp = 26.116616901935085
mincov = 24935400042.64202
maxcov = 2493540004264.202
