
[data]
trigger-time = 1767851375.841337
injection-file = /home/ss/Prospects-of-LGWs/unlens/injection.hdf

[global]
instruments = E1 E2 E3
mass1_ref = 30.00000000657287
mass2_ref = 30.000000002650918
minchirp = 26.11641690289861
maxchirp = 26.11661690289861
mincov = 16027367099.97174
maxcov = 1602736709997.174
