
[data]
trigger-time = 1277674006.7914205
injection-file = /home/ss/Prospects-of-LGWs/unlens/injection.hdf

[global]
instruments = E1 E2 E3
mass1_ref = 30.00000000012397
mass2_ref = 30.000000005586934
minchirp = 26.11641690136954
maxchirp = 26.11661690136954
mincov = 2706675898.742987
maxcov = 270667589874.2987
