
[data]
trigger-time = 1910289746.9353733
injection-file = /home/ss/Prospects-of-LGWs/unlens/injection.hdf

[global]
instruments = E1 E2 E3
mass1_ref = 30.00000000045131
mass2_ref = 30.00000000230111
minchirp = 26.116416900081784
maxchirp = 26.116616900081784
mincov = 9588784794.79588
maxcov = 958878479479.5879
