
[data]
trigger-time = 1640952110.5018594
injection-file = /home/ss/Prospects-of-LGWs/unlens/injection.hdf

[global]
instruments = E1 E2 E3
mass1_ref = 30.000000003575952
mass2_ref = 30.00000000061105
minchirp = 26.116416900706223
maxchirp = 26.116616900706223
mincov = 9298343534.009853
maxcov = 929834353400.9854
