
[data]
trigger-time = 1422779714.9707642
injection-file = /home/ss/Prospects-of-LGWs/unlens/injection.hdf

[global]
instruments = E1 E2 E3
mass1_ref = 30.00000000691962
mass2_ref = 30.000000001379405
minchirp = 26.116416902496084
maxchirp = 26.116616902496084
mincov = 235576240.7751689
maxcov = 23557624077.51689
