
[data]
trigger-time = 1113065930.4074156
injection-file = /home/ss/Prospects-of-LGWs/unlens/injection.hdf

[global]
instruments = E1 E2 E3
mass1_ref = 30.000000006745147
mass2_ref = 30.000000008585065
minchirp = 26.116416905556587
maxchirp = 26.116616905556587
mincov = 11191963441.14338
maxcov = 1119196344114.338
