
[data]
trigger-time = 1624428769.586307
injection-file = /home/ss/Prospects-of-LGWs/unlens/injection.hdf

[global]
instruments = E1 E2 E3
mass1_ref = 30.00000000482173
mass2_ref = 30.000000009935587
minchirp = 26.11641690530722
maxchirp = 26.116616905307218
mincov = 818143183.5326512
maxcov = 81814318353.26512
