
[data]
trigger-time = 1815268929.6629987
injection-file = /home/ss/Prospects-of-LGWs/unlens/injection.hdf

[global]
instruments = E1 E2 E3
mass1_ref = 30.000000004899984
mass2_ref = 30.000000000533678
minchirp = 26.11641690124886
maxchirp = 26.11661690124886
mincov = 3711274810.57089
maxcov = 371127481057.089
