
[data]
trigger-time = 1638403670.8986177
injection-file = /home/ss/Prospects-of-LGWs/unlens/injection.hdf

[global]
instruments = E1 E2 E3
mass1_ref = 30.000000005775707
mass2_ref = 30.000000003974023
minchirp = 26.116416903127543
maxchirp = 26.116616903127543
mincov = 17456797990.999165
maxcov = 1745679799099.9165
