
[data]
trigger-time = 1973681293.0723932
injection-file = /home/ss/Prospects-of-LGWs/unlens/injection.hdf

[global]
instruments = E1 E2 E3
mass1_ref = 30.000000000833477
mass2_ref = 30.000000003846033
minchirp = 26.1164169009206
maxchirp = 26.1166169009206
mincov = 2594737186.2554903
maxcov = 259473718625.54904
