
[data]
trigger-time = 1243712845.368446
injection-file = /home/ss/Prospects-of-LGWs/unlens/injection.hdf

[global]
instruments = E1 E2 E3
mass1_ref = 30.000000002662723
mass2_ref = 30.000000006897665
minchirp = 26.116416903045124
maxchirp = 26.116616903045124
mincov = 8372703872.39884
maxcov = 837270387239.884
