
[data]
trigger-time = 1626507513.140821
injection-file = /home/ss/Prospects-of-LGWs/unlens/injection.hdf

[global]
instruments = E1 E2 E3
mass1_ref = 30.000000003141633
mass2_ref = 30.00000000640282
minchirp = 26.11641690303819
maxchirp = 26.11661690303819
mincov = 22867190925.408066
maxcov = 2286719092540.8066
