
[data]
trigger-time = 1596638115.9949672
injection-file = /home/ss/Prospects-of-LGWs/unlens/injection.hdf

[global]
instruments = E1 E2 E3
mass1_ref = 30.000000004516856
mass2_ref = 30.000000006526264
minchirp = 26.11641690369052
maxchirp = 26.11661690369052
mincov = 23182012.720558584
maxcov = 2318201272.0558586
