
[data]
trigger-time = 1824412115.7197006
injection-file = /home/ss/Prospects-of-LGWs/unlens/injection.hdf

[global]
instruments = E1 E2 E3
mass1_ref = 30.000000006396593
mass2_ref = 30.00000000801099
minchirp = 26.11641690515499
maxchirp = 26.116616905154988
mincov = 24504431793.184196
maxcov = 2450443179318.42
