
[data]
trigger-time = 1508341204.4386973
injection-file = /home/ss/Prospects-of-LGWs/unlens/injection.hdf

[global]
instruments = E1 E2 E3
mass1_ref = 30.00000000534309
mass2_ref = 30.000000009168772
minchirp = 26.116416905200378
maxchirp = 26.116616905200377
mincov = 8350564581.499857
maxcov = 835056458149.9856
