
[data]
trigger-time = 1208754605.1322002
injection-file = /home/ss/Prospects-of-LGWs/unlens/injection.hdf

[global]
instruments = E1 E2 E3
mass1_ref = 30.000000006202477
mass2_ref = 30.000000002084537
minchirp = 26.116416902490858
maxchirp = 26.116616902490858
mincov = 566696114.1745821
maxcov = 56669611417.458206
