
[data]
trigger-time = 1059771417.7683392
injection-file = /home/ss/Prospects-of-LGWs/unlens/injection.hdf

[global]
instruments = E1 E2 E3
mass1_ref = 30.000000006362956
mass2_ref = 30.000000001666187
minchirp = 26.116416902378614
maxchirp = 26.116616902378613
mincov = 26949618513.034508
maxcov = 2694961851303.451
