
[data]
trigger-time = 1607708790.829348
injection-file = /home/ss/Prospects-of-LGWs/unlens/injection.hdf

[global]
instruments = E1 E2 E3
mass1_ref = 30.00000000279067
mass2_ref = 30.00000000475369
minchirp = 26.1164169021676
maxchirp = 26.1166169021676
mincov = 10834518342.346653
maxcov = 1083451834234.6654
