
[data]
trigger-time = 1219122466.8465822
injection-file = /home/ss/Prospects-of-LGWs/unlens/injection.hdf

[global]
instruments = E1 E2 E3
mass1_ref = 30.000000002373994
mass2_ref = 30.000000001297042
minchirp = 26.116416900481635
maxchirp = 26.116616900481635
mincov = 14728754858.939388
maxcov = 1472875485893.939
