
[data]
trigger-time = 1768880607.9536097
injection-file = /home/ss/Prospects-of-LGWs/unlens/injection.hdf

[global]
instruments = E1 E2 E3
mass1_ref = 30.000000003844164
mass2_ref = 30.00000000821735
minchirp = 26.116416904133803
maxchirp = 26.116616904133803
mincov = 16158897042.400751
maxcov = 1615889704240.0752
