
[data]
trigger-time = 1982594712.854981
injection-file = /home/ss/Prospects-of-LGWs/unlens/injection.hdf

[global]
instruments = E1 E2 E3
mass1_ref = 30.000000005792284
mass2_ref = 30.00000000872697
minchirp = 26.1164169052036
maxchirp = 26.1166169052036
mincov = 12927703214.453512
maxcov = 1292770321445.3513
