
[data]
trigger-time = 1750415192.3210306
injection-file = /home/ss/Prospects-of-LGWs/unlens/injection.hdf

[global]
instruments = E1 E2 E3
mass1_ref = 30.000000008302628
mass2_ref = 30.000000009536727
minchirp = 26.116416906648755
maxchirp = 26.116616906648755
mincov = 21423405564.706585
maxcov = 2142340556470.6587
