
[data]
trigger-time = 1152250557.6875718
injection-file = /home/ss/Prospects-of-LGWs/unlens/injection.hdf

[global]
instruments = E1 E2 E3
mass1_ref = 30.000000008593982
mass2_ref = 30.000000004478775
minchirp = 26.11641690457397
maxchirp = 26.11661690457397
mincov = 2151206735.547737
maxcov = 215120673554.7737
