
[data]
trigger-time = 1901389671.9746952
injection-file = /home/ss/Prospects-of-LGWs/unlens/injection.hdf

[global]
instruments = E1 E2 E3
mass1_ref = 30.00000000900598
mass2_ref = 30.000000008245806
minchirp = 26.116416906393
maxchirp = 26.116616906393
mincov = 23394266852.555473
maxcov = 2339426685255.5474
