
[data]
trigger-time = 1924139137.9003592
injection-file = /home/ss/Prospects-of-LGWs/unlens/injection.hdf

[global]
instruments = E1 E2 E3
mass1_ref = 30.000000000576595
mass2_ref = 30.000000001892175
minchirp = 26.11641689995832
maxchirp = 26.11661689995832
mincov = 702095175.6828272
maxcov = 70209517568.28273
