
[data]
trigger-time = 1274423656.919
injection-file = /home/ss/Prospects-of-LGWs/unlens/injection.hdf

[global]
instruments = E1 E2 E3
mass1_ref = 30.000000002267587
mass2_ref = 30.000000001219117
minchirp = 26.1164169004014
maxchirp = 26.1166169004014
mincov = 3225114795.39629
maxcov = 322511479539.62897
