
[data]
trigger-time = 1323525855.3988004
injection-file = /home/ss/Prospects-of-LGWs/unlens/injection.hdf

[global]
instruments = E1 E2 E3
mass1_ref = 30.00000000838669
mass2_ref = 30.000000009995993
minchirp = 26.11641690688525
maxchirp = 26.11661690688525
mincov = 186755358.50356418
maxcov = 18675535850.35642
