
[data]
trigger-time = 1002687525.7677487
injection-file = /home/ss/Prospects-of-LGWs/unlens/injection.hdf

[global]
instruments = E1 E2 E3
mass1_ref = 30.00000000550929
mass2_ref = 30.000000002556625
minchirp = 26.11641690239462
maxchirp = 26.116616902394618
mincov = 6070690426.628518
maxcov = 607069042662.8518
