
[data]
trigger-time = 1910415234.7776115
injection-file = /home/ss/Prospects-of-LGWs/unlens/injection.hdf

[global]
instruments = E1 E2 E3
mass1_ref = 30.000000000841464
mass2_ref = 30.000000004323862
minchirp = 26.116416901132062
maxchirp = 26.116616901132062
mincov = 751702802.1605415
maxcov = 75170280216.05415
