
[data]
trigger-time = 1617821329.2495604
injection-file = /home/ss/Prospects-of-LGWs/unlens/injection.hdf

[global]
instruments = E1 E2 E3
mass1_ref = 30.000000000327223
mass2_ref = 30.00000000766595
minchirp = 26.116416902362953
maxchirp = 26.116616902362953
mincov = 22636383062.057518
maxcov = 2263638306205.752
