
[data]
trigger-time = 1378919308.2128448
injection-file = /home/ss/Prospects-of-LGWs/unlens/injection.hdf

[global]
instruments = E1 E2 E3
mass1_ref = 30.00000000220112
mass2_ref = 30.00000000163777
minchirp = 26.1164169005547
maxchirp = 26.1166169005547
mincov = 5187335774.099765
maxcov = 518733577409.9765
