
[data]
trigger-time = 1423111510.1026402
injection-file = /home/ss/Prospects-of-LGWs/unlens/injection.hdf

[global]
instruments = E1 E2 E3
mass1_ref = 30.00000000973552
mass2_ref = 30.000000008964786
minchirp = 26.116416907023506
maxchirp = 26.116616907023506
mincov = 275769194.5735586
maxcov = 27576919457.35586
