
[data]
trigger-time = 1492575066.9418595
injection-file = /home/ss/Prospects-of-LGWs/unlens/injection.hdf

[global]
instruments = E1 E2 E3
mass1_ref = 30.00000000213961
mass2_ref = 30.000000000790557
minchirp = 26.116416900159155
maxchirp = 26.116616900159155
mincov = 22688098240.534534
maxcov = 2268809824053.453
