
[data]
trigger-time = 1562747666.39784
injection-file = /home/ss/Prospects-of-LGWs/unlens/injection.hdf

[global]
instruments = E1 E2 E3
mass1_ref = 30.000000004771554
mass2_ref = 30.000000008921397
minchirp = 26.116416904843927
maxchirp = 26.116616904843927
mincov = 20645773546.931034
maxcov = 2064577354693.1033
