
[data]
trigger-time = 1755111830.5082407
injection-file = /home/ss/Prospects-of-LGWs/unlens/injection.hdf

[global]
instruments = E1 E2 E3
mass1_ref = 30.000000001277737
mass2_ref = 30.00000000122679
minchirp = 26.116416899973885
maxchirp = 26.116616899973884
mincov = 10783919568.72501
maxcov = 1078391956872.501
