
[data]
trigger-time = 1242947652.600256
injection-file = /home/ss/Prospects-of-LGWs/unlens/injection.hdf

[global]
instruments = E1 E2 E3
mass1_ref = 30.000000007281287
mass2_ref = 30.000000002040245
minchirp = 26.116416902941157
maxchirp = 26.116616902941157
mincov = 12536989591.832539
maxcov = 1253698959183.254
