
[data]
trigger-time = 1986869961.9606075
injection-file = /home/ss/Prospects-of-LGWs/unlens/injection.hdf

[global]
instruments = E1 E2 E3
mass1_ref = 30.00000000718066
mass2_ref = 30.0000000049993
minchirp = 26.11641690418536
maxchirp = 26.11661690418536
mincov = 30030689480.84964
maxcov = 3003068948084.964
