
[data]
trigger-time = 1690015063.123268
injection-file = /home/ss/Prospects-of-LGWs/unlens/injection.hdf

[global]
instruments = E1 E2 E3
mass1_ref = 30.000000007004363
mass2_ref = 30.0000000028288
minchirp = 26.11641690316386
maxchirp = 26.11661690316386
mincov = 11670987529.711983
maxcov = 1167098752971.1982
