
[data]
trigger-time = 1211950310.3421092
injection-file = /home/ss/Prospects-of-LGWs/unlens/injection.hdf

[global]
instruments = E1 E2 E3
mass1_ref = 30.000000002768694
mass2_ref = 30.000000002413156
minchirp = 26.116416901139257
maxchirp = 26.116616901139256
mincov = 15799710902.147547
maxcov = 1579971090214.7546
