
[data]
trigger-time = 1544439914.0228524
injection-file = /home/ss/Prospects-of-LGWs/unlens/injection.hdf

[global]
instruments = E1 E2 E3
mass1_ref = 30.000000002093397
mass2_ref = 30.000000006558864
minchirp = 26.116416902649842
maxchirp = 26.11661690264984
mincov = 31353958919.946648
maxcov = 3135395891994.665
