
[data]
trigger-time = 1645027612.1674018
injection-file = /home/ss/Prospects-of-LGWs/unlens/injection.hdf

[global]
instruments = E1 E2 E3
mass1_ref = 30.000000008583537
mass2_ref = 30.000000007215682
minchirp = 26.116416905760737
maxchirp = 26.116616905760736
mincov = 9339291484.675245
maxcov = 933929148467.5245
