
[data]
trigger-time = 1758101952.092219
injection-file = /home/ss/Prospects-of-LGWs/unlens/injection.hdf

[global]
instruments = E1 E2 E3
mass1_ref = 30.000000002223036
mass2_ref = 30.000000006014304
minchirp = 26.116416902469236
maxchirp = 26.116616902469236
mincov = 15200726939.559235
maxcov = 1520072693955.9233
