
[data]
trigger-time = 1494199235.1755824
injection-file = /home/ss/Prospects-of-LGWs/unlens/injection.hdf

[global]
instruments = E1 E2 E3
mass1_ref = 30.000000008854567
mass2_ref = 30.000000004274717
minchirp = 26.11641690459858
maxchirp = 26.11661690459858
mincov = 12843614602.118505
maxcov = 1284361460211.8506
