
[data]
trigger-time = 1373227368.6810908
injection-file = /home/ss/Prospects-of-LGWs/unlens/injection.hdf

[global]
instruments = E1 E2 E3
mass1_ref = 30.000000004554952
mass2_ref = 30.000000002947953
minchirp = 26.116416902149552
maxchirp = 26.116616902149552
mincov = 177657787.12611052
maxcov = 17765778712.611053
