
[data]
trigger-time = 1803459120.4977453
injection-file = /home/ss/Prospects-of-LGWs/unlens/injection.hdf

[global]
instruments = E1 E2 E3
mass1_ref = 30.0000000011091
mass2_ref = 30.00000000802135
minchirp = 26.11641690285798
maxchirp = 26.11661690285798
mincov = 632428684.1424552
maxcov = 63242868414.24552
