
[data]
trigger-time = 1168487103.1000493
injection-file = /home/ss/Prospects-of-LGWs/unlens/injection.hdf

[global]
instruments = E1 E2 E3
mass1_ref = 30.00000000650153
mass2_ref = 30.000000002939544
minchirp = 26.11641690299319
maxchirp = 26.11661690299319
mincov = 5691841407.823599
maxcov = 569184140782.3599
