
[data]
trigger-time = 1445270235.8499904
injection-file = /home/ss/Prospects-of-LGWs/unlens/injection.hdf

[global]
instruments = E1 E2 E3
mass1_ref = 30.00000000694395
mass2_ref = 30.000000004531287
minchirp = 26.116416903878612
maxchirp = 26.11661690387861
mincov = 10418073820.109402
maxcov = 1041807382010.9401
