
[data]
trigger-time = 1048695748.8129172
injection-file = /home/ss/Prospects-of-LGWs/unlens/injection.hdf

[global]
instruments = E1 E2 E3
mass1_ref = 30.000000005942674
mass2_ref = 30.000000002398682
minchirp = 26.116416902514512
maxchirp = 26.11661690251451
mincov = 26776454616.22892
maxcov = 2677645461622.892
