
[data]
trigger-time = 1198712268.3431947
injection-file = /home/ss/Prospects-of-LGWs/unlens/injection.hdf

[global]
instruments = E1 E2 E3
mass1_ref = 30.000000008446737
mass2_ref = 30.000000000491085
minchirp = 26.116416902774137
maxchirp = 26.116616902774137
mincov = 15831396486.43006
maxcov = 1583139648643.0059
