
[data]
trigger-time = 1108182255.4854596
injection-file = /home/ss/Prospects-of-LGWs/unlens/injection.hdf

[global]
instruments = E1 E2 E3
mass1_ref = 30.00000000413468
mass2_ref = 30.000000006070383
minchirp = 26.116416903325735
maxchirp = 26.116616903325735
mincov = 18418312511.899906
maxcov = 1841831251189.9905
