
[data]
trigger-time = 1215054303.3870997
injection-file = /home/ss/Prospects-of-LGWs/unlens/injection.hdf

[global]
instruments = E1 E2 E3
mass1_ref = 30.000000009167454
mass2_ref = 30.00000000185908
minchirp = 26.1164169036833
maxchirp = 26.1166169036833
mincov = 21881944917.080147
maxcov = 2188194491708.0146
