
[data]
trigger-time = 1906359010.9742165
injection-file = /home/ss/Prospects-of-LGWs/unlens/injection.hdf

[global]
instruments = E1 E2 E3
mass1_ref = 30.000000007801905
mass2_ref = 30.000000005726708
minchirp = 26.116416904772393
maxchirp = 26.116616904772393
mincov = 1904933660.7396545
maxcov = 190493366073.96545
