
[data]
trigger-time = 1457724542.8892007
injection-file = /home/ss/Prospects-of-LGWs/unlens/injection.hdf

[global]
instruments = E1 E2 E3
mass1_ref = 30.00000000997728
mass2_ref = 30.000000000419444
minchirp = 26.11641690340916
maxchirp = 26.11661690340916
mincov = 14002998193.954922
maxcov = 1400299819395.4922
