
[data]
trigger-time = 1996105453.9054048
injection-file = /home/ss/Prospects-of-LGWs/unlens/injection.hdf

[global]
instruments = E1 E2 E3
mass1_ref = 30.00000000026733
mass2_ref = 30.00000000989881
minchirp = 26.116416903308792
maxchirp = 26.116616903308792
mincov = 9966282127.812208
maxcov = 996628212781.2208
