
[data]
trigger-time = 1164068657.09067
injection-file = /home/ss/Prospects-of-LGWs/unlens/injection.hdf

[global]
instruments = E1 E2 E3
mass1_ref = 30.000000000736012
mass2_ref = 30.000000000895916
minchirp = 26.116416899594064
maxchirp = 26.116616899594064
mincov = 158445088.208006
maxcov = 15844508820.8006
