
[data]
trigger-time = 1279083559.3911119
injection-file = /home/ss/Prospects-of-LGWs/unlens/injection.hdf

[global]
instruments = E1 E2 E3
mass1_ref = 30.000000001151577
mass2_ref = 30.000000004625054
minchirp = 26.116416901398146
maxchirp = 26.116616901398146
mincov = 35975815.65945029
maxcov = 3597581565.9450293
