
[data]
trigger-time = 1226276874.2056746
injection-file = /home/ss/Prospects-of-LGWs/unlens/injection.hdf

[global]
instruments = E1 E2 E3
mass1_ref = 30.000000006600548
mass2_ref = 30.000000007346287
minchirp = 26.116416904954438
maxchirp = 26.116616904954437
mincov = 21441045773.120148
maxcov = 2144104577312.0146
