
[data]
trigger-time = 1421441639.1308367
injection-file = /home/ss/Prospects-of-LGWs/unlens/injection.hdf

[global]
instruments = E1 E2 E3
mass1_ref = 30.00000000176108
mass2_ref = 30.000000005853266
minchirp = 26.11641690219806
maxchirp = 26.11661690219806
mincov = 5976692373.098234
maxcov = 597669237309.8235
