
[data]
trigger-time = 1084609473.8978062
injection-file = /home/ss/Prospects-of-LGWs/unlens/injection.hdf

[global]
instruments = E1 E2 E3
mass1_ref = 30.000000001002807
mass2_ref = 30.00000000331532
minchirp = 26.1164169007633
maxchirp = 26.1166169007633
mincov = 3951739138.109736
maxcov = 395173913810.9736
