
[data]
trigger-time = 1475447655.948629
injection-file = /home/ss/Prospects-of-LGWs/unlens/injection.hdf

[global]
instruments = E1 E2 E3
mass1_ref = 30.000000003226457
mass2_ref = 30.00000000871318
minchirp = 26.116416904080754
maxchirp = 26.116616904080754
mincov = 377490433.1067463
maxcov = 37749043310.67463
