
[data]
trigger-time = 1162593755.6075134
injection-file = /home/ss/Prospects-of-LGWs/unlens/injection.hdf

[global]
instruments = E1 E2 E3
mass1_ref = 30.000000005305704
mass2_ref = 30.000000006023228
minchirp = 26.11641690381493
maxchirp = 26.11661690381493
mincov = 26626321554.42382
maxcov = 2662632155442.3823
