
[data]
trigger-time = 1015128266.0488907
injection-file = /home/ss/Prospects-of-LGWs/unlens/injection.hdf

[global]
instruments = E1 E2 E3
mass1_ref = 30.00000000932504
mass2_ref = 30.000000005075538
minchirp = 26.11641690515194
maxchirp = 26.11661690515194
mincov = 19094711565.713356
maxcov = 1909471156571.3354
