
[data]
trigger-time = 1046299142.9925195
injection-file = /home/ss/Prospects-of-LGWs/unlens/injection.hdf

[global]
instruments = E1 E2 E3
mass1_ref = 30.000000003182745
mass2_ref = 30.00000000683817
minchirp = 26.116416903245582
maxchirp = 26.116616903245582
mincov = 8019415762.839468
maxcov = 801941576283.9468
