
[data]
trigger-time = 1151622514.4032912
injection-file = /home/ss/Prospects-of-LGWs/unlens/injection.hdf

[global]
instruments = E1 E2 E3
mass1_ref = 30.000000003664635
mass2_ref = 30.000000009202346
minchirp = 26.116416904484403
maxchirp = 26.116616904484403
mincov = 2210943993.3689146
maxcov = 221094399336.89148
