
[data]
trigger-time = 1091830766.7612586
injection-file = /home/ss/Prospects-of-LGWs/unlens/injection.hdf

[global]
instruments = E1 E2 E3
mass1_ref = 30.00000000394124
mass2_ref = 30.00000000489443
minchirp = 26.11641690272967
maxchirp = 26.11661690272967
mincov = 3093674.3589318427
maxcov = 309367435.8931843
