
[data]
trigger-time = 1033012560.1793128
injection-file = /home/ss/Prospects-of-LGWs/unlens/injection.hdf

[global]
instruments = E1 E2 E3
mass1_ref = 30.000000008420656
mass2_ref = 30.000000008813032
minchirp = 26.116416906385123
maxchirp = 26.116616906385122
mincov = 30435477806.858044
maxcov = 3043547780685.8047
