
[data]
trigger-time = 1174702703.346499
injection-file = /home/ss/Prospects-of-LGWs/unlens/injection.hdf

[global]
instruments = E1 E2 E3
mass1_ref = 30.000000004385907
mass2_ref = 30.000000002278977
minchirp = 26.116416901784785
maxchirp = 26.116616901784784
mincov = 257217739.90397835
maxcov = 25721773990.397835
