
[data]
trigger-time = 1642177704.489057
injection-file = /home/ss/Prospects-of-LGWs/unlens/injection.hdf

[global]
instruments = E1 E2 E3
mass1_ref = 30.000000006838064
mass2_ref = 30.00000000322743
minchirp = 26.116416903264987
maxchirp = 26.116616903264987
mincov = 13154870345.30306
maxcov = 1315487034530.3062
