
[data]
trigger-time = 1896640238.6959844
injection-file = /home/ss/Prospects-of-LGWs/unlens/injection.hdf

[global]
instruments = E1 E2 E3
mass1_ref = 30.000000003218297
mass2_ref = 30.000000005425996
minchirp = 26.11641690264637
maxchirp = 26.11661690264637
mincov = 8069832068.802846
maxcov = 806983206880.2845
