
[data]
trigger-time = 1716857852.070107
injection-file = /home/ss/Prospects-of-LGWs/unlens/injection.hdf

[global]
instruments = E1 E2 E3
mass1_ref = 30.00000000691382
mass2_ref = 30.000000006375352
minchirp = 26.11641690466817
maxchirp = 26.11661690466817
mincov = 14057028.30997
maxcov = 1405702830.997
