
[data]
trigger-time = 1060986735.7951925
injection-file = /home/ss/Prospects-of-LGWs/unlens/injection.hdf

[global]
instruments = E1 E2 E3
mass1_ref = 30.000000003339135
mass2_ref = 30.000000005764715
minchirp = 26.116416902846407
maxchirp = 26.116616902846406
mincov = 21512628642.988945
maxcov = 2151262864298.8945
