
[data]
trigger-time = 1787946543.504167
injection-file = /home/ss/Prospects-of-LGWs/unlens/injection.hdf

[global]
instruments = E1 E2 E3
mass1_ref = 30.00000000471964
mass2_ref = 30.000000009176233
minchirp = 26.116416904932258
maxchirp = 26.116616904932258
mincov = 767112456.5594625
maxcov = 76711245655.94626
