
[data]
trigger-time = 1628370123.533821
injection-file = /home/ss/Prospects-of-LGWs/unlens/injection.hdf

[global]
instruments = E1 E2 E3
mass1_ref = 30.000000003803187
mass2_ref = 30.00000000817643
minchirp = 26.116416904098156
maxchirp = 26.116616904098155
mincov = 27780739309.20115
maxcov = 2778073930920.1147
