
[data]
trigger-time = 1335618917.5255527
injection-file = /home/ss/Prospects-of-LGWs/unlens/injection.hdf

[global]
instruments = E1 E2 E3
mass1_ref = 30.000000007857683
mass2_ref = 30.00000000058635
minchirp = 26.1164169025592
maxchirp = 26.1166169025592
mincov = 307337519.1990621
maxcov = 30733751919.90621
