
[data]
trigger-time = 1579010432.6492512
injection-file = /home/ss/Prospects-of-LGWs/unlens/injection.hdf

[global]
instruments = E1 E2 E3
mass1_ref = 30.000000009999408
mass2_ref = 30.000000002631527
minchirp = 26.11641690438166
maxchirp = 26.116616904381658
mincov = 13209068927.048111
maxcov = 1320906892704.811
