
[data]
trigger-time = 1917910876.9061272
injection-file = /home/ss/Prospects-of-LGWs/unlens/injection.hdf

[global]
instruments = E1 E2 E3
mass1_ref = 30.00000000319995
mass2_ref = 30.000000001322018
minchirp = 26.116416900852027
maxchirp = 26.116616900852026
mincov = 5850559306.294058
maxcov = 585055930629.4058
