
[data]
trigger-time = 1765349581.7506633
injection-file = /home/ss/Prospects-of-LGWs/unlens/injection.hdf

[global]
instruments = E1 E2 E3
mass1_ref = 30.000000000307033
mass2_ref = 30.000000000236984
minchirp = 26.116416899120523
maxchirp = 26.116616899120523
mincov = 1568054300.7195678
maxcov = 156805430071.95676
