
[data]
trigger-time = 1471006965.427695
injection-file = /home/ss/Prospects-of-LGWs/unlens/injection.hdf

[global]
instruments = E1 E2 E3
mass1_ref = 30.00000000539658
mass2_ref = 30.000000003308045
minchirp = 26.116416902672633
maxchirp = 26.116616902672632
mincov = 15612693956.561956
maxcov = 1561269395656.1958
