
[data]
trigger-time = 1088583403.3369188
injection-file = /home/ss/Prospects-of-LGWs/unlens/injection.hdf

[global]
instruments = E1 E2 E3
mass1_ref = 30.000000005618627
mass2_ref = 30.000000007214048
minchirp = 26.11641690446947
maxchirp = 26.11661690446947
mincov = 510158080.61635864
maxcov = 51015808061.635864
