
[data]
trigger-time = 1549771495.0340915
injection-file = /home/ss/Prospects-of-LGWs/unlens/injection.hdf

[global]
instruments = E1 E2 E3
mass1_ref = 30.00000000410006
mass2_ref = 30.00000000555864
minchirp = 26.116416903087917
maxchirp = 26.116616903087916
mincov = 2631945904.980844
maxcov = 263194590498.0844
