
[data]
trigger-time = 1713348657.7863955
injection-file = /home/ss/Prospects-of-LGWs/unlens/injection.hdf

[global]
instruments = E1 E2 E3
mass1_ref = 30.000000009928804
mass2_ref = 30.000000007452748
minchirp = 26.116416906449484
maxchirp = 26.116616906449483
mincov = 13456653005.348316
maxcov = 1345665300534.8315
