
[data]
trigger-time = 1535526317.5602012
injection-file = /home/ss/Prospects-of-LGWs/unlens/injection.hdf

[global]
instruments = E1 E2 E3
mass1_ref = 30.00000000507597
mass2_ref = 30.000000009087277
minchirp = 26.116416905048634
maxchirp = 26.116616905048634
mincov = 114904159.22088683
maxcov = 11490415922.088682
