
[data]
trigger-time = 1618004913.0548959
injection-file = /home/ss/Prospects-of-LGWs/unlens/injection.hdf

[global]
instruments = E1 E2 E3
mass1_ref = 30.000000008866905
mass2_ref = 30.000000005574154
minchirp = 26.11641690516956
maxchirp = 26.11661690516956
mincov = 809871050.6522585
maxcov = 80987105065.22585
