
[data]
trigger-time = 1443130854.6782174
injection-file = /home/ss/Prospects-of-LGWs/unlens/injection.hdf

[global]
instruments = E1 E2 E3
mass1_ref = 30.00000000055653
mass2_ref = 30.000000006733014
minchirp = 26.11641690205668
maxchirp = 26.11661690205668
mincov = 31504478580.889458
maxcov = 3150447858088.946
