
[data]
trigger-time = 1611248758.4917154
injection-file = /home/ss/Prospects-of-LGWs/unlens/injection.hdf

[global]
instruments = E1 E2 E3
mass1_ref = 30.000000003379768
mass2_ref = 30.000000000439908
minchirp = 26.116416900546337
maxchirp = 26.116616900546337
mincov = 2063259242.6340764
maxcov = 206325924263.40762
