
[data]
trigger-time = 1567527122.5522716
injection-file = /home/ss/Prospects-of-LGWs/unlens/injection.hdf

[global]
instruments = E1 E2 E3
mass1_ref = 30.00000000809537
mass2_ref = 30.000000006707616
minchirp = 26.116416905327096
maxchirp = 26.116616905327096
mincov = 10921829.882300306
maxcov = 1092182988.2300305
