
[data]
trigger-time = 1323786925.624032
injection-file = /home/ss/Prospects-of-LGWs/unlens/injection.hdf

[global]
instruments = E1 E2 E3
mass1_ref = 30.000000005342187
mass2_ref = 30.00000000606169
minchirp = 26.11641690384755
maxchirp = 26.11661690384755
mincov = 1635954476.6511953
maxcov = 163595447665.11954
