
[data]
trigger-time = 1237144932.292902
injection-file = /home/ss/Prospects-of-LGWs/unlens/injection.hdf

[global]
instruments = E1 E2 E3
mass1_ref = 30.000000000659906
mass2_ref = 30.000000000830397
minchirp = 26.116416899532418
maxchirp = 26.116616899532417
mincov = 22764774400.6068
maxcov = 2276477440060.6797
