
[data]
trigger-time = 1982954989.044484
injection-file = /home/ss/Prospects-of-LGWs/unlens/injection.hdf

[global]
instruments = E1 E2 E3
mass1_ref = 30.000000007204143
mass2_ref = 30.000000006957993
minchirp = 26.116416905048155
maxchirp = 26.116616905048154
mincov = 17815129276.936985
maxcov = 1781512927693.6985
