
[data]
trigger-time = 1630586436.2192059
injection-file = /home/ss/Prospects-of-LGWs/unlens/injection.hdf

[global]
instruments = E1 E2 E3
mass1_ref = 30.000000005933988
mass2_ref = 30.000000009379292
minchirp = 26.11641690554922
maxchirp = 26.11661690554922
mincov = 21165061101.310192
maxcov = 2116506110131.0193
