
[data]
trigger-time = 1408868374.7807434
injection-file = /home/ss/Prospects-of-LGWs/unlens/injection.hdf

[global]
instruments = E1 E2 E3
mass1_ref = 30.000000000701238
mass2_ref = 30.000000003539007
minchirp = 26.116416900729398
maxchirp = 26.116616900729397
mincov = 9668135105.639294
maxcov = 966813510563.9294
