
[data]
trigger-time = 1461813183.039344
injection-file = /home/ss/Prospects-of-LGWs/unlens/injection.hdf

[global]
instruments = E1 E2 E3
mass1_ref = 30.00000000101825
mass2_ref = 30.000000007677432
minchirp = 26.116416902668742
maxchirp = 26.116616902668742
mincov = 18646272.583359323
maxcov = 1864627258.3359325
