
[data]
trigger-time = 1090283530.0379176
injection-file = /home/ss/Prospects-of-LGWs/unlens/injection.hdf

[global]
instruments = E1 E2 E3
mass1_ref = 30.000000005170055
mass2_ref = 30.00000000847656
minchirp = 26.11641690482376
maxchirp = 26.11661690482376
mincov = 9148047678.313261
maxcov = 914804767831.3262
