
[data]
trigger-time = 1032612620.2079012
injection-file = /home/ss/Prospects-of-LGWs/unlens/injection.hdf

[global]
instruments = E1 E2 E3
mass1_ref = 30.000000006106177
mass2_ref = 30.000000003133497
minchirp = 26.116416902905527
maxchirp = 26.116616902905527
mincov = 11934454416.380335
maxcov = 1193445441638.0334
