
[data]
trigger-time = 1624624087.5665414
injection-file = /home/ss/Prospects-of-LGWs/unlens/injection.hdf

[global]
instruments = E1 E2 E3
mass1_ref = 30.000000002281066
mass2_ref = 30.000000001469598
minchirp = 26.116416900516295
maxchirp = 26.116616900516295
mincov = 20578006174.71604
maxcov = 2057800617471.604
