
[data]
trigger-time = 1128608737.6046104
injection-file = /home/ss/Prospects-of-LGWs/unlens/injection.hdf

[global]
instruments = E1 E2 E3
mass1_ref = 30.000000001621615
mass2_ref = 30.00000000863421
minchirp = 26.11641690334783
maxchirp = 26.11661690334783
mincov = 7469733500.095337
maxcov = 746973350009.5337
