
[data]
trigger-time = 1150890752.7295907
injection-file = /home/ss/Prospects-of-LGWs/unlens/injection.hdf

[global]
instruments = E1 E2 E3
mass1_ref = 30.000000004799094
mass2_ref = 30.00000000410913
minchirp = 26.116416902761255
maxchirp = 26.116616902761255
mincov = 2154647233.2665257
maxcov = 215464723326.65256
