
[data]
trigger-time = 1310825987.7242446
injection-file = /home/ss/Prospects-of-LGWs/unlens/injection.hdf

[global]
instruments = E1 E2 E3
mass1_ref = 30.00000000366187
mass2_ref = 30.000000004784376
minchirp = 26.116416902560168
maxchirp = 26.116616902560168
mincov = 1644906417.4296162
maxcov = 164490641742.9616
