
[data]
trigger-time = 1753945199.9597802
injection-file = /home/ss/Prospects-of-LGWs/unlens/injection.hdf

[global]
instruments = E1 E2 E3
mass1_ref = 30.00000000802668
mass2_ref = 30.000000007826845
minchirp = 26.116416905784373
maxchirp = 26.116616905784372
mincov = 21672387529.38192
maxcov = 2167238752938.1921
