
[data]
trigger-time = 1636825206.8254147
injection-file = /home/ss/Prospects-of-LGWs/unlens/injection.hdf

[global]
instruments = E1 E2 E3
mass1_ref = 30.00000000689788
mass2_ref = 30.000000008845394
minchirp = 26.116416905736383
maxchirp = 26.116616905736382
mincov = 1962904481.910382
maxcov = 196290448191.0382
