
[data]
trigger-time = 1027016663.2589759
injection-file = /home/ss/Prospects-of-LGWs/unlens/injection.hdf

[global]
instruments = E1 E2 E3
mass1_ref = 30.000000000329717
mass2_ref = 30.000000000988063
minchirp = 26.11641689945732
maxchirp = 26.11661689945732
mincov = 5592019245.564211
maxcov = 559201924556.4211
