
[data]
trigger-time = 1583965947.8879452
injection-file = /home/ss/Prospects-of-LGWs/unlens/injection.hdf

[global]
instruments = E1 E2 E3
mass1_ref = 30.000000007171995
mass2_ref = 30.00000000996832
minchirp = 26.11641690634448
maxchirp = 26.11661690634448
mincov = 5230957885.796528
maxcov = 523095788579.6528
