
[data]
trigger-time = 1028651144.2727988
injection-file = /home/ss/Prospects-of-LGWs/unlens/injection.hdf

[global]
instruments = E1 E2 E3
mass1_ref = 30.00000000573591
mass2_ref = 30.000000000811404
minchirp = 26.116416901733608
maxchirp = 26.116616901733607
mincov = 2548672405.7991543
maxcov = 254867240579.91544
