
[data]
trigger-time = 1897348797.9998543
injection-file = /home/ss/Prospects-of-LGWs/unlens/injection.hdf

[global]
instruments = E1 E2 E3
mass1_ref = 30.000000002169497
mass2_ref = 30.000000006810797
minchirp = 26.116416902792626
maxchirp = 26.116616902792625
mincov = 18530471672.459694
maxcov = 1853047167245.9692
