
[data]
trigger-time = 1692869259.3534546
injection-file = /home/ss/Prospects-of-LGWs/unlens/injection.hdf

[global]
instruments = E1 E2 E3
mass1_ref = 30.00000000977475
mass2_ref = 30.000000001203308
minchirp = 26.116416903662202
maxchirp = 26.1166169036622
mincov = 23327304187.150345
maxcov = 2332730418715.0347
