
[data]
trigger-time = 1920631368.0584397
injection-file = /home/ss/Prospects-of-LGWs/unlens/injection.hdf

[global]
instruments = E1 E2 E3
mass1_ref = 30.000000009641333
mass2_ref = 30.000000004734865
minchirp = 26.116416905141328
maxchirp = 26.116616905141328
mincov = 18140236778.289467
maxcov = 1814023677828.9465
