
[data]
trigger-time = 1584339642.0706162
injection-file = /home/ss/Prospects-of-LGWs/unlens/injection.hdf

[global]
instruments = E1 E2 E3
mass1_ref = 30.00000000593925
mass2_ref = 30.000000006715602
minchirp = 26.116416904392068
maxchirp = 26.116616904392068
mincov = 22214955950.465782
maxcov = 2221495595046.578
