
[data]
trigger-time = 1115970364.889621
injection-file = /home/ss/Prospects-of-LGWs/unlens/injection.hdf

[global]
instruments = E1 E2 E3
mass1_ref = 30.00000000271539
mass2_ref = 30.000000004023885
minchirp = 26.11641690181716
maxchirp = 26.11661690181716
mincov = 420822193.1397073
maxcov = 42082219313.97073
