
[data]
trigger-time = 1176730958.559285
injection-file = /home/ss/Prospects-of-LGWs/unlens/injection.hdf

[global]
instruments = E1 E2 E3
mass1_ref = 30.00000000465459
mass2_ref = 30.000000003786234
minchirp = 26.116416902557805
maxchirp = 26.116616902557805
mincov = 16210378913.688385
maxcov = 1621037891368.8384
