
[data]
trigger-time = 1432124938.4902623
injection-file = /home/ss/Prospects-of-LGWs/unlens/injection.hdf

[global]
instruments = E1 E2 E3
mass1_ref = 30.00000000078816
mass2_ref = 30.00000000113588
minchirp = 26.116416899721212
maxchirp = 26.116616899721212
mincov = 12646673914.654797
maxcov = 1264667391465.4795
