
[data]
trigger-time = 1224272425.798326
injection-file = /home/ss/Prospects-of-LGWs/unlens/injection.hdf

[global]
instruments = E1 E2 E3
mass1_ref = 30.00000000324646
mass2_ref = 30.0000000071845
minchirp = 26.116416903424064
maxchirp = 26.116616903424063
mincov = 11483110.966578886
maxcov = 1148311096.6578887
