
[data]
trigger-time = 1772412245.1297035
injection-file = /home/ss/Prospects-of-LGWs/unlens/injection.hdf

[global]
instruments = E1 E2 E3
mass1_ref = 30.000000000015337
mass2_ref = 30.00000000254352
minchirp = 26.11641689999753
maxchirp = 26.11661689999753
mincov = 15564807406.86555
maxcov = 1556480740686.555
