
[data]
trigger-time = 1771358290.7747512
injection-file = /home/ss/Prospects-of-LGWs/unlens/injection.hdf

[global]
instruments = E1 E2 E3
mass1_ref = 30.000000000731088
mass2_ref = 30.000000003649706
minchirp = 26.116416900790576
maxchirp = 26.116616900790575
mincov = 1717881144.4817579
maxcov = 171788114448.17578
