
[data]
trigger-time = 1170383645.2524095
injection-file = /home/ss/Prospects-of-LGWs/unlens/injection.hdf

[global]
instruments = E1 E2 E3
mass1_ref = 30.000000007541264
mass2_ref = 30.00000000868957
minchirp = 26.116416905948604
maxchirp = 26.116616905948604
mincov = 6359237.174134045
maxcov = 635923717.4134045
