
[data]
trigger-time = 1386815437.6946971
injection-file = /home/ss/Prospects-of-LGWs/unlens/injection.hdf

[global]
instruments = E1 E2 E3
mass1_ref = 30.0000000002327
mass2_ref = 30.00000000763256
minchirp = 26.11641690230728
maxchirp = 26.11661690230728
mincov = 20482261084.56925
maxcov = 2048226108456.9248
