
[data]
trigger-time = 1588234260.7214606
injection-file = /home/ss/Prospects-of-LGWs/unlens/injection.hdf

[global]
instruments = E1 E2 E3
mass1_ref = 30.000000008612147
mass2_ref = 30.00000000566944
minchirp = 26.11641690510015
maxchirp = 26.116616905100148
mincov = 22528755672.767128
maxcov = 2252875567276.713
