
[data]
trigger-time = 1908456501.349412
injection-file = /home/ss/Prospects-of-LGWs/unlens/injection.hdf

[global]
instruments = E1 E2 E3
mass1_ref = 30.00000000421089
mass2_ref = 30.000000007001244
minchirp = 26.11641690376409
maxchirp = 26.11661690376409
mincov = 943207188.3973154
maxcov = 94320718839.73154
