
[data]
trigger-time = 1447217074.868105
injection-file = /home/ss/Prospects-of-LGWs/unlens/injection.hdf

[global]
instruments = E1 E2 E3
mass1_ref = 30.00000000122671
mass2_ref = 30.000000009548444
minchirp = 26.11641690357388
maxchirp = 26.11661690357388
mincov = 18083996834.664925
maxcov = 1808399683466.4922
