
[data]
trigger-time = 1306919645.257056
injection-file = /home/ss/Prospects-of-LGWs/unlens/injection.hdf

[global]
instruments = E1 E2 E3
mass1_ref = 30.000000002565315
mass2_ref = 30.000000002563926
minchirp = 26.116416901116356
maxchirp = 26.116616901116355
mincov = 133974439.86859386
maxcov = 13397443986.859386
