
[data]
trigger-time = 1278198435.0688848
injection-file = /home/ss/Prospects-of-LGWs/unlens/injection.hdf

[global]
instruments = E1 E2 E3
mass1_ref = 30.000000004884402
mass2_ref = 30.000000007095295
minchirp = 26.11641690409819
maxchirp = 26.11661690409819
mincov = 11209237.771258213
maxcov = 1120923777.1258214
