
[data]
trigger-time = 1036573316.8268746
injection-file = /home/ss/Prospects-of-LGWs/unlens/injection.hdf

[global]
instruments = E1 E2 E3
mass1_ref = 30.00000000342033
mass2_ref = 30.00000000653916
minchirp = 26.116416903218845
maxchirp = 26.116616903218844
mincov = 8242632830.620634
maxcov = 824263283062.0635
