
[data]
trigger-time = 1056825382.5020378
injection-file = /home/ss/Prospects-of-LGWs/unlens/injection.hdf

[global]
instruments = E1 E2 E3
mass1_ref = 30.000000006444054
mass2_ref = 30.000000004197553
minchirp = 26.116416903515752
maxchirp = 26.11661690351575
mincov = 4413536002.171888
maxcov = 441353600217.1888
