
[data]
trigger-time = 1541951218.1689906
injection-file = /home/ss/Prospects-of-LGWs/unlens/injection.hdf

[global]
instruments = E1 E2 E3
mass1_ref = 30.000000003394725
mass2_ref = 30.0000000073665
minchirp = 26.11641690356782
maxchirp = 26.11661690356782
mincov = 14920513494.564152
maxcov = 1492051349456.415
