
[data]
trigger-time = 1202123508.6276648
injection-file = /home/ss/Prospects-of-LGWs/unlens/injection.hdf

[global]
instruments = E1 E2 E3
mass1_ref = 30.000000005955325
mass2_ref = 30.000000009097775
minchirp = 26.11641690543597
maxchirp = 26.11661690543597
mincov = 17080694543.506033
maxcov = 1708069454350.6033
