
[data]
trigger-time = 1184445718.8338065
injection-file = /home/ss/Prospects-of-LGWs/unlens/injection.hdf

[global]
instruments = E1 E2 E3
mass1_ref = 30.00000000162768
mass2_ref = 30.000000000459103
minchirp = 26.11641689979205
maxchirp = 26.11661689979205
mincov = 16470126266.172207
maxcov = 1647012626617.2207
