
[data]
trigger-time = 1396198596.9999528
injection-file = /home/ss/Prospects-of-LGWs/unlens/injection.hdf

[global]
instruments = E1 E2 E3
mass1_ref = 30.000000004464876
mass2_ref = 30.000000008037606
minchirp = 26.116416904325746
maxchirp = 26.116616904325745
mincov = 30573613659.84497
maxcov = 3057361365984.497
