
[data]
trigger-time = 1003296943.9979852
injection-file = /home/ss/Prospects-of-LGWs/unlens/injection.hdf

[global]
instruments = E1 E2 E3
mass1_ref = 30.00000000096392
mass2_ref = 30.00000000198223
minchirp = 26.11641690016611
maxchirp = 26.11661690016611
mincov = 9892193120.647797
maxcov = 989219312064.7797
