
[data]
trigger-time = 1729112859.723853
injection-file = /home/ss/Prospects-of-LGWs/unlens/injection.hdf

[global]
instruments = E1 E2 E3
mass1_ref = 30.000000007405408
mass2_ref = 30.000000007399937
minchirp = 26.116416905328123
maxchirp = 26.116616905328122
mincov = 26782900230.14762
maxcov = 2678290023014.7617
