
[data]
trigger-time = 1700778602.8902526
injection-file = /home/ss/Prospects-of-LGWs/unlens/injection.hdf

[global]
instruments = E1 E2 E3
mass1_ref = 30.000000002530214
mass2_ref = 30.0000000025372
minchirp = 26.116416901089444
maxchirp = 26.116616901089444
mincov = 23592345.459004413
maxcov = 2359234545.900441
