
[data]
trigger-time = 1478921019.2309277
injection-file = /home/ss/Prospects-of-LGWs/unlens/injection.hdf

[global]
instruments = E1 E2 E3
mass1_ref = 30.00000000783335
mass2_ref = 30.00000000049911
minchirp = 26.11641690251064
maxchirp = 26.11661690251064
mincov = 291264994.68454444
maxcov = 29126499468.45444
