
[data]
trigger-time = 1387396195.4125228
injection-file = /home/ss/Prospects-of-LGWs/unlens/injection.hdf

[global]
instruments = E1 E2 E3
mass1_ref = 30.000000007856716
mass2_ref = 30.00000000877429
minchirp = 26.11641690612279
maxchirp = 26.11661690612279
mincov = 9442603350.99099
maxcov = 944260335099.099
