
[data]
trigger-time = 1058402451.6252396
injection-file = /home/ss/Prospects-of-LGWs/unlens/injection.hdf

[global]
instruments = E1 E2 E3
mass1_ref = 30.00000000779352
mass2_ref = 30.00000000273285
minchirp = 26.11641690346559
maxchirp = 26.11661690346559
mincov = 1062147203.8149292
maxcov = 106214720381.49292
