
[data]
trigger-time = 1762983914.0472393
injection-file = /home/ss/Prospects-of-LGWs/unlens/injection.hdf

[global]
instruments = E1 E2 E3
mass1_ref = 30.000000009367856
mass2_ref = 30.000000001762423
minchirp = 26.11641690372846
maxchirp = 26.11661690372846
mincov = 12480693768.65086
maxcov = 1248069376865.086
