
[data]
trigger-time = 1960628965.2790904
injection-file = /home/ss/Prospects-of-LGWs/unlens/injection.hdf

[global]
instruments = E1 E2 E3
mass1_ref = 30.000000009425754
mass2_ref = 30.000000002275453
minchirp = 26.116416903976972
maxchirp = 26.116616903976972
mincov = 11448653100.159111
maxcov = 1144865310015.9111
