
[data]
trigger-time = 1590114277.8977246
injection-file = /home/ss/Prospects-of-LGWs/unlens/injection.hdf

[global]
instruments = E1 E2 E3
mass1_ref = 30.00000000486833
mass2_ref = 30.00000000709417
minchirp = 26.116416904090705
maxchirp = 26.116616904090705
mincov = 9700632733.590036
maxcov = 970063273359.0037
