
[data]
trigger-time = 1119588548.1623535
injection-file = /home/ss/Prospects-of-LGWs/unlens/injection.hdf

[global]
instruments = E1 E2 E3
mass1_ref = 30.000000004183867
mass2_ref = 30.000000002973188
minchirp = 26.116416901999013
maxchirp = 26.116616901999013
mincov = 5072730289.15856
maxcov = 507273028915.856
