
[data]
trigger-time = 1355663955.4676397
injection-file = /home/ss/Prospects-of-LGWs/unlens/injection.hdf

[global]
instruments = E1 E2 E3
mass1_ref = 30.000000006202875
mass2_ref = 30.00000000265249
minchirp = 26.116416902738244
maxchirp = 26.116616902738244
mincov = 15521256531.211514
maxcov = 1552125653121.1514
