
[data]
trigger-time = 1053185221.9227685
injection-file = /home/ss/Prospects-of-LGWs/unlens/injection.hdf

[global]
instruments = E1 E2 E3
mass1_ref = 30.000000009710433
mass2_ref = 30.000000004786685
minchirp = 26.11641690519396
maxchirp = 26.11661690519396
mincov = 9164711635.436884
maxcov = 916471163543.6884
