
[data]
trigger-time = 1345144491.6406968
injection-file = /home/ss/Prospects-of-LGWs/unlens/injection.hdf

[global]
instruments = E1 E2 E3
mass1_ref = 30.00000000509535
mass2_ref = 30.000000003348777
minchirp = 26.116416902559248
maxchirp = 26.116616902559247
mincov = 3413155910.094279
maxcov = 341315591009.42786
