
[data]
trigger-time = 1080549228.8548377
injection-file = /home/ss/Prospects-of-LGWs/unlens/injection.hdf

[global]
instruments = E1 E2 E3
mass1_ref = 30.000000005996174
mass2_ref = 30.000000000708226
minchirp = 26.116416901801987
maxchirp = 26.116616901801986
mincov = 2055635117.0224984
maxcov = 205563511702.24982
