
[data]
trigger-time = 1049010877.2042699
injection-file = /home/ss/Prospects-of-LGWs/unlens/injection.hdf

[global]
instruments = E1 E2 E3
mass1_ref = 30.000000002128314
mass2_ref = 30.000000005071968
minchirp = 26.11641690201783
maxchirp = 26.116616902017828
mincov = 6912846026.163002
maxcov = 691284602616.3002
