
[data]
trigger-time = 1183472977.6532733
injection-file = /home/ss/Prospects-of-LGWs/unlens/injection.hdf

[global]
instruments = E1 E2 E3
mass1_ref = 30.000000000406846
mass2_ref = 30.00000000736141
minchirp = 26.116416902265055
maxchirp = 26.116616902265054
mincov = 20965471817.54577
maxcov = 2096547181754.5767
