
[data]
trigger-time = 1604182520.075715
injection-file = /home/ss/Prospects-of-LGWs/unlens/injection.hdf

[global]
instruments = E1 E2 E3
mass1_ref = 30.000000004394348
mass2_ref = 30.000000002977426
minchirp = 26.116416902092475
maxchirp = 26.116616902092474
mincov = 10692503697.314632
maxcov = 1069250369731.4631
