
[data]
trigger-time = 1073854464.1700597
injection-file = /home/ss/Prospects-of-LGWs/unlens/injection.hdf

[global]
instruments = E1 E2 E3
mass1_ref = 30.00000000719746
mass2_ref = 30.000000003837506
minchirp = 26.116416903686975
maxchirp = 26.116616903686975
mincov = 7413387098.721575
maxcov = 741338709872.1575
