
[data]
trigger-time = 1497471916.0827308
injection-file = /home/ss/Prospects-of-LGWs/unlens/injection.hdf

[global]
instruments = E1 E2 E3
mass1_ref = 30.000000007772783
mass2_ref = 30.000000003290126
minchirp = 26.116416903699136
maxchirp = 26.116616903699136
mincov = 5551758176.222765
maxcov = 555175817622.2765
