
[data]
trigger-time = 1855785953.8351746
injection-file = /home/ss/Prospects-of-LGWs/unlens/injection.hdf

[global]
instruments = E1 E2 E3
mass1_ref = 30.00000000845714
mass2_ref = 30.00000000925021
minchirp = 26.116416906591297
maxchirp = 26.116616906591297
mincov = 2642885.8610717286
maxcov = 264288586.10717285
