
[data]
trigger-time = 1459864512.1101077
injection-file = /home/ss/Prospects-of-LGWs/unlens/injection.hdf

[global]
instruments = E1 E2 E3
mass1_ref = 30.00000000832648
mass2_ref = 30.000000009694627
minchirp = 26.116416906727867
maxchirp = 26.116616906727867
mincov = 13454453963.738453
maxcov = 1345445396373.8452
