
[data]
trigger-time = 1086031679.0196269
injection-file = /home/ss/Prospects-of-LGWs/unlens/injection.hdf

[global]
instruments = E1 E2 E3
mass1_ref = 30.000000006482182
mass2_ref = 30.00000000389489
minchirp = 26.116416903400605
maxchirp = 26.116616903400605
mincov = 25736822808.225304
maxcov = 2573682280822.5303
