
[data]
trigger-time = 1890031804.0218458
injection-file = /home/ss/Prospects-of-LGWs/unlens/injection.hdf

[global]
instruments = E1 E2 E3
mass1_ref = 30.000000003238128
mass2_ref = 30.00000000704382
minchirp = 26.1164169033592
maxchirp = 26.1166169033592
mincov = 3141729240.3037767
maxcov = 314172924030.3777
