
[data]
trigger-time = 1067950538.2927512
injection-file = /home/ss/Prospects-of-LGWs/unlens/injection.hdf

[global]
instruments = E1 E2 E3
mass1_ref = 30.00000000932976
mass2_ref = 30.000000001119368
minchirp = 26.116416903431972
maxchirp = 26.11661690343197
mincov = 28351987406.537292
maxcov = 2835198740653.7295
