
[data]
trigger-time = 1817306823.760306
injection-file = /home/ss/Prospects-of-LGWs/unlens/injection.hdf

[global]
instruments = E1 E2 E3
mass1_ref = 30.00000000010489
mass2_ref = 30.000000003121023
minchirp = 26.116416900287884
maxchirp = 26.116616900287884
mincov = 20800236070.901577
maxcov = 2080023607090.1577
