
[data]
trigger-time = 1397187446.4954276
injection-file = /home/ss/Prospects-of-LGWs/unlens/injection.hdf

[global]
instruments = E1 E2 E3
mass1_ref = 30.000000000175685
mass2_ref = 30.000000008348586
minchirp = 26.11641690259413
maxchirp = 26.116616902594128
mincov = 3669079.4791438854
maxcov = 366907947.91438854
