
[data]
trigger-time = 1618764103.068728
injection-file = /home/ss/Prospects-of-LGWs/unlens/injection.hdf

[global]
instruments = E1 E2 E3
mass1_ref = 30.00000000455299
mass2_ref = 30.00000000553696
minchirp = 26.11641690327563
maxchirp = 26.11661690327563
mincov = 11535308153.149395
maxcov = 1153530815314.9395
