
[data]
trigger-time = 1063835489.1014247
injection-file = /home/ss/Prospects-of-LGWs/unlens/injection.hdf

[global]
instruments = E1 E2 E3
mass1_ref = 30.00000000415907
mass2_ref = 30.000000006712924
minchirp = 26.116416903616035
maxchirp = 26.116616903616034
mincov = 15735891397.393835
maxcov = 1573589139739.3835
