
[data]
trigger-time = 1739787771.2660701
injection-file = /home/ss/Prospects-of-LGWs/unlens/injection.hdf

[global]
instruments = E1 E2 E3
mass1_ref = 30.000000009092172
mass2_ref = 30.00000000100812
minchirp = 26.116416903280133
maxchirp = 26.116616903280132
mincov = 26121511578.344997
maxcov = 2612151157834.5
