
[data]
trigger-time = 1833138926.0221777
injection-file = /home/ss/Prospects-of-LGWs/unlens/injection.hdf

[global]
instruments = E1 E2 E3
mass1_ref = 30.000000009071513
mass2_ref = 30.000000002537615
minchirp = 26.11641690393689
maxchirp = 26.11661690393689
mincov = 6157897931.428677
maxcov = 615789793142.8677
