
[data]
trigger-time = 1079727312.7397492
injection-file = /home/ss/Prospects-of-LGWs/unlens/injection.hdf

[global]
instruments = E1 E2 E3
mass1_ref = 30.000000002210097
mass2_ref = 30.000000000612108
minchirp = 26.11641690011216
maxchirp = 26.11661690011216
mincov = 53209752.145639926
maxcov = 5320975214.5639925
