
[data]
trigger-time = 1384673887.3677635
injection-file = /home/ss/Prospects-of-LGWs/unlens/injection.hdf

[global]
instruments = E1 E2 E3
mass1_ref = 30.000000001825818
mass2_ref = 30.000000006200068
minchirp = 26.116416902377193
maxchirp = 26.116616902377192
mincov = 13781917696.555817
maxcov = 1378191769655.5815
