
[data]
trigger-time = 1642647856.3161106
injection-file = /home/ss/Prospects-of-LGWs/unlens/injection.hdf

[global]
instruments = E1 E2 E3
mass1_ref = 30.000000006309573
mass2_ref = 30.000000006259288
minchirp = 26.11641690435464
maxchirp = 26.11661690435464
mincov = 521674224.0203493
maxcov = 52167422402.03493
