
[data]
trigger-time = 1314089879.5781484
injection-file = /home/ss/Prospects-of-LGWs/unlens/injection.hdf

[global]
instruments = E1 E2 E3
mass1_ref = 30.000000004753247
mass2_ref = 30.000000006032945
minchirp = 26.11641690357869
maxchirp = 26.116616903578688
mincov = 12241079877.246744
maxcov = 1224107987724.6743
