
[data]
trigger-time = 1148176662.3158188
injection-file = /home/ss/Prospects-of-LGWs/unlens/injection.hdf

[global]
instruments = E1 E2 E3
mass1_ref = 30.000000004865154
mass2_ref = 30.000000007993382
minchirp = 26.116416904480726
maxchirp = 26.116616904480725
mincov = 1080.7294258678521
maxcov = 108072.94258678521
