
[data]
trigger-time = 1052176403.0165634
injection-file = /home/ss/Prospects-of-LGWs/unlens/injection.hdf

[global]
instruments = E1 E2 E3
mass1_ref = 30.00000000563923
mass2_ref = 30.000000008169977
minchirp = 26.116416904894532
maxchirp = 26.11661690489453
mincov = 15325302171.933804
maxcov = 1532530217193.3804
