
[data]
trigger-time = 1420385253.8851671
injection-file = /home/ss/Prospects-of-LGWs/unlens/injection.hdf

[global]
instruments = E1 E2 E3
mass1_ref = 30.00000000859065
mass2_ref = 30.00000000048088
minchirp = 26.116416902832338
maxchirp = 26.116616902832337
mincov = 6079875132.878962
maxcov = 607987513287.8962
