
[data]
trigger-time = 1815509470.713025
injection-file = /home/ss/Prospects-of-LGWs/unlens/injection.hdf

[global]
instruments = E1 E2 E3
mass1_ref = 30.000000002149516
mass2_ref = 30.000000002816545
minchirp = 26.116416901045326
maxchirp = 26.116616901045326
mincov = 26325247395.848644
maxcov = 2632524739584.8643
