
[data]
trigger-time = 1781115221.439652
injection-file = /home/ss/Prospects-of-LGWs/unlens/injection.hdf

[global]
instruments = E1 E2 E3
mass1_ref = 30.000000002752728
mass2_ref = 30.000000007151858
minchirp = 26.116416903194946
maxchirp = 26.116616903194945
mincov = 12960734855.330364
maxcov = 1296073485533.0366
