
[data]
trigger-time = 1070390804.7982144
injection-file = /home/ss/Prospects-of-LGWs/unlens/injection.hdf

[global]
instruments = E1 E2 E3
mass1_ref = 30.000000006277425
mass2_ref = 30.00000000374447
minchirp = 26.11641690324601
maxchirp = 26.11661690324601
mincov = 22435927579.91742
maxcov = 2243592757991.742
