
[data]
trigger-time = 1745012268.1716936
injection-file = /home/ss/Prospects-of-LGWs/unlens/injection.hdf

[global]
instruments = E1 E2 E3
mass1_ref = 30.000000005052765
mass2_ref = 30.000000007508582
minchirp = 26.116416904351368
maxchirp = 26.116616904351368
mincov = 240040212.2448655
maxcov = 24004021224.48655
