
[data]
trigger-time = 1864999980.095305
injection-file = /home/ss/Prospects-of-LGWs/unlens/injection.hdf

[global]
instruments = E1 E2 E3
mass1_ref = 30.000000005803088
mass2_ref = 30.000000003672753
minchirp = 26.11641690300832
maxchirp = 26.11661690300832
mincov = 4962583097.449502
maxcov = 496258309744.9502
