
[data]
trigger-time = 1707898673.6836298
injection-file = /home/ss/Prospects-of-LGWs/unlens/injection.hdf

[global]
instruments = E1 E2 E3
mass1_ref = 30.00000000125989
mass2_ref = 30.000000006199684
minchirp = 26.116416902130695
maxchirp = 26.116616902130694
mincov = 6349.755545559775
maxcov = 634975.5545559775
