
[data]
trigger-time = 1557844878.9033136
injection-file = /home/ss/Prospects-of-LGWs/unlens/injection.hdf

[global]
instruments = E1 E2 E3
mass1_ref = 30.000000008829097
mass2_ref = 30.000000001078348
minchirp = 26.11641690319619
maxchirp = 26.11661690319619
mincov = 18438132517.171654
maxcov = 1843813251717.1655
