
[data]
trigger-time = 1913511486.8295891
injection-file = /home/ss/Prospects-of-LGWs/unlens/injection.hdf

[global]
instruments = E1 E2 E3
mass1_ref = 30.000000005017515
mass2_ref = 30.000000007150756
minchirp = 26.116416904180273
maxchirp = 26.116616904180272
mincov = 15162621220.104229
maxcov = 1516262122010.4229
