
[data]
trigger-time = 1200250786.382805
injection-file = /home/ss/Prospects-of-LGWs/unlens/injection.hdf

[global]
instruments = E1 E2 E3
mass1_ref = 30.00000000814312
mass2_ref = 30.00000000638552
minchirp = 26.116416905207682
maxchirp = 26.11661690520768
mincov = 12977.091867073252
maxcov = 1297709.186707325
