
[data]
trigger-time = 1778415792.8181844
injection-file = /home/ss/Prospects-of-LGWs/unlens/injection.hdf

[global]
instruments = E1 E2 E3
mass1_ref = 30.000000009026994
mass2_ref = 30.000000003775597
minchirp = 26.116416904456372
maxchirp = 26.11661690445637
mincov = 16764548845.452124
maxcov = 1676454884545.2124
