
[data]
trigger-time = 1311929514.9298022
injection-file = /home/ss/Prospects-of-LGWs/unlens/injection.hdf

[global]
instruments = E1 E2 E3
mass1_ref = 30.000000006309605
mass2_ref = 30.000000008837794
minchirp = 26.116416905477013
maxchirp = 26.116616905477013
mincov = 14248960830.991787
maxcov = 1424896083099.1787
