
[data]
trigger-time = 1675944386.8314285
injection-file = /home/ss/Prospects-of-LGWs/unlens/injection.hdf

[global]
instruments = E1 E2 E3
mass1_ref = 30.000000008419416
mass2_ref = 30.000000009137214
minchirp = 26.11641690652569
maxchirp = 26.11661690652569
mincov = 5478899011.693867
maxcov = 547889901169.38666
