
[data]
trigger-time = 1254287696.0236716
injection-file = /home/ss/Prospects-of-LGWs/unlens/injection.hdf

[global]
instruments = E1 E2 E3
mass1_ref = 30.000000007932012
mass2_ref = 30.000000001070536
minchirp = 26.11641690280231
maxchirp = 26.11661690280231
mincov = 31054902906.399616
maxcov = 3105490290639.9614
