
[data]
trigger-time = 1217559951.5865262
injection-file = /home/ss/Prospects-of-LGWs/unlens/injection.hdf

[global]
instruments = E1 E2 E3
mass1_ref = 30.000000000336442
mass2_ref = 30.000000002788212
minchirp = 26.11641690024381
maxchirp = 26.11661690024381
mincov = 4182640887.3614106
maxcov = 418264088736.14105
