
[data]
trigger-time = 1148359896.1160972
injection-file = /home/ss/Prospects-of-LGWs/unlens/injection.hdf

[global]
instruments = E1 E2 E3
mass1_ref = 30.000000006881347
mass2_ref = 30.00000000352472
minchirp = 26.116416903413228
maxchirp = 26.116616903413227
mincov = 24391351680.978848
maxcov = 2439135168097.885
