
[data]
trigger-time = 1942099747.9635243
injection-file = /home/ss/Prospects-of-LGWs/unlens/injection.hdf

[global]
instruments = E1 E2 E3
mass1_ref = 30.00000000168616
mass2_ref = 30.00000000788505
minchirp = 26.116416903049835
maxchirp = 26.116616903049835
mincov = 4707837764.953913
maxcov = 470783776495.39124
