
[data]
trigger-time = 1640462827.4696221
injection-file = /home/ss/Prospects-of-LGWs/unlens/injection.hdf

[global]
instruments = E1 E2 E3
mass1_ref = 30.000000000094676
mass2_ref = 30.00000000631397
minchirp = 26.11641690167325
maxchirp = 26.11661690167325
mincov = 23571757356.564507
maxcov = 2357175735656.4507
