
[data]
trigger-time = 1646139420.9885926
injection-file = /home/ss/Prospects-of-LGWs/unlens/injection.hdf

[global]
instruments = E1 E2 E3
mass1_ref = 30.00000000180721
mass2_ref = 30.00000000000282
minchirp = 26.116416899671584
maxchirp = 26.116616899671584
mincov = 22655696116.78485
maxcov = 2265569611678.4854
