
[data]
trigger-time = 1951789520.549909
injection-file = /home/ss/Prospects-of-LGWs/unlens/injection.hdf

[global]
instruments = E1 E2 E3
mass1_ref = 30.00000000423455
mass2_ref = 30.000000007484367
minchirp = 26.11641690398468
maxchirp = 26.116616903984678
mincov = 27799567682.602283
maxcov = 2779956768260.2285
