
[data]
trigger-time = 1082376537.1686969
injection-file = /home/ss/Prospects-of-LGWs/unlens/injection.hdf

[global]
instruments = E1 E2 E3
mass1_ref = 30.00000000107034
mass2_ref = 30.000000007512256
minchirp = 26.116416902619516
maxchirp = 26.116616902619516
mincov = 13579911480.032696
maxcov = 1357991148003.2695
