
[data]
trigger-time = 1573852639.8425024
injection-file = /home/ss/Prospects-of-LGWs/unlens/injection.hdf

[global]
instruments = E1 E2 E3
mass1_ref = 30.00000000758725
mass2_ref = 30.000000001023626
minchirp = 26.116416902631826
maxchirp = 26.116616902631826
mincov = 27045191478.24924
maxcov = 2704519147824.924
