
[data]
trigger-time = 1394264470.6645527
injection-file = /home/ss/Prospects-of-LGWs/unlens/injection.hdf

[global]
instruments = E1 E2 E3
mass1_ref = 30.000000004914895
mass2_ref = 30.00000000910906
minchirp = 26.116416904988004
maxchirp = 26.116616904988003
mincov = 427441047.8632716
maxcov = 42744104786.327156
