
[data]
trigger-time = 1359042900.5712204
injection-file = /home/ss/Prospects-of-LGWs/unlens/injection.hdf

[global]
instruments = E1 E2 E3
mass1_ref = 30.0000000082968
mass2_ref = 30.000000002925084
minchirp = 26.116416903768332
maxchirp = 26.116616903768332
mincov = 7471461.969043272
maxcov = 747146196.9043272
