
[data]
trigger-time = 1159156249.6849294
injection-file = /home/ss/Prospects-of-LGWs/unlens/injection.hdf

[global]
instruments = E1 E2 E3
mass1_ref = 30.000000005097615
mass2_ref = 30.000000003379995
minchirp = 26.11641690257382
maxchirp = 26.11661690257382
mincov = 41846888.09761028
maxcov = 4184688809.7610283
