
[data]
trigger-time = 1869308582.9294262
injection-file = /home/ss/Prospects-of-LGWs/unlens/injection.hdf

[global]
instruments = E1 E2 E3
mass1_ref = 30.00000000479165
mass2_ref = 30.000000000639517
minchirp = 26.116416901247778
maxchirp = 26.116616901247777
mincov = 24362870250.546116
maxcov = 2436287025054.6113
