
[data]
trigger-time = 1458688328.7135005
injection-file = /home/ss/Prospects-of-LGWs/unlens/injection.hdf

[global]
instruments = E1 E2 E3
mass1_ref = 30.000000005332577
mass2_ref = 30.00000000237012
minchirp = 26.116416902236516
maxchirp = 26.116616902236515
mincov = 21963830831.443848
maxcov = 2196383083144.3848
