
[data]
trigger-time = 1811573799.6128008
injection-file = /home/ss/Prospects-of-LGWs/unlens/injection.hdf

[global]
instruments = E1 E2 E3
mass1_ref = 30.000000003415668
mass2_ref = 30.000000007809586
minchirp = 26.1164169037698
maxchirp = 26.1166169037698
mincov = 24765033807.128235
maxcov = 2476503380712.823
