
[data]
trigger-time = 1359519847.0090985
injection-file = /home/ss/Prospects-of-LGWs/unlens/injection.hdf

[global]
instruments = E1 E2 E3
mass1_ref = 30.00000000100463
mass2_ref = 30.00000000607096
minchirp = 26.116416901963554
maxchirp = 26.116616901963553
mincov = 11585482539.172201
maxcov = 1158548253917.2202
