
[data]
trigger-time = 1846650792.4492497
injection-file = /home/ss/Prospects-of-LGWs/unlens/injection.hdf

[global]
instruments = E1 E2 E3
mass1_ref = 30.00000000746588
mass2_ref = 30.000000000744787
minchirp = 26.116416902457622
maxchirp = 26.116616902457622
mincov = 25871893254.543053
maxcov = 2587189325454.3057
