
[data]
trigger-time = 1702445880.2427738
injection-file = /home/ss/Prospects-of-LGWs/unlens/injection.hdf

[global]
instruments = E1 E2 E3
mass1_ref = 30.000000000014758
mass2_ref = 30.000000004907605
minchirp = 26.116416901026305
maxchirp = 26.116616901026305
mincov = 4375081879.496304
maxcov = 437508187949.6304
