
[data]
trigger-time = 1106879584.3935692
injection-file = /home/ss/Prospects-of-LGWs/unlens/injection.hdf

[global]
instruments = E1 E2 E3
mass1_ref = 30.000000001432525
mass2_ref = 30.00000000476685
minchirp = 26.116416901582156
maxchirp = 26.116616901582155
mincov = 956907017.5271505
maxcov = 95690701752.71506
