
[data]
trigger-time = 1314911265.934838
injection-file = /home/ss/Prospects-of-LGWs/unlens/injection.hdf

[global]
instruments = E1 E2 E3
mass1_ref = 30.000000000786848
mass2_ref = 30.000000005412314
minchirp = 26.116416901582067
maxchirp = 26.116616901582066
mincov = 599216573.7960142
maxcov = 59921657379.601425
