
[data]
trigger-time = 1794765023.5907373
injection-file = /home/ss/Prospects-of-LGWs/unlens/injection.hdf

[global]
instruments = E1 E2 E3
mass1_ref = 30.0000000041265
mass2_ref = 30.000000000938762
minchirp = 26.116416901088506
maxchirp = 26.116616901088506
mincov = 4385947113.280648
maxcov = 438594711328.0648
