
[data]
trigger-time = 1225774188.5137823
injection-file = /home/ss/Prospects-of-LGWs/unlens/injection.hdf

[global]
instruments = E1 E2 E3
mass1_ref = 30.00000000005975
mass2_ref = 30.000000006532677
minchirp = 26.116416901753247
maxchirp = 26.116616901753247
mincov = 25092546930.212227
maxcov = 2509254693021.2227
