
[data]
trigger-time = 1368383717.2721825
injection-file = /home/ss/Prospects-of-LGWs/unlens/injection.hdf

[global]
instruments = E1 E2 E3
mass1_ref = 30.000000002737906
mass2_ref = 30.000000005696045
minchirp = 26.116416902554814
maxchirp = 26.116616902554814
mincov = 73387286.08930953
maxcov = 7338728608.930952
