
[data]
trigger-time = 1435634713.809777
injection-file = /home/ss/Prospects-of-LGWs/unlens/injection.hdf

[global]
instruments = E1 E2 E3
mass1_ref = 30.000000003090154
mass2_ref = 30.00000000989098
minchirp = 26.11641690453409
maxchirp = 26.11661690453409
mincov = 22790388567.896816
maxcov = 2279038856789.6816
