
[data]
trigger-time = 1130188612.7410655
injection-file = /home/ss/Prospects-of-LGWs/unlens/injection.hdf

[global]
instruments = E1 E2 E3
mass1_ref = 30.00000000044698
mass2_ref = 30.000000007039223
minchirp = 26.116416902142284
maxchirp = 26.116616902142283
mincov = 4544559504.891145
maxcov = 454455950489.11444
