
[data]
trigger-time = 1548557078.2025137
injection-file = /home/ss/Prospects-of-LGWs/unlens/injection.hdf

[global]
instruments = E1 E2 E3
mass1_ref = 30.000000006520594
mass2_ref = 30.000000009686058
minchirp = 26.11641690593808
maxchirp = 26.11661690593808
mincov = 1295648913.099173
maxcov = 129564891309.9173
