
[data]
trigger-time = 1943141437.8094401
injection-file = /home/ss/Prospects-of-LGWs/unlens/injection.hdf

[global]
instruments = E1 E2 E3
mass1_ref = 30.000000006949275
mass2_ref = 30.000000001858936
minchirp = 26.116416902717724
maxchirp = 26.116616902717723
mincov = 4524886937.308642
maxcov = 452488693730.86426
