
[data]
trigger-time = 1062021066.1357677
injection-file = /home/ss/Prospects-of-LGWs/unlens/injection.hdf

[global]
instruments = E1 E2 E3
mass1_ref = 30.00000000503446
mass2_ref = 30.000000007829264
minchirp = 26.11641690448299
maxchirp = 26.11661690448299
mincov = 4891832046.309973
maxcov = 489183204630.9973
