
[data]
trigger-time = 1180896889.0888405
injection-file = /home/ss/Prospects-of-LGWs/unlens/injection.hdf

[global]
instruments = E1 E2 E3
mass1_ref = 30.000000001596046
mass2_ref = 30.000000001627374
minchirp = 26.116416900286797
maxchirp = 26.116616900286797
mincov = 26626844423.595757
maxcov = 2662684442359.5757
