
[data]
trigger-time = 1004708662.6826503
injection-file = /home/ss/Prospects-of-LGWs/unlens/injection.hdf

[global]
instruments = E1 E2 E3
mass1_ref = 30.00000000762677
mass2_ref = 30.00000000972582
minchirp = 26.11641690643688
maxchirp = 26.116616906436878
mincov = 189000001.10026342
maxcov = 18900000110.026344
