
[data]
trigger-time = 1043868637.1952852
injection-file = /home/ss/Prospects-of-LGWs/unlens/injection.hdf

[global]
instruments = E1 E2 E3
mass1_ref = 30.00000000840944
mass2_ref = 30.000000005747168
minchirp = 26.116416905045746
maxchirp = 26.116616905045746
mincov = 19002691668.26373
maxcov = 1900269166826.373
