
[data]
trigger-time = 1860094205.1183138
injection-file = /home/ss/Prospects-of-LGWs/unlens/injection.hdf

[global]
instruments = E1 E2 E3
mass1_ref = 30.00000000649455
mass2_ref = 30.000000003265797
minchirp = 26.116416903132162
maxchirp = 26.11661690313216
mincov = 20791442024.59847
maxcov = 2079144202459.8467
