
[data]
trigger-time = 1489472738.5016706
injection-file = /home/ss/Prospects-of-LGWs/unlens/injection.hdf

[global]
instruments = E1 E2 E3
mass1_ref = 30.00000000051452
mass2_ref = 30.000000001798707
minchirp = 26.116416899890616
maxchirp = 26.116616899890616
mincov = 26322315433.021706
maxcov = 2632231543302.171
