
[data]
trigger-time = 1852513271.265219
injection-file = /home/ss/Prospects-of-LGWs/unlens/injection.hdf

[global]
instruments = E1 E2 E3
mass1_ref = 30.0000000091163
mass2_ref = 30.000000009258734
minchirp = 26.116416906881923
maxchirp = 26.116616906881923
mincov = 21055362444.596252
maxcov = 2105536244459.6252
