
[data]
trigger-time = 1716462073.6940727
injection-file = /home/ss/Prospects-of-LGWs/unlens/injection.hdf

[global]
instruments = E1 E2 E3
mass1_ref = 30.000000006445667
mass2_ref = 30.00000000971217
minchirp = 26.116416905916832
maxchirp = 26.116616905916832
mincov = 17883794840.698208
maxcov = 1788379484069.8208
