
[data]
trigger-time = 1680999530.5980964
injection-file = /home/ss/Prospects-of-LGWs/unlens/injection.hdf

[global]
instruments = E1 E2 E3
mass1_ref = 30.00000000021849
mass2_ref = 30.00000000016428
minchirp = 26.116416899050336
maxchirp = 26.116616899050335
mincov = 11641809579.951603
maxcov = 1164180957995.1602
