
[data]
trigger-time = 1677407212.164441
injection-file = /home/ss/Prospects-of-LGWs/unlens/injection.hdf

[global]
instruments = E1 E2 E3
mass1_ref = 30.000000002676423
mass2_ref = 30.000000004444722
minchirp = 26.11641690198338
maxchirp = 26.11661690198338
mincov = 5292748683.556458
maxcov = 529274868355.6458
