
[data]
trigger-time = 1577248093.1209602
injection-file = /home/ss/Prospects-of-LGWs/unlens/injection.hdf

[global]
instruments = E1 E2 E3
mass1_ref = 30.00000000771694
mass2_ref = 30.000000009268675
minchirp = 26.11641690627714
maxchirp = 26.11661690627714
mincov = 20735160657.66781
maxcov = 2073516065766.7808
