
[data]
trigger-time = 1891342374.8283715
injection-file = /home/ss/Prospects-of-LGWs/unlens/injection.hdf

[global]
instruments = E1 E2 E3
mass1_ref = 30.000000008586735
mass2_ref = 30.000000001400114
minchirp = 26.116416903230753
maxchirp = 26.116616903230753
mincov = 1232218920.8414176
maxcov = 123221892084.14175
