
[data]
trigger-time = 1646690841.664213
injection-file = /home/ss/Prospects-of-LGWs/unlens/injection.hdf

[global]
instruments = E1 E2 E3
mass1_ref = 30.000000002245265
mass2_ref = 30.000000003912312
minchirp = 26.116416901563966
maxchirp = 26.116616901563965
mincov = 8918909474.891132
maxcov = 891890947489.1133
