
[data]
trigger-time = 1203373293.2563143
injection-file = /home/ss/Prospects-of-LGWs/unlens/injection.hdf

[global]
instruments = E1 E2 E3
mass1_ref = 30.000000008469602
mass2_ref = 30.000000002501046
minchirp = 26.116416903658976
maxchirp = 26.116616903658976
mincov = 29745135830.272236
maxcov = 2974513583027.2236
