
[data]
trigger-time = 1548900805.0654373
injection-file = /home/ss/Prospects-of-LGWs/unlens/injection.hdf

[global]
instruments = E1 E2 E3
mass1_ref = 30.000000000126512
mass2_ref = 30.000000001788283
minchirp = 26.116416899717187
maxchirp = 26.116616899717187
mincov = 1338218324.6276324
maxcov = 133821832462.76323
