
[data]
trigger-time = 1195985167.5600402
injection-file = /home/ss/Prospects-of-LGWs/unlens/injection.hdf

[global]
instruments = E1 E2 E3
mass1_ref = 30.00000000742391
mass2_ref = 30.000000003249696
minchirp = 26.116416903529682
maxchirp = 26.116616903529682
mincov = 14780387171.908787
maxcov = 1478038717190.8787
