
[data]
trigger-time = 1036864270.3979994
injection-file = /home/ss/Prospects-of-LGWs/unlens/injection.hdf

[global]
instruments = E1 E2 E3
mass1_ref = 30.000000006270493
mass2_ref = 30.000000005609635
minchirp = 26.11641690405485
maxchirp = 26.11661690405485
mincov = 6834849.345184663
maxcov = 683484934.5184662
