
[data]
trigger-time = 1799614052.171315
injection-file = /home/ss/Prospects-of-LGWs/unlens/injection.hdf

[global]
instruments = E1 E2 E3
mass1_ref = 30.000000005019796
mass2_ref = 30.000000005230422
minchirp = 26.116416903345392
maxchirp = 26.116616903345392
mincov = 312448121.94248664
maxcov = 31244812194.24866
