
[data]
trigger-time = 1261276133.0648377
injection-file = /home/ss/Prospects-of-LGWs/unlens/injection.hdf

[global]
instruments = E1 E2 E3
mass1_ref = 30.000000008819253
mass2_ref = 30.00000000301866
minchirp = 26.116416904036473
maxchirp = 26.116616904036473
mincov = 22201473341.311665
maxcov = 2220147334131.1665
