
[data]
trigger-time = 1179238566.8335886
injection-file = /home/ss/Prospects-of-LGWs/unlens/injection.hdf

[global]
instruments = E1 E2 E3
mass1_ref = 30.00000000616774
mass2_ref = 30.000000001152305
minchirp = 26.116416902069957
maxchirp = 26.116616902069957
mincov = 9237562309.891285
maxcov = 923756230989.1285
