
[data]
trigger-time = 1294815446.7759366
injection-file = /home/ss/Prospects-of-LGWs/unlens/injection.hdf

[global]
instruments = E1 E2 E3
mass1_ref = 30.000000007208314
mass2_ref = 30.00000000805357
minchirp = 26.116416905526844
maxchirp = 26.116616905526843
mincov = 5047363689.497202
maxcov = 504736368949.72015
