
[data]
trigger-time = 1484512552.1464357
injection-file = /home/ss/Prospects-of-LGWs/unlens/injection.hdf

[global]
instruments = E1 E2 E3
mass1_ref = 30.000000001556526
mass2_ref = 30.000000003136897
minchirp = 26.11641690092665
maxchirp = 26.11661690092665
mincov = 1430298955.1007857
maxcov = 143029895510.07858
