
[data]
trigger-time = 1990633119.5105295
injection-file = /home/ss/Prospects-of-LGWs/unlens/injection.hdf

[global]
instruments = E1 E2 E3
mass1_ref = 30.00000000472352
mass2_ref = 30.000000003374755
minchirp = 26.1164169024087
maxchirp = 26.1166169024087
mincov = 3919366885.5354714
maxcov = 391936688553.5471
