
[data]
trigger-time = 1095357547.372407
injection-file = /home/ss/Prospects-of-LGWs/unlens/injection.hdf

[global]
instruments = E1 E2 E3
mass1_ref = 30.000000007993414
mass2_ref = 30.000000004570143
minchirp = 26.11641690435233
maxchirp = 26.11661690435233
mincov = 7501003053.269674
maxcov = 750100305326.9675
