
[data]
trigger-time = 1352121118.0470593
injection-file = /home/ss/Prospects-of-LGWs/unlens/injection.hdf

[global]
instruments = E1 E2 E3
mass1_ref = 30.00000000567991
mass2_ref = 30.000000002210864
minchirp = 26.116416902318385
maxchirp = 26.116616902318384
mincov = 2687408787.740754
maxcov = 268740878774.07538
