
[data]
trigger-time = 1962273143.8854108
injection-file = /home/ss/Prospects-of-LGWs/unlens/injection.hdf

[global]
instruments = E1 E2 E3
mass1_ref = 30.000000008492638
mass2_ref = 30.000000003734044
minchirp = 26.1164169042057
maxchirp = 26.1166169042057
mincov = 22359534472.692726
maxcov = 2235953447269.273
