
[data]
trigger-time = 1570217827.4665127
injection-file = /home/ss/Prospects-of-LGWs/unlens/injection.hdf

[global]
instruments = E1 E2 E3
mass1_ref = 30.000000007941413
mass2_ref = 30.00000000751279
minchirp = 26.116416905610556
maxchirp = 26.116616905610556
mincov = 31149493981.292946
maxcov = 3114949398129.2944
