
[data]
trigger-time = 1456023511.142418
injection-file = /home/ss/Prospects-of-LGWs/unlens/injection.hdf

[global]
instruments = E1 E2 E3
mass1_ref = 30.00000000024447
mass2_ref = 30.00000000182869
minchirp = 26.116416899786117
maxchirp = 26.116616899786116
mincov = 6524631569.726033
maxcov = 652463156972.6033
