
[data]
trigger-time = 1947471766.8601818
injection-file = /home/ss/Prospects-of-LGWs/unlens/injection.hdf

[global]
instruments = E1 E2 E3
mass1_ref = 30.00000000164323
mass2_ref = 30.000000000377938
minchirp = 26.11641689976349
maxchirp = 26.11661689976349
mincov = 1008765289.524332
maxcov = 100876528952.4332
