
[data]
trigger-time = 1040766766.1375498
injection-file = /home/ss/Prospects-of-LGWs/unlens/injection.hdf

[global]
instruments = E1 E2 E3
mass1_ref = 30.00000000023736
mass2_ref = 30.000000000998245
minchirp = 26.11641689942155
maxchirp = 26.11661689942155
mincov = 3471517128.6528854
maxcov = 347151712865.2886
