
[data]
trigger-time = 1036086376.5738819
injection-file = /home/ss/Prospects-of-LGWs/unlens/injection.hdf

[global]
instruments = E1 E2 E3
mass1_ref = 30.000000005873297
mass2_ref = 30.000000009508486
minchirp = 26.116416905579037
maxchirp = 26.116616905579036
mincov = 23372637828.58453
maxcov = 2337263782858.453
