
[data]
trigger-time = 1077767165.1773958
injection-file = /home/ss/Prospects-of-LGWs/unlens/injection.hdf

[global]
instruments = E1 E2 E3
mass1_ref = 30.000000009302727
mass2_ref = 30.000000004243567
minchirp = 26.116416904780092
maxchirp = 26.11661690478009
mincov = 16171565191.554422
maxcov = 1617156519155.4421
