
[data]
trigger-time = 1964964235.2641745
injection-file = /home/ss/Prospects-of-LGWs/unlens/injection.hdf

[global]
instruments = E1 E2 E3
mass1_ref = 30.000000006573213
mass2_ref = 30.000000005422663
minchirp = 26.116416904105233
maxchirp = 26.116616904105232
mincov = 10318298447.1199
maxcov = 1031829844711.9899
