
[data]
trigger-time = 1867396502.7623453
injection-file = /home/ss/Prospects-of-LGWs/unlens/injection.hdf

[global]
instruments = E1 E2 E3
mass1_ref = 30.000000009717272
mass2_ref = 30.00000000545988
minchirp = 26.116416905489967
maxchirp = 26.116616905489966
mincov = 16120223430.241547
maxcov = 1612022343024.1548
