
[data]
trigger-time = 1068531448.2004807
injection-file = /home/ss/Prospects-of-LGWs/unlens/injection.hdf

[global]
instruments = E1 E2 E3
mass1_ref = 30.000000003435233
mass2_ref = 30.000000009792398
minchirp = 26.116416904641387
maxchirp = 26.116616904641386
mincov = 5386.96257890529
maxcov = 538696.257890529
