
[data]
trigger-time = 1131240766.747659
injection-file = /home/ss/Prospects-of-LGWs/unlens/injection.hdf

[global]
instruments = E1 E2 E3
mass1_ref = 30.000000007816027
mass2_ref = 30.000000000390838
minchirp = 26.11641690245597
maxchirp = 26.11661690245597
mincov = 14268240332.901388
maxcov = 1426824033290.139
