
[data]
trigger-time = 1089912658.7587504
injection-file = /home/ss/Prospects-of-LGWs/unlens/injection.hdf

[global]
instruments = E1 E2 E3
mass1_ref = 30.000000008757976
mass2_ref = 30.000000001465594
minchirp = 26.116416903333793
maxchirp = 26.116616903333792
mincov = 8642945065.951265
maxcov = 864294506595.1265
