
[data]
trigger-time = 1228087858.2074554
injection-file = /home/ss/Prospects-of-LGWs/unlens/injection.hdf

[global]
instruments = E1 E2 E3
mass1_ref = 30.000000008664855
mass2_ref = 30.000000002123503
minchirp = 26.11641690357963
maxchirp = 26.11661690357963
mincov = 20764999640.871925
maxcov = 2076499964087.1924
