
[data]
trigger-time = 1996530116.256481
injection-file = /home/ss/Prospects-of-LGWs/unlens/injection.hdf

[global]
instruments = E1 E2 E3
mass1_ref = 30.000000009212393
mass2_ref = 30.00000000289577
minchirp = 26.11641690415411
maxchirp = 26.11661690415411
mincov = 12679977052.626621
maxcov = 1267997705262.662
