
[data]
trigger-time = 1249107548.941187
injection-file = /home/ss/Prospects-of-LGWs/unlens/injection.hdf

[global]
instruments = E1 E2 E3
mass1_ref = 30.000000008683877
mass2_ref = 30.000000001012854
minchirp = 26.116416903104472
maxchirp = 26.11661690310447
mincov = 176506981.7914375
maxcov = 17650698179.14375
