
[data]
trigger-time = 1524290104.2684321
injection-file = /home/ss/Prospects-of-LGWs/unlens/injection.hdf

[global]
instruments = E1 E2 E3
mass1_ref = 30.000000005479308
mass2_ref = 30.00000000237121
minchirp = 26.11641690230086
maxchirp = 26.11661690230086
mincov = 4190366944.4534736
maxcov = 419036694445.34735
