
[data]
trigger-time = 1802290290.7883627
injection-file = /home/ss/Prospects-of-LGWs/unlens/injection.hdf

[global]
instruments = E1 E2 E3
mass1_ref = 30.000000003775924
mass2_ref = 30.00000000421118
minchirp = 26.116416902360314
maxchirp = 26.116616902360313
mincov = 20716105395.228935
maxcov = 2071610539522.8936
