
[data]
trigger-time = 1558470910.1615143
injection-file = /home/ss/Prospects-of-LGWs/unlens/injection.hdf

[global]
instruments = E1 E2 E3
mass1_ref = 30.000000003282405
mass2_ref = 30.000000001491205
minchirp = 26.11641690096156
maxchirp = 26.11661690096156
mincov = 22198106750.694878
maxcov = 2219810675069.488
