
[data]
trigger-time = 1050477670.1539977
injection-file = /home/ss/Prospects-of-LGWs/unlens/injection.hdf

[global]
instruments = E1 E2 E3
mass1_ref = 30.000000009633577
mass2_ref = 30.000000000871285
minchirp = 26.11641690345623
maxchirp = 26.11661690345623
mincov = 10270419026.3981
maxcov = 1027041902639.81
