
[data]
trigger-time = 1105043690.2852921
injection-file = /home/ss/Prospects-of-LGWs/unlens/injection.hdf

[global]
instruments = E1 E2 E3
mass1_ref = 30.000000009605767
mass2_ref = 30.0000000014449
minchirp = 26.116416903693807
maxchirp = 26.116616903693807
mincov = 1114198265.9140317
maxcov = 111419826591.40318
