
[data]
trigger-time = 1112577841.5283287
injection-file = /home/ss/Prospects-of-LGWs/unlens/injection.hdf

[global]
instruments = E1 E2 E3
mass1_ref = 30.000000007298887
mass2_ref = 30.000000001154845
minchirp = 26.116416902563426
maxchirp = 26.116616902563425
mincov = 3267049.040394201
maxcov = 326704904.0394201
