
[data]
trigger-time = 1277745074.5358133
injection-file = /home/ss/Prospects-of-LGWs/unlens/injection.hdf

[global]
instruments = E1 E2 E3
mass1_ref = 30.00000000033857
mass2_ref = 30.000000003451376
minchirp = 26.116416900533395
maxchirp = 26.116616900533394
mincov = 163354991.4934457
maxcov = 16335499149.344568
