
[data]
trigger-time = 1430446612.6975563
injection-file = /home/ss/Prospects-of-LGWs/unlens/injection.hdf

[global]
instruments = E1 E2 E3
mass1_ref = 30.000000005587168
mass2_ref = 30.00000000268571
minchirp = 26.116416902484705
maxchirp = 26.116616902484704
mincov = 833129275.4510452
maxcov = 83312927545.1045
