
[data]
trigger-time = 1181168307.741279
injection-file = /home/ss/Prospects-of-LGWs/unlens/injection.hdf

[global]
instruments = E1 E2 E3
mass1_ref = 30.000000002703608
mass2_ref = 30.000000009185648
minchirp = 26.116416904058823
maxchirp = 26.116616904058823
mincov = 408478135.906028
maxcov = 40847813590.6028
