
[data]
trigger-time = 1199284254.258343
injection-file = /home/ss/Prospects-of-LGWs/unlens/injection.hdf

[global]
instruments = E1 E2 E3
mass1_ref = 30.000000005593076
mass2_ref = 30.000000006921958
minchirp = 26.11641690433121
maxchirp = 26.11661690433121
mincov = 9449856411.400759
maxcov = 944985641140.0758
