
[data]
trigger-time = 1441921176.803728
injection-file = /home/ss/Prospects-of-LGWs/unlens/injection.hdf

[global]
instruments = E1 E2 E3
mass1_ref = 30.000000004148564
mass2_ref = 30.000000002669214
minchirp = 26.116416901851334
maxchirp = 26.116616901851334
mincov = 20346674772.703796
maxcov = 2034667477270.3796
