
[data]
trigger-time = 1388457939.7037537
injection-file = /home/ss/Prospects-of-LGWs/unlens/injection.hdf

[global]
instruments = E1 E2 E3
mass1_ref = 30.000000001299718
mass2_ref = 30.000000002439982
minchirp = 26.116416900511524
maxchirp = 26.116616900511524
mincov = 22561732726.61125
maxcov = 2256173272661.125
