
[data]
trigger-time = 1220777365.3928316
injection-file = /home/ss/Prospects-of-LGWs/unlens/injection.hdf

[global]
instruments = E1 E2 E3
mass1_ref = 30.000000006521528
mass2_ref = 30.000000003671687
minchirp = 26.11641690332058
maxchirp = 26.11661690332058
mincov = 9807695049.437038
maxcov = 980769504943.7039
