
[data]
trigger-time = 1912702250.5018287
injection-file = /home/ss/Prospects-of-LGWs/unlens/injection.hdf

[global]
instruments = E1 E2 E3
mass1_ref = 30.000000004896155
mass2_ref = 30.00000000949682
minchirp = 26.11641690514863
maxchirp = 26.11661690514863
mincov = 24763002191.831837
maxcov = 2476300219183.1836
