
[data]
trigger-time = 1359876099.775835
injection-file = /home/ss/Prospects-of-LGWs/unlens/injection.hdf

[global]
instruments = E1 E2 E3
mass1_ref = 30.000000007703505
mass2_ref = 30.000000003818307
minchirp = 26.116416903898884
maxchirp = 26.116616903898883
mincov = 28640201399.664143
maxcov = 2864020139966.414
