
[data]
trigger-time = 1856325292.772041
injection-file = /home/ss/Prospects-of-LGWs/unlens/injection.hdf

[global]
instruments = E1 E2 E3
mass1_ref = 30.000000008475112
mass2_ref = 30.000000004493163
minchirp = 26.116416904528496
maxchirp = 26.116616904528495
mincov = 8463019756.114176
maxcov = 846301975611.4175
