
[data]
trigger-time = 1219385779.0896876
injection-file = /home/ss/Prospects-of-LGWs/unlens/injection.hdf

[global]
instruments = E1 E2 E3
mass1_ref = 30.000000000602746
mass2_ref = 30.00000000343368
minchirp = 26.11641690064068
maxchirp = 26.11661690064068
mincov = 29649517609.428814
maxcov = 2964951760942.8813
