
[data]
trigger-time = 1706775583.8334508
injection-file = /home/ss/Prospects-of-LGWs/unlens/injection.hdf

[global]
instruments = E1 E2 E3
mass1_ref = 30.000000008894645
mass2_ref = 30.000000009408982
minchirp = 26.11641690685084
maxchirp = 26.11661690685084
mincov = 4724720975.355449
maxcov = 472472097535.5449
