
[data]
trigger-time = 1046089248.4853494
injection-file = /home/ss/Prospects-of-LGWs/unlens/injection.hdf

[global]
instruments = E1 E2 E3
mass1_ref = 30.000000000482178
mass2_ref = 30.00000000038288
minchirp = 26.116416899260262
maxchirp = 26.11661689926026
mincov = 8796008674.608292
maxcov = 879600867460.8291
