
[data]
trigger-time = 1822184426.679541
injection-file = /home/ss/Prospects-of-LGWs/unlens/injection.hdf

[global]
instruments = E1 E2 E3
mass1_ref = 30.0000000025442
mass2_ref = 30.000000006700443
minchirp = 26.116416902907687
maxchirp = 26.116616902907687
mincov = 1026979.1311904896
maxcov = 102697913.11904895
