
[data]
trigger-time = 1315525914.6210465
injection-file = /home/ss/Prospects-of-LGWs/unlens/injection.hdf

[global]
instruments = E1 E2 E3
mass1_ref = 30.00000000257575
mass2_ref = 30.000000001190323
minchirp = 26.116416900523003
maxchirp = 26.116616900523002
mincov = 76445361.26354723
maxcov = 7644536126.354723
