
[data]
trigger-time = 1167101753.8949873
injection-file = /home/ss/Prospects-of-LGWs/unlens/injection.hdf

[global]
instruments = E1 E2 E3
mass1_ref = 30.00000000262809
mass2_ref = 30.000000003226532
minchirp = 26.116416901432096
maxchirp = 26.116616901432096
mincov = 25481504826.35648
maxcov = 2548150482635.648
