
[data]
trigger-time = 1330900000.3179662
injection-file = /home/ss/Prospects-of-LGWs/unlens/injection.hdf

[global]
instruments = E1 E2 E3
mass1_ref = 30.000000005049227
mass2_ref = 30.00000000799955
minchirp = 26.116416904563533
maxchirp = 26.116616904563532
mincov = 11031478606.106026
maxcov = 1103147860610.6025
