
[data]
trigger-time = 1606479599.4441817
injection-file = /home/ss/Prospects-of-LGWs/unlens/injection.hdf

[global]
instruments = E1 E2 E3
mass1_ref = 30.000000004095043
mass2_ref = 30.000000006036597
minchirp = 26.11641690329378
maxchirp = 26.116616903293778
mincov = 1858101971.4729378
maxcov = 185810197147.29376
