
[data]
trigger-time = 1619122560.4535966
injection-file = /home/ss/Prospects-of-LGWs/unlens/injection.hdf

[global]
instruments = E1 E2 E3
mass1_ref = 30.00000000218223
mass2_ref = 30.00000000998468
minchirp = 26.11641690417968
maxchirp = 26.11661690417968
mincov = 130238089.86595967
maxcov = 13023808986.595966
