
[data]
trigger-time = 1644438233.0480647
injection-file = /home/ss/Prospects-of-LGWs/unlens/injection.hdf

[global]
instruments = E1 E2 E3
mass1_ref = 30.000000002498822
mass2_ref = 30.000000003574165
minchirp = 26.116416901527145
maxchirp = 26.116616901527145
mincov = 26208862876.14987
maxcov = 2620886287614.9873
