
[data]
trigger-time = 1589314162.9367917
injection-file = /home/ss/Prospects-of-LGWs/unlens/injection.hdf

[global]
instruments = E1 E2 E3
mass1_ref = 30.00000000872481
mass2_ref = 30.000000007755055
minchirp = 26.116416906057
maxchirp = 26.116616906057
mincov = 24229746724.08183
maxcov = 2422974672408.183
