
[data]
trigger-time = 1621712306.6813364
injection-file = /home/ss/Prospects-of-LGWs/unlens/injection.hdf

[global]
instruments = E1 E2 E3
mass1_ref = 30.00000000334058
mass2_ref = 30.00000000567264
minchirp = 26.116416902806957
maxchirp = 26.116616902806957
mincov = 28775575477.086193
maxcov = 2877557547708.619
