
[data]
trigger-time = 1201615484.5561442
injection-file = /home/ss/Prospects-of-LGWs/unlens/injection.hdf

[global]
instruments = E1 E2 E3
mass1_ref = 30.000000000534932
mass2_ref = 30.000000007962868
minchirp = 26.116416902582607
maxchirp = 26.116616902582606
mincov = 20560753000.160206
maxcov = 2056075300016.0205
