
[data]
trigger-time = 1808860089.8759856
injection-file = /home/ss/Prospects-of-LGWs/unlens/injection.hdf

[global]
instruments = E1 E2 E3
mass1_ref = 30.00000000649415
mass2_ref = 30.000000007824077
minchirp = 26.116416905116097
maxchirp = 26.116616905116096
mincov = 3758656445.297788
maxcov = 375865644529.7788
