
[data]
trigger-time = 1866616417.014728
injection-file = /home/ss/Prospects-of-LGWs/unlens/injection.hdf

[global]
instruments = E1 E2 E3
mass1_ref = 30.000000007071545
mass2_ref = 30.000000009242434
minchirp = 26.116416905984796
maxchirp = 26.116616905984795
mincov = 3102156329.5118527
maxcov = 310215632951.18524
