
[data]
trigger-time = 1786747666.8012724
injection-file = /home/ss/Prospects-of-LGWs/unlens/injection.hdf

[global]
instruments = E1 E2 E3
mass1_ref = 30.000000009624607
mass2_ref = 30.000000007235965
minchirp = 26.116416906222717
maxchirp = 26.116616906222717
mincov = 221933735.04814592
maxcov = 22193373504.81459
