
[data]
trigger-time = 1736116481.7107902
injection-file = /home/ss/Prospects-of-LGWs/unlens/injection.hdf

[global]
instruments = E1 E2 E3
mass1_ref = 30.000000001340233
mass2_ref = 30.000000006113513
minchirp = 26.116416902128158
maxchirp = 26.116616902128158
mincov = 16071487056.890461
maxcov = 1607148705689.046
