
[data]
trigger-time = 1572898606.5783982
injection-file = /home/ss/Prospects-of-LGWs/unlens/injection.hdf

[global]
instruments = E1 E2 E3
mass1_ref = 30.000000003997137
mass2_ref = 30.00000000024945
minchirp = 26.11641690073216
maxchirp = 26.116616900732158
mincov = 31215399753.488335
maxcov = 3121539975348.8335
