
[data]
trigger-time = 1043886844.4314655
injection-file = /home/ss/Prospects-of-LGWs/unlens/injection.hdf

[global]
instruments = E1 E2 E3
mass1_ref = 30.00000000496821
mass2_ref = 30.00000000116814
minchirp = 26.11641690155473
maxchirp = 26.11661690155473
mincov = 1531067843.1710067
maxcov = 153106784317.10065
