
[data]
trigger-time = 1251957221.1655447
injection-file = /home/ss/Prospects-of-LGWs/unlens/injection.hdf

[global]
instruments = E1 E2 E3
mass1_ref = 30.000000009019175
mass2_ref = 30.000000000189203
minchirp = 26.116416902891903
maxchirp = 26.116616902891902
mincov = 2630266302.2502074
maxcov = 263026630225.02075
