
[data]
trigger-time = 1099317359.6817083
injection-file = /home/ss/Prospects-of-LGWs/unlens/injection.hdf

[global]
instruments = E1 E2 E3
mass1_ref = 30.00000000339378
mass2_ref = 30.000000000388674
minchirp = 26.116416900530133
maxchirp = 26.116616900530133
mincov = 343157617.28853595
maxcov = 34315761728.8536
