
[data]
trigger-time = 1589777565.2355938
injection-file = /home/ss/Prospects-of-LGWs/unlens/injection.hdf

[global]
instruments = E1 E2 E3
mass1_ref = 30.000000008409376
mass2_ref = 30.000000006965838
minchirp = 26.116416905576173
maxchirp = 26.116616905576173
mincov = 27669370711.9788
maxcov = 2766937071197.8804
