
[data]
trigger-time = 1746383279.295206
injection-file = /home/ss/Prospects-of-LGWs/unlens/injection.hdf

[global]
instruments = E1 E2 E3
mass1_ref = 30.000000005520953
mass2_ref = 30.00000000274982
minchirp = 26.116416902483788
maxchirp = 26.116616902483788
mincov = 28242150533.484886
maxcov = 2824215053348.489
