
[data]
trigger-time = 1659273218.3554437
injection-file = /home/ss/Prospects-of-LGWs/unlens/injection.hdf

[global]
instruments = E1 E2 E3
mass1_ref = 30.00000000513994
mass2_ref = 30.000000005200246
minchirp = 26.11641690338455
maxchirp = 26.11661690338455
mincov = 20752592503.55464
maxcov = 2075259250355.464
