
[data]
trigger-time = 1922420392.0973048
injection-file = /home/ss/Prospects-of-LGWs/unlens/injection.hdf

[global]
instruments = E1 E2 E3
mass1_ref = 30.000000003629875
mass2_ref = 30.00000000650584
minchirp = 26.11641690329555
maxchirp = 26.11661690329555
mincov = 4671783810.3771
maxcov = 467178381037.70996
