
[data]
trigger-time = 1766417144.0307367
injection-file = /home/ss/Prospects-of-LGWs/unlens/injection.hdf

[global]
instruments = E1 E2 E3
mass1_ref = 30.000000007523344
mass2_ref = 30.00000000738268
minchirp = 26.116416905371945
maxchirp = 26.116616905371945
mincov = 1908102.9767175484
maxcov = 190810297.67175484
