
[data]
trigger-time = 1490900233.568507
injection-file = /home/ss/Prospects-of-LGWs/unlens/injection.hdf

[global]
instruments = E1 E2 E3
mass1_ref = 30.000000000793495
mass2_ref = 30.000000002469008
minchirp = 26.11641690030381
maxchirp = 26.11661690030381
mincov = 4858529227.87068
maxcov = 485852922787.06793
