
[data]
trigger-time = 1604907502.7323885
injection-file = /home/ss/Prospects-of-LGWs/unlens/injection.hdf

[global]
instruments = E1 E2 E3
mass1_ref = 30.00000000375451
mass2_ref = 30.000000009799162
minchirp = 26.116416904783303
maxchirp = 26.116616904783303
mincov = 8519173933.3482895
maxcov = 851917393334.829
