
[data]
trigger-time = 1327275467.8723173
injection-file = /home/ss/Prospects-of-LGWs/unlens/injection.hdf

[global]
instruments = E1 E2 E3
mass1_ref = 30.00000000059959
mass2_ref = 30.00000000373957
minchirp = 26.116416900772453
maxchirp = 26.116616900772453
mincov = 1842011784.5459733
maxcov = 184201178454.59732
