
[data]
trigger-time = 1916708332.212006
injection-file = /home/ss/Prospects-of-LGWs/unlens/injection.hdf

[global]
instruments = E1 E2 E3
mass1_ref = 30.000000005862187
mass2_ref = 30.000000000914742
minchirp = 26.116416901833553
maxchirp = 26.116616901833552
mincov = 7629259859.472316
maxcov = 762925985947.2316
