
[data]
trigger-time = 1503822747.6097207
injection-file = /home/ss/Prospects-of-LGWs/unlens/injection.hdf

[global]
instruments = E1 E2 E3
mass1_ref = 30.000000008087515
mass2_ref = 30.000000007705815
minchirp = 26.11641690575817
maxchirp = 26.11661690575817
mincov = 27707398351.31883
maxcov = 2770739835131.883
