
[data]
trigger-time = 1009694018.1562928
injection-file = /home/ss/Prospects-of-LGWs/unlens/injection.hdf

[global]
instruments = E1 E2 E3
mass1_ref = 30.000000006533504
mass2_ref = 30.000000000762498
minchirp = 26.116416902059495
maxchirp = 26.116616902059494
mincov = 8143330378.71017
maxcov = 814333037871.017
