
[data]
trigger-time = 1036199384.486269
injection-file = /home/ss/Prospects-of-LGWs/unlens/injection.hdf

[global]
instruments = E1 E2 E3
mass1_ref = 30.000000007095654
mass2_ref = 30.000000000330026
minchirp = 26.11641690211594
maxchirp = 26.11661690211594
mincov = 9732733949.297012
maxcov = 973273394929.7012
