
[data]
trigger-time = 1266434743.5741389
injection-file = /home/ss/Prospects-of-LGWs/unlens/injection.hdf

[global]
instruments = E1 E2 E3
mass1_ref = 30.000000001155414
mass2_ref = 30.000000005467346
minchirp = 26.11641690176645
maxchirp = 26.11661690176645
mincov = 28798476454.68656
maxcov = 2879847645468.6562
