
[data]
trigger-time = 1951945663.2368207
injection-file = /home/ss/Prospects-of-LGWs/unlens/injection.hdf

[global]
instruments = E1 E2 E3
mass1_ref = 30.000000009269357
mass2_ref = 30.00000000316964
minchirp = 26.116416904298113
maxchirp = 26.116616904298112
mincov = 1360918136.0125074
maxcov = 136091813601.25075
