
[data]
trigger-time = 1555574672.1950824
injection-file = /home/ss/Prospects-of-LGWs/unlens/injection.hdf

[global]
instruments = E1 E2 E3
mass1_ref = 30.000000002113254
mass2_ref = 30.000000000825114
minchirp = 26.116416900162726
maxchirp = 26.116616900162725
mincov = 12049438904.612906
maxcov = 1204943890461.2905
