
[data]
trigger-time = 1992005127.3565583
injection-file = /home/ss/Prospects-of-LGWs/unlens/injection.hdf

[global]
instruments = E1 E2 E3
mass1_ref = 30.000000003413877
mass2_ref = 30.000000006766342
minchirp = 26.116416903314924
maxchirp = 26.116616903314924
mincov = 14782768629.632671
maxcov = 1478276862963.267
