
[data]
trigger-time = 1168293532.8549192
injection-file = /home/ss/Prospects-of-LGWs/unlens/injection.hdf

[global]
instruments = E1 E2 E3
mass1_ref = 30.000000009198896
mass2_ref = 30.000000006388376
minchirp = 26.11641690566848
maxchirp = 26.11661690566848
mincov = 11363047303.276134
maxcov = 1136304730327.6133
