
[data]
trigger-time = 1009324451.9228432
injection-file = /home/ss/Prospects-of-LGWs/unlens/injection.hdf

[global]
instruments = E1 E2 E3
mass1_ref = 30.000000004189598
mass2_ref = 30.0000000048225
minchirp = 26.116416902806467
maxchirp = 26.116616902806467
mincov = 9705773247.639294
maxcov = 970577324763.9293
