
[data]
trigger-time = 1077135379.7553892
injection-file = /home/ss/Prospects-of-LGWs/unlens/injection.hdf

[global]
instruments = E1 E2 E3
mass1_ref = 30.000000004918107
mass2_ref = 30.000000008732748
minchirp = 26.116416904825602
maxchirp = 26.1166169048256
mincov = 1531.5816064957376
maxcov = 153158.16064957375
