
[data]
trigger-time = 1498846568.5541692
injection-file = /home/ss/Prospects-of-LGWs/unlens/injection.hdf

[global]
instruments = E1 E2 E3
mass1_ref = 30.00000000443648
mass2_ref = 30.000000008433815
minchirp = 26.116416904485845
maxchirp = 26.116616904485845
mincov = 6436485329.885408
maxcov = 643648532988.5408
