
[data]
trigger-time = 1850328363.3445168
injection-file = /home/ss/Prospects-of-LGWs/unlens/injection.hdf

[global]
instruments = E1 E2 E3
mass1_ref = 30.000000002276398
mass2_ref = 30.000000003677993
minchirp = 26.116416901475525
maxchirp = 26.116616901475524
mincov = 9450697674.395052
maxcov = 945069767439.5051
