
[data]
trigger-time = 1361473015.691277
injection-file = /home/ss/Prospects-of-LGWs/unlens/injection.hdf

[global]
instruments = E1 E2 E3
mass1_ref = 30.00000000268609
mass2_ref = 30.00000000818306
minchirp = 26.116416903614798
maxchirp = 26.116616903614798
mincov = 643338563.9600049
maxcov = 64333856396.00049
