
[data]
trigger-time = 1428332050.318006
injection-file = /home/ss/Prospects-of-LGWs/unlens/injection.hdf

[global]
instruments = E1 E2 E3
mass1_ref = 30.000000000763713
mass2_ref = 30.000000005040576
minchirp = 26.116416901410187
maxchirp = 26.116616901410186
mincov = 1173529757.1220555
maxcov = 117352975712.20554
