
[data]
trigger-time = 1521996034.528541
injection-file = /home/ss/Prospects-of-LGWs/unlens/injection.hdf

[global]
instruments = E1 E2 E3
mass1_ref = 30.00000000900469
mass2_ref = 30.00000000309929
minchirp = 26.11641690415229
maxchirp = 26.116616904152288
mincov = 12794410198.659555
maxcov = 1279441019865.9556
