
[data]
trigger-time = 1713914013.42581
injection-file = /home/ss/Prospects-of-LGWs/unlens/injection.hdf

[global]
instruments = E1 E2 E3
mass1_ref = 30.0000000007728
mass2_ref = 30.000000001400142
minchirp = 26.116416899829552
maxchirp = 26.116616899829552
mincov = 23238515766.08679
maxcov = 2323851576608.6787
