
[data]
trigger-time = 1932262531.63771
injection-file = /home/ss/Prospects-of-LGWs/unlens/injection.hdf

[global]
instruments = E1 E2 E3
mass1_ref = 30.000000000120114
mass2_ref = 30.00000000370337
minchirp = 26.116416900547993
maxchirp = 26.116616900547992
mincov = 19710697265.552715
maxcov = 1971069726555.2715
