
[data]
trigger-time = 1236568305.4054596
injection-file = /home/ss/Prospects-of-LGWs/unlens/injection.hdf

[global]
instruments = E1 E2 E3
mass1_ref = 30.00000000773722
mass2_ref = 30.00000000647755
minchirp = 26.116416905071063
maxchirp = 26.116616905071062
mincov = 2120452566.1813798
maxcov = 212045256618.13797
