
[data]
trigger-time = 1437516725.089384
injection-file = /home/ss/Prospects-of-LGWs/unlens/injection.hdf

[global]
instruments = E1 E2 E3
mass1_ref = 30.00000000121388
mass2_ref = 30.000000007142365
minchirp = 26.116416902520992
maxchirp = 26.11661690252099
mincov = 12171979375.634468
maxcov = 1217197937563.4468
