
[data]
trigger-time = 1717042928.190682
injection-file = /home/ss/Prospects-of-LGWs/unlens/injection.hdf

[global]
instruments = E1 E2 E3
mass1_ref = 30.000000003412296
mass2_ref = 30.0000000079569
minchirp = 26.116416903832455
maxchirp = 26.116616903832455
mincov = 15408712543.699026
maxcov = 1540871254369.9026
