
[data]
trigger-time = 1197851959.2831519
injection-file = /home/ss/Prospects-of-LGWs/unlens/injection.hdf

[global]
instruments = E1 E2 E3
mass1_ref = 30.000000001624915
mass2_ref = 30.00000000774808
minchirp = 26.116416902963557
maxchirp = 26.116616902963557
mincov = 70099624.96671605
maxcov = 7009962496.671605
