
[data]
trigger-time = 1979407327.448822
injection-file = /home/ss/Prospects-of-LGWs/unlens/injection.hdf

[global]
instruments = E1 E2 E3
mass1_ref = 30.000000004135966
mass2_ref = 30.000000002980375
minchirp = 26.116416901981292
maxchirp = 26.116616901981292
mincov = 2205174264.1312857
maxcov = 220517426413.12854
