
[data]
trigger-time = 1435814579.2478285
injection-file = /home/ss/Prospects-of-LGWs/unlens/injection.hdf

[global]
instruments = E1 E2 E3
mass1_ref = 30.000000005035595
mass2_ref = 30.00000000903023
minchirp = 26.11641690500623
maxchirp = 26.11661690500623
mincov = 14689614955.471106
maxcov = 1468961495547.1106
