
[data]
trigger-time = 1879614441.0891337
injection-file = /home/ss/Prospects-of-LGWs/unlens/injection.hdf

[global]
instruments = E1 E2 E3
mass1_ref = 30.000000003667825
mass2_ref = 30.000000008435126
minchirp = 26.11641690415184
maxchirp = 26.11661690415184
mincov = 6212773643.897669
maxcov = 621277364389.7668
