
[data]
trigger-time = 1238329120.1319568
injection-file = /home/ss/Prospects-of-LGWs/unlens/injection.hdf

[global]
instruments = E1 E2 E3
mass1_ref = 30.00000000290108
mass2_ref = 30.00000000531182
minchirp = 26.116416902458596
maxchirp = 26.116616902458595
mincov = 31165850483.59016
maxcov = 3116585048359.016
