
[data]
trigger-time = 1214115122.6801043
injection-file = /home/ss/Prospects-of-LGWs/unlens/injection.hdf

[global]
instruments = E1 E2 E3
mass1_ref = 30.000000006335004
mass2_ref = 30.000000005546248
minchirp = 26.11641690405534
maxchirp = 26.11661690405534
mincov = 29937795899.185905
maxcov = 2993779589918.591
