
[data]
trigger-time = 1441407158.7046976
injection-file = /home/ss/Prospects-of-LGWs/unlens/injection.hdf

[global]
instruments = E1 E2 E3
mass1_ref = 30.000000007135768
mass2_ref = 30.0000000033855
minchirp = 26.11641690346337
maxchirp = 26.11661690346337
mincov = 17642251651.858574
maxcov = 1764225165185.8574
