
[data]
trigger-time = 1483999186.8624637
injection-file = /home/ss/Prospects-of-LGWs/unlens/injection.hdf

[global]
instruments = E1 E2 E3
mass1_ref = 30.000000004511232
mass2_ref = 30.00000000325675
minchirp = 26.116416902264938
maxchirp = 26.116616902264937
mincov = 8619398109.50011
maxcov = 861939810950.0111
