
[data]
trigger-time = 1679039124.7061932
injection-file = /home/ss/Prospects-of-LGWs/unlens/injection.hdf

[global]
instruments = E1 E2 E3
mass1_ref = 30.000000001871598
mass2_ref = 30.00000000861788
minchirp = 26.116416903449537
maxchirp = 26.116616903449536
mincov = 10342985962.232794
maxcov = 1034298596223.2794
