
[data]
trigger-time = 1306462850.120832
injection-file = /home/ss/Prospects-of-LGWs/unlens/injection.hdf

[global]
instruments = E1 E2 E3
mass1_ref = 30.000000003711513
mass2_ref = 30.00000000558331
minchirp = 26.11641690292953
maxchirp = 26.11661690292953
mincov = 28462616243.356995
maxcov = 2846261624335.699
