
[data]
trigger-time = 1973971096.4682841
injection-file = /home/ss/Prospects-of-LGWs/unlens/injection.hdf

[global]
instruments = E1 E2 E3
mass1_ref = 30.000000008270177
mass2_ref = 30.000000000290242
minchirp = 26.116416902609863
maxchirp = 26.116616902609863
mincov = 5881715570.017427
maxcov = 588171557001.7428
