
[data]
trigger-time = 1805327833.0278487
injection-file = /home/ss/Prospects-of-LGWs/unlens/injection.hdf

[global]
instruments = E1 E2 E3
mass1_ref = 30.000000002637226
mass2_ref = 30.000000009335057
minchirp = 26.11641690409496
maxchirp = 26.11661690409496
mincov = 200130851.3649249
maxcov = 20013085136.492493
