
[data]
trigger-time = 1948945994.89921
injection-file = /home/ss/Prospects-of-LGWs/unlens/injection.hdf

[global]
instruments = E1 E2 E3
mass1_ref = 30.000000005916743
mass2_ref = 30.000000000579266
minchirp = 26.116416901711276
maxchirp = 26.116616901711275
mincov = 4829402814.101912
maxcov = 482940281410.1911
