
[data]
trigger-time = 1182782988.1635303
injection-file = /home/ss/Prospects-of-LGWs/unlens/injection.hdf

[global]
instruments = E1 E2 E3
mass1_ref = 30.00000000034883
mass2_ref = 30.00000000870862
minchirp = 26.11641690282621
maxchirp = 26.11661690282621
mincov = 23704952894.000477
maxcov = 2370495289400.048
