
[data]
trigger-time = 1638763078.3253512
injection-file = /home/ss/Prospects-of-LGWs/unlens/injection.hdf

[global]
instruments = E1 E2 E3
mass1_ref = 30.000000000902894
mass2_ref = 30.000000004318032
minchirp = 26.116416901156263
maxchirp = 26.116616901156263
mincov = 18750803414.552788
maxcov = 1875080341455.2788
