
[data]
trigger-time = 1105148447.9356263
injection-file = /home/ss/Prospects-of-LGWs/unlens/injection.hdf

[global]
instruments = E1 E2 E3
mass1_ref = 30.000000009876057
mass2_ref = 30.00000000260623
minchirp = 26.116416904316957
maxchirp = 26.116616904316956
mincov = 15250540246.009022
maxcov = 1525054024600.902
