
[data]
trigger-time = 1242623891.2043903
injection-file = /home/ss/Prospects-of-LGWs/unlens/injection.hdf

[global]
instruments = E1 E2 E3
mass1_ref = 30.000000005929127
mass2_ref = 30.000000007581956
minchirp = 26.116416904764765
maxchirp = 26.116616904764765
mincov = 3987739671.378206
maxcov = 398773967137.82056
