
[data]
trigger-time = 1100227925.4073865
injection-file = /home/ss/Prospects-of-LGWs/unlens/injection.hdf

[global]
instruments = E1 E2 E3
mass1_ref = 30.000000009575178
mass2_ref = 30.00000000460967
minchirp = 26.11641690505804
maxchirp = 26.116616905058038
mincov = 282321999.90272856
maxcov = 28232199990.272858
