
[data]
trigger-time = 1177444552.5993855
injection-file = /home/ss/Prospects-of-LGWs/unlens/injection.hdf

[global]
instruments = E1 E2 E3
mass1_ref = 30.00000000209719
mass2_ref = 30.00000000560797
minchirp = 26.11641690223759
maxchirp = 26.11661690223759
mincov = 1989988368.2134109
maxcov = 198998836821.3411
