
[data]
trigger-time = 1034675315.4984169
injection-file = /home/ss/Prospects-of-LGWs/unlens/injection.hdf

[global]
instruments = E1 E2 E3
mass1_ref = 30.000000005008857
mass2_ref = 30.000000004101143
minchirp = 26.116416902849082
maxchirp = 26.11661690284908
mincov = 28694410331.158447
maxcov = 2869441033115.8447
