
[data]
trigger-time = 1551504289.3078337
injection-file = /home/ss/Prospects-of-LGWs/unlens/injection.hdf

[global]
instruments = E1 E2 E3
mass1_ref = 30.000000002424176
mass2_ref = 30.000000000524565
minchirp = 26.11641690016724
maxchirp = 26.11661690016724
mincov = 6526323165.010468
maxcov = 652632316501.0468
