
[data]
trigger-time = 1770827569.8486843
injection-file = /home/ss/Prospects-of-LGWs/unlens/injection.hdf

[global]
instruments = E1 E2 E3
mass1_ref = 30.000000000516646
mass2_ref = 30.000000008384664
minchirp = 26.116416902758242
maxchirp = 26.116616902758242
mincov = 14785752996.610117
maxcov = 1478575299661.0117
