
[data]
trigger-time = 1240410338.742493
injection-file = /home/ss/Prospects-of-LGWs/unlens/injection.hdf

[global]
instruments = E1 E2 E3
mass1_ref = 30.00000000064672
mass2_ref = 30.00000000498716
minchirp = 26.116416901336013
maxchirp = 26.116616901336013
mincov = 18992733746.8072
maxcov = 1899273374680.7202
