
[data]
trigger-time = 1969085700.5573385
injection-file = /home/ss/Prospects-of-LGWs/unlens/injection.hdf

[global]
instruments = E1 E2 E3
mass1_ref = 30.000000003800633
mass2_ref = 30.000000006611607
minchirp = 26.116416903415917
maxchirp = 26.116616903415917
mincov = 10740054776.549885
maxcov = 1074005477654.9885
