
[data]
trigger-time = 1037977209.419459
injection-file = /home/ss/Prospects-of-LGWs/unlens/injection.hdf

[global]
instruments = E1 E2 E3
mass1_ref = 30.00000000235254
mass2_ref = 30.000000006521617
minchirp = 26.116416902746426
maxchirp = 26.116616902746426
mincov = 4579902194.26669
maxcov = 457990219426.669
