
[data]
trigger-time = 1050935417.1589689
injection-file = /home/ss/Prospects-of-LGWs/unlens/injection.hdf

[global]
instruments = E1 E2 E3
mass1_ref = 30.00000000599213
mass2_ref = 30.00000000020336
minchirp = 26.116416901580468
maxchirp = 26.116616901580468
mincov = 27207462624.906784
maxcov = 2720746262490.678
