
[data]
trigger-time = 1667936042.739548
injection-file = /home/ss/Prospects-of-LGWs/unlens/injection.hdf

[global]
instruments = E1 E2 E3
mass1_ref = 30.00000000508242
mass2_ref = 30.00000000109181
minchirp = 26.116416901571213
maxchirp = 26.116616901571213
mincov = 24337835653.3384
maxcov = 2433783565333.84
