
[data]
trigger-time = 1475535740.3567555
injection-file = /home/ss/Prospects-of-LGWs/unlens/injection.hdf

[global]
instruments = E1 E2 E3
mass1_ref = 30.000000002363613
mass2_ref = 30.000000001554014
minchirp = 26.11641690058897
maxchirp = 26.11661690058897
mincov = 4529968008.632045
maxcov = 452996800863.20447
