
[data]
trigger-time = 1107841474.5362854
injection-file = /home/ss/Prospects-of-LGWs/unlens/injection.hdf

[global]
instruments = E1 E2 E3
mass1_ref = 30.000000009242648
mass2_ref = 30.0000000084735
minchirp = 26.116416906595123
maxchirp = 26.116616906595123
mincov = 176843448.67902744
maxcov = 17684344867.902744
