
[data]
trigger-time = 1532558839.181908
injection-file = /home/ss/Prospects-of-LGWs/unlens/injection.hdf

[global]
instruments = E1 E2 E3
mass1_ref = 30.000000002806765
mass2_ref = 30.00000000054262
minchirp = 26.11641690034163
maxchirp = 26.11661690034163
mincov = 1270479768.903401
maxcov = 127047976890.3401
