
[data]
trigger-time = 1462859132.4607399
injection-file = /home/ss/Prospects-of-LGWs/unlens/injection.hdf

[global]
instruments = E1 E2 E3
mass1_ref = 30.00000000512092
mass2_ref = 30.000000007950717
minchirp = 26.116416904573487
maxchirp = 26.116616904573487
mincov = 4651000893.272333
maxcov = 465100089327.2333
