
[data]
trigger-time = 1618333157.0120661
injection-file = /home/ss/Prospects-of-LGWs/unlens/injection.hdf

[global]
instruments = E1 E2 E3
mass1_ref = 30.000000008607714
mass2_ref = 30.000000007253988
minchirp = 26.11641690578793
maxchirp = 26.11661690578793
mincov = 22037968726.52665
maxcov = 2203796872652.665
