
[data]
trigger-time = 1661040771.8395889
injection-file = /home/ss/Prospects-of-LGWs/unlens/injection.hdf

[global]
instruments = E1 E2 E3
mass1_ref = 30.00000000996147
mass2_ref = 30.000000003743303
minchirp = 26.116416904849075
maxchirp = 26.116616904849074
mincov = 10603202456.740065
maxcov = 1060320245674.0065
