
[data]
trigger-time = 1060795891.348656
injection-file = /home/ss/Prospects-of-LGWs/unlens/injection.hdf

[global]
instruments = E1 E2 E3
mass1_ref = 30.000000008842164
mass2_ref = 30.000000003158203
minchirp = 26.11641690410719
maxchirp = 26.11661690410719
mincov = 5122591514.429701
maxcov = 512259151442.97003
