
[data]
trigger-time = 1470730393.8376176
injection-file = /home/ss/Prospects-of-LGWs/unlens/injection.hdf

[global]
instruments = E1 E2 E3
mass1_ref = 30.000000006496656
mass2_ref = 30.000000007008687
minchirp = 26.116416904762264
maxchirp = 26.116616904762264
mincov = 13805454931.92153
maxcov = 1380545493192.153
