
[data]
trigger-time = 1011483190.7035409
injection-file = /home/ss/Prospects-of-LGWs/unlens/injection.hdf

[global]
instruments = E1 E2 E3
mass1_ref = 30.000000009717226
mass2_ref = 30.000000002175067
minchirp = 26.11641690406015
maxchirp = 26.116616904060148
mincov = 24312269084.781242
maxcov = 2431226908478.124
