
[data]
trigger-time = 1948719484.5036585
injection-file = /home/ss/Prospects-of-LGWs/unlens/injection.hdf

[global]
instruments = E1 E2 E3
mass1_ref = 30.000000006581644
mass2_ref = 30.000000005145694
minchirp = 26.116416903988345
maxchirp = 26.116616903988344
mincov = 2037931931.3060555
maxcov = 203793193130.60553
