
[data]
trigger-time = 1531358930.7297049
injection-file = /home/ss/Prospects-of-LGWs/unlens/injection.hdf

[global]
instruments = E1 E2 E3
mass1_ref = 30.000000005851895
mass2_ref = 30.000000006259814
minchirp = 26.116416904155653
maxchirp = 26.116616904155652
mincov = 14401050901.896082
maxcov = 1440105090189.6082
