
[data]
trigger-time = 1548354162.1341481
injection-file = /home/ss/Prospects-of-LGWs/unlens/injection.hdf

[global]
instruments = E1 E2 E3
mass1_ref = 30.000000005490815
mass2_ref = 30.00000000189954
minchirp = 26.116416902100564
maxchirp = 26.116616902100564
mincov = 11320424935.824009
maxcov = 1132042493582.401
