
[data]
trigger-time = 1536097898.8860445
injection-file = /home/ss/Prospects-of-LGWs/unlens/injection.hdf

[global]
instruments = E1 E2 E3
mass1_ref = 30.00000000769419
mass2_ref = 30.000000000283467
minchirp = 26.116416902356203
maxchirp = 26.116616902356203
mincov = 9815506294.194925
maxcov = 981550629419.4924
