
[data]
trigger-time = 1663276084.044342
injection-file = /home/ss/Prospects-of-LGWs/unlens/injection.hdf

[global]
instruments = E1 E2 E3
mass1_ref = 30.000000001760927
mass2_ref = 30.000000009408204
minchirp = 26.11641690374537
maxchirp = 26.11661690374537
mincov = 13696970686.855469
maxcov = 1369697068685.5469
