
[data]
trigger-time = 1874466206.2692685
injection-file = /home/ss/Prospects-of-LGWs/unlens/injection.hdf

[global]
instruments = E1 E2 E3
mass1_ref = 30.000000001994803
mass2_ref = 30.00000000214194
minchirp = 26.116416900684346
maxchirp = 26.116616900684345
mincov = 1065206154.1193304
maxcov = 106520615411.93304
