
[data]
trigger-time = 1099122754.4020603
injection-file = /home/ss/Prospects-of-LGWs/unlens/injection.hdf

[global]
instruments = E1 E2 E3
mass1_ref = 30.00000000848961
mass2_ref = 30.000000006961617
minchirp = 26.116416905609263
maxchirp = 26.116616905609263
mincov = 4966180276.077607
maxcov = 496618027607.7607
