
[data]
trigger-time = 1165683817.0174255
injection-file = /home/ss/Prospects-of-LGWs/unlens/injection.hdf

[global]
instruments = E1 E2 E3
mass1_ref = 30.000000002128928
mass2_ref = 30.000000003206154
minchirp = 26.11641690120595
maxchirp = 26.11661690120595
mincov = 10490101440.541737
maxcov = 1049010144054.1736
