
[data]
trigger-time = 1426563219.1646063
injection-file = /home/ss/Prospects-of-LGWs/unlens/injection.hdf

[global]
instruments = E1 E2 E3
mass1_ref = 30.00000000199782
mass2_ref = 30.000000000114632
minchirp = 26.116416899803223
maxchirp = 26.116616899803223
mincov = 4655590516.620354
maxcov = 465559051662.0354
