
[data]
trigger-time = 1489773023.6045523
injection-file = /home/ss/Prospects-of-LGWs/unlens/injection.hdf

[global]
instruments = E1 E2 E3
mass1_ref = 30.000000007207394
mass2_ref = 30.000000007686243
minchirp = 26.116416905366556
maxchirp = 26.116616905366556
mincov = 24033762453.449238
maxcov = 2403376245344.924
