
[data]
trigger-time = 1904115239.0879045
injection-file = /home/ss/Prospects-of-LGWs/unlens/injection.hdf

[global]
instruments = E1 E2 E3
mass1_ref = 30.000000007687476
mass2_ref = 30.000000003532527
minchirp = 26.116416903767515
maxchirp = 26.116616903767515
mincov = 463229650.74706256
maxcov = 46322965074.70626
