
[data]
trigger-time = 1098385604.5746017
injection-file = /home/ss/Prospects-of-LGWs/unlens/injection.hdf

[global]
instruments = E1 E2 E3
mass1_ref = 30.000000002541597
mass2_ref = 30.000000005888097
minchirp = 26.116416902552963
maxchirp = 26.116616902552963
mincov = 17129300090.515448
maxcov = 1712930009051.545
