
[data]
trigger-time = 1566865308.3373365
injection-file = /home/ss/Prospects-of-LGWs/unlens/injection.hdf

[global]
instruments = E1 E2 E3
mass1_ref = 30.000000005496286
mass2_ref = 30.000000003629925
minchirp = 26.116416902856137
maxchirp = 26.116616902856137
mincov = 2289025952.781874
maxcov = 228902595278.1874
