
[data]
trigger-time = 1449140969.498633
injection-file = /home/ss/Prospects-of-LGWs/unlens/injection.hdf

[global]
instruments = E1 E2 E3
mass1_ref = 30.000000005530907
mass2_ref = 30.000000003766274
minchirp = 26.116416902930556
maxchirp = 26.116616902930556
mincov = 17011339508.166626
maxcov = 1701133950816.6626
