
[data]
trigger-time = 1004239819.073893
injection-file = /home/ss/Prospects-of-LGWs/unlens/injection.hdf

[global]
instruments = E1 E2 E3
mass1_ref = 30.000000008404015
mass2_ref = 30.000000009484243
minchirp = 26.11641690667004
maxchirp = 26.11661690667004
mincov = 15704285750.421402
maxcov = 1570428575042.1401
