
[data]
trigger-time = 1783582181.362032
injection-file = /home/ss/Prospects-of-LGWs/unlens/injection.hdf

[global]
instruments = E1 E2 E3
mass1_ref = 30.000000007105438
mass2_ref = 30.000000007348646
minchirp = 26.11641690517523
maxchirp = 26.11661690517523
mincov = 28469966509.108757
maxcov = 2846996650910.876
