
[data]
trigger-time = 1948295421.9847946
injection-file = /home/ss/Prospects-of-LGWs/unlens/injection.hdf

[global]
instruments = E1 E2 E3
mass1_ref = 30.00000000355704
mass2_ref = 30.00000000328204
minchirp = 26.116416901860607
maxchirp = 26.116616901860606
mincov = 30254204356.510887
maxcov = 3025420435651.089
