
[data]
trigger-time = 1854353992.8745618
injection-file = /home/ss/Prospects-of-LGWs/unlens/injection.hdf

[global]
instruments = E1 E2 E3
mass1_ref = 30.00000000345069
mass2_ref = 30.00000000530938
minchirp = 26.11641690269677
maxchirp = 26.11661690269677
mincov = 28585580876.480293
maxcov = 2858558087648.0293
