
[data]
trigger-time = 1170749215.6974156
injection-file = /home/ss/Prospects-of-LGWs/unlens/injection.hdf

[global]
instruments = E1 E2 E3
mass1_ref = 30.00000000031066
mass2_ref = 30.00000000633782
minchirp = 26.116416901777644
maxchirp = 26.116616901777643
mincov = 5089606035.771814
maxcov = 508960603577.18146
