
[data]
trigger-time = 1704485486.976121
injection-file = /home/ss/Prospects-of-LGWs/unlens/injection.hdf

[global]
instruments = E1 E2 E3
mass1_ref = 30.000000001090743
mass2_ref = 30.00000000813434
minchirp = 26.116416902899175
maxchirp = 26.116616902899175
mincov = 311517855.42000926
maxcov = 31151785542.000927
