
[data]
trigger-time = 1694677032.6268487
injection-file = /home/ss/Prospects-of-LGWs/unlens/injection.hdf

[global]
instruments = E1 E2 E3
mass1_ref = 30.000000003362196
mass2_ref = 30.0000000046287
minchirp = 26.116416902361966
maxchirp = 26.116616902361965
mincov = 1737597227.64656
maxcov = 173759722764.656
