
[data]
trigger-time = 1240528406.1606514
injection-file = /home/ss/Prospects-of-LGWs/unlens/injection.hdf

[global]
instruments = E1 E2 E3
mass1_ref = 30.000000008173537
mass2_ref = 30.000000000960345
minchirp = 26.116416902859477
maxchirp = 26.116616902859477
mincov = 11275380459.160936
maxcov = 1127538045916.0935
