
[data]
trigger-time = 1963746048.2525485
injection-file = /home/ss/Prospects-of-LGWs/unlens/injection.hdf

[global]
instruments = E1 E2 E3
mass1_ref = 30.000000002765788
mass2_ref = 30.00000000560003
minchirp = 26.116416902525156
maxchirp = 26.116616902525156
mincov = 10721546878.971653
maxcov = 1072154687897.1653
