
[data]
trigger-time = 1034739512.4289684
injection-file = /home/ss/Prospects-of-LGWs/unlens/injection.hdf

[global]
instruments = E1 E2 E3
mass1_ref = 30.00000000383306
mass2_ref = 30.00000000651059
minchirp = 26.116416903386057
maxchirp = 26.116616903386056
mincov = 87807859.90189925
maxcov = 8780785990.189926
