
[data]
trigger-time = 1806281523.893042
injection-file = /home/ss/Prospects-of-LGWs/unlens/injection.hdf

[global]
instruments = E1 E2 E3
mass1_ref = 30.000000005709566
mass2_ref = 30.000000004642864
minchirp = 26.11641690338988
maxchirp = 26.11661690338988
mincov = 13706948910.514969
maxcov = 1370694891051.4968
