
[data]
trigger-time = 1340311163.7241902
injection-file = /home/ss/Prospects-of-LGWs/unlens/injection.hdf

[global]
instruments = E1 E2 E3
mass1_ref = 30.000000001026653
mass2_ref = 30.00000000833832
minchirp = 26.116416902960065
maxchirp = 26.116616902960065
mincov = 2267054763.0339503
maxcov = 226705476303.39505
