
[data]
trigger-time = 1466199054.8081975
injection-file = /home/ss/Prospects-of-LGWs/unlens/injection.hdf

[global]
instruments = E1 E2 E3
mass1_ref = 30.00000000721385
mass2_ref = 30.00000000737673
minchirp = 26.116416905234644
maxchirp = 26.116616905234643
mincov = 5951012401.062006
maxcov = 595101240106.2006
