
[data]
trigger-time = 1704049285.0078106
injection-file = /home/ss/Prospects-of-LGWs/unlens/injection.hdf

[global]
instruments = E1 E2 E3
mass1_ref = 30.00000000243878
mass2_ref = 30.00000000309544
minchirp = 26.116416901292634
maxchirp = 26.116616901292634
mincov = 2354677350.1881266
maxcov = 235467735018.81268
