
[data]
trigger-time = 1521943539.338748
injection-file = /home/ss/Prospects-of-LGWs/unlens/injection.hdf

[global]
instruments = E1 E2 E3
mass1_ref = 30.000000003089543
mass2_ref = 30.00000000705903
minchirp = 26.116416903301143
maxchirp = 26.116616903301143
mincov = 166436278.58163026
maxcov = 16643627858.163025
