
[data]
trigger-time = 1866583123.2694368
injection-file = /home/ss/Prospects-of-LGWs/unlens/injection.hdf

[global]
instruments = E1 E2 E3
mass1_ref = 30.000000007313428
mass2_ref = 30.000000004871662
minchirp = 26.11641690418759
maxchirp = 26.11661690418759
mincov = 15042250526.114248
maxcov = 1504225052611.4248
