
[data]
trigger-time = 1621542277.4329457
injection-file = /home/ss/Prospects-of-LGWs/unlens/injection.hdf

[global]
instruments = E1 E2 E3
mass1_ref = 30.000000000282956
mass2_ref = 30.00000000947445
minchirp = 26.116416903130883
maxchirp = 26.116616903130883
mincov = 30811259050.340015
maxcov = 3081125905034.0015
