
[data]
trigger-time = 1984314220.414926
injection-file = /home/ss/Prospects-of-LGWs/unlens/injection.hdf

[global]
instruments = E1 E2 E3
mass1_ref = 30.000000002599794
mass2_ref = 30.00000000996749
minchirp = 26.11641690435395
maxchirp = 26.11661690435395
mincov = 1195562717.8973374
maxcov = 119556271789.73375
