
[data]
trigger-time = 1923601893.5329537
injection-file = /home/ss/Prospects-of-LGWs/unlens/injection.hdf

[global]
instruments = E1 E2 E3
mass1_ref = 30.00000000881371
mass2_ref = 30.000000009791123
minchirp = 26.11641690698195
maxchirp = 26.11661690698195
mincov = 29683289.289933246
maxcov = 2968328928.9933248
