
[data]
trigger-time = 1772562874.672495
injection-file = /home/ss/Prospects-of-LGWs/unlens/injection.hdf

[global]
instruments = E1 E2 E3
mass1_ref = 30.000000007447138
mass2_ref = 30.000000008125472
minchirp = 26.116416905662096
maxchirp = 26.116616905662095
mincov = 5444524803.2630825
maxcov = 544452480326.3083
