
[data]
trigger-time = 1932935072.5237124
injection-file = /home/ss/Prospects-of-LGWs/unlens/injection.hdf

[global]
instruments = E1 E2 E3
mass1_ref = 30.00000000891702
mass2_ref = 30.00000000629733
minchirp = 26.116416905506156
maxchirp = 26.116616905506156
mincov = 23393413928.03102
maxcov = 2339341392803.102
