
[data]
trigger-time = 1244745890.2388506
injection-file = /home/ss/Prospects-of-LGWs/unlens/injection.hdf

[global]
instruments = E1 E2 E3
mass1_ref = 30.0000000036432
mass2_ref = 30.00000000088426
minchirp = 26.116416900854418
maxchirp = 26.116616900854417
mincov = 11541648205.345438
maxcov = 1154164820534.5437
