
[data]
trigger-time = 1557610653.4766946
injection-file = /home/ss/Prospects-of-LGWs/unlens/injection.hdf

[global]
instruments = E1 E2 E3
mass1_ref = 30.00000000803867
mass2_ref = 30.00000000061497
minchirp = 26.116416902650442
maxchirp = 26.116616902650442
mincov = 4702329509.1267805
maxcov = 470232950912.6781
