
[data]
trigger-time = 1038099383.8623396
injection-file = /home/ss/Prospects-of-LGWs/unlens/injection.hdf

[global]
instruments = E1 E2 E3
mass1_ref = 30.000000005551296
mass2_ref = 30.000000003059537
minchirp = 26.116416902631805
maxchirp = 26.116616902631804
mincov = 23237045573.769657
maxcov = 2323704557376.966
