
[data]
trigger-time = 1369503079.191986
injection-file = /home/ss/Prospects-of-LGWs/unlens/injection.hdf

[global]
instruments = E1 E2 E3
mass1_ref = 30.000000008121674
mass2_ref = 30.00000000366495
minchirp = 26.11641690401415
maxchirp = 26.11661690401415
mincov = 246934653.70882758
maxcov = 24693465370.88276
