
[data]
trigger-time = 1185182272.4204288
injection-file = /home/ss/Prospects-of-LGWs/unlens/injection.hdf

[global]
instruments = E1 E2 E3
mass1_ref = 30.00000000734941
mass2_ref = 30.000000002418822
minchirp = 26.116416903135594
maxchirp = 26.116616903135593
mincov = 74585054.8296479
maxcov = 7458505482.96479
