
[data]
trigger-time = 1771524678.0432818
injection-file = /home/ss/Prospects-of-LGWs/unlens/injection.hdf

[global]
instruments = E1 E2 E3
mass1_ref = 30.00000000173223
mass2_ref = 30.000000009767916
minchirp = 26.116416903889455
maxchirp = 26.116616903889454
mincov = 30293247227.60011
maxcov = 3029324722760.0107
