
[data]
trigger-time = 1376728640.54687
injection-file = /home/ss/Prospects-of-LGWs/unlens/injection.hdf

[global]
instruments = E1 E2 E3
mass1_ref = 30.00000000516285
mass2_ref = 30.000000007269435
minchirp = 26.116416904295193
maxchirp = 26.116616904295192
mincov = 29359270832.344036
maxcov = 2935927083234.404
