
[data]
trigger-time = 1860729051.6094968
injection-file = /home/ss/Prospects-of-LGWs/unlens/injection.hdf

[global]
instruments = E1 E2 E3
mass1_ref = 30.000000006477826
mass2_ref = 30.00000000429418
minchirp = 26.11641690357251
maxchirp = 26.11661690357251
mincov = 4891863536.442183
maxcov = 489186353644.21826
