
[data]
trigger-time = 1165672688.2679937
injection-file = /home/ss/Prospects-of-LGWs/unlens/injection.hdf

[global]
instruments = E1 E2 E3
mass1_ref = 30.00000000194401
mass2_ref = 30.000000007422283
minchirp = 26.116416902960637
maxchirp = 26.116616902960637
mincov = 28430675797.99766
maxcov = 2843067579799.766
