
[data]
trigger-time = 1003476748.0982682
injection-file = /home/ss/Prospects-of-LGWs/unlens/injection.hdf

[global]
instruments = E1 E2 E3
mass1_ref = 30.000000008279866
mass2_ref = 30.00000000828852
minchirp = 26.116416906095534
maxchirp = 26.116616906095533
mincov = 3826915676.8652444
maxcov = 382691567686.5244
