
[data]
trigger-time = 1561740709.6977239
injection-file = /home/ss/Prospects-of-LGWs/unlens/injection.hdf

[global]
instruments = E1 E2 E3
mass1_ref = 30.00000000224934
mass2_ref = 30.00000000949203
minchirp = 26.116416903994452
maxchirp = 26.11661690399445
mincov = 1219766875.7982702
maxcov = 121976687579.82703
