
[data]
trigger-time = 1902832340.5627093
injection-file = /home/ss/Prospects-of-LGWs/unlens/injection.hdf

[global]
instruments = E1 E2 E3
mass1_ref = 30.000000005071232
mass2_ref = 30.000000000589118
minchirp = 26.116416901347534
maxchirp = 26.116616901347534
mincov = 9546405707.873363
maxcov = 954640570787.3363
