
[data]
trigger-time = 1787714711.1151466
injection-file = /home/ss/Prospects-of-LGWs/unlens/injection.hdf

[global]
instruments = E1 E2 E3
mass1_ref = 30.000000009964626
mass2_ref = 30.00000000660456
minchirp = 26.116416906095882
maxchirp = 26.11661690609588
mincov = 18518926655.414406
maxcov = 1851892665541.4404
