
[data]
trigger-time = 1063955303.4994339
injection-file = /home/ss/Prospects-of-LGWs/unlens/injection.hdf

[global]
instruments = E1 E2 E3
mass1_ref = 30.00000000016076
mass2_ref = 30.000000003406743
minchirp = 26.116416900436572
maxchirp = 26.116616900436572
mincov = 14796236065.56305
maxcov = 1479623606556.305
