
[data]
trigger-time = 1888188146.5906312
injection-file = /home/ss/Prospects-of-LGWs/unlens/injection.hdf

[global]
instruments = E1 E2 E3
mass1_ref = 30.00000000132077
mass2_ref = 30.000000008631243
minchirp = 26.11641690321559
maxchirp = 26.11661690321559
mincov = 2036530745.4217155
maxcov = 203653074542.17157
