
[data]
trigger-time = 1773151874.1359212
injection-file = /home/ss/Prospects-of-LGWs/unlens/injection.hdf

[global]
instruments = E1 E2 E3
mass1_ref = 30.000000001493525
mass2_ref = 30.00000000519297
minchirp = 26.116416901794192
maxchirp = 26.116616901794192
mincov = 371500190.63259864
maxcov = 37150019063.259865
