
[data]
trigger-time = 1169560899.6615772
injection-file = /home/ss/Prospects-of-LGWs/unlens/injection.hdf

[global]
instruments = E1 E2 E3
mass1_ref = 30.000000005825946
mass2_ref = 30.000000002982333
minchirp = 26.11641690271775
maxchirp = 26.116616902717748
mincov = 9877494644.178926
maxcov = 987749464417.8926
