
[data]
trigger-time = 1004973572.3150877
injection-file = /home/ss/Prospects-of-LGWs/unlens/injection.hdf

[global]
instruments = E1 E2 E3
mass1_ref = 30.0000000049923
mass2_ref = 30.000000008955716
minchirp = 26.116416904954953
maxchirp = 26.116616904954952
mincov = 9685014893.263315
maxcov = 968501489326.3315
