
[data]
trigger-time = 1145203759.3366961
injection-file = /home/ss/Prospects-of-LGWs/unlens/injection.hdf

[global]
instruments = E1 E2 E3
mass1_ref = 30.000000003980784
mass2_ref = 30.000000003560412
minchirp = 26.116416902166222
maxchirp = 26.11661690216622
mincov = 964767322.0812464
maxcov = 96476732208.12463
