
[data]
trigger-time = 1703794605.2219539
injection-file = /home/ss/Prospects-of-LGWs/unlens/injection.hdf

[global]
instruments = E1 E2 E3
mass1_ref = 30.00000000356694
mass2_ref = 30.000000009374713
minchirp = 26.116416904516907
maxchirp = 26.116616904516906
mincov = 7299095028.100316
maxcov = 729909502810.0316
