
[data]
trigger-time = 1773456932.2728238
injection-file = /home/ss/Prospects-of-LGWs/unlens/injection.hdf

[global]
instruments = E1 E2 E3
mass1_ref = 30.000000007336542
mass2_ref = 30.00000000582624
minchirp = 26.116416904613157
maxchirp = 26.116616904613156
mincov = 851023354.6654342
maxcov = 85102335466.54343
