
[data]
trigger-time = 1575943317.2348585
injection-file = /home/ss/Prospects-of-LGWs/unlens/injection.hdf

[global]
instruments = E1 E2 E3
mass1_ref = 30.000000008471073
mass2_ref = 30.000000008528456
minchirp = 26.1164169062832
maxchirp = 26.1166169062832
mincov = 740290134.2590398
maxcov = 74029013425.90398
