
[data]
trigger-time = 1592704370.524664
injection-file = /home/ss/Prospects-of-LGWs/unlens/injection.hdf

[global]
instruments = E1 E2 E3
mass1_ref = 30.000000007769692
mass2_ref = 30.000000005875204
minchirp = 26.11641690482301
maxchirp = 26.116616904823008
mincov = 15355190770.125357
maxcov = 1535519077012.5356
