
[data]
trigger-time = 1631512218.4559164
injection-file = /home/ss/Prospects-of-LGWs/unlens/injection.hdf

[global]
instruments = E1 E2 E3
mass1_ref = 30.000000003592657
mass2_ref = 30.00000000698155
minchirp = 26.116416903486417
maxchirp = 26.116616903486417
mincov = 675553985.0011088
maxcov = 67555398500.11087
