
[data]
trigger-time = 1011431975.2891513
injection-file = /home/ss/Prospects-of-LGWs/unlens/injection.hdf

[global]
instruments = E1 E2 E3
mass1_ref = 30.000000006452744
mass2_ref = 30.00000000448828
minchirp = 26.11641690364608
maxchirp = 26.11661690364608
mincov = 1463123427.6907744
maxcov = 146312342769.07745
