
[data]
trigger-time = 1197074333.383434
injection-file = /home/ss/Prospects-of-LGWs/unlens/injection.hdf

[global]
instruments = E1 E2 E3
mass1_ref = 30.000000008236764
mass2_ref = 30.00000000552444
minchirp = 26.11641690487364
maxchirp = 26.116616904873638
mincov = 28084522483.0024
maxcov = 2808452248300.2397
