
[data]
trigger-time = 1300527547.9442363
injection-file = /home/ss/Prospects-of-LGWs/unlens/injection.hdf

[global]
instruments = E1 E2 E3
mass1_ref = 30.000000005996483
mass2_ref = 30.000000004491888
minchirp = 26.116416903449053
maxchirp = 26.116616903449053
mincov = 997026737.2578465
maxcov = 99702673725.78464
