
[data]
trigger-time = 1565063629.6323323
injection-file = /home/ss/Prospects-of-LGWs/unlens/injection.hdf

[global]
instruments = E1 E2 E3
mass1_ref = 30.000000001514763
mass2_ref = 30.000000008550256
minchirp = 26.11641690326478
maxchirp = 26.11661690326478
mincov = 20589007337.520542
maxcov = 2058900733752.0542
