
[data]
trigger-time = 1425913973.5185885
injection-file = /home/ss/Prospects-of-LGWs/unlens/injection.hdf

[global]
instruments = E1 E2 E3
mass1_ref = 30.00000000429674
mass2_ref = 30.000000005191236
minchirp = 26.116416903013604
maxchirp = 26.116616903013604
mincov = 9020501544.891653
maxcov = 902050154489.1653
