
[data]
trigger-time = 1031810306.0461048
injection-file = /home/ss/Prospects-of-LGWs/unlens/injection.hdf

[global]
instruments = E1 E2 E3
mass1_ref = 30.000000005347342
mass2_ref = 30.000000001913143
minchirp = 26.116416902044037
maxchirp = 26.116616902044036
mincov = 458201171.817525
maxcov = 45820117181.7525
