
[data]
trigger-time = 1081440385.3974783
injection-file = /home/ss/Prospects-of-LGWs/unlens/injection.hdf

[global]
instruments = E1 E2 E3
mass1_ref = 30.000000001392603
mass2_ref = 30.00000000194377
minchirp = 26.116416900335967
maxchirp = 26.116616900335966
mincov = 4967211.397582762
maxcov = 496721139.7582762
