
[data]
trigger-time = 1477245879.8784688
injection-file = /home/ss/Prospects-of-LGWs/unlens/injection.hdf

[global]
instruments = E1 E2 E3
mass1_ref = 30.00000000673893
mass2_ref = 30.00000000037539
minchirp = 26.11641690198041
maxchirp = 26.11661690198041
mincov = 6800203678.471684
maxcov = 680020367847.1685
