
[data]
trigger-time = 1256826614.0250952
injection-file = /home/ss/Prospects-of-LGWs/unlens/injection.hdf

[global]
instruments = E1 E2 E3
mass1_ref = 30.00000000731176
mass2_ref = 30.000000001361435
minchirp = 26.11641690265895
maxchirp = 26.11661690265895
mincov = 929207707.8526504
maxcov = 92920770785.26505
