
[data]
trigger-time = 1719506952.8076868
injection-file = /home/ss/Prospects-of-LGWs/unlens/injection.hdf

[global]
instruments = E1 E2 E3
mass1_ref = 30.000000001007518
mass2_ref = 30.000000003669637
minchirp = 26.116416900919575
maxchirp = 26.116616900919574
mincov = 740703128.116585
maxcov = 74070312811.65851
