
[data]
trigger-time = 1775400489.4269576
injection-file = /home/ss/Prospects-of-LGWs/unlens/injection.hdf

[global]
instruments = E1 E2 E3
mass1_ref = 30.00000000599454
mass2_ref = 30.00000000439313
minchirp = 26.11641690340522
maxchirp = 26.11661690340522
mincov = 23593280596.400185
maxcov = 2359328059640.0186
