
[data]
trigger-time = 1460552575.0128524
injection-file = /home/ss/Prospects-of-LGWs/unlens/injection.hdf

[global]
instruments = E1 E2 E3
mass1_ref = 30.00000000941071
mass2_ref = 30.000000001628468
minchirp = 26.116416903688805
maxchirp = 26.116616903688804
mincov = 228409742.88201195
maxcov = 22840974288.201195
