
[data]
trigger-time = 1165335536.6136725
injection-file = /home/ss/Prospects-of-LGWs/unlens/injection.hdf

[global]
instruments = E1 E2 E3
mass1_ref = 30.00000000445877
mass2_ref = 30.00000000294244
minchirp = 26.11641690210529
maxchirp = 26.11661690210529
mincov = 11270411226.051922
maxcov = 1127041122605.1924
