
[data]
trigger-time = 1208539294.4492538
injection-file = /home/ss/Prospects-of-LGWs/unlens/injection.hdf

[global]
instruments = E1 E2 E3
mass1_ref = 30.00000000843613
mass2_ref = 30.00000000336928
minchirp = 26.116416904022326
maxchirp = 26.116616904022326
mincov = 22655992463.12686
maxcov = 2265599246312.686
