
[data]
trigger-time = 1809540461.234365
injection-file = /home/ss/Prospects-of-LGWs/unlens/injection.hdf

[global]
instruments = E1 E2 E3
mass1_ref = 30.0000000009853
mass2_ref = 30.000000005999496
minchirp = 26.116416901924033
maxchirp = 26.116616901924033
mincov = 6385638552.124315
maxcov = 638563855212.4315
