
[data]
trigger-time = 1230993065.9360497
injection-file = /home/ss/Prospects-of-LGWs/unlens/injection.hdf

[global]
instruments = E1 E2 E3
mass1_ref = 30.000000000051077
mass2_ref = 30.000000001258293
minchirp = 26.11641689945366
maxchirp = 26.11661689945366
mincov = 7695529384.107254
maxcov = 769552938410.7253
