
[data]
trigger-time = 1206877034.3023767
injection-file = /home/ss/Prospects-of-LGWs/unlens/injection.hdf

[global]
instruments = E1 E2 E3
mass1_ref = 30.00000000635623
mass2_ref = 30.00000000566373
minchirp = 26.116416904115717
maxchirp = 26.116616904115716
mincov = 25723664531.6522
maxcov = 2572366453165.22
