
[data]
trigger-time = 1074989365.2540762
injection-file = /home/ss/Prospects-of-LGWs/unlens/injection.hdf

[global]
instruments = E1 E2 E3
mass1_ref = 30.00000000153122
mass2_ref = 30.000000009952725
minchirp = 26.116416903882403
maxchirp = 26.116616903882402
mincov = 12210300663.317228
maxcov = 1221030066331.723
