
[data]
trigger-time = 1048751279.4458506
injection-file = /home/ss/Prospects-of-LGWs/unlens/injection.hdf

[global]
instruments = E1 E2 E3
mass1_ref = 30.00000000561107
mass2_ref = 30.00000000851712
minchirp = 26.116416905033375
maxchirp = 26.116616905033375
mincov = 11681268211.57863
maxcov = 1168126821157.863
