
[data]
trigger-time = 1286509889.505719
injection-file = /home/ss/Prospects-of-LGWs/unlens/injection.hdf

[global]
instruments = E1 E2 E3
mass1_ref = 30.00000000715126
mass2_ref = 30.00000000738278
minchirp = 26.11641690521003
maxchirp = 26.11661690521003
mincov = 31523072893.926582
maxcov = 3152307289392.658
