
[data]
trigger-time = 1961358271.3472395
injection-file = /home/ss/Prospects-of-LGWs/unlens/injection.hdf

[global]
instruments = E1 E2 E3
mass1_ref = 30.00000000611659
mass2_ref = 30.00000000768501
minchirp = 26.11641690489122
maxchirp = 26.11661690489122
mincov = 12457433120.834187
maxcov = 1245743312083.4185
