
[data]
trigger-time = 1748647824.1806307
injection-file = /home/ss/Prospects-of-LGWs/unlens/injection.hdf

[global]
instruments = E1 E2 E3
mass1_ref = 30.00000000189495
mass2_ref = 30.000000009659875
minchirp = 26.116416903913255
maxchirp = 26.116616903913254
mincov = 2155437103.87024
maxcov = 215543710387.024
