
[data]
trigger-time = 1611018293.6323943
injection-file = /home/ss/Prospects-of-LGWs/unlens/injection.hdf

[global]
instruments = E1 E2 E3
mass1_ref = 30.000000002946024
mass2_ref = 30.00000000678716
minchirp = 26.11641690312034
maxchirp = 26.116616903120338
mincov = 25202846155.790253
maxcov = 2520284615579.0254
