
[data]
trigger-time = 1245670335.0000381
injection-file = /home/ss/Prospects-of-LGWs/unlens/injection.hdf

[global]
instruments = E1 E2 E3
mass1_ref = 30.00000000961771
mass2_ref = 30.000000002262997
minchirp = 26.116416904055104
maxchirp = 26.116616904055103
mincov = 4070279755.456483
maxcov = 407027975545.64825
