
[data]
trigger-time = 1242498077.0001445
injection-file = /home/ss/Prospects-of-LGWs/unlens/injection.hdf

[global]
instruments = E1 E2 E3
mass1_ref = 30.000000009949414
mass2_ref = 30.000000007312078
minchirp = 26.116416906397223
maxchirp = 26.116616906397223
mincov = 4310044913.042651
maxcov = 431004491304.26514
