
[data]
trigger-time = 1792924127.5060391
injection-file = /home/ss/Prospects-of-LGWs/unlens/injection.hdf

[global]
instruments = E1 E2 E3
mass1_ref = 30.00000000636827
mass2_ref = 30.00000000738728
minchirp = 26.116416904871176
maxchirp = 26.116616904871176
mincov = 196145352.7564314
maxcov = 19614535275.643143
