
[data]
trigger-time = 1083707956.793075
injection-file = /home/ss/Prospects-of-LGWs/unlens/injection.hdf

[global]
instruments = E1 E2 E3
mass1_ref = 30.000000002095778
mass2_ref = 30.000000001705683
minchirp = 26.116416900538407
maxchirp = 26.116616900538407
mincov = 14030878861.313223
maxcov = 1403087886131.3223
