
[data]
trigger-time = 1430126417.6137958
injection-file = /home/ss/Prospects-of-LGWs/unlens/injection.hdf

[global]
instruments = E1 E2 E3
mass1_ref = 30.00000000809798
mass2_ref = 30.000000006238743
minchirp = 26.116416905124147
maxchirp = 26.116616905124147
mincov = 5782632533.2624035
maxcov = 578263253326.2404
