
[data]
trigger-time = 1547304422.87427
injection-file = /home/ss/Prospects-of-LGWs/unlens/injection.hdf

[global]
instruments = E1 E2 E3
mass1_ref = 30.000000009331035
mass2_ref = 30.000000005218666
minchirp = 26.11641690521685
maxchirp = 26.11661690521685
mincov = 10748827203.584078
maxcov = 1074882720358.4077
