
[data]
trigger-time = 1299044183.7773254
injection-file = /home/ss/Prospects-of-LGWs/unlens/injection.hdf

[global]
instruments = E1 E2 E3
mass1_ref = 30.000000009534382
mass2_ref = 30.000000006172048
minchirp = 26.116416905720346
maxchirp = 26.116616905720345
mincov = 7535505034.578131
maxcov = 753550503457.8131
