
[data]
trigger-time = 1887894314.8662856
injection-file = /home/ss/Prospects-of-LGWs/unlens/injection.hdf

[global]
instruments = E1 E2 E3
mass1_ref = 30.000000008330733
mass2_ref = 30.000000005758064
minchirp = 26.11641690501623
maxchirp = 26.11661690501623
mincov = 2556422965.6398077
maxcov = 255642296563.98077
