
[data]
trigger-time = 1755993723.3842072
injection-file = /home/ss/Prospects-of-LGWs/unlens/injection.hdf

[global]
instruments = E1 E2 E3
mass1_ref = 30.00000000257098
mass2_ref = 30.000000004650047
minchirp = 26.11641690202686
maxchirp = 26.11661690202686
mincov = 21736733142.84957
maxcov = 2173673314284.9573
