
[data]
trigger-time = 1969504569.779201
injection-file = /home/ss/Prospects-of-LGWs/unlens/injection.hdf

[global]
instruments = E1 E2 E3
mass1_ref = 30.00000000297462
mass2_ref = 30.000000006321983
minchirp = 26.116416902930304
maxchirp = 26.116616902930303
mincov = 21508479174.04444
maxcov = 2150847917404.4443
