
[data]
trigger-time = 1204547125.9290996
injection-file = /home/ss/Prospects-of-LGWs/unlens/injection.hdf

[global]
instruments = E1 E2 E3
mass1_ref = 30.000000008693096
mass2_ref = 30.000000007273343
minchirp = 26.116416905833518
maxchirp = 26.116616905833517
mincov = 10073397435.115885
maxcov = 1007339743511.5884
