
[data]
trigger-time = 1292351096.5307245
injection-file = /home/ss/Prospects-of-LGWs/unlens/injection.hdf

[global]
instruments = E1 E2 E3
mass1_ref = 30.00000000978817
mass2_ref = 30.00000000109382
minchirp = 26.116416903620387
maxchirp = 26.116616903620386
mincov = 29563086539.535576
maxcov = 2956308653953.5576
