
[data]
trigger-time = 1785350471.2665563
injection-file = /home/ss/Prospects-of-LGWs/unlens/injection.hdf

[global]
instruments = E1 E2 E3
mass1_ref = 30.000000006136997
mass2_ref = 30.000000008423594
minchirp = 26.116416905221588
maxchirp = 26.116616905221587
mincov = 26614132708.13946
maxcov = 2661413270813.9463
