
[data]
trigger-time = 1923511414.1139803
injection-file = /home/ss/Prospects-of-LGWs/unlens/injection.hdf

[global]
instruments = E1 E2 E3
mass1_ref = 30.00000000557835
mass2_ref = 30.000000004833066
minchirp = 26.116416903415555
maxchirp = 26.116616903415554
mincov = 6815564683.781872
maxcov = 681556468378.1871
