
[data]
trigger-time = 1802380810.3223724
injection-file = /home/ss/Prospects-of-LGWs/unlens/injection.hdf

[global]
instruments = E1 E2 E3
mass1_ref = 30.00000000291967
mass2_ref = 30.00000000800747
minchirp = 26.116416903640037
maxchirp = 26.116616903640036
mincov = 2604610198.8069525
maxcov = 260461019880.69522
