
[data]
trigger-time = 1661004314.4663012
injection-file = /home/ss/Prospects-of-LGWs/unlens/injection.hdf

[global]
instruments = E1 E2 E3
mass1_ref = 30.000000006688847
mass2_ref = 30.000000001548017
minchirp = 26.11641690246903
maxchirp = 26.11661690246903
mincov = 15702283432.648693
maxcov = 1570228343264.8694
