
[data]
trigger-time = 1248403179.2675323
injection-file = /home/ss/Prospects-of-LGWs/unlens/injection.hdf

[global]
instruments = E1 E2 E3
mass1_ref = 30.000000003116742
mass2_ref = 30.000000000515648
minchirp = 26.116416900464817
maxchirp = 26.116616900464816
mincov = 3370440980.6405535
maxcov = 337044098064.0553
