
[data]
trigger-time = 1565429432.345322
injection-file = /home/ss/Prospects-of-LGWs/unlens/injection.hdf

[global]
instruments = E1 E2 E3
mass1_ref = 30.00000000577964
mass2_ref = 30.000000005046832
minchirp = 26.11641690359622
maxchirp = 26.11661690359622
mincov = 27836487554.78785
maxcov = 2783648755478.7847
