
[data]
trigger-time = 1920445290.566526
injection-file = /home/ss/Prospects-of-LGWs/unlens/injection.hdf

[global]
instruments = E1 E2 E3
mass1_ref = 30.00000000731968
mass2_ref = 30.000000000662443
minchirp = 26.116416902358147
maxchirp = 26.116616902358146
mincov = 12182715983.383585
maxcov = 1218271598338.3584
