
[data]
trigger-time = 1512578972.975671
injection-file = /home/ss/Prospects-of-LGWs/unlens/injection.hdf

[global]
instruments = E1 E2 E3
mass1_ref = 30.000000003829793
mass2_ref = 30.000000005385107
minchirp = 26.11641690289474
maxchirp = 26.11661690289474
mincov = 15821561010.314337
maxcov = 1582156101031.4336
