
[data]
trigger-time = 1509602536.2838101
injection-file = /home/ss/Prospects-of-LGWs/unlens/injection.hdf

[global]
instruments = E1 E2 E3
mass1_ref = 30.000000000151847
mass2_ref = 30.000000000608292
minchirp = 26.11641689921459
maxchirp = 26.11661689921459
mincov = 70119440.61485733
maxcov = 7011944061.485733
