
[data]
trigger-time = 1829781158.4318652
injection-file = /home/ss/Prospects-of-LGWs/unlens/injection.hdf

[global]
instruments = E1 E2 E3
mass1_ref = 30.0000000051181
mass2_ref = 30.00000000935021
minchirp = 26.116416905181424
maxchirp = 26.116616905181424
mincov = 10693727415.252575
maxcov = 1069372741525.2576
