
[data]
trigger-time = 1374095808.9174092
injection-file = /home/ss/Prospects-of-LGWs/unlens/injection.hdf

[global]
instruments = E1 E2 E3
mass1_ref = 30.00000000121268
mass2_ref = 30.000000002558746
minchirp = 26.116416900525333
maxchirp = 26.116616900525333
mincov = 179312551.6357953
maxcov = 17931255163.57953
