
[data]
trigger-time = 1062042823.6475149
injection-file = /home/ss/Prospects-of-LGWs/unlens/injection.hdf

[global]
instruments = E1 E2 E3
mass1_ref = 30.000000006506635
mass2_ref = 30.000000009357016
minchirp = 26.116416905788782
maxchirp = 26.11661690578878
mincov = 7545043284.986063
maxcov = 754504328498.6062
