
[data]
trigger-time = 1741358208.0113175
injection-file = /home/ss/Prospects-of-LGWs/unlens/injection.hdf

[global]
instruments = E1 E2 E3
mass1_ref = 30.00000000038679
mass2_ref = 30.000000000631356
minchirp = 26.1164168993269
maxchirp = 26.1166168993269
mincov = 191374324.0065524
maxcov = 19137432400.655243
