
[data]
trigger-time = 1131692048.1072888
injection-file = /home/ss/Prospects-of-LGWs/unlens/injection.hdf

[global]
instruments = E1 E2 E3
mass1_ref = 30.000000001716657
mass2_ref = 30.00000000385745
minchirp = 26.116416901309996
maxchirp = 26.116616901309996
mincov = 7917703501.825282
maxcov = 791770350182.5282
