
[data]
trigger-time = 1008818001.9612682
injection-file = /home/ss/Prospects-of-LGWs/unlens/injection.hdf

[global]
instruments = E1 E2 E3
mass1_ref = 30.000000004061743
mass2_ref = 30.000000008445504
minchirp = 26.11641690432782
maxchirp = 26.11661690432782
mincov = 4840274054.177099
maxcov = 484027405417.7099
