
[data]
trigger-time = 1680829616.6132753
injection-file = /home/ss/Prospects-of-LGWs/unlens/injection.hdf

[global]
instruments = E1 E2 E3
mass1_ref = 30.000000009169394
mass2_ref = 30.000000003579572
minchirp = 26.116416904433034
maxchirp = 26.116616904433034
mincov = 1073206589.5961943
maxcov = 107320658959.61943
