
[data]
trigger-time = 1159193733.3780935
injection-file = /home/ss/Prospects-of-LGWs/lens/injection.hdf

[global]
instruments = E1 E2 E3
mass1_ref = 30.00000000041738
mass2_ref = 30.00000000732795
minchirp = 26.11641690225508
maxchirp = 26.11661690225508
mincov = 19573411847.24366
maxcov = 1957341184724.3662
