
[data]
trigger-time = 1650397181.931467
injection-file = /home/ss/Prospects-of-LGWs/unlens/injection.hdf

[global]
instruments = E1 E2 E3
mass1_ref = 30.000000003307193
mass2_ref = 30.00000000878097
minchirp = 26.116416904145403
maxchirp = 26.116616904145403
mincov = 11432606055.698282
maxcov = 1143260605569.8281
