
[data]
trigger-time = 1142170047.601527
injection-file = /home/ss/Prospects-of-LGWs/lens/injection.hdf

[global]
instruments = E1 E2 E3
mass1_ref = 30.00000000902832
mass2_ref = 30.00000000429492
minchirp = 26.116416904683003
maxchirp = 26.116616904683003
mincov = 9778660097.510788
maxcov = 977866009751.0789
