
[data]
trigger-time = 1617766978.4693172
injection-file = /home/ss/Prospects-of-LGWs/unlens/injection.hdf

[global]
instruments = E1 E2 E3
mass1_ref = 30.00000000079613
mass2_ref = 30.00000000879915
minchirp = 26.116416903060312
maxchirp = 26.11661690306031
mincov = 3346454075.0001903
maxcov = 334645407500.01904
