
[data]
trigger-time = 1434013993.3332937
injection-file = /home/ss/Prospects-of-LGWs/unlens/injection.hdf

[global]
instruments = E1 E2 E3
mass1_ref = 30.000000003571817
mass2_ref = 30.000000000430973
minchirp = 26.116416900626042
maxchirp = 26.116616900626042
mincov = 5843731.483716269
maxcov = 584373148.3716269
