
[data]
trigger-time = 1441833174.422996
injection-file = /home/ss/Prospects-of-LGWs/unlens/injection.hdf

[global]
instruments = E1 E2 E3
mass1_ref = 30.000000000392816
mass2_ref = 30.000000003463473
minchirp = 26.11641690056227
maxchirp = 26.11661690056227
mincov = 3294641802.945976
maxcov = 329464180294.5976
