
[data]
trigger-time = 1674133615.0663452
injection-file = /home/ss/Prospects-of-LGWs/unlens/injection.hdf

[global]
instruments = E1 E2 E3
mass1_ref = 30.000000005902013
mass2_ref = 30.00000000636491
minchirp = 26.11641690422321
maxchirp = 26.11661690422321
mincov = 2441090835.932076
maxcov = 244109083593.20758
