
[data]
trigger-time = 1370701672.758071
injection-file = /work/shashwat.singh/Prospects-of-LGWs/unlens/injection.hdf

[global]
instruments = E1 E2 E3
mass1_ref = 30.000000007879915
mass2_ref = 30.00000000464511
minchirp = 26.116416904335555
maxchirp = 26.116616904335554
mincov = 115324566846.7338
maxcov = 11532456684673.379
