
[data]
trigger-time = 1951805867.2202036
injection-file = /work/shashwat.singh/Prospects-of-LGWs/unlens/injection.hdf

[global]
instruments = E1 E2 E3
mass1_ref = 30.0000000092255
mass2_ref = 30.000000001061554
minchirp = 26.116416903361422
maxchirp = 26.11661690336142
mincov = 76480691771.99733
maxcov = 7648069177199.732
