
[data]
trigger-time = 1030856747.0993297
injection-file = /work/shashwat.singh/Prospects-of-LGWs/unlens/injection.hdf

[global]
instruments = E1 E2 E3
mass1_ref = 30.000000004362725
mass2_ref = 30.0000000087863
minchirp = 26.11641690460717
maxchirp = 26.11661690460717
mincov = 64933544121.74087
maxcov = 6493354412174.087
