
[data]
trigger-time = 1703353021.4543548
injection-file = /work/shashwat.singh/Prospects-of-LGWs/unlens/injection.hdf

[global]
instruments = E1 E2 E3
mass1_ref = 30.000000008392384
mass2_ref = 30.00000000833231
minchirp = 26.116416906163572
maxchirp = 26.11661690616357
mincov = 2295238161.8636036
maxcov = 229523816186.36035
