
[data]
trigger-time = 1639163446.2020822
injection-file = /work/shashwat.singh/Prospects-of-LGWs/unlens/injection.hdf

[global]
instruments = E1 E2 E3
mass1_ref = 30.00000000038993
mass2_ref = 30.0000000005834
minchirp = 26.116416899307392
maxchirp = 26.11661689930739
mincov = 107345224702.62375
maxcov = 10734522470262.375
