
[data]
trigger-time = 1539406335.7220545
injection-file = /work/shashwat.singh/Prospects-of-LGWs/unlens/injection.hdf

[global]
instruments = E1 E2 E3
mass1_ref = 30.000000000322324
mass2_ref = 30.00000000344475
minchirp = 26.11641690052344
maxchirp = 26.11661690052344
mincov = 101889096823.38196
maxcov = 10188909682338.195
