
[data]
trigger-time = 1096188388.1732361
injection-file = /work/shashwat.singh/Prospects-of-LGWs/unlens/injection.hdf

[global]
instruments = E1 E2 E3
mass1_ref = 30.000000001071783
mass2_ref = 30.000000009103953
minchirp = 26.11641690331297
maxchirp = 26.11661690331297
mincov = 4033536093.318286
maxcov = 403353609331.8286
