
[data]
trigger-time = 1379386393.6050951
injection-file = /work/shashwat.singh/Prospects-of-LGWs/unlens/injection.hdf

[global]
instruments = E1 E2 E3
mass1_ref = 30.000000008520153
mass2_ref = 30.00000000932963
minchirp = 26.116416906653296
maxchirp = 26.116616906653295
mincov = 87742956664.6282
maxcov = 8774295666462.82
