
[data]
trigger-time = 1390900258.700946
injection-file = /work/shashwat.singh/Prospects-of-LGWs/unlens/injection.hdf

[global]
instruments = E1 E2 E3
mass1_ref = 30.00000000588181
mass2_ref = 30.00000000581001
minchirp = 26.116416903972883
maxchirp = 26.116616903972883
mincov = 62455584449.765236
maxcov = 6245558444976.523
