
[data]
trigger-time = 1405662605.8098328
injection-file = /work/shashwat.singh/Prospects-of-LGWs/unlens/injection.hdf

[global]
instruments = E1 E2 E3
mass1_ref = 30.000000007002527
mass2_ref = 30.000000000435428
minchirp = 26.11641690212128
maxchirp = 26.11661690212128
mincov = 95253871989.15494
maxcov = 9525387198915.492
