
[data]
trigger-time = 1299457941.030424
injection-file = /work/shashwat.singh/Prospects-of-LGWs/unlens/injection.hdf

[global]
instruments = E1 E2 E3
mass1_ref = 30.000000004433513
mass2_ref = 30.00000000114966
minchirp = 26.116416901313944
maxchirp = 26.116616901313943
mincov = 84417663854.81906
maxcov = 8441766385481.906
