
[data]
trigger-time = 1141598371.4950333
injection-file = /work/shashwat.singh/Prospects-of-LGWs/unlens/injection.hdf

[global]
instruments = E1 E2 E3
mass1_ref = 30.000000003077282
mass2_ref = 30.000000009053142
minchirp = 26.1164169041638
maxchirp = 26.1166169041638
mincov = 19966160369.532974
maxcov = 1996616036953.2974
