
[data]
trigger-time = 1070407152.6534494
injection-file = /work/shashwat.singh/Prospects-of-LGWs/unlens/injection.hdf

[global]
instruments = E1 E2 E3
mass1_ref = 30.000000000231076
mass2_ref = 30.000000009989016
minchirp = 26.116416903332276
maxchirp = 26.116616903332275
mincov = 134255151196.85017
maxcov = 13425515119685.018
