
[data]
trigger-time = 1894068495.133634
injection-file = /work/shashwat.singh/Prospects-of-LGWs/unlens/injection.hdf

[global]
instruments = E1 E2 E3
mass1_ref = 30.00000000284892
mass2_ref = 30.000000003337092
minchirp = 26.116416901576343
maxchirp = 26.116616901576343
mincov = 15839393980.087605
maxcov = 1583939398008.7603
