
[data]
trigger-time = 1673383194.465602
injection-file = /work/shashwat.singh/Prospects-of-LGWs/unlens/injection.hdf

[global]
instruments = E1 E2 E3
mass1_ref = 30.000000005880626
mass2_ref = 30.000000004925354
minchirp = 26.1164169035873
maxchirp = 26.1166169035873
mincov = 106649180401.99585
maxcov = 10664918040199.586
