
[data]
trigger-time = 1778720842.0174298
injection-file = /work/shashwat.singh/Prospects-of-LGWs/unlens/injection.hdf

[global]
instruments = E1 E2 E3
mass1_ref = 30.000000009454816
mass2_ref = 30.000000008991755
minchirp = 26.11641690691306
maxchirp = 26.11661690691306
mincov = 112162966116.3815
maxcov = 11216296611638.148
