
[data]
trigger-time = 1841811814.741907
injection-file = /work/shashwat.singh/Prospects-of-LGWs/unlens/injection.hdf

[global]
instruments = E1 E2 E3
mass1_ref = 30.000000003097767
mass2_ref = 30.000000007778095
minchirp = 26.11641690361772
maxchirp = 26.116616903617718
mincov = 82534379520.40523
maxcov = 8253437952040.522
