
[data]
trigger-time = 1888852475.2193346
injection-file = /work/shashwat.singh/Prospects-of-LGWs/unlens/injection.hdf

[global]
instruments = E1 E2 E3
mass1_ref = 30.000000006365784
mass2_ref = 30.000000004910355
minchirp = 26.11641690379195
maxchirp = 26.11661690379195
mincov = 38088167252.00077
maxcov = 3808816725200.077
