
[data]
trigger-time = 1646303194.6383197
injection-file = /work/shashwat.singh/Prospects-of-LGWs/unlens/injection.hdf

[global]
instruments = E1 E2 E3
mass1_ref = 30.000000008211742
mass2_ref = 30.000000006797656
minchirp = 26.116416905416944
maxchirp = 26.116616905416944
mincov = 75914948943.29593
maxcov = 7591494894329.594
