
[data]
trigger-time = 1651781232.1565797
injection-file = /work/shashwat.singh/Prospects-of-LGWs/unlens/injection.hdf

[global]
instruments = E1 E2 E3
mass1_ref = 30.000000000154856
mass2_ref = 30.00000000364867
minchirp = 26.116416900539306
maxchirp = 26.116616900539306
mincov = 37403459807.25917
maxcov = 3740345980725.917
