
[data]
trigger-time = 1176397780.4359794
injection-file = /work/shashwat.singh/Prospects-of-LGWs/unlens/injection.hdf

[global]
instruments = E1 E2 E3
mass1_ref = 30.00000000178077
mass2_ref = 30.00000000839255
minchirp = 26.11641690331192
maxchirp = 26.116616903311918
mincov = 14353992850.60722
maxcov = 1435399285060.7222
