
[data]
trigger-time = 1601008021.84173
injection-file = /work/shashwat.singh/Prospects-of-LGWs/unlens/injection.hdf

[global]
instruments = E1 E2 E3
mass1_ref = 30.000000004450943
mass2_ref = 30.00000000671627
minchirp = 26.116416903744536
maxchirp = 26.116616903744536
mincov = 121225575374.4897
maxcov = 12122557537448.969
