
[data]
trigger-time = 1126489959.766996
injection-file = /work/shashwat.singh/Prospects-of-LGWs/unlens/injection.hdf

[global]
instruments = E1 E2 E3
mass1_ref = 30.000000009314704
mass2_ref = 30.000000009486268
minchirp = 26.116416907067325
maxchirp = 26.116616907067325
mincov = 3207175746.1352057
maxcov = 320717574613.52057
