
[data]
trigger-time = 1732627335.7188275
injection-file = /work/shashwat.singh/Prospects-of-LGWs/unlens/injection.hdf

[global]
instruments = E1 E2 E3
mass1_ref = 30.000000006206445
mass2_ref = 30.00000000720659
minchirp = 26.116416904722087
maxchirp = 26.116616904722086
mincov = 63487829935.94869
maxcov = 6348782993594.869
