
[data]
trigger-time = 1897232903.1125584
injection-file = /work/shashwat.singh/Prospects-of-LGWs/unlens/injection.hdf

[global]
instruments = E1 E2 E3
mass1_ref = 30.000000004477513
mass2_ref = 30.000000002586237
minchirp = 26.116416901958402
maxchirp = 26.116616901958402
mincov = 46291568096.251564
maxcov = 4629156809625.156
