
[data]
trigger-time = 1965513594.4300985
injection-file = /work/shashwat.singh/Prospects-of-LGWs/unlens/injection.hdf

[global]
instruments = E1 E2 E3
mass1_ref = 30.000000004121546
mass2_ref = 30.000000009786252
minchirp = 26.11641690493744
maxchirp = 26.11661690493744
mincov = 46943077920.79964
maxcov = 4694307792079.963
