
[data]
trigger-time = 1126820140.079224
injection-file = /work/shashwat.singh/Prospects-of-LGWs/unlens/injection.hdf

[global]
instruments = E1 E2 E3
mass1_ref = 30.00000000566147
mass2_ref = 30.000000003723624
minchirp = 26.116416902968826
maxchirp = 26.116616902968826
mincov = 17826971.5630491
maxcov = 1782697156.3049102
