
[data]
trigger-time = 1987866809.0401359
injection-file = /work/shashwat.singh/Prospects-of-LGWs/unlens/injection.hdf

[global]
instruments = E1 E2 E3
mass1_ref = 30.00000000391642
mass2_ref = 30.00000000296604
minchirp = 26.11641690187949
maxchirp = 26.11661690187949
mincov = 77420914375.68617
maxcov = 7742091437568.617
