
[data]
trigger-time = 1855471626.6740165
injection-file = /work/shashwat.singh/Prospects-of-LGWs/unlens/injection.hdf

[global]
instruments = E1 E2 E3
mass1_ref = 30.000000003733938
mass2_ref = 30.000000006231712
minchirp = 26.116416903221523
maxchirp = 26.116616903221523
mincov = 102348997130.80266
maxcov = 10234899713080.266
