
[data]
trigger-time = 1728796143.7510962
injection-file = /work/shashwat.singh/Prospects-of-LGWs/unlens/injection.hdf

[global]
instruments = E1 E2 E3
mass1_ref = 30.000000002829495
mass2_ref = 30.000000001656716
minchirp = 26.11641690083646
maxchirp = 26.11661690083646
mincov = 61448668962.58356
maxcov = 6144866896258.355
