
[data]
trigger-time = 1004595895.942452
injection-file = /work/shashwat.singh/Prospects-of-LGWs/unlens/injection.hdf

[global]
instruments = E1 E2 E3
mass1_ref = 30.00000000060007
mass2_ref = 30.000000004082935
minchirp = 26.116416900922122
maxchirp = 26.11661690092212
mincov = 103064550415.69037
maxcov = 10306455041569.037
