
[data]
trigger-time = 1365821779.3554306
injection-file = /work/shashwat.singh/Prospects-of-LGWs/unlens/injection.hdf

[global]
instruments = E1 E2 E3
mass1_ref = 30.000000004165
mass2_ref = 30.00000000158099
minchirp = 26.11641690138481
maxchirp = 26.11661690138481
mincov = 156746858584.23105
maxcov = 15674685858423.105
