
[data]
trigger-time = 1894349623.8813903
injection-file = /work/shashwat.singh/Prospects-of-LGWs/unlens/injection.hdf

[global]
instruments = E1 E2 E3
mass1_ref = 30.000000004523965
mass2_ref = 30.00000000017447
minchirp = 26.116416900928836
maxchirp = 26.116616900928836
mincov = 48552808376.853645
maxcov = 4855280837685.364
