
[data]
trigger-time = 1203726560.4362416
injection-file = /work/shashwat.singh/Prospects-of-LGWs/unlens/injection.hdf

[global]
instruments = E1 E2 E3
mass1_ref = 30.00000000410063
mass2_ref = 30.00000000203093
minchirp = 26.11641690155264
maxchirp = 26.11661690155264
mincov = 66086800261.28237
maxcov = 6608680026128.237
