
[data]
trigger-time = 1931713343.3254611
injection-file = /work/shashwat.singh/Prospects-of-LGWs/unlens/injection.hdf

[global]
instruments = E1 E2 E3
mass1_ref = 30.000000001618222
mass2_ref = 30.000000008430384
minchirp = 26.116416903257637
maxchirp = 26.116616903257636
mincov = 162661491516.7603
maxcov = 16266149151676.031
