
[data]
trigger-time = 1061841172.4229047
injection-file = /work/shashwat.singh/Prospects-of-LGWs/unlens/injection.hdf

[global]
instruments = E1 E2 E3
mass1_ref = 30.0000000026368
mass2_ref = 30.000000007793172
minchirp = 26.116416903423634
maxchirp = 26.116616903423633
mincov = 150055789466.63937
maxcov = 15005578946663.938
