
[data]
trigger-time = 1363518904.8104854
injection-file = /work/shashwat.singh/Prospects-of-LGWs/unlens/injection.hdf

[global]
instruments = E1 E2 E3
mass1_ref = 30.000000004801244
mass2_ref = 30.000000000798252
minchirp = 26.116416901321045
maxchirp = 26.116616901321045
mincov = 49725653171.7368
maxcov = 4972565317173.681
