
[data]
trigger-time = 1381396345.0050478
injection-file = /work/shashwat.singh/Prospects-of-LGWs/unlens/injection.hdf

[global]
instruments = E1 E2 E3
mass1_ref = 30.000000007442697
mass2_ref = 30.000000000737817
minchirp = 26.1164169024445
maxchirp = 26.1166169024445
mincov = 45516140022.48198
maxcov = 4551614002248.197
