
[data]
trigger-time = 1982770088.0525894
injection-file = /work/shashwat.singh/Prospects-of-LGWs/unlens/injection.hdf

[global]
instruments = E1 E2 E3
mass1_ref = 30.000000005010552
mass2_ref = 30.00000000358628
minchirp = 26.116416902625716
maxchirp = 26.116616902625715
mincov = 178337693231.5018
maxcov = 17833769323150.18
