
[data]
trigger-time = 1129571945.3567204
injection-file = /work/shashwat.singh/Prospects-of-LGWs/unlens/injection.hdf

[global]
instruments = E1 E2 E3
mass1_ref = 30.00000000179545
mass2_ref = 30.000000000385537
minchirp = 26.116416899833055
maxchirp = 26.116616899833055
mincov = 15046919944.813015
maxcov = 1504691994481.3015
