
[data]
trigger-time = 1373592099.4103541
injection-file = /work/shashwat.singh/Prospects-of-LGWs/unlens/injection.hdf

[global]
instruments = E1 E2 E3
mass1_ref = 30.000000008385108
mass2_ref = 30.000000006258954
minchirp = 26.116416905257925
maxchirp = 26.116616905257924
mincov = 58326932669.58285
maxcov = 5832693266958.285
