
[data]
trigger-time = 1772241578.1019938
injection-file = /work/shashwat.singh/Prospects-of-LGWs/unlens/injection.hdf

[global]
instruments = E1 E2 E3
mass1_ref = 30.00000000714821
mass2_ref = 30.000000002710074
minchirp = 26.11641690317479
maxchirp = 26.11661690317479
mincov = 104080908861.93768
maxcov = 10408090886193.768
