
[data]
trigger-time = 1634958093.9675336
injection-file = /work/shashwat.singh/Prospects-of-LGWs/unlens/injection.hdf

[global]
instruments = E1 E2 E3
mass1_ref = 30.00000000465056
mass2_ref = 30.00000000576737
minchirp = 26.11641690341839
maxchirp = 26.11661690341839
mincov = 1592045416.6790195
maxcov = 159204541667.90195
