
[data]
trigger-time = 1943756786.3034606
injection-file = /work/shashwat.singh/Prospects-of-LGWs/unlens/injection.hdf

[global]
instruments = E1 E2 E3
mass1_ref = 30.000000004268173
mass2_ref = 30.00000000800307
minchirp = 26.116416904225094
maxchirp = 26.116616904225094
mincov = 702069105.331243
maxcov = 70206910533.1243
