
[data]
trigger-time = 1920757895.7046366
injection-file = /work/shashwat.singh/Prospects-of-LGWs/unlens/injection.hdf

[global]
instruments = E1 E2 E3
mass1_ref = 30.000000005038373
mass2_ref = 30.0000000044746
minchirp = 26.116416903024486
maxchirp = 26.116616903024486
mincov = 771740804.989585
maxcov = 77174080498.9585
