
[data]
trigger-time = 1171516646.0250926
injection-file = /work/shashwat.singh/Prospects-of-LGWs/unlens/injection.hdf

[global]
instruments = E1 E2 E3
mass1_ref = 30.00000000417149
mass2_ref = 30.000000006989126
minchirp = 26.116416903741666
maxchirp = 26.116616903741665
mincov = 20504228987.66192
maxcov = 2050422898766.1917
