
[data]
trigger-time = 1698950486.1148186
injection-file = /work/shashwat.singh/Prospects-of-LGWs/unlens/injection.hdf

[global]
instruments = E1 E2 E3
mass1_ref = 30.000000005259423
mass2_ref = 30.000000009046943
minchirp = 26.11641690511093
maxchirp = 26.11661690511093
mincov = 48815508034.525826
maxcov = 4881550803452.582
