
[data]
trigger-time = 1516220957.669382
injection-file = /work/shashwat.singh/Prospects-of-LGWs/unlens/injection.hdf

[global]
instruments = E1 E2 E3
mass1_ref = 30.00000000577434
mass2_ref = 30.00000000848185
minchirp = 26.11641690508909
maxchirp = 26.11661690508909
mincov = 169054218330.4322
maxcov = 16905421833043.219
