
[data]
trigger-time = 1368055314.1937146
injection-file = /work/shashwat.singh/Prospects-of-LGWs/unlens/injection.hdf

[global]
instruments = E1 E2 E3
mass1_ref = 30.000000003278707
mass2_ref = 30.0000000048861
minchirp = 26.116416902437663
maxchirp = 26.116616902437663
mincov = 13047662645.571209
maxcov = 1304766264557.121
