
[data]
trigger-time = 1768974493.2657995
injection-file = /work/shashwat.singh/Prospects-of-LGWs/unlens/injection.hdf

[global]
instruments = E1 E2 E3
mass1_ref = 30.0000000047017
mass2_ref = 30.000000007550703
minchirp = 26.11641690421689
maxchirp = 26.11661690421689
mincov = 4819480142.023699
maxcov = 481948014202.3699
