
[data]
trigger-time = 1688466071.8677073
injection-file = /work/shashwat.singh/Prospects-of-LGWs/unlens/injection.hdf

[global]
instruments = E1 E2 E3
mass1_ref = 30.000000000441133
mass2_ref = 30.000000001575316
minchirp = 26.116416899761436
maxchirp = 26.116616899761436
mincov = 84563944026.62631
maxcov = 8456394402662.632
