
[data]
trigger-time = 1182084523.7747493
injection-file = /work/shashwat.singh/Prospects-of-LGWs/unlens/injection.hdf

[global]
instruments = E1 E2 E3
mass1_ref = 30.000000000626173
mass2_ref = 30.000000007070987
minchirp = 26.116416902234107
maxchirp = 26.116616902234107
mincov = 20019564302.8339
maxcov = 2001956430283.3901
