
[data]
trigger-time = 1326247586.305427
injection-file = /work/shashwat.singh/Prospects-of-LGWs/unlens/injection.hdf

[global]
instruments = E1 E2 E3
mass1_ref = 30.000000005576783
mass2_ref = 30.00000000549629
minchirp = 26.11641690370356
maxchirp = 26.11661690370356
mincov = 143191740936.9177
maxcov = 14319174093691.77
