
[data]
trigger-time = 1540840858.0847514
injection-file = /work/shashwat.singh/Prospects-of-LGWs/unlens/injection.hdf

[global]
instruments = E1 E2 E3
mass1_ref = 30.000000000771653
mass2_ref = 30.000000005258354
minchirp = 26.116416901508437
maxchirp = 26.116616901508436
mincov = 85040125249.066
maxcov = 8504012524906.6
