
[data]
trigger-time = 1036795959.1754099
injection-file = /work/shashwat.singh/Prospects-of-LGWs/unlens/injection.hdf

[global]
instruments = E1 E2 E3
mass1_ref = 30.000000000043688
mass2_ref = 30.000000008182095
minchirp = 26.116416902464202
maxchirp = 26.1166169024642
mincov = 22574430369.025276
maxcov = 2257443036902.5273
