
[data]
trigger-time = 1589402492.922874
injection-file = /work/shashwat.singh/Prospects-of-LGWs/unlens/injection.hdf

[global]
instruments = E1 E2 E3
mass1_ref = 30.000000004084395
mass2_ref = 30.0000000035009
minchirp = 26.116416902185417
maxchirp = 26.116616902185417
mincov = 97691391.06071708
maxcov = 9769139106.071709
