
[data]
trigger-time = 1587452924.4535139
injection-file = /work/shashwat.singh/Prospects-of-LGWs/unlens/injection.hdf

[global]
instruments = E1 E2 E3
mass1_ref = 30.000000009330094
mass2_ref = 30.00000000724619
minchirp = 26.116416906098973
maxchirp = 26.116616906098972
mincov = 156873792985.42834
maxcov = 15687379298542.834
