
[data]
trigger-time = 1029543708.4994053
injection-file = /work/shashwat.singh/Prospects-of-LGWs/unlens/injection.hdf

[global]
instruments = E1 E2 E3
mass1_ref = 30.00000000053883
mass2_ref = 30.00000000700813
minchirp = 26.11641690216873
maxchirp = 26.11661690216873
mincov = 127544202770.21384
maxcov = 12754420277021.385
