
[data]
trigger-time = 1352570716.7131119
injection-file = /work/shashwat.singh/Prospects-of-LGWs/unlens/injection.hdf

[global]
instruments = E1 E2 E3
mass1_ref = 30.000000002574463
mass2_ref = 30.000000002446683
minchirp = 26.116416901069307
maxchirp = 26.116616901069307
mincov = 619869652.5557368
maxcov = 61986965255.57367
