
[data]
trigger-time = 1987336472.6523669
injection-file = /work/shashwat.singh/Prospects-of-LGWs/unlens/injection.hdf

[global]
instruments = E1 E2 E3
mass1_ref = 30.000000004496545
mass2_ref = 30.00000000874166
minchirp = 26.116416904645988
maxchirp = 26.116616904645987
mincov = 143544810647.40842
maxcov = 14354481064740.842
