
[data]
trigger-time = 1720567886.1708162
injection-file = /work/shashwat.singh/Prospects-of-LGWs/unlens/injection.hdf

[global]
instruments = E1 E2 E3
mass1_ref = 30.000000009040136
mass2_ref = 30.000000005611504
minchirp = 26.11641690526122
maxchirp = 26.11661690526122
mincov = 27931235933.643288
maxcov = 2793123593364.3286
