
[data]
trigger-time = 1207148437.6955616
injection-file = /work/shashwat.singh/Prospects-of-LGWs/unlens/injection.hdf

[global]
instruments = E1 E2 E3
mass1_ref = 30.000000009253082
mass2_ref = 30.0000000057961
minchirp = 26.11641690543426
maxchirp = 26.11661690543426
mincov = 162163333269.03745
maxcov = 16216333326903.746
