
[data]
trigger-time = 1555185082.9915948
injection-file = /work/shashwat.singh/Prospects-of-LGWs/unlens/injection.hdf

[global]
instruments = E1 E2 E3
mass1_ref = 30.00000000343203
mass2_ref = 30.000000008397002
minchirp = 26.116416904032608
maxchirp = 26.116616904032607
mincov = 83763097177.30968
maxcov = 8376309717730.968
