
[data]
trigger-time = 1347148912.5032527
injection-file = /work/shashwat.singh/Prospects-of-LGWs/unlens/injection.hdf

[global]
instruments = E1 E2 E3
mass1_ref = 30.000000003203677
mass2_ref = 30.000000000384368
minchirp = 26.11641690044551
maxchirp = 26.11661690044551
mincov = 25953938989.701305
maxcov = 2595393898970.131
