
[data]
trigger-time = 1234302671.4390059
injection-file = /work/shashwat.singh/Prospects-of-LGWs/unlens/injection.hdf

[global]
instruments = E1 E2 E3
mass1_ref = 30.000000003718437
mass2_ref = 30.000000002091948
minchirp = 26.11641690141284
maxchirp = 26.11661690141284
mincov = 165530588523.1916
maxcov = 16553058852319.158
