
[data]
trigger-time = 1718266172.030701
injection-file = /work/shashwat.singh/Prospects-of-LGWs/unlens/injection.hdf

[global]
instruments = E1 E2 E3
mass1_ref = 30.000000005707026
mass2_ref = 30.000000003580258
minchirp = 26.11641690292625
maxchirp = 26.11661690292625
mincov = 89234688056.47809
maxcov = 8923468805647.809
