
[data]
trigger-time = 1231361843.594314
injection-file = /work/shashwat.singh/Prospects-of-LGWs/unlens/injection.hdf

[global]
instruments = E1 E2 E3
mass1_ref = 30.000000007430053
mass2_ref = 30.000000004753364
minchirp = 26.116416904186867
maxchirp = 26.116616904186866
mincov = 81153591871.95377
maxcov = 8115359187195.377
