
[data]
trigger-time = 1330150342.8030038
injection-file = /work/shashwat.singh/Prospects-of-LGWs/unlens/injection.hdf

[global]
instruments = E1 E2 E3
mass1_ref = 30.000000008665832
mass2_ref = 30.000000009195883
minchirp = 26.116416906658486
maxchirp = 26.116616906658486
mincov = 6903865761.798971
maxcov = 690386576179.8972
