
[data]
trigger-time = 1659724234.159874
injection-file = /work/shashwat.singh/Prospects-of-LGWs/unlens/injection.hdf

[global]
instruments = E1 E2 E3
mass1_ref = 30.000000005905797
mass2_ref = 30.000000008199027
minchirp = 26.116416905023208
maxchirp = 26.116616905023207
mincov = 7366059056.997862
maxcov = 736605905699.7863
