
[data]
trigger-time = 1579643587.483965
injection-file = /work/shashwat.singh/Prospects-of-LGWs/unlens/injection.hdf

[global]
instruments = E1 E2 E3
mass1_ref = 30.000000005007283
mass2_ref = 30.00000000452935
minchirp = 26.116416903034786
maxchirp = 26.116616903034785
mincov = 85701764420.99286
maxcov = 8570176442099.286
