
[data]
trigger-time = 1981889007.6942453
injection-file = /work/shashwat.singh/Prospects-of-LGWs/unlens/injection.hdf

[global]
instruments = E1 E2 E3
mass1_ref = 30.000000000946915
mass2_ref = 30.000000001808075
minchirp = 26.116416900082907
maxchirp = 26.116616900082906
mincov = 106244483319.06667
maxcov = 10624448331906.666
