
[data]
trigger-time = 1059365898.5917058
injection-file = /work/shashwat.singh/Prospects-of-LGWs/unlens/injection.hdf

[global]
instruments = E1 E2 E3
mass1_ref = 30.00000000895853
mass2_ref = 30.00000000636855
minchirp = 26.116416905555223
maxchirp = 26.116616905555222
mincov = 73200609262.43661
maxcov = 7320060926243.662
