
[data]
trigger-time = 1111809186.2247653
injection-file = /work/shashwat.singh/Prospects-of-LGWs/unlens/injection.hdf

[global]
instruments = E1 E2 E3
mass1_ref = 30.0000000003394
mass2_ref = 30.00000000286712
minchirp = 26.116416900279443
maxchirp = 26.116616900279443
mincov = 9232425897.47061
maxcov = 923242589747.061
