
[data]
trigger-time = 1882420801.3970587
injection-file = /work/shashwat.singh/Prospects-of-LGWs/unlens/injection.hdf

[global]
instruments = E1 E2 E3
mass1_ref = 30.00000000799951
mass2_ref = 30.00000000816166
minchirp = 26.116416905918285
maxchirp = 26.116616905918285
mincov = 111444795196.61247
maxcov = 11144479519661.248
