
[data]
trigger-time = 1468159908.2519372
injection-file = /work/shashwat.singh/Prospects-of-LGWs/unlens/injection.hdf

[global]
instruments = E1 E2 E3
mass1_ref = 30.000000006357375
mass2_ref = 30.000000006889746
minchirp = 26.11641690464987
maxchirp = 26.11661690464987
mincov = 3500295882.500064
maxcov = 350029588250.0064
