
[data]
trigger-time = 1578485136.4127474
injection-file = /work/shashwat.singh/Prospects-of-LGWs/unlens/injection.hdf

[global]
instruments = E1 E2 E3
mass1_ref = 30.000000005745605
mass2_ref = 30.000000005031367
minchirp = 26.116416903574674
maxchirp = 26.116616903574673
mincov = 22968524922.412716
maxcov = 2296852492241.2715
