
[data]
trigger-time = 1504908954.174527
injection-file = /work/shashwat.singh/Prospects-of-LGWs/unlens/injection.hdf

[global]
instruments = E1 E2 E3
mass1_ref = 30.000000009083866
mass2_ref = 30.000000009266643
minchirp = 26.116416906871244
maxchirp = 26.116616906871243
mincov = 157023952442.52692
maxcov = 15702395244252.693
