
[data]
trigger-time = 1343077530.2522094
injection-file = /work/shashwat.singh/Prospects-of-LGWs/unlens/injection.hdf

[global]
instruments = E1 E2 E3
mass1_ref = 30.000000006007166
mass2_ref = 30.000000005577398
minchirp = 26.1164169039262
maxchirp = 26.1166169039262
mincov = 13156943078.867071
maxcov = 1315694307886.707
