
[data]
trigger-time = 1167587768.2960374
injection-file = /work/shashwat.singh/Prospects-of-LGWs/unlens/injection.hdf

[global]
instruments = E1 E2 E3
mass1_ref = 30.00000000766847
mass2_ref = 30.000000000540403
minchirp = 26.116416902456844
maxchirp = 26.116616902456844
mincov = 64385930985.73729
maxcov = 6438593098573.7295
