
[data]
trigger-time = 1618772688.59019
injection-file = /work/shashwat.singh/Prospects-of-LGWs/unlens/injection.hdf

[global]
instruments = E1 E2 E3
mass1_ref = 30.00000000134522
mass2_ref = 30.000000007160484
minchirp = 26.11641690258605
maxchirp = 26.11661690258605
mincov = 157516930880.35806
maxcov = 15751693088035.805
