
[data]
trigger-time = 1615618481.1989546
injection-file = /work/shashwat.singh/Prospects-of-LGWs/unlens/injection.hdf

[global]
instruments = E1 E2 E3
mass1_ref = 30.000000006172858
mass2_ref = 30.00000000709753
minchirp = 26.116416904659996
maxchirp = 26.116616904659995
mincov = 23998539913.15959
maxcov = 2399853991315.959
