
[data]
trigger-time = 1028386972.9387491
injection-file = /work/shashwat.singh/Prospects-of-LGWs/unlens/injection.hdf

[global]
instruments = E1 E2 E3
mass1_ref = 30.00000000225
mass2_ref = 30.00000000151119
minchirp = 26.116416900520875
maxchirp = 26.116616900520874
mincov = 12158090197.173153
maxcov = 1215809019717.3154
