
[data]
trigger-time = 1307895393.468066
injection-file = /work/shashwat.singh/Prospects-of-LGWs/unlens/injection.hdf

[global]
instruments = E1 E2 E3
mass1_ref = 30.00000000535684
mass2_ref = 30.000000007903818
minchirp = 26.11641690465576
maxchirp = 26.11661690465576
mincov = 154902100024.9295
maxcov = 15490210002492.951
