
[data]
trigger-time = 1413713826.3629043
injection-file = /work/shashwat.singh/Prospects-of-LGWs/unlens/injection.hdf

[global]
instruments = E1 E2 E3
mass1_ref = 30.000000008797997
mass2_ref = 30.000000003921915
minchirp = 26.11641690442039
maxchirp = 26.11661690442039
mincov = 72023903630.73442
maxcov = 7202390363073.442
