
[data]
trigger-time = 1228223999.4678323
injection-file = /work/shashwat.singh/Prospects-of-LGWs/unlens/injection.hdf

[global]
instruments = E1 E2 E3
mass1_ref = 30.00000000008912
mass2_ref = 30.00000000876373
minchirp = 26.11641690273715
maxchirp = 26.11661690273715
mincov = 103159732293.52245
maxcov = 10315973229352.244
