
[data]
trigger-time = 1454413487.1882148
injection-file = /work/shashwat.singh/Prospects-of-LGWs/unlens/injection.hdf

[global]
instruments = E1 E2 E3
mass1_ref = 30.00000000485661
mass2_ref = 30.00000000891363
minchirp = 26.116416904877568
maxchirp = 26.116616904877567
mincov = 15937292.648784906
maxcov = 1593729264.8784904
