
[data]
trigger-time = 1553602569.300066
injection-file = /work/shashwat.singh/Prospects-of-LGWs/unlens/injection.hdf

[global]
instruments = E1 E2 E3
mass1_ref = 30.00000000662992
mass2_ref = 30.000000005598565
minchirp = 26.116416904206485
maxchirp = 26.116616904206484
mincov = 45838161799.752625
maxcov = 4583816179975.263
