
[data]
trigger-time = 1078564272.376451
injection-file = /work/shashwat.singh/Prospects-of-LGWs/unlens/injection.hdf

[global]
instruments = E1 E2 E3
mass1_ref = 30.000000008838736
mass2_ref = 30.000000007653156
minchirp = 26.116416906062238
maxchirp = 26.116616906062237
mincov = 63587071887.05109
maxcov = 6358707188705.108
