
[data]
trigger-time = 1835726166.646917
injection-file = /work/shashwat.singh/Prospects-of-LGWs/unlens/injection.hdf

[global]
instruments = E1 E2 E3
mass1_ref = 30.00000000871324
mass2_ref = 30.000000001571532
minchirp = 26.11641690336043
maxchirp = 26.11661690336043
mincov = 3755441.2330386676
maxcov = 375544123.30386674
