
[data]
trigger-time = 1967574061.9986851
injection-file = /work/shashwat.singh/Prospects-of-LGWs/unlens/injection.hdf

[global]
instruments = E1 E2 E3
mass1_ref = 30.000000009462266
mass2_ref = 30.000000007136652
minchirp = 26.11641690610882
maxchirp = 26.11661690610882
mincov = 55874702153.626724
maxcov = 5587470215362.672
