
[data]
trigger-time = 1092144624.7407835
injection-file = /work/shashwat.singh/Prospects-of-LGWs/unlens/injection.hdf

[global]
instruments = E1 E2 E3
mass1_ref = 30.0000000066904
mass2_ref = 30.0000000023298
minchirp = 26.116416902809995
maxchirp = 26.116616902809994
mincov = 2211156050.1692214
maxcov = 221115605016.92215
