
[data]
trigger-time = 1963479673.3724325
injection-file = /work/shashwat.singh/Prospects-of-LGWs/unlens/injection.hdf

[global]
instruments = E1 E2 E3
mass1_ref = 30.00000000589036
mass2_ref = 30.000000004638476
minchirp = 26.116416903466668
maxchirp = 26.116616903466667
mincov = 37587217139.92064
maxcov = 3758721713992.0645
