
[data]
trigger-time = 1005550492.6538739
injection-file = /work/shashwat.singh/Prospects-of-LGWs/unlens/injection.hdf

[global]
instruments = E1 E2 E3
mass1_ref = 30.000000004918554
mass2_ref = 30.00000000374517
minchirp = 26.11641690265483
maxchirp = 26.11661690265483
mincov = 153186309358.8198
maxcov = 15318630935881.98
