
[data]
trigger-time = 1026155960.6382127
injection-file = /work/shashwat.singh/Prospects-of-LGWs/unlens/injection.hdf

[global]
instruments = E1 E2 E3
mass1_ref = 30.00000000745932
mass2_ref = 30.000000007467406
minchirp = 26.11641690538096
maxchirp = 26.11661690538096
mincov = 108937145046.43588
maxcov = 10893714504643.588
