
[data]
trigger-time = 1986858490.441425
injection-file = /work/shashwat.singh/Prospects-of-LGWs/unlens/injection.hdf

[global]
instruments = E1 E2 E3
mass1_ref = 30.000000009396945
mass2_ref = 30.00000000497064
minchirp = 26.11641690513758
maxchirp = 26.11661690513758
mincov = 120754937721.58276
maxcov = 12075493772158.277
