
[data]
trigger-time = 1044693076.9695427
injection-file = /work/shashwat.singh/Prospects-of-LGWs/unlens/injection.hdf

[global]
instruments = E1 E2 E3
mass1_ref = 30.000000009622294
mass2_ref = 30.000000006675744
minchirp = 26.116416905977857
maxchirp = 26.116616905977857
mincov = 21816457842.25753
maxcov = 2181645784225.7532
