
[data]
trigger-time = 1848491400.6303008
injection-file = /work/shashwat.singh/Prospects-of-LGWs/unlens/injection.hdf

[global]
instruments = E1 E2 E3
mass1_ref = 30.00000000627858
mass2_ref = 30.0000000052565
minchirp = 26.116416903904657
maxchirp = 26.116616903904657
mincov = 50881633487.56006
maxcov = 5088163348756.006
