
[data]
trigger-time = 1795993172.8422375
injection-file = /work/shashwat.singh/Prospects-of-LGWs/unlens/injection.hdf

[global]
instruments = E1 E2 E3
mass1_ref = 30.000000009144138
mass2_ref = 30.00000000682726
minchirp = 26.11641690583568
maxchirp = 26.11661690583568
mincov = 5726564846.329668
maxcov = 572656484632.9668
