
[data]
trigger-time = 1323341649.2907133
injection-file = /work/shashwat.singh/Prospects-of-LGWs/unlens/injection.hdf

[global]
instruments = E1 E2 E3
mass1_ref = 30.00000000688472
mass2_ref = 30.000000006948678
minchirp = 26.116416904905062
maxchirp = 26.11661690490506
mincov = 40616805636.86604
maxcov = 4061680563686.6045
