
[data]
trigger-time = 1002250416.1028733
injection-file = /work/shashwat.singh/Prospects-of-LGWs/unlens/injection.hdf

[global]
instruments = E1 E2 E3
mass1_ref = 30.00000000632191
mass2_ref = 30.00000000173944
minchirp = 26.11641690239263
maxchirp = 26.11661690239263
mincov = 43204885766.59208
maxcov = 4320488576659.208
