
[data]
trigger-time = 1895834978.9379418
injection-file = /work/shashwat.singh/Prospects-of-LGWs/unlens/injection.hdf

[global]
instruments = E1 E2 E3
mass1_ref = 30.000000009463985
mass2_ref = 30.00000000543621
minchirp = 26.11641690536941
maxchirp = 26.11661690536941
mincov = 4339929409.88816
maxcov = 433992940988.816
