
[data]
trigger-time = 1735377237.0918036
injection-file = /work/shashwat.singh/Prospects-of-LGWs/unlens/injection.hdf

[global]
instruments = E1 E2 E3
mass1_ref = 30.000000000064013
mass2_ref = 30.000000007528428
minchirp = 26.116416902188526
maxchirp = 26.116616902188525
mincov = 3244040470.2906637
maxcov = 324404047029.06635
