
[data]
trigger-time = 1926804132.1657977
injection-file = /work/shashwat.singh/Prospects-of-LGWs/unlens/injection.hdf

[global]
instruments = E1 E2 E3
mass1_ref = 30.000000008549893
mass2_ref = 30.000000007117606
minchirp = 26.116416905703396
maxchirp = 26.116616905703395
mincov = 58863172080.09326
maxcov = 5886317208009.326
