
[data]
trigger-time = 1318536295.1143894
injection-file = /work/shashwat.singh/Prospects-of-LGWs/unlens/injection.hdf

[global]
instruments = E1 E2 E3
mass1_ref = 30.000000006000157
mass2_ref = 30.000000002882615
minchirp = 26.116416902750174
maxchirp = 26.116616902750174
mincov = 84459325324.24895
maxcov = 8445932532424.895
