
[data]
trigger-time = 1417477630.5180912
injection-file = /work/shashwat.singh/Prospects-of-LGWs/unlens/injection.hdf

[global]
instruments = E1 E2 E3
mass1_ref = 30.00000000802468
mass2_ref = 30.00000000528891
minchirp = 26.116416904678804
maxchirp = 26.116616904678803
mincov = 23663123973.508965
maxcov = 2366312397350.8965
