
[data]
trigger-time = 1740144794.238148
injection-file = /work/shashwat.singh/Prospects-of-LGWs/unlens/injection.hdf

[global]
instruments = E1 E2 E3
mass1_ref = 30.000000003867175
mass2_ref = 30.000000004733078
minchirp = 26.1164169026272
maxchirp = 26.1166169026272
mincov = 19353531783.832436
maxcov = 1935353178383.2437
