
[data]
trigger-time = 1812153089.032318
injection-file = /work/shashwat.singh/Prospects-of-LGWs/unlens/injection.hdf

[global]
instruments = E1 E2 E3
mass1_ref = 30.000000001436327
mass2_ref = 30.00000000239263
minchirp = 26.116416900550377
maxchirp = 26.116616900550376
mincov = 157887893341.55887
maxcov = 15788789334155.887
