
[data]
trigger-time = 1402631841.787623
injection-file = /work/shashwat.singh/Prospects-of-LGWs/unlens/injection.hdf

[global]
instruments = E1 E2 E3
mass1_ref = 30.000000003672476
mass2_ref = 30.000000007036938
minchirp = 26.116416903545268
maxchirp = 26.116616903545268
mincov = 84517753416.91594
maxcov = 8451775341691.594
