
[data]
trigger-time = 1135233131.2061925
injection-file = /work/shashwat.singh/Prospects-of-LGWs/unlens/injection.hdf

[global]
instruments = E1 E2 E3
mass1_ref = 30.00000000334025
mass2_ref = 30.000000008230483
minchirp = 26.11641690392018
maxchirp = 26.11661690392018
mincov = 9436968110.24808
maxcov = 943696811024.8079
