
[data]
trigger-time = 1728321611.9820867
injection-file = /work/shashwat.singh/Prospects-of-LGWs/unlens/injection.hdf

[global]
instruments = E1 E2 E3
mass1_ref = 30.000000008497082
mass2_ref = 30.00000000784011
minchirp = 26.116416905994903
maxchirp = 26.116616905994903
mincov = 79243447898.62395
maxcov = 7924344789862.395
