
[data]
trigger-time = 1043669944.2217693
injection-file = /work/shashwat.singh/Prospects-of-LGWs/unlens/injection.hdf

[global]
instruments = E1 E2 E3
mass1_ref = 30.00000000712039
mass2_ref = 30.00000000264913
minchirp = 26.116416903136155
maxchirp = 26.116616903136155
mincov = 37992294423.68816
maxcov = 3799229442368.8164
