
[data]
trigger-time = 1449502265.9192047
injection-file = /work/shashwat.singh/Prospects-of-LGWs/unlens/injection.hdf

[global]
instruments = E1 E2 E3
mass1_ref = 30.00000000571192
mass2_ref = 30.00000000696614
minchirp = 26.116416904402172
maxchirp = 26.11661690440217
mincov = 2496293261.5158734
maxcov = 249629326151.58734
