
[data]
trigger-time = 1093471288.1570637
injection-file = /work/shashwat.singh/Prospects-of-LGWs/unlens/injection.hdf

[global]
instruments = E1 E2 E3
mass1_ref = 30.000000002968456
mass2_ref = 30.00000000751533
minchirp = 26.116416903447057
maxchirp = 26.116616903447056
mincov = 5909410875.61199
maxcov = 590941087561.199
