
[data]
trigger-time = 1407325303.126079
injection-file = /work/shashwat.singh/Prospects-of-LGWs/unlens/injection.hdf

[global]
instruments = E1 E2 E3
mass1_ref = 30.000000008628632
mass2_ref = 30.000000006812947
minchirp = 26.11641690560506
maxchirp = 26.11661690560506
mincov = 799838952.3549653
maxcov = 79983895235.49654
