
[data]
trigger-time = 1017050793.0359594
injection-file = /work/shashwat.singh/Prospects-of-LGWs/unlens/injection.hdf

[global]
instruments = E1 E2 E3
mass1_ref = 30.000000006030625
mass2_ref = 30.000000005004907
minchirp = 26.116416903687217
maxchirp = 26.116616903687216
mincov = 66131333868.072754
maxcov = 6613133386807.275
