
[data]
trigger-time = 1488475024.9005632
injection-file = /work/shashwat.singh/Prospects-of-LGWs/unlens/injection.hdf

[global]
instruments = E1 E2 E3
mass1_ref = 30.000000003037137
mass2_ref = 30.00000000950655
minchirp = 26.11641690434368
maxchirp = 26.11661690434368
mincov = 21549699438.9559
maxcov = 2154969943895.5898
