
[data]
trigger-time = 1038301031.862385
injection-file = /work/shashwat.singh/Prospects-of-LGWs/unlens/injection.hdf

[global]
instruments = E1 E2 E3
mass1_ref = 30.000000007920015
mass2_ref = 30.000000009575878
minchirp = 26.116416906499254
maxchirp = 26.116616906499253
mincov = 89784636415.49313
maxcov = 8978463641549.312
