
[data]
trigger-time = 1569089376.2774634
injection-file = /work/shashwat.singh/Prospects-of-LGWs/unlens/injection.hdf

[global]
instruments = E1 E2 E3
mass1_ref = 30.000000005674217
mass2_ref = 30.000000005357993
minchirp = 26.116416903685774
maxchirp = 26.116616903685774
mincov = 11147684536.034777
maxcov = 1114768453603.4775
