
[data]
trigger-time = 1016809635.0218009
injection-file = /work/shashwat.singh/Prospects-of-LGWs/unlens/injection.hdf

[global]
instruments = E1 E2 E3
mass1_ref = 30.00000000395469
mass2_ref = 30.00000000638546
minchirp = 26.116416903384536
maxchirp = 26.116616903384536
mincov = 8493112896.010617
maxcov = 849311289601.0618
