
[data]
trigger-time = 1576616710.6699505
injection-file = /work/shashwat.singh/Prospects-of-LGWs/unlens/injection.hdf

[global]
instruments = E1 E2 E3
mass1_ref = 30.000000004713375
mass2_ref = 30.000000004814805
minchirp = 26.116416903031105
maxchirp = 26.116616903031105
mincov = 9362703420.407623
maxcov = 936270342040.7623
