
[data]
trigger-time = 1444478299.4715278
injection-file = /work/shashwat.singh/Prospects-of-LGWs/unlens/injection.hdf

[global]
instruments = E1 E2 E3
mass1_ref = 30.00000000505524
mass2_ref = 30.00000000434543
minchirp = 26.116416902975605
maxchirp = 26.116616902975604
mincov = 123986726.21914919
maxcov = 12398672621.914919
