
[data]
trigger-time = 1486212559.0146453
injection-file = /work/shashwat.singh/Prospects-of-LGWs/unlens/injection.hdf

[global]
instruments = E1 E2 E3
mass1_ref = 30.00000000427116
mass2_ref = 30.00000000287359
minchirp = 26.11641690199366
maxchirp = 26.11661690199366
mincov = 95697777531.04538
maxcov = 9569777753104.537
