
[data]
trigger-time = 1428813353.7804604
injection-file = /work/shashwat.singh/Prospects-of-LGWs/unlens/injection.hdf

[global]
instruments = E1 E2 E3
mass1_ref = 30.00000000605378
mass2_ref = 30.000000007244907
minchirp = 26.116416904672313
maxchirp = 26.116616904672313
mincov = 29708403.306659497
maxcov = 2970840330.66595
