
[data]
trigger-time = 1128153555.7057688
injection-file = /work/shashwat.singh/Prospects-of-LGWs/unlens/injection.hdf

[global]
instruments = E1 E2 E3
mass1_ref = 30.000000006599283
mass2_ref = 30.00000000389229
minchirp = 26.116416903450446
maxchirp = 26.116616903450446
mincov = 84987109213.49638
maxcov = 8498710921349.639
