
[data]
trigger-time = 1100319321.7224104
injection-file = /work/shashwat.singh/Prospects-of-LGWs/unlens/injection.hdf

[global]
instruments = E1 E2 E3
mass1_ref = 30.000000003783178
mass2_ref = 30.000000001094897
minchirp = 26.116416901007028
maxchirp = 26.116616901007028
mincov = 83678461051.9464
maxcov = 8367846105194.64
