
[data]
trigger-time = 1084851091.4482012
injection-file = /work/shashwat.singh/Prospects-of-LGWs/unlens/injection.hdf

[global]
instruments = E1 E2 E3
mass1_ref = 30.000000008412083
mass2_ref = 30.00000000645107
minchirp = 26.116416905353287
maxchirp = 26.116616905353286
mincov = 79145686124.04454
maxcov = 7914568612404.454
