
[data]
trigger-time = 1309021922.7104516
injection-file = /work/shashwat.singh/Prospects-of-LGWs/unlens/injection.hdf

[global]
instruments = E1 E2 E3
mass1_ref = 30.000000001868678
mass2_ref = 30.000000002389967
minchirp = 26.116416900737406
maxchirp = 26.116616900737405
mincov = 57753642711.58583
maxcov = 5775364271158.583
