
[data]
trigger-time = 1680246453.8015668
injection-file = /work/shashwat.singh/Prospects-of-LGWs/unlens/injection.hdf

[global]
instruments = E1 E2 E3
mass1_ref = 30.00000000609725
mass2_ref = 30.000000001719766
minchirp = 26.11641690228628
maxchirp = 26.116616902286278
mincov = 39837732019.1291
maxcov = 3983773201912.9097
