
[data]
trigger-time = 1624961085.7215395
injection-file = /work/shashwat.singh/Prospects-of-LGWs/unlens/injection.hdf

[global]
instruments = E1 E2 E3
mass1_ref = 30.000000007281187
mass2_ref = 30.000000008932652
minchirp = 26.116416905941207
maxchirp = 26.116616905941207
mincov = 17594128097.086746
maxcov = 1759412809708.6746
