
[data]
trigger-time = 1264378385.0853145
injection-file = /work/shashwat.singh/Prospects-of-LGWs/unlens/injection.hdf

[global]
instruments = E1 E2 E3
mass1_ref = 30.000000007365657
mass2_ref = 30.000000000695206
minchirp = 26.11641690239242
maxchirp = 26.11661690239242
mincov = 12041580338.911291
maxcov = 1204158033891.1292
