
[data]
trigger-time = 1092741432.2998626
injection-file = /work/shashwat.singh/Prospects-of-LGWs/unlens/injection.hdf

[global]
instruments = E1 E2 E3
mass1_ref = 30.000000009797557
mass2_ref = 30.00000000264578
minchirp = 26.1164169043
maxchirp = 26.1166169043
mincov = 40705420392.63862
maxcov = 4070542039263.862
