
[data]
trigger-time = 1511349128.2385461
injection-file = /work/shashwat.singh/Prospects-of-LGWs/unlens/injection.hdf

[global]
instruments = E1 E2 E3
mass1_ref = 30.000000009959003
mass2_ref = 30.00000000673137
minchirp = 26.11641690614863
maxchirp = 26.11661690614863
mincov = 39138440273.68579
maxcov = 3913844027368.579
