
[data]
trigger-time = 1025422240.457067
injection-file = /work/shashwat.singh/Prospects-of-LGWs/unlens/injection.hdf

[global]
instruments = E1 E2 E3
mass1_ref = 30.000000007390415
mass2_ref = 30.00000000869363
minchirp = 26.116416905884712
maxchirp = 26.11661690588471
mincov = 67052841858.03945
maxcov = 6705284185803.945
