
[data]
trigger-time = 1001383268.7760739
injection-file = /work/shashwat.singh/Prospects-of-LGWs/unlens/injection.hdf

[global]
instruments = E1 E2 E3
mass1_ref = 30.00000000209282
mass2_ref = 30.000000009187133
minchirp = 26.116416903793606
maxchirp = 26.116616903793606
mincov = 468425.6073438005
maxcov = 46842560.734380044
