
[data]
trigger-time = 1861656213.167719
injection-file = /work/shashwat.singh/Prospects-of-LGWs/unlens/injection.hdf

[global]
instruments = E1 E2 E3
mass1_ref = 30.000000007925298
mass2_ref = 30.00000000245311
minchirp = 26.116416903401188
maxchirp = 26.116616903401187
mincov = 60980742025.996994
maxcov = 6098074202599.699
