
[data]
trigger-time = 1360092544.3324063
injection-file = /work/shashwat.singh/Prospects-of-LGWs/unlens/injection.hdf

[global]
instruments = E1 E2 E3
mass1_ref = 30.000000006712284
mass2_ref = 30.000000000865832
minchirp = 26.11641690218229
maxchirp = 26.11661690218229
mincov = 89925734030.27396
maxcov = 8992573403027.395
