
[data]
trigger-time = 1287483878.1351237
injection-file = /work/shashwat.singh/Prospects-of-LGWs/unlens/injection.hdf

[global]
instruments = E1 E2 E3
mass1_ref = 30.000000001862077
mass2_ref = 30.00000000848482
minchirp = 26.11641690338747
maxchirp = 26.11661690338747
mincov = 127079058335.37259
maxcov = 12707905833537.258
