
[data]
trigger-time = 1444459775.0495582
injection-file = /work/shashwat.singh/Prospects-of-LGWs/unlens/injection.hdf

[global]
instruments = E1 E2 E3
mass1_ref = 30.00000000386977
mass2_ref = 30.000000001986056
minchirp = 26.11641690143262
maxchirp = 26.116616901432618
mincov = 67143136084.77211
maxcov = 6714313608477.211
