
[data]
trigger-time = 1846344422.745759
injection-file = /work/shashwat.singh/Prospects-of-LGWs/unlens/injection.hdf

[global]
instruments = E1 E2 E3
mass1_ref = 30.0000000054025
mass2_ref = 30.000000006908877
minchirp = 26.116416904242566
maxchirp = 26.116616904242566
mincov = 47474624241.903076
maxcov = 4747462424190.308
