
[data]
trigger-time = 1488744182.353134
injection-file = /work/shashwat.singh/Prospects-of-LGWs/unlens/injection.hdf

[global]
instruments = E1 E2 E3
mass1_ref = 30.000000004615124
mass2_ref = 30.000000003871982
minchirp = 26.116416902577953
maxchirp = 26.116616902577952
mincov = 94100085295.6268
maxcov = 9410008529562.68
