
[data]
trigger-time = 1140931969.4946063
injection-file = /work/shashwat.singh/Prospects-of-LGWs/unlens/injection.hdf

[global]
instruments = E1 E2 E3
mass1_ref = 30.00000000649057
mass2_ref = 30.00000000282993
minchirp = 26.116416902940706
maxchirp = 26.116616902940706
mincov = 107450803676.85182
maxcov = 10745080367685.182
