
[data]
trigger-time = 1827225798.4004989
injection-file = /work/shashwat.singh/Prospects-of-LGWs/unlens/injection.hdf

[global]
instruments = E1 E2 E3
mass1_ref = 30.000000002290314
mass2_ref = 30.000000003835762
minchirp = 26.116416901550256
maxchirp = 26.116616901550255
mincov = 101458071657.00668
maxcov = 10145807165700.668
