
[data]
trigger-time = 1261888067.705962
injection-file = /work/shashwat.singh/Prospects-of-LGWs/unlens/injection.hdf

[global]
instruments = E1 E2 E3
mass1_ref = 30.00000000877212
mass2_ref = 30.000000004940464
minchirp = 26.116416904852475
maxchirp = 26.116616904852474
mincov = 136599963456.19853
maxcov = 13659996345619.854
