
[data]
trigger-time = 1366997328.1165442
injection-file = /work/shashwat.singh/Prospects-of-LGWs/unlens/injection.hdf

[global]
instruments = E1 E2 E3
mass1_ref = 30.000000008978716
mass2_ref = 30.00000000505273
minchirp = 26.11641690499127
maxchirp = 26.116616904991268
mincov = 78686592565.15872
maxcov = 7868659256515.871
