
[data]
trigger-time = 1102373093.7439296
injection-file = /work/shashwat.singh/Prospects-of-LGWs/unlens/injection.hdf

[global]
instruments = E1 E2 E3
mass1_ref = 30.00000000001018
mass2_ref = 30.000000001211625
minchirp = 26.116416899415547
maxchirp = 26.116616899415547
mincov = 63313018430.8016
maxcov = 6331301843080.16
