
[data]
trigger-time = 1710834579.083197
injection-file = /work/shashwat.singh/Prospects-of-LGWs/unlens/injection.hdf

[global]
instruments = E1 E2 E3
mass1_ref = 30.000000003000487
mass2_ref = 30.000000007803976
minchirp = 26.11641690358664
maxchirp = 26.11661690358664
mincov = 16795625386.890833
maxcov = 1679562538689.0833
