
[data]
trigger-time = 1376193506.4462485
injection-file = /work/shashwat.singh/Prospects-of-LGWs/unlens/injection.hdf

[global]
instruments = E1 E2 E3
mass1_ref = 30.000000009217192
mass2_ref = 30.000000001268937
minchirp = 26.11641690344808
maxchirp = 26.11661690344808
mincov = 129646542095.38972
maxcov = 12964654209538.973
