
[data]
trigger-time = 1807131283.2861724
injection-file = /work/shashwat.singh/Prospects-of-LGWs/unlens/injection.hdf

[global]
instruments = E1 E2 E3
mass1_ref = 30.00000000402791
mass2_ref = 30.000000003162324
minchirp = 26.116416902013455
maxchirp = 26.116616902013455
mincov = 18966846589.84032
maxcov = 1896684658984.032
