
[data]
trigger-time = 1540053521.7854311
injection-file = /work/shashwat.singh/Prospects-of-LGWs/unlens/injection.hdf

[global]
instruments = E1 E2 E3
mass1_ref = 30.00000000342185
mass2_ref = 30.00000000414014
minchirp = 26.116416902175274
maxchirp = 26.116616902175274
mincov = 62612796320.09385
maxcov = 6261279632009.385
