
[data]
trigger-time = 1970866371.719065
injection-file = /work/shashwat.singh/Prospects-of-LGWs/unlens/injection.hdf

[global]
instruments = E1 E2 E3
mass1_ref = 30.000000009698226
mass2_ref = 30.000000007078015
minchirp = 26.116416906186007
maxchirp = 26.116616906186007
mincov = 37280247810.69073
maxcov = 3728024781069.0728
