
[data]
trigger-time = 1628550652.474702
injection-file = /work/shashwat.singh/Prospects-of-LGWs/unlens/injection.hdf

[global]
instruments = E1 E2 E3
mass1_ref = 30.000000005114394
mass2_ref = 30.00000000341056
minchirp = 26.116416902594423
maxchirp = 26.116616902594423
mincov = 35978410520.87091
maxcov = 3597841052087.091
