
[data]
trigger-time = 1126589169.8720865
injection-file = /work/shashwat.singh/Prospects-of-LGWs/unlens/injection.hdf

[global]
instruments = E1 E2 E3
mass1_ref = 30.000000005217295
mass2_ref = 30.000000001616367
minchirp = 26.11641690185825
maxchirp = 26.11661690185825
mincov = 107567221314.00272
maxcov = 10756722131400.271
