
[data]
trigger-time = 1145326997.3836348
injection-file = /work/shashwat.singh/Prospects-of-LGWs/unlens/injection.hdf

[global]
instruments = E1 E2 E3
mass1_ref = 30.00000000472171
mass2_ref = 30.000000006196036
minchirp = 26.116416903635947
maxchirp = 26.116616903635947
mincov = 169602238451.63672
maxcov = 16960223845163.672
