
[data]
trigger-time = 1524928243.5218463
injection-file = /work/shashwat.singh/Prospects-of-LGWs/unlens/injection.hdf

[global]
instruments = E1 E2 E3
mass1_ref = 30.000000003643787
mass2_ref = 30.00000000513357
minchirp = 26.11641690270429
maxchirp = 26.11661690270429
mincov = 124037244083.75269
maxcov = 12403724408375.27
