
[data]
trigger-time = 1452093849.9324675
injection-file = /work/shashwat.singh/Prospects-of-LGWs/unlens/injection.hdf

[global]
instruments = E1 E2 E3
mass1_ref = 30.00000000505154
mass2_ref = 30.000000002155527
minchirp = 26.116416902020784
maxchirp = 26.116616902020784
mincov = 39578246735.52154
maxcov = 3957824673552.154
