
[data]
trigger-time = 1312098888.8868032
injection-file = /work/shashwat.singh/Prospects-of-LGWs/unlens/injection.hdf

[global]
instruments = E1 E2 E3
mass1_ref = 30.000000001676135
mass2_ref = 30.000000002590834
minchirp = 26.116416900741033
maxchirp = 26.116616900741032
mincov = 1721692271.2848835
maxcov = 172169227128.48834
