
[data]
trigger-time = 1759252605.6306162
injection-file = /work/shashwat.singh/Prospects-of-LGWs/unlens/injection.hdf

[global]
instruments = E1 E2 E3
mass1_ref = 30.00000000385121
mass2_ref = 30.000000003222116
minchirp = 26.116416901962566
maxchirp = 26.116616901962566
mincov = 3180862083.0304627
maxcov = 318086208303.04626
