
[data]
trigger-time = 1027549746.8215702
injection-file = /work/shashwat.singh/Prospects-of-LGWs/unlens/injection.hdf

[global]
instruments = E1 E2 E3
mass1_ref = 30.000000005371067
mass2_ref = 30.000000005665406
minchirp = 26.11641690368763
maxchirp = 26.11661690368763
mincov = 45116026400.97621
maxcov = 4511602640097.621
