
[data]
trigger-time = 1844777961.347655
injection-file = /work/shashwat.singh/Prospects-of-LGWs/unlens/injection.hdf

[global]
instruments = E1 E2 E3
mass1_ref = 30.000000003685592
mass2_ref = 30.000000007914256
minchirp = 26.11641690393285
maxchirp = 26.11661690393285
mincov = 9197625112.187757
maxcov = 919762511218.7758
