
[data]
trigger-time = 1064536803.9756986
injection-file = /work/shashwat.singh/Prospects-of-LGWs/unlens/injection.hdf

[global]
instruments = E1 E2 E3
mass1_ref = 30.000000004181622
mass2_ref = 30.000000009140145
minchirp = 26.11641690468236
maxchirp = 26.11661690468236
mincov = 940790946.8481404
maxcov = 94079094684.81403
