
[data]
trigger-time = 1953456846.2244391
injection-file = /work/shashwat.singh/Prospects-of-LGWs/unlens/injection.hdf

[global]
instruments = E1 E2 E3
mass1_ref = 30.0000000011032
mass2_ref = 30.000000005505793
minchirp = 26.116416901760456
maxchirp = 26.116616901760455
mincov = 124406650751.44113
maxcov = 12440665075144.113
