
[data]
trigger-time = 1480546814.5759318
injection-file = /work/shashwat.singh/Prospects-of-LGWs/unlens/injection.hdf

[global]
instruments = E1 E2 E3
mass1_ref = 30.000000004127283
mass2_ref = 30.000000004180567
minchirp = 26.116416902499925
maxchirp = 26.116616902499924
mincov = 23201983790.440086
maxcov = 2320198379044.009
