
[data]
trigger-time = 1429309662.5809703
injection-file = /work/shashwat.singh/Prospects-of-LGWs/unlens/injection.hdf

[global]
instruments = E1 E2 E3
mass1_ref = 30.000000005474
mass2_ref = 30.000000001188962
minchirp = 26.11641690178395
maxchirp = 26.11661690178395
mincov = 42539427833.17488
maxcov = 4253942783317.488
