
[data]
trigger-time = 1090090895.151117
injection-file = /work/shashwat.singh/Prospects-of-LGWs/unlens/injection.hdf

[global]
instruments = E1 E2 E3
mass1_ref = 30.000000008099907
mass2_ref = 30.00000000839822
minchirp = 26.116416906064952
maxchirp = 26.11661690606495
mincov = 131253651280.90964
maxcov = 13125365128090.965
