
[data]
trigger-time = 1729757916.5359726
injection-file = /work/shashwat.singh/Prospects-of-LGWs/unlens/injection.hdf

[global]
instruments = E1 E2 E3
mass1_ref = 30.000000009824063
mass2_ref = 30.000000005928843
minchirp = 26.116416905740575
maxchirp = 26.116616905740575
mincov = 111059985173.03674
maxcov = 11105998517303.674
