
[data]
trigger-time = 1928516040.3857064
injection-file = /work/shashwat.singh/Prospects-of-LGWs/unlens/injection.hdf

[global]
instruments = E1 E2 E3
mass1_ref = 30.00000000093693
mass2_ref = 30.000000001459632
minchirp = 26.11641689992689
maxchirp = 26.11661689992689
mincov = 74943911526.11148
maxcov = 7494391152611.148
