
[data]
trigger-time = 1791494894.2273655
injection-file = /work/shashwat.singh/Prospects-of-LGWs/unlens/injection.hdf

[global]
instruments = E1 E2 E3
mass1_ref = 30.000000005369262
mass2_ref = 30.000000007387513
minchirp = 26.11641690443643
maxchirp = 26.11661690443643
mincov = 107923204532.91037
maxcov = 10792320453291.037
