
[data]
trigger-time = 1787729794.4353209
injection-file = /work/shashwat.singh/Prospects-of-LGWs/unlens/injection.hdf

[global]
instruments = E1 E2 E3
mass1_ref = 30.00000000196986
mass2_ref = 30.000000009380724
minchirp = 26.11641690382435
maxchirp = 26.11661690382435
mincov = 102560657431.37863
maxcov = 10256065743137.863
