
[data]
trigger-time = 1613330973.4368253
injection-file = /work/shashwat.singh/Prospects-of-LGWs/unlens/injection.hdf

[global]
instruments = E1 E2 E3
mass1_ref = 30.000000009239677
mass2_ref = 30.000000001190482
minchirp = 26.116416903423715
maxchirp = 26.116616903423715
mincov = 54201580310.4004
maxcov = 5420158031040.04
