
[data]
trigger-time = 1442455471.7085226
injection-file = /work/shashwat.singh/Prospects-of-LGWs/unlens/injection.hdf

[global]
instruments = E1 E2 E3
mass1_ref = 30.000000000021682
mass2_ref = 30.000000003930584
minchirp = 26.116416900604047
maxchirp = 26.116616900604047
mincov = 179208115347.47247
maxcov = 17920811534747.25
