
[data]
trigger-time = 1407486600.4623158
injection-file = /work/shashwat.singh/Prospects-of-LGWs/unlens/injection.hdf

[global]
instruments = E1 E2 E3
mass1_ref = 30.000000003491746
mass2_ref = 30.00000000637934
minchirp = 26.116416903180365
maxchirp = 26.116616903180365
mincov = 113246397195.7919
maxcov = 11324639719579.19
