
[data]
trigger-time = 1088850875.7464862
injection-file = /work/shashwat.singh/Prospects-of-LGWs/unlens/injection.hdf

[global]
instruments = E1 E2 E3
mass1_ref = 30.00000000153512
mass2_ref = 30.000000000798945
minchirp = 26.116416899899686
maxchirp = 26.116616899899686
mincov = 31492708242.049084
maxcov = 3149270824204.908
