
[data]
trigger-time = 1117973584.438064
injection-file = /work/shashwat.singh/Prospects-of-LGWs/unlens/injection.hdf

[global]
instruments = E1 E2 E3
mass1_ref = 30.00000000681903
mass2_ref = 30.000000008209692
minchirp = 26.116416905425357
maxchirp = 26.116616905425357
mincov = 114986233924.58223
maxcov = 11498623392458.223
