
[data]
trigger-time = 1703818242.5094178
injection-file = /work/shashwat.singh/Prospects-of-LGWs/unlens/injection.hdf

[global]
instruments = E1 E2 E3
mass1_ref = 30.000000006545463
mass2_ref = 30.00000000799988
minchirp = 26.11641690521495
maxchirp = 26.11661690521495
mincov = 89588227856.55162
maxcov = 8958822785655.162
