
[data]
trigger-time = 1527216669.152172
injection-file = /work/shashwat.singh/Prospects-of-LGWs/unlens/injection.hdf

[global]
instruments = E1 E2 E3
mass1_ref = 30.000000008727216
mass2_ref = 30.000000006571014
minchirp = 26.116416905542668
maxchirp = 26.116616905542667
mincov = 134517163370.40857
maxcov = 13451716337040.857
