
[data]
trigger-time = 1457883287.7135255
injection-file = /work/shashwat.singh/Prospects-of-LGWs/unlens/injection.hdf

[global]
instruments = E1 E2 E3
mass1_ref = 30.000000006856286
mass2_ref = 30.000000006854318
minchirp = 26.11641690485161
maxchirp = 26.11661690485161
mincov = 34976014916.18913
maxcov = 3497601491618.9136
