
[data]
trigger-time = 1514851665.4012856
injection-file = /work/shashwat.singh/Prospects-of-LGWs/unlens/injection.hdf

[global]
instruments = E1 E2 E3
mass1_ref = 30.000000008409273
mass2_ref = 30.000000000234262
minchirp = 26.116416902646044
maxchirp = 26.116616902646044
mincov = 169787381482.17722
maxcov = 16978738148217.723
