
[data]
trigger-time = 1074817992.803977
injection-file = /work/shashwat.singh/Prospects-of-LGWs/unlens/injection.hdf

[global]
instruments = E1 E2 E3
mass1_ref = 30.00000000075141
mass2_ref = 30.000000005007788
minchirp = 26.11641690139056
maxchirp = 26.11661690139056
mincov = 164269775418.30695
maxcov = 16426977541830.693
