
[data]
trigger-time = 1204006894.3279002
injection-file = /work/shashwat.singh/Prospects-of-LGWs/unlens/injection.hdf

[global]
instruments = E1 E2 E3
mass1_ref = 30.00000000172686
mass2_ref = 30.00000000126006
minchirp = 26.116416900183857
maxchirp = 26.116616900183857
mincov = 1594121897.0133243
maxcov = 159412189701.33243
