
[data]
trigger-time = 1649675560.4613895
injection-file = /work/shashwat.singh/Prospects-of-LGWs/unlens/injection.hdf

[global]
instruments = E1 E2 E3
mass1_ref = 30.0000000003425
mass2_ref = 30.00000000217834
minchirp = 26.116416899980983
maxchirp = 26.116616899980983
mincov = 47481527735.03334
maxcov = 4748152773503.334
