
[data]
trigger-time = 1115696546.788877
injection-file = /work/shashwat.singh/Prospects-of-LGWs/unlens/injection.hdf

[global]
instruments = E1 E2 E3
mass1_ref = 30.00000000704163
mass2_ref = 30.00000000072243
minchirp = 26.11641690226323
maxchirp = 26.116616902263228
mincov = 39233843906.90182
maxcov = 3923384390690.1816
