
[data]
trigger-time = 1565581658.6842098
injection-file = /work/shashwat.singh/Prospects-of-LGWs/unlens/injection.hdf

[global]
instruments = E1 E2 E3
mass1_ref = 30.000000008878754
mass2_ref = 30.000000008338326
minchirp = 26.116416906377896
maxchirp = 26.116616906377896
mincov = 26334553143.69422
maxcov = 2633455314369.422
