
[data]
trigger-time = 1197967580.8188186
injection-file = /work/shashwat.singh/Prospects-of-LGWs/unlens/injection.hdf

[global]
instruments = E1 E2 E3
mass1_ref = 30.00000000582565
mass2_ref = 30.000000007687248
minchirp = 26.116416904765558
maxchirp = 26.116616904765557
mincov = 82483092732.03134
maxcov = 8248309273203.134
