
[data]
trigger-time = 1850942576.3661702
injection-file = /work/shashwat.singh/Prospects-of-LGWs/unlens/injection.hdf

[global]
instruments = E1 E2 E3
mass1_ref = 30.0000000038156
mass2_ref = 30.000000002527734
minchirp = 26.116416901644822
maxchirp = 26.11661690164482
mincov = 46947316689.53671
maxcov = 4694731668953.671
