
[data]
trigger-time = 1708343698.0814948
injection-file = /work/shashwat.singh/Prospects-of-LGWs/unlens/injection.hdf

[global]
instruments = E1 E2 E3
mass1_ref = 30.00000000137251
mass2_ref = 30.000000002861967
minchirp = 26.11641690072689
maxchirp = 26.11661690072689
mincov = 169408479361.49442
maxcov = 16940847936149.441
