
[data]
trigger-time = 1450085650.6626325
injection-file = /work/shashwat.singh/Prospects-of-LGWs/unlens/injection.hdf

[global]
instruments = E1 E2 E3
mass1_ref = 30.000000007492396
mass2_ref = 30.00000000659979
minchirp = 26.116416905017704
maxchirp = 26.116616905017704
mincov = 47998603575.29551
maxcov = 4799860357529.551
