
[data]
trigger-time = 1558241857.988884
injection-file = /work/shashwat.singh/Prospects-of-LGWs/unlens/injection.hdf

[global]
instruments = E1 E2 E3
mass1_ref = 30.000000006489472
mass2_ref = 30.00000000585791
minchirp = 26.116416904258237
maxchirp = 26.116616904258237
mincov = 116811602008.1781
maxcov = 11681160200817.81
