
[data]
trigger-time = 1474635922.3513
injection-file = /work/shashwat.singh/Prospects-of-LGWs/unlens/injection.hdf

[global]
instruments = E1 E2 E3
mass1_ref = 30.000000009809916
mass2_ref = 30.000000007450858
minchirp = 26.116416906396914
maxchirp = 26.116616906396914
mincov = 48224484010.00022
maxcov = 4822448401000.021
