
[data]
trigger-time = 1858763924.7150106
injection-file = /work/shashwat.singh/Prospects-of-LGWs/unlens/injection.hdf

[global]
instruments = E1 E2 E3
mass1_ref = 30.000000000609642
mass2_ref = 30.000000007695487
minchirp = 26.11641690249874
maxchirp = 26.11661690249874
mincov = 146531865763.42633
maxcov = 14653186576342.633
