
[data]
trigger-time = 1472463322.3050644
injection-file = /work/shashwat.singh/Prospects-of-LGWs/unlens/injection.hdf

[global]
instruments = E1 E2 E3
mass1_ref = 30.000000002416975
mass2_ref = 30.000000001168196
minchirp = 26.11641690044426
maxchirp = 26.11661690044426
mincov = 143509451049.54523
maxcov = 14350945104954.523
