
[data]
trigger-time = 1314441253.8987253
injection-file = /work/shashwat.singh/Prospects-of-LGWs/unlens/injection.hdf

[global]
instruments = E1 E2 E3
mass1_ref = 30.0000000070764
mass2_ref = 30.000000000243325
minchirp = 26.11641690206982
maxchirp = 26.11661690206982
mincov = 71179807468.66818
maxcov = 7117980746866.818
