
[data]
trigger-time = 1596241964.8877678
injection-file = /work/shashwat.singh/Prospects-of-LGWs/unlens/injection.hdf

[global]
instruments = E1 E2 E3
mass1_ref = 30.000000007284452
mass2_ref = 30.000000000934996
minchirp = 26.11641690246145
maxchirp = 26.11661690246145
mincov = 65403251926.46676
maxcov = 6540325192646.676
