
[data]
trigger-time = 1840100851.7686474
injection-file = /work/shashwat.singh/Prospects-of-LGWs/unlens/injection.hdf

[global]
instruments = E1 E2 E3
mass1_ref = 30.00000000242525
mass2_ref = 30.000000003501853
minchirp = 26.116416901463648
maxchirp = 26.116616901463647
mincov = 8502221792.299295
maxcov = 850222179229.9294
