
[data]
trigger-time = 1943289472.392796
injection-file = /work/shashwat.singh/Prospects-of-LGWs/unlens/injection.hdf

[global]
instruments = E1 E2 E3
mass1_ref = 30.000000009141296
mass2_ref = 30.00000000321869
minchirp = 26.116416904263723
maxchirp = 26.116616904263722
mincov = 3686465661.372177
maxcov = 368646566137.2177
