
[data]
trigger-time = 1734055640.652658
injection-file = /work/shashwat.singh/Prospects-of-LGWs/unlens/injection.hdf

[global]
instruments = E1 E2 E3
mass1_ref = 30.000000000888488
mass2_ref = 30.000000001897057
minchirp = 26.116416900096205
maxchirp = 26.116616900096204
mincov = 87435541188.94174
maxcov = 8743554118894.174
