
[data]
trigger-time = 1463106547.0265188
injection-file = /work/shashwat.singh/Prospects-of-LGWs/unlens/injection.hdf

[global]
instruments = E1 E2 E3
mass1_ref = 30.000000009257313
mass2_ref = 30.000000001919254
minchirp = 26.116416903748608
maxchirp = 26.116616903748607
mincov = 115258580780.90054
maxcov = 11525858078090.055
