
[data]
trigger-time = 1571824038.513917
injection-file = /work/shashwat.singh/Prospects-of-LGWs/unlens/injection.hdf

[global]
instruments = E1 E2 E3
mass1_ref = 30.000000007141033
mass2_ref = 30.000000006434952
minchirp = 26.116416904793013
maxchirp = 26.116616904793013
mincov = 85261722286.75009
maxcov = 8526172228675.01
