
[data]
trigger-time = 1997530370.482995
injection-file = /work/shashwat.singh/Prospects-of-LGWs/unlens/injection.hdf

[global]
instruments = E1 E2 E3
mass1_ref = 30.000000009636167
mass2_ref = 30.000000009000612
minchirp = 26.116416906995855
maxchirp = 26.116616906995855
mincov = 155510938428.90973
maxcov = 15551093842890.975
