
[data]
trigger-time = 1267924938.7311552
injection-file = /work/shashwat.singh/Prospects-of-LGWs/unlens/injection.hdf

[global]
instruments = E1 E2 E3
mass1_ref = 30.000000007988326
mass2_ref = 30.000000002115645
minchirp = 26.116416903281735
maxchirp = 26.116616903281734
mincov = 140307616740.44684
maxcov = 14030761674044.686
