
[data]
trigger-time = 1848744675.398056
injection-file = /work/shashwat.singh/Prospects-of-LGWs/unlens/injection.hdf

[global]
instruments = E1 E2 E3
mass1_ref = 30.000000007715606
mass2_ref = 30.000000000821167
minchirp = 26.11641690259957
maxchirp = 26.11661690259957
mincov = 98691411078.77222
maxcov = 9869141107877.223
