
[data]
trigger-time = 1967542352.095153
injection-file = /work/shashwat.singh/Prospects-of-LGWs/unlens/injection.hdf

[global]
instruments = E1 E2 E3
mass1_ref = 30.00000000024799
mass2_ref = 30.000000001032202
minchirp = 26.11641689944096
maxchirp = 26.11661689944096
mincov = 7604235178.396193
maxcov = 760423517839.6193
