
[data]
trigger-time = 1644549718.5312471
injection-file = /work/shashwat.singh/Prospects-of-LGWs/unlens/injection.hdf

[global]
instruments = E1 E2 E3
mass1_ref = 30.000000008958875
mass2_ref = 30.000000002003887
minchirp = 26.116416903655544
maxchirp = 26.116616903655544
mincov = 29037274369.04784
maxcov = 2903727436904.784
