
[data]
trigger-time = 1390447291.9167037
injection-file = /work/shashwat.singh/Prospects-of-LGWs/unlens/injection.hdf

[global]
instruments = E1 E2 E3
mass1_ref = 30.000000009887444
mass2_ref = 30.000000004393613
minchirp = 26.116416905099914
maxchirp = 26.116616905099914
mincov = 149226920698.01276
maxcov = 14922692069801.273
