
[data]
trigger-time = 1309676635.1565266
injection-file = /work/shashwat.singh/Prospects-of-LGWs/unlens/injection.hdf

[global]
instruments = E1 E2 E3
mass1_ref = 30.00000000144488
mass2_ref = 30.000000006927618
minchirp = 26.116416902528066
maxchirp = 26.116616902528065
mincov = 81764168030.75287
maxcov = 8176416803075.287
