
[data]
trigger-time = 1667952553.6975143
injection-file = /work/shashwat.singh/Prospects-of-LGWs/unlens/injection.hdf

[global]
instruments = E1 E2 E3
mass1_ref = 30.000000002633854
mass2_ref = 30.00000000993345
minchirp = 26.11641690435396
maxchirp = 26.11661690435396
mincov = 104440043612.39572
maxcov = 10444004361239.572
