
[data]
trigger-time = 1120540998.9657257
injection-file = /work/shashwat.singh/Prospects-of-LGWs/unlens/injection.hdf

[global]
instruments = E1 E2 E3
mass1_ref = 30.000000009693675
mass2_ref = 30.000000002549765
minchirp = 26.11641690421299
maxchirp = 26.11661690421299
mincov = 130696235039.01103
maxcov = 13069623503901.104
