
[data]
trigger-time = 1557377547.7983294
injection-file = /work/shashwat.singh/Prospects-of-LGWs/unlens/injection.hdf

[global]
instruments = E1 E2 E3
mass1_ref = 30.000000002420244
mass2_ref = 30.0000000073155
minchirp = 26.11641690312145
maxchirp = 26.11661690312145
mincov = 28600.669060579974
maxcov = 2860066.906057997
