
[data]
trigger-time = 1852300906.365969
injection-file = /work/shashwat.singh/Prospects-of-LGWs/unlens/injection.hdf

[global]
instruments = E1 E2 E3
mass1_ref = 30.000000003510458
mass2_ref = 30.000000005860304
minchirp = 26.116416902962587
maxchirp = 26.116616902962587
mincov = 59180999736.047775
maxcov = 5918099973604.777
