
[data]
trigger-time = 1445845145.4959264
injection-file = /work/shashwat.singh/Prospects-of-LGWs/unlens/injection.hdf

[global]
instruments = E1 E2 E3
mass1_ref = 30.000000000768694
mass2_ref = 30.00000000666982
minchirp = 26.116416902121525
maxchirp = 26.116616902121525
mincov = 50444061824.9048
maxcov = 5044406182490.4795
