
[data]
trigger-time = 1661016371.635982
injection-file = /work/shashwat.singh/Prospects-of-LGWs/unlens/injection.hdf

[global]
instruments = E1 E2 E3
mass1_ref = 30.000000007868053
mass2_ref = 30.000000003046072
minchirp = 26.116416903634374
maxchirp = 26.116616903634373
mincov = 125034259647.46176
maxcov = 12503425964746.176
