
[data]
trigger-time = 1856588940.9441671
injection-file = /work/shashwat.singh/Prospects-of-LGWs/unlens/injection.hdf

[global]
instruments = E1 E2 E3
mass1_ref = 30.00000000974112
mass2_ref = 30.00000000439356
minchirp = 26.116416905036203
maxchirp = 26.116616905036203
mincov = 56925266171.62221
maxcov = 5692526617162.221
