
[data]
trigger-time = 1164244160.210686
injection-file = /work/shashwat.singh/Prospects-of-LGWs/unlens/injection.hdf

[global]
instruments = E1 E2 E3
mass1_ref = 30.000000009551798
mass2_ref = 30.000000000879492
minchirp = 26.11641690342421
maxchirp = 26.11661690342421
mincov = 104730380089.36644
maxcov = 10473038008936.645
