
[data]
trigger-time = 1551192773.3142486
injection-file = /work/shashwat.singh/Prospects-of-LGWs/unlens/injection.hdf

[global]
instruments = E1 E2 E3
mass1_ref = 30.000000009059068
mass2_ref = 30.000000006233748
minchirp = 26.116416905540312
maxchirp = 26.11661690554031
mincov = 19285901059.20055
maxcov = 1928590105920.055
