
[data]
trigger-time = 1870855587.1293278
injection-file = /work/shashwat.singh/Prospects-of-LGWs/unlens/injection.hdf

[global]
instruments = E1 E2 E3
mass1_ref = 30.00000000333577
mass2_ref = 30.000000006696016
minchirp = 26.116416903250315
maxchirp = 26.116616903250314
mincov = 22896289901.19596
maxcov = 2289628990119.596
