
[data]
trigger-time = 1608789618.053699
injection-file = /work/shashwat.singh/Prospects-of-LGWs/unlens/injection.hdf

[global]
instruments = E1 E2 E3
mass1_ref = 30.0000000053732
mass2_ref = 30.00000000647513
minchirp = 26.11641690404101
maxchirp = 26.11661690404101
mincov = 47180973330.05179
maxcov = 4718097333005.179
