
[data]
trigger-time = 1811350297.0508647
injection-file = /work/shashwat.singh/Prospects-of-LGWs/unlens/injection.hdf

[global]
instruments = E1 E2 E3
mass1_ref = 30.000000003464493
mass2_ref = 30.0000000074801
minchirp = 26.116416903647636
maxchirp = 26.116616903647635
mincov = 140138601363.99493
maxcov = 14013860136399.494
