
[data]
trigger-time = 1503146237.3146582
injection-file = /work/shashwat.singh/Prospects-of-LGWs/unlens/injection.hdf

[global]
instruments = E1 E2 E3
mass1_ref = 30.000000004043603
mass2_ref = 30.000000006914007
minchirp = 26.116416903653302
maxchirp = 26.116616903653302
mincov = 444056.55003528233
maxcov = 44405655.00352823
