
[data]
trigger-time = 1493625417.786635
injection-file = /work/shashwat.singh/Prospects-of-LGWs/unlens/injection.hdf

[global]
instruments = E1 E2 E3
mass1_ref = 30.000000005429527
mass2_ref = 30.000000002794614
minchirp = 26.116416902463488
maxchirp = 26.116616902463488
mincov = 81588442510.31314
maxcov = 8158844251031.314
