
[data]
trigger-time = 1864211110.6838708
injection-file = /work/shashwat.singh/Prospects-of-LGWs/unlens/injection.hdf

[global]
instruments = E1 E2 E3
mass1_ref = 30.000000007545637
mass2_ref = 30.000000007730716
minchirp = 26.116416905533143
maxchirp = 26.116616905533142
mincov = 97550911926.23518
maxcov = 9755091192623.518
