
[data]
trigger-time = 1515931678.6393523
injection-file = /work/shashwat.singh/Prospects-of-LGWs/unlens/injection.hdf

[global]
instruments = E1 E2 E3
mass1_ref = 30.00000000072951
mass2_ref = 30.000000001643315
minchirp = 26.11641689991656
maxchirp = 26.116616899916558
mincov = 31690519264.036552
maxcov = 3169051926403.6553
