
[data]
trigger-time = 1157715333.8899326
injection-file = /work/shashwat.singh/Prospects-of-LGWs/unlens/injection.hdf

[global]
instruments = E1 E2 E3
mass1_ref = 30.000000008062212
mass2_ref = 30.000000009458038
minchirp = 26.116416906509855
maxchirp = 26.116616906509854
mincov = 43211500727.50032
maxcov = 4321150072750.032
