
[data]
trigger-time = 1963425884.3103633
injection-file = /work/shashwat.singh/Prospects-of-LGWs/unlens/injection.hdf

[global]
instruments = E1 E2 E3
mass1_ref = 30.00000000520384
mass2_ref = 30.000000008853156
minchirp = 26.11641690500239
maxchirp = 26.116616905002388
mincov = 125704958704.52547
maxcov = 12570495870452.547
