
[data]
trigger-time = 1023692269.1013068
injection-file = /work/shashwat.singh/Prospects-of-LGWs/unlens/injection.hdf

[global]
instruments = E1 E2 E3
mass1_ref = 30.000000007181303
mass2_ref = 30.000000003322423
minchirp = 26.116416903455736
maxchirp = 26.116616903455736
mincov = 2360464.915370333
maxcov = 236046491.5370333
