
[data]
trigger-time = 1326047813.776417
injection-file = /work/shashwat.singh/Prospects-of-LGWs/unlens/injection.hdf

[global]
instruments = E1 E2 E3
mass1_ref = 30.000000005152057
mass2_ref = 30.00000000695249
minchirp = 26.116416904152537
maxchirp = 26.116616904152536
mincov = 58047921456.53231
maxcov = 5804792145653.231
