
[data]
trigger-time = 1739780765.9647303
injection-file = /work/shashwat.singh/Prospects-of-LGWs/unlens/injection.hdf

[global]
instruments = E1 E2 E3
mass1_ref = 30.000000005224244
mass2_ref = 30.00000000103754
minchirp = 26.116416901609323
maxchirp = 26.116616901609323
mincov = 59502878812.525345
maxcov = 5950287881252.534
