
[data]
trigger-time = 1645656216.4325612
injection-file = /work/shashwat.singh/Prospects-of-LGWs/unlens/injection.hdf

[global]
instruments = E1 E2 E3
mass1_ref = 30.00000000982479
mass2_ref = 30.000000006307324
minchirp = 26.116416905905638
maxchirp = 26.116616905905637
mincov = 61488129818.644554
maxcov = 6148812981864.455
