
[data]
trigger-time = 1531076001.6059172
injection-file = /work/shashwat.singh/Prospects-of-LGWs/unlens/injection.hdf

[global]
instruments = E1 E2 E3
mass1_ref = 30.00000000262247
mass2_ref = 30.000000005712437
minchirp = 26.116416902511702
maxchirp = 26.1166169025117
mincov = 25761834314.312504
maxcov = 2576183431431.2505
