
[data]
trigger-time = 1107152385.624663
injection-file = /work/shashwat.singh/Prospects-of-LGWs/unlens/injection.hdf

[global]
instruments = E1 E2 E3
mass1_ref = 30.00000000392467
mass2_ref = 30.000000001725798
minchirp = 26.116416901343236
maxchirp = 26.116616901343235
mincov = 23953639814.316986
maxcov = 2395363981431.6987
