
[data]
trigger-time = 1844129392.6541255
injection-file = /work/shashwat.singh/Prospects-of-LGWs/unlens/injection.hdf

[global]
instruments = E1 E2 E3
mass1_ref = 30.000000006475805
mass2_ref = 30.000000003004004
minchirp = 26.116416903010048
maxchirp = 26.116616903010048
mincov = 19382248447.86663
maxcov = 1938224844786.6628
