
[data]
trigger-time = 1033423574.2184362
injection-file = /work/shashwat.singh/Prospects-of-LGWs/unlens/injection.hdf

[global]
instruments = E1 E2 E3
mass1_ref = 30.00000000988438
mass2_ref = 30.000000003598345
minchirp = 26.11641690475242
maxchirp = 26.11661690475242
mincov = 121205313022.074
maxcov = 12120531302207.4
