
[data]
trigger-time = 1489613919.796406
injection-file = /work/shashwat.singh/Prospects-of-LGWs/unlens/injection.hdf

[global]
instruments = E1 E2 E3
mass1_ref = 30.000000006628337
mass2_ref = 30.000000000700776
minchirp = 26.116416902073905
maxchirp = 26.116616902073904
mincov = 103513322497.3832
maxcov = 10351332249738.318
