
[data]
trigger-time = 1532526274.1329145
injection-file = /work/shashwat.singh/Prospects-of-LGWs/unlens/injection.hdf

[global]
instruments = E1 E2 E3
mass1_ref = 30.00000000942258
mass2_ref = 30.000000008919585
minchirp = 26.116416906867613
maxchirp = 26.116616906867613
mincov = 6540449574.399636
maxcov = 654044957439.9636
