
[data]
trigger-time = 1823815744.5871537
injection-file = /work/shashwat.singh/Prospects-of-LGWs/unlens/injection.hdf

[global]
instruments = E1 E2 E3
mass1_ref = 30.000000000346603
mass2_ref = 30.000000001170733
minchirp = 26.116416899544184
maxchirp = 26.116616899544184
mincov = 114031272042.15901
maxcov = 11403127204215.9
