
[data]
trigger-time = 1692404321.4175332
injection-file = /work/shashwat.singh/Prospects-of-LGWs/unlens/injection.hdf

[global]
instruments = E1 E2 E3
mass1_ref = 30.000000004414854
mass2_ref = 30.000000002729703
minchirp = 26.116416901993574
maxchirp = 26.116616901993574
mincov = 64104339895.827354
maxcov = 6410433989582.735
