
[data]
trigger-time = 1226091086.8294086
injection-file = /work/shashwat.singh/Prospects-of-LGWs/unlens/injection.hdf

[global]
instruments = E1 E2 E3
mass1_ref = 30.000000008160228
mass2_ref = 30.000000009245984
minchirp = 26.11641690646022
maxchirp = 26.11661690646022
mincov = 133316481041.09248
maxcov = 13331648104109.248
