
[data]
trigger-time = 1216320476.0513897
injection-file = /work/shashwat.singh/Prospects-of-LGWs/unlens/injection.hdf

[global]
instruments = E1 E2 E3
mass1_ref = 30.000000009042715
mass2_ref = 30.000000009441607
minchirp = 26.11641690692949
maxchirp = 26.11661690692949
mincov = 73502032115.788
maxcov = 7350203211578.8
