
[data]
trigger-time = 1582287413.7800202
injection-file = /work/shashwat.singh/Prospects-of-LGWs/unlens/injection.hdf

[global]
instruments = E1 E2 E3
mass1_ref = 30.000000006053757
mass2_ref = 30.000000004523052
minchirp = 26.11641690348755
maxchirp = 26.11661690348755
mincov = 162305835035.29343
maxcov = 16230583503529.344
