
[data]
trigger-time = 1557693272.8175836
injection-file = /work/shashwat.singh/Prospects-of-LGWs/unlens/injection.hdf

[global]
instruments = E1 E2 E3
mass1_ref = 30.000000008294794
mass2_ref = 30.000000000594525
minchirp = 26.116416902753024
maxchirp = 26.116616902753023
mincov = 150255844558.21222
maxcov = 15025584455821.223
