
[data]
trigger-time = 1501150504.851471
injection-file = /work/shashwat.singh/Prospects-of-LGWs/unlens/injection.hdf

[global]
instruments = E1 E2 E3
mass1_ref = 30.000000000512948
mass2_ref = 30.000000000676074
minchirp = 26.116416899401276
maxchirp = 26.116616899401276
mincov = 67752788235.86815
maxcov = 6775278823586.815
