
[data]
trigger-time = 1150812963.6923094
injection-file = /work/shashwat.singh/Prospects-of-LGWs/unlens/injection.hdf

[global]
instruments = E1 E2 E3
mass1_ref = 30.00000000076365
mass2_ref = 30.000000005238665
minchirp = 26.116416901496386
maxchirp = 26.116616901496386
mincov = 9745097397.904943
maxcov = 974509739790.4944
