
[data]
trigger-time = 1701314565.652894
injection-file = /work/shashwat.singh/Prospects-of-LGWs/unlens/injection.hdf

[global]
instruments = E1 E2 E3
mass1_ref = 30.00000000459833
mass2_ref = 30.000000002946123
minchirp = 26.11641690216764
maxchirp = 26.11661690216764
mincov = 22191961839.531487
maxcov = 2219196183953.149
