
[data]
trigger-time = 1668507871.2427304
injection-file = /work/shashwat.singh/Prospects-of-LGWs/unlens/injection.hdf

[global]
instruments = E1 E2 E3
mass1_ref = 30.000000009561877
mass2_ref = 30.00000000634711
minchirp = 26.116416905808514
maxchirp = 26.116616905808513
mincov = 12489163852.135708
maxcov = 1248916385213.5708
