
[data]
trigger-time = 1517957734.8987484
injection-file = /work/shashwat.singh/Prospects-of-LGWs/unlens/injection.hdf

[global]
instruments = E1 E2 E3
mass1_ref = 30.00000000332106
mass2_ref = 30.0000000011222
minchirp = 26.116416900817764
maxchirp = 26.116616900817764
mincov = 113819104059.38933
maxcov = 11381910405938.934
