
[data]
trigger-time = 1442956086.6427298
injection-file = /work/shashwat.singh/Prospects-of-LGWs/unlens/injection.hdf

[global]
instruments = E1 E2 E3
mass1_ref = 30.000000008163873
mass2_ref = 30.000000001625377
minchirp = 26.116416903144746
maxchirp = 26.116616903144745
mincov = 97946356096.12158
maxcov = 9794635609612.158
