
[data]
trigger-time = 1119570802.4866986
injection-file = /work/shashwat.singh/Prospects-of-LGWs/unlens/injection.hdf

[global]
instruments = E1 E2 E3
mass1_ref = 30.000000001535295
mass2_ref = 30.000000004298222
minchirp = 26.116416901422912
maxchirp = 26.116616901422912
mincov = 78221925290.96906
maxcov = 7822192529096.905
