
[data]
trigger-time = 1196349258.5339348
injection-file = /work/shashwat.singh/Prospects-of-LGWs/unlens/injection.hdf

[global]
instruments = E1 E2 E3
mass1_ref = 30.00000000945268
mass2_ref = 30.000000006183143
minchirp = 26.11641690568961
maxchirp = 26.11661690568961
mincov = 79604665912.12556
maxcov = 7960466591212.557
