
[data]
trigger-time = 1706885663.3781495
injection-file = /work/shashwat.singh/Prospects-of-LGWs/unlens/injection.hdf

[global]
instruments = E1 E2 E3
mass1_ref = 30.000000006755347
mass2_ref = 30.000000004789765
minchirp = 26.116416903909027
maxchirp = 26.116616903909026
mincov = 80241124450.83095
maxcov = 8024112445083.095
