
[data]
trigger-time = 1863519102.2384214
injection-file = /work/shashwat.singh/Prospects-of-LGWs/unlens/injection.hdf

[global]
instruments = E1 E2 E3
mass1_ref = 30.000000005724974
mass2_ref = 30.000000001056126
minchirp = 26.11641690183537
maxchirp = 26.116616901835368
mincov = 146472729267.74835
maxcov = 14647272926774.834
