
[data]
trigger-time = 1353695428.2543905
injection-file = /work/shashwat.singh/Prospects-of-LGWs/unlens/injection.hdf

[global]
instruments = E1 E2 E3
mass1_ref = 30.00000000685618
mass2_ref = 30.000000001033143
minchirp = 26.116416902317752
maxchirp = 26.11661690231775
mincov = 41592773.16286708
maxcov = 4159277316.2867074
