
[data]
trigger-time = 1110838354.398389
injection-file = /work/shashwat.singh/Prospects-of-LGWs/unlens/injection.hdf

[global]
instruments = E1 E2 E3
mass1_ref = 30.000000002540766
mass2_ref = 30.000000009377164
minchirp = 26.116416904071304
maxchirp = 26.116616904071304
mincov = 99253341223.74277
maxcov = 9925334122374.277
