
[data]
trigger-time = 1419930677.8448915
injection-file = /work/shashwat.singh/Prospects-of-LGWs/unlens/injection.hdf

[global]
instruments = E1 E2 E3
mass1_ref = 30.000000006049287
mass2_ref = 30.00000000006839
minchirp = 26.1164169015466
maxchirp = 26.1166169015466
mincov = 6728824910.746626
maxcov = 672882491074.6626
