
[data]
trigger-time = 1193171529.2592506
injection-file = /work/shashwat.singh/Prospects-of-LGWs/unlens/injection.hdf

[global]
instruments = E1 E2 E3
mass1_ref = 30.000000000732786
mass2_ref = 30.000000005111072
minchirp = 26.11641690142741
maxchirp = 26.11661690142741
mincov = 109677181513.70506
maxcov = 10967718151370.506
