
[data]
trigger-time = 1200174301.0371773
injection-file = /work/shashwat.singh/Prospects-of-LGWs/unlens/injection.hdf

[global]
instruments = E1 E2 E3
mass1_ref = 30.000000005515748
mass2_ref = 30.000000004891255
minchirp = 26.116416903413636
maxchirp = 26.116616903413636
mincov = 3679851214.621995
maxcov = 367985121462.19946
