
[data]
trigger-time = 1813416664.3971112
injection-file = /work/shashwat.singh/Prospects-of-LGWs/unlens/injection.hdf

[global]
instruments = E1 E2 E3
mass1_ref = 30.000000009738788
mass2_ref = 30.000000003660194
minchirp = 26.11641690471597
maxchirp = 26.11661690471597
mincov = 16336855104.030487
maxcov = 1633685510403.0488
