
[data]
trigger-time = 1804185804.7093859
injection-file = /work/shashwat.singh/Prospects-of-LGWs/unlens/injection.hdf

[global]
instruments = E1 E2 E3
mass1_ref = 30.000000006573305
mass2_ref = 30.000000008722143
minchirp = 26.116416905541456
maxchirp = 26.116616905541456
mincov = 141449960689.29474
maxcov = 14144996068929.473
