
[data]
trigger-time = 1011076020.1696028
injection-file = /work/shashwat.singh/Prospects-of-LGWs/unlens/injection.hdf

[global]
instruments = E1 E2 E3
mass1_ref = 30.00000000026135
mass2_ref = 30.000000000412655
minchirp = 26.116416899177104
maxchirp = 26.116616899177103
mincov = 17627640121.76853
maxcov = 1762764012176.8533
