
[data]
trigger-time = 1047207182.7458948
injection-file = /work/shashwat.singh/Prospects-of-LGWs/unlens/injection.hdf

[global]
instruments = E1 E2 E3
mass1_ref = 30.00000000250358
mass2_ref = 30.00000000560438
minchirp = 26.11641690241292
maxchirp = 26.116616902412918
mincov = 30692018971.061596
maxcov = 3069201897106.1597
