
[data]
trigger-time = 1001868241.3039911
injection-file = /work/shashwat.singh/Prospects-of-LGWs/unlens/injection.hdf

[global]
instruments = E1 E2 E3
mass1_ref = 30.000000005103676
mass2_ref = 30.000000002417867
minchirp = 26.116416902157667
maxchirp = 26.116616902157666
mincov = 162953742227.1507
maxcov = 16295374222715.07
