
[data]
trigger-time = 1583098643.217744
injection-file = /work/shashwat.singh/Prospects-of-LGWs/unlens/injection.hdf

[global]
instruments = E1 E2 E3
mass1_ref = 30.000000003594018
mass2_ref = 30.000000003814513
minchirp = 26.116416902108476
maxchirp = 26.116616902108476
mincov = 58147290074.73167
maxcov = 5814729007473.166
