
[data]
trigger-time = 1763290477.6904876
injection-file = /work/shashwat.singh/Prospects-of-LGWs/unlens/injection.hdf

[global]
instruments = E1 E2 E3
mass1_ref = 30.000000004759332
mass2_ref = 30.00000000063865
minchirp = 26.116416901233332
maxchirp = 26.116616901233332
mincov = 26678941929.82299
maxcov = 2667894192982.2993
