
[data]
trigger-time = 1953189913.3941445
injection-file = /work/shashwat.singh/Prospects-of-LGWs/unlens/injection.hdf

[global]
instruments = E1 E2 E3
mass1_ref = 30.000000009016965
mass2_ref = 30.000000000150813
minchirp = 26.11641690287423
maxchirp = 26.11661690287423
mincov = 6475544335.078498
maxcov = 647554433507.8499
