
[data]
trigger-time = 1135065961.8088243
injection-file = /work/shashwat.singh/Prospects-of-LGWs/unlens/injection.hdf

[global]
instruments = E1 E2 E3
mass1_ref = 30.00000000448512
mass2_ref = 30.000000003576194
minchirp = 26.116416902392615
maxchirp = 26.116616902392614
mincov = 119008144450.8582
maxcov = 11900814445085.82
