
[data]
trigger-time = 1865658413.9030175
injection-file = /work/shashwat.singh/Prospects-of-LGWs/unlens/injection.hdf

[global]
instruments = E1 E2 E3
mass1_ref = 30.000000003661043
mass2_ref = 30.000000009239496
minchirp = 26.11641690449901
maxchirp = 26.11661690449901
mincov = 153968206090.97858
maxcov = 15396820609097.855
