
[data]
trigger-time = 1207380135.8126109
injection-file = /work/shashwat.singh/Prospects-of-LGWs/unlens/injection.hdf

[global]
instruments = E1 E2 E3
mass1_ref = 30.000000006582802
mass2_ref = 30.00000000648722
minchirp = 26.11641690457278
maxchirp = 26.11661690457278
mincov = 24950941974.4387
maxcov = 2495094197443.87
