
[data]
trigger-time = 1411870945.4411407
injection-file = /work/shashwat.singh/Prospects-of-LGWs/unlens/injection.hdf

[global]
instruments = E1 E2 E3
mass1_ref = 30.000000004872742
mass2_ref = 30.00000000168353
minchirp = 26.11641690173751
maxchirp = 26.11661690173751
mincov = 138017401239.55978
maxcov = 13801740123955.979
