
[data]
trigger-time = 1805698984.9755826
injection-file = /work/shashwat.singh/Prospects-of-LGWs/unlens/injection.hdf

[global]
instruments = E1 E2 E3
mass1_ref = 30.000000007478953
mass2_ref = 30.000000000737764
minchirp = 26.11641690246026
maxchirp = 26.116616902460258
mincov = 27667838459.956715
maxcov = 2766783845995.6714
