
[data]
trigger-time = 1451648442.5990071
injection-file = /work/shashwat.singh/Prospects-of-LGWs/unlens/injection.hdf

[global]
instruments = E1 E2 E3
mass1_ref = 30.000000006807063
mass2_ref = 30.000000000689035
minchirp = 26.11641690214659
maxchirp = 26.11661690214659
mincov = 46883657268.22268
maxcov = 4688365726822.268
