
[data]
trigger-time = 1631642268.909461
injection-file = /work/shashwat.singh/Prospects-of-LGWs/unlens/injection.hdf

[global]
instruments = E1 E2 E3
mass1_ref = 30.000000000592507
mass2_ref = 30.00000000378706
minchirp = 26.116416900790043
maxchirp = 26.116616900790042
mincov = 177661302950.90765
maxcov = 17766130295090.766
