
[data]
trigger-time = 1931709079.2802014
injection-file = /work/shashwat.singh/Prospects-of-LGWs/unlens/injection.hdf

[global]
instruments = E1 E2 E3
mass1_ref = 30.000000000513257
mass2_ref = 30.000000007404033
minchirp = 26.116416902329927
maxchirp = 26.116616902329927
mincov = 133287824273.9672
maxcov = 13328782427396.719
