
[data]
trigger-time = 1002628017.9912137
injection-file = /work/shashwat.singh/Prospects-of-LGWs/unlens/injection.hdf

[global]
instruments = E1 E2 E3
mass1_ref = 30.00000000854253
mass2_ref = 30.00000000772322
minchirp = 26.116416905963803
maxchirp = 26.116616905963802
mincov = 1520525772.6498535
maxcov = 152052577264.98535
