
[data]
trigger-time = 1848322733.5240355
injection-file = /work/shashwat.singh/Prospects-of-LGWs/unlens/injection.hdf

[global]
instruments = E1 E2 E3
mass1_ref = 30.000000007228586
mass2_ref = 30.0000000099567
minchirp = 26.116416906364055
maxchirp = 26.116616906364055
mincov = 134325329638.3925
maxcov = 13432532963839.25
