
[data]
trigger-time = 1636522377.206386
injection-file = /work/shashwat.singh/Prospects-of-LGWs/unlens/injection.hdf

[global]
instruments = E1 E2 E3
mass1_ref = 30.00000000543526
mass2_ref = 30.000000008807227
minchirp = 26.116416905083128
maxchirp = 26.116616905083127
mincov = 75886413707.46564
maxcov = 7588641370746.563
