
[data]
trigger-time = 1373223149.0481038
injection-file = /work/shashwat.singh/Prospects-of-LGWs/unlens/injection.hdf

[global]
instruments = E1 E2 E3
mass1_ref = 30.00000000261709
mass2_ref = 30.000000002205965
minchirp = 26.116416900983083
maxchirp = 26.116616900983082
mincov = 102797542842.00075
maxcov = 10279754284200.074
