
[data]
trigger-time = 1399420466.7512307
injection-file = /work/shashwat.singh/Prospects-of-LGWs/unlens/injection.hdf

[global]
instruments = E1 E2 E3
mass1_ref = 30.000000002987843
mass2_ref = 30.000000005443933
minchirp = 26.11641690255387
maxchirp = 26.11661690255387
mincov = 135189386094.59952
maxcov = 13518938609459.951
