
[data]
trigger-time = 1130980204.0159645
injection-file = /work/shashwat.singh/Prospects-of-LGWs/unlens/injection.hdf

[global]
instruments = E1 E2 E3
mass1_ref = 30.000000005744177
mass2_ref = 30.000000002054094
minchirp = 26.116416902278118
maxchirp = 26.116616902278118
mincov = 77622947457.69089
maxcov = 7762294745769.09
