
[data]
trigger-time = 1608747308.7267485
injection-file = /work/shashwat.singh/Prospects-of-LGWs/unlens/injection.hdf

[global]
instruments = E1 E2 E3
mass1_ref = 30.00000000510088
mass2_ref = 30.000000008778947
minchirp = 26.11641690492527
maxchirp = 26.11661690492527
mincov = 62849309143.198586
maxcov = 6284930914319.858
