
[data]
trigger-time = 1887880646.4715958
injection-file = /work/shashwat.singh/Prospects-of-LGWs/unlens/injection.hdf

[global]
instruments = E1 E2 E3
mass1_ref = 30.000000001401165
mass2_ref = 30.000000001570438
minchirp = 26.11641690017719
maxchirp = 26.11661690017719
mincov = 46811738452.36254
maxcov = 4681173845236.254
