
[data]
trigger-time = 1078338245.986814
injection-file = /work/shashwat.singh/Prospects-of-LGWs/unlens/injection.hdf

[global]
instruments = E1 E2 E3
mass1_ref = 30.000000000535934
mass2_ref = 30.000000007467488
minchirp = 26.116416902367416
maxchirp = 26.116616902367415
mincov = 29816384444.283283
maxcov = 2981638444428.328
