
[data]
trigger-time = 1565249566.9766145
injection-file = /work/shashwat.singh/Prospects-of-LGWs/unlens/injection.hdf

[global]
instruments = E1 E2 E3
mass1_ref = 30.000000005840644
mass2_ref = 30.000000009450037
minchirp = 26.116416905539378
maxchirp = 26.116616905539377
mincov = 56455149628.72267
maxcov = 5645514962872.267
