
[data]
trigger-time = 1483789097.3559043
injection-file = /work/shashwat.singh/Prospects-of-LGWs/unlens/injection.hdf

[global]
instruments = E1 E2 E3
mass1_ref = 30.000000004117332
mass2_ref = 30.000000009528495
minchirp = 26.116416904823417
maxchirp = 26.116616904823417
mincov = 132321219826.80998
maxcov = 13232121982680.998
