
[data]
trigger-time = 1480624206.5604048
injection-file = /work/shashwat.singh/Prospects-of-LGWs/unlens/injection.hdf

[global]
instruments = E1 E2 E3
mass1_ref = 30.000000008382774
mass2_ref = 30.000000004339245
minchirp = 26.116416904421303
maxchirp = 26.116616904421303
mincov = 53491508977.5711
maxcov = 5349150897757.11
