
[data]
trigger-time = 1685276668.9420006
injection-file = /work/shashwat.singh/Prospects-of-LGWs/unlens/injection.hdf

[global]
instruments = E1 E2 E3
mass1_ref = 30.00000000262338
mass2_ref = 30.00000000234133
minchirp = 26.11641690104474
maxchirp = 26.11661690104474
mincov = 94006768015.35095
maxcov = 9400676801535.096
