
[data]
trigger-time = 1012904948.0478636
injection-file = /work/shashwat.singh/Prospects-of-LGWs/unlens/injection.hdf

[global]
instruments = E1 E2 E3
mass1_ref = 30.00000000049019
mass2_ref = 30.0000000052535
minchirp = 26.11641690138381
maxchirp = 26.11661690138381
mincov = 36053472779.808
maxcov = 3605347277980.8003
