
[data]
trigger-time = 1852475723.1368015
injection-file = /work/shashwat.singh/Prospects-of-LGWs/unlens/injection.hdf

[global]
instruments = E1 E2 E3
mass1_ref = 30.000000000907367
mass2_ref = 30.00000000046624
minchirp = 26.11641689948162
maxchirp = 26.11661689948162
mincov = 127158267001.72842
maxcov = 12715826700172.842
