
[data]
trigger-time = 1500705012.6515899
injection-file = /work/shashwat.singh/Prospects-of-LGWs/unlens/injection.hdf

[global]
instruments = E1 E2 E3
mass1_ref = 30.000000003578094
mass2_ref = 30.000000006492574
minchirp = 26.11641690326724
maxchirp = 26.11661690326724
mincov = 74788888300.07648
maxcov = 7478888830007.647
