
[data]
trigger-time = 1232720312.3536928
injection-file = /work/shashwat.singh/Prospects-of-LGWs/unlens/injection.hdf

[global]
instruments = E1 E2 E3
mass1_ref = 30.000000005363525
mass2_ref = 30.000000009946124
minchirp = 26.116416905547638
maxchirp = 26.116616905547637
mincov = 46332085443.79729
maxcov = 4633208544379.729
