
[data]
trigger-time = 1047226835.2194961
injection-file = /work/shashwat.singh/Prospects-of-LGWs/unlens/injection.hdf

[global]
instruments = E1 E2 E3
mass1_ref = 30.000000000617494
mass2_ref = 30.00000000769924
minchirp = 26.116416902503794
maxchirp = 26.116616902503793
mincov = 64232083148.10278
maxcov = 6423208314810.278
