
[data]
trigger-time = 1979157121.558207
injection-file = /work/shashwat.singh/Prospects-of-LGWs/unlens/injection.hdf

[global]
instruments = E1 E2 E3
mass1_ref = 30.00000000168476
mass2_ref = 30.000000008877876
minchirp = 26.11641690348138
maxchirp = 26.11661690348138
mincov = 104262346728.4213
maxcov = 10426234672842.13
