
[data]
trigger-time = 1858195664.62499
injection-file = /work/shashwat.singh/Prospects-of-LGWs/unlens/injection.hdf

[global]
instruments = E1 E2 E3
mass1_ref = 30.00000000233676
mass2_ref = 30.00000000062798
minchirp = 26.1164169001742
maxchirp = 26.1166169001742
mincov = 45040201861.43096
maxcov = 4504020186143.097
