
[data]
trigger-time = 1151670397.216929
injection-file = /work/shashwat.singh/Prospects-of-LGWs/unlens/injection.hdf

[global]
instruments = E1 E2 E3
mass1_ref = 30.000000004901246
mass2_ref = 30.00000000856123
minchirp = 26.116416904743605
maxchirp = 26.116616904743605
mincov = 32509318205.007854
maxcov = 3250931820500.7856
