
[data]
trigger-time = 1454564880.9522636
injection-file = /work/shashwat.singh/Prospects-of-LGWs/unlens/injection.hdf

[global]
instruments = E1 E2 E3
mass1_ref = 30.00000000550148
mass2_ref = 30.000000002276064
minchirp = 26.116416902269098
maxchirp = 26.116616902269097
mincov = 64027071424.995895
maxcov = 6402707142499.59
