
[data]
trigger-time = 1053622537.5955124
injection-file = /work/shashwat.singh/Prospects-of-LGWs/unlens/injection.hdf

[global]
instruments = E1 E2 E3
mass1_ref = 30.00000000875423
mass2_ref = 30.000000001506837
minchirp = 26.116416903350114
maxchirp = 26.116616903350113
mincov = 106527992811.55173
maxcov = 10652799281155.172
