
[data]
trigger-time = 1230324942.9551404
injection-file = /work/shashwat.singh/Prospects-of-LGWs/unlens/injection.hdf

[global]
instruments = E1 E2 E3
mass1_ref = 30.000000007675403
mass2_ref = 30.000000004704088
minchirp = 26.116416904272214
maxchirp = 26.116616904272213
mincov = 144480242439.48462
maxcov = 14448024243948.46
