
[data]
trigger-time = 1156944246.887682
injection-file = /work/shashwat.singh/Prospects-of-LGWs/unlens/injection.hdf

[global]
instruments = E1 E2 E3
mass1_ref = 30.00000000447677
mass2_ref = 30.000000008769092
minchirp = 26.116416904649324
maxchirp = 26.116616904649323
mincov = 23194621127.951206
maxcov = 2319462112795.1206
