
[data]
trigger-time = 1064556408.7705833
injection-file = /work/shashwat.singh/Prospects-of-LGWs/unlens/injection.hdf

[global]
instruments = E1 E2 E3
mass1_ref = 30.000000007385854
mass2_ref = 30.00000000272184
minchirp = 26.116416903283355
maxchirp = 26.116616903283354
mincov = 149217028254.47726
maxcov = 14921702825447.727
