
[data]
trigger-time = 1833103727.3019133
injection-file = /work/shashwat.singh/Prospects-of-LGWs/unlens/injection.hdf

[global]
instruments = E1 E2 E3
mass1_ref = 30.00000000762578
mass2_ref = 30.000000008857665
minchirp = 26.11641690605856
maxchirp = 26.11661690605856
mincov = 31944900012.83153
maxcov = 3194490001283.1533
