
[data]
trigger-time = 1429564514.8741627
injection-file = /work/shashwat.singh/Prospects-of-LGWs/unlens/injection.hdf

[global]
instruments = E1 E2 E3
mass1_ref = 30.000000002358792
mass2_ref = 30.00000000171687
minchirp = 26.11641690065776
maxchirp = 26.11661690065776
mincov = 111027049822.54727
maxcov = 11102704982254.727
