
[data]
trigger-time = 1273849745.6603084
injection-file = /work/shashwat.singh/Prospects-of-LGWs/unlens/injection.hdf

[global]
instruments = E1 E2 E3
mass1_ref = 30.00000000034012
mass2_ref = 30.000000000176563
minchirp = 26.11641689910862
maxchirp = 26.11661689910862
mincov = 81923051116.33269
maxcov = 8192305111633.27
