
[data]
trigger-time = 1186201828.3295012
injection-file = /work/shashwat.singh/Prospects-of-LGWs/unlens/injection.hdf

[global]
instruments = E1 E2 E3
mass1_ref = 30.000000007449184
mass2_ref = 30.000000004113033
minchirp = 26.116416903916473
maxchirp = 26.116616903916473
mincov = 103846116560.13118
maxcov = 10384611656013.117
