
[data]
trigger-time = 1957052867.3468523
injection-file = /work/shashwat.singh/Prospects-of-LGWs/unlens/injection.hdf

[global]
instruments = E1 E2 E3
mass1_ref = 30.00000000174731
mass2_ref = 30.000000007871265
minchirp = 26.11641690307045
maxchirp = 26.11661690307045
mincov = 134230808329.15552
maxcov = 13423080832915.55
