
[data]
trigger-time = 1458815592.0281563
injection-file = /work/shashwat.singh/Prospects-of-LGWs/unlens/injection.hdf

[global]
instruments = E1 E2 E3
mass1_ref = 30.00000000130659
mass2_ref = 30.000000004016005
minchirp = 26.11641690120052
maxchirp = 26.11661690120052
mincov = 104265924414.36104
maxcov = 10426592441436.104
