
[data]
trigger-time = 1837705078.7386649
injection-file = /work/shashwat.singh/Prospects-of-LGWs/unlens/injection.hdf

[global]
instruments = E1 E2 E3
mass1_ref = 30.00000000797092
mass2_ref = 30.000000009959766
minchirp = 26.11641690668851
maxchirp = 26.11661690668851
mincov = 10598200436.400866
maxcov = 1059820043640.0865
