
[data]
trigger-time = 1839351387.15526
injection-file = /work/shashwat.singh/Prospects-of-LGWs/unlens/injection.hdf

[global]
instruments = E1 E2 E3
mass1_ref = 30.000000001367823
mass2_ref = 30.00000000790394
minchirp = 26.116416902919493
maxchirp = 26.116616902919493
mincov = 168684732324.05127
maxcov = 16868473232405.127
