
[data]
trigger-time = 1020696226.9790697
injection-file = /work/shashwat.singh/Prospects-of-LGWs/unlens/injection.hdf

[global]
instruments = E1 E2 E3
mass1_ref = 30.000000005077958
mass2_ref = 30.000000000046093
minchirp = 26.116416901114096
maxchirp = 26.116616901114096
mincov = 10216352288.413504
maxcov = 1021635228841.3503
