
[data]
trigger-time = 1542761096.9705968
injection-file = /work/shashwat.singh/Prospects-of-LGWs/unlens/injection.hdf

[global]
instruments = E1 E2 E3
mass1_ref = 30.000000003433154
mass2_ref = 30.00000000238181
minchirp = 26.116416901414837
maxchirp = 26.116616901414837
mincov = 36339377853.84993
maxcov = 3633937785384.993
