
[data]
trigger-time = 1603924690.4701638
injection-file = /work/shashwat.singh/Prospects-of-LGWs/unlens/injection.hdf

[global]
instruments = E1 E2 E3
mass1_ref = 30.000000000601727
mass2_ref = 30.000000002002363
minchirp = 26.11641690001722
maxchirp = 26.11661690001722
mincov = 160372951352.27927
maxcov = 16037295135227.928
