
[data]
trigger-time = 1720795293.3891654
injection-file = /work/shashwat.singh/Prospects-of-LGWs/unlens/injection.hdf

[global]
instruments = E1 E2 E3
mass1_ref = 30.000000000726732
mass2_ref = 30.000000009552558
minchirp = 26.116416903358047
maxchirp = 26.116616903358047
mincov = 111399360866.48978
maxcov = 11139936086648.977
