
[data]
trigger-time = 1223088028.9962852
injection-file = /work/shashwat.singh/Prospects-of-LGWs/unlens/injection.hdf

[global]
instruments = E1 E2 E3
mass1_ref = 30.00000000554578
mass2_ref = 30.000000001504947
minchirp = 26.116416901952732
maxchirp = 26.11661690195273
mincov = 156013575059.67798
maxcov = 15601357505967.797
