
[data]
trigger-time = 1179254468.1560068
injection-file = /work/shashwat.singh/Prospects-of-LGWs/unlens/injection.hdf

[global]
instruments = E1 E2 E3
mass1_ref = 30.000000008597777
mass2_ref = 30.000000005933703
minchirp = 26.11641690520892
maxchirp = 26.116616905208918
mincov = 114354390443.68192
maxcov = 11435439044368.191
