
[data]
trigger-time = 1490834416.6135516
injection-file = /work/shashwat.singh/Prospects-of-LGWs/unlens/injection.hdf

[global]
instruments = E1 E2 E3
mass1_ref = 30.00000000595789
mass2_ref = 30.0000000065676
minchirp = 26.11641690433576
maxchirp = 26.11661690433576
mincov = 54970151770.94087
maxcov = 5497015177094.088
