
[data]
trigger-time = 1732497870.6470418
injection-file = /work/shashwat.singh/Prospects-of-LGWs/unlens/injection.hdf

[global]
instruments = E1 E2 E3
mass1_ref = 30.00000000922286
mass2_ref = 30.000000002092438
minchirp = 26.116416903808997
maxchirp = 26.116616903808996
mincov = 32891259224.970226
maxcov = 3289125922497.0225
