
[data]
trigger-time = 1408636018.309765
injection-file = /work/shashwat.singh/Prospects-of-LGWs/unlens/injection.hdf

[global]
instruments = E1 E2 E3
mass1_ref = 30.000000005889287
mass2_ref = 30.00000000091642
minchirp = 26.11641690184608
maxchirp = 26.11661690184608
mincov = 39526801212.605705
maxcov = 3952680121260.571
