
[data]
trigger-time = 1695976025.200451
injection-file = /work/shashwat.singh/Prospects-of-LGWs/unlens/injection.hdf

[global]
instruments = E1 E2 E3
mass1_ref = 30.000000009113005
mass2_ref = 30.000000000727315
minchirp = 26.11641690316697
maxchirp = 26.11661690316697
mincov = 1512890079.9290605
maxcov = 151289007992.90607
