
[data]
trigger-time = 1811177854.1123102
injection-file = /work/shashwat.singh/Prospects-of-LGWs/unlens/injection.hdf

[global]
instruments = E1 E2 E3
mass1_ref = 30.00000000324742
mass2_ref = 30.000000008206797
minchirp = 26.116416903869464
maxchirp = 26.116616903869463
mincov = 50801541949.91673
maxcov = 5080154194991.673
