
[data]
trigger-time = 1926751348.8800755
injection-file = /work/shashwat.singh/Prospects-of-LGWs/unlens/injection.hdf

[global]
instruments = E1 E2 E3
mass1_ref = 30.000000009295462
mass2_ref = 30.000000005334574
minchirp = 26.116416905251818
maxchirp = 26.116616905251817
mincov = 130276800268.6301
maxcov = 13027680026863.01
