
[data]
trigger-time = 1543926507.164973
injection-file = /work/shashwat.singh/Prospects-of-LGWs/unlens/injection.hdf

[global]
instruments = E1 E2 E3
mass1_ref = 30.000000008677276
mass2_ref = 30.00000000283854
minchirp = 26.116416903896273
maxchirp = 26.116616903896272
mincov = 26516640317.654472
maxcov = 2651664031765.4473
