
[data]
trigger-time = 1929077078.794374
injection-file = /work/shashwat.singh/Prospects-of-LGWs/unlens/injection.hdf

[global]
instruments = E1 E2 E3
mass1_ref = 30.000000008129156
mass2_ref = 30.000000001544652
minchirp = 26.116416903094496
maxchirp = 26.116616903094496
mincov = 1834492815.6383793
maxcov = 183449281563.83792
