
[data]
trigger-time = 1583022352.1157713
injection-file = /work/shashwat.singh/Prospects-of-LGWs/unlens/injection.hdf

[global]
instruments = E1 E2 E3
mass1_ref = 30.000000005366736
mass2_ref = 30.000000008590074
minchirp = 26.11641690495878
maxchirp = 26.11661690495878
mincov = 127927585810.96257
maxcov = 12792758581096.258
