
[data]
trigger-time = 1522997822.2460961
injection-file = /work/shashwat.singh/Prospects-of-LGWs/unlens/injection.hdf

[global]
instruments = E1 E2 E3
mass1_ref = 30.000000001272678
mass2_ref = 30.00000000428144
minchirp = 26.116416901301296
maxchirp = 26.116616901301295
mincov = 155049217819.25555
maxcov = 15504921781925.557
