
[data]
trigger-time = 1898760850.4193587
injection-file = /work/shashwat.singh/Prospects-of-LGWs/unlens/injection.hdf

[global]
instruments = E1 E2 E3
mass1_ref = 30.00000000659079
mass2_ref = 30.00000000877304
minchirp = 26.11641690557122
maxchirp = 26.11661690557122
mincov = 58183951463.94955
maxcov = 5818395146394.955
