
[data]
trigger-time = 1875481436.0073256
injection-file = /work/shashwat.singh/Prospects-of-LGWs/unlens/injection.hdf

[global]
instruments = E1 E2 E3
mass1_ref = 30.000000009285454
mass2_ref = 30.000000008620958
minchirp = 26.116416906677944
maxchirp = 26.116616906677944
mincov = 64159826136.65454
maxcov = 6415982613665.454
