
[data]
trigger-time = 1046755216.354974
injection-file = /work/shashwat.singh/Prospects-of-LGWs/unlens/injection.hdf

[global]
instruments = E1 E2 E3
mass1_ref = 30.000000003481624
mass2_ref = 30.00000000603925
minchirp = 26.116416903027925
maxchirp = 26.116616903027925
mincov = 31219236816.952553
maxcov = 3121923681695.255
