
[data]
trigger-time = 1748522522.1131968
injection-file = /work/shashwat.singh/Prospects-of-LGWs/unlens/injection.hdf

[global]
instruments = E1 E2 E3
mass1_ref = 30.00000000018636
mass2_ref = 30.000000004338485
minchirp = 26.11641690085328
maxchirp = 26.11661690085328
mincov = 49710485228.74754
maxcov = 4971048522874.755
