
[data]
trigger-time = 1727014720.9248748
injection-file = /work/shashwat.singh/Prospects-of-LGWs/unlens/injection.hdf

[global]
instruments = E1 E2 E3
mass1_ref = 30.00000000387534
mass2_ref = 30.000000009878228
minchirp = 26.116416904870313
maxchirp = 26.116616904870313
mincov = 117899994313.86154
maxcov = 11789999431386.154
