
[data]
trigger-time = 1864552475.930925
injection-file = /work/shashwat.singh/Prospects-of-LGWs/unlens/injection.hdf

[global]
instruments = E1 E2 E3
mass1_ref = 30.000000000475552
mass2_ref = 30.00000000348942
minchirp = 26.11641690060958
maxchirp = 26.11661690060958
mincov = 148735137531.87384
maxcov = 14873513753187.385
