
[data]
trigger-time = 1530889864.6925254
injection-file = /work/shashwat.singh/Prospects-of-LGWs/unlens/injection.hdf

[global]
instruments = E1 E2 E3
mass1_ref = 30.000000003393577
mass2_ref = 30.000000001742833
minchirp = 26.11641690111948
maxchirp = 26.116616901119478
mincov = 147920241564.2623
maxcov = 14792024156426.23
