
[data]
trigger-time = 1429899570.4671035
injection-file = /work/shashwat.singh/Prospects-of-LGWs/unlens/injection.hdf

[global]
instruments = E1 E2 E3
mass1_ref = 30.000000006380596
mass2_ref = 30.000000005500944
minchirp = 26.116416904055463
maxchirp = 26.116616904055462
mincov = 6562720685.0088
maxcov = 656272068500.88
