
[data]
trigger-time = 1215874773.2403164
injection-file = /work/shashwat.singh/Prospects-of-LGWs/unlens/injection.hdf

[global]
instruments = E1 E2 E3
mass1_ref = 30.00000000496652
mass2_ref = 30.000000001765596
minchirp = 26.11641690181405
maxchirp = 26.116616901814048
mincov = 69115698312.42628
maxcov = 6911569831242.628
