
[data]
trigger-time = 1893212420.6885319
injection-file = /work/shashwat.singh/Prospects-of-LGWs/unlens/injection.hdf

[global]
instruments = E1 E2 E3
mass1_ref = 30.000000008771863
mass2_ref = 30.00000000281284
minchirp = 26.116416903926257
maxchirp = 26.116616903926257
mincov = 29862715006.266254
maxcov = 2986271500626.6255
