
[data]
trigger-time = 1058610954.4233404
injection-file = /work/shashwat.singh/Prospects-of-LGWs/unlens/injection.hdf

[global]
instruments = E1 E2 E3
mass1_ref = 30.000000009005632
mass2_ref = 30.000000007351098
minchirp = 26.116416906003405
maxchirp = 26.116616906003404
mincov = 114174711108.69588
maxcov = 11417471110869.588
