
[data]
trigger-time = 1315518741.737194
injection-file = /work/shashwat.singh/Prospects-of-LGWs/unlens/injection.hdf

[global]
instruments = E1 E2 E3
mass1_ref = 30.00000000922891
mass2_ref = 30.000000006287603
minchirp = 26.116416905637678
maxchirp = 26.116616905637677
mincov = 96262992686.0002
maxcov = 9626299268600.02
