
[data]
trigger-time = 1336934312.6393054
injection-file = /work/shashwat.singh/Prospects-of-LGWs/unlens/injection.hdf

[global]
instruments = E1 E2 E3
mass1_ref = 30.000000000174413
mass2_ref = 30.00000000778236
minchirp = 26.11641690234711
maxchirp = 26.11661690234711
mincov = 1422186116.9873266
maxcov = 142218611698.73267
