
[data]
trigger-time = 1769731221.4614124
injection-file = /work/shashwat.singh/Prospects-of-LGWs/unlens/injection.hdf

[global]
instruments = E1 E2 E3
mass1_ref = 30.000000003738748
mass2_ref = 30.000000000697483
minchirp = 26.116416900814706
maxchirp = 26.116616900814705
mincov = 57973442789.16062
maxcov = 5797344278916.0625
