
[data]
trigger-time = 1206233760.8244877
injection-file = /work/shashwat.singh/Prospects-of-LGWs/unlens/injection.hdf

[global]
instruments = E1 E2 E3
mass1_ref = 30.000000005652943
mass2_ref = 30.00000000166108
minchirp = 26.116416902067336
maxchirp = 26.116616902067335
mincov = 50003592199.70968
maxcov = 5000359219970.968
