
[data]
trigger-time = 1178871184.8866246
injection-file = /work/shashwat.singh/Prospects-of-LGWs/unlens/injection.hdf

[global]
instruments = E1 E2 E3
mass1_ref = 30.000000005088186
mass2_ref = 30.000000005199
minchirp = 26.116416903361483
maxchirp = 26.116616903361482
mincov = 52587605961.014626
maxcov = 5258760596101.463
