
[data]
trigger-time = 1057979498.5631063
injection-file = /work/shashwat.singh/Prospects-of-LGWs/unlens/injection.hdf

[global]
instruments = E1 E2 E3
mass1_ref = 30.00000000885802
mass2_ref = 30.000000008576837
minchirp = 26.116416906472686
maxchirp = 26.116616906472686
mincov = 5033257.677389538
maxcov = 503325767.7389538
