
[data]
trigger-time = 1826003899.1831641
injection-file = /work/shashwat.singh/Prospects-of-LGWs/unlens/injection.hdf

[global]
instruments = E1 E2 E3
mass1_ref = 30.000000001044423
mass2_ref = 30.000000006393503
minchirp = 26.11641690212127
maxchirp = 26.11661690212127
mincov = 127250942073.00276
maxcov = 12725094207300.275
