
[data]
trigger-time = 1573032408.6810822
injection-file = /work/shashwat.singh/Prospects-of-LGWs/unlens/injection.hdf

[global]
instruments = E1 E2 E3
mass1_ref = 30.000000000424322
mass2_ref = 30.000000001369084
minchirp = 26.11641689966435
maxchirp = 26.11661689966435
mincov = 69715955693.99454
maxcov = 6971595569399.454
