
[data]
trigger-time = 1741636485.6965384
injection-file = /work/shashwat.singh/Prospects-of-LGWs/unlens/injection.hdf

[global]
instruments = E1 E2 E3
mass1_ref = 30.00000000257229
mass2_ref = 30.00000000575719
minchirp = 26.11641690250934
maxchirp = 26.11661690250934
mincov = 122925179691.19771
maxcov = 12292517969119.77
