
[data]
trigger-time = 1270435802.0355062
injection-file = /work/shashwat.singh/Prospects-of-LGWs/unlens/injection.hdf

[global]
instruments = E1 E2 E3
mass1_ref = 30.0000000088721
mass2_ref = 30.00000000089195
minchirp = 26.116416903133775
maxchirp = 26.116616903133774
mincov = 18422974238.26284
maxcov = 1842297423826.2842
