
[data]
trigger-time = 1270590906.191953
injection-file = /work/shashwat.singh/Prospects-of-LGWs/unlens/injection.hdf

[global]
instruments = E1 E2 E3
mass1_ref = 30.000000007272018
mass2_ref = 30.00000000389318
minchirp = 26.11641690374366
maxchirp = 26.116616903743658
mincov = 176987812644.87152
maxcov = 17698781264487.152
