
[data]
trigger-time = 1536842506.3801274
injection-file = /work/shashwat.singh/Prospects-of-LGWs/unlens/injection.hdf

[global]
instruments = E1 E2 E3
mass1_ref = 30.000000008443052
mass2_ref = 30.000000002803915
minchirp = 26.11641690377925
maxchirp = 26.11661690377925
mincov = 124386892681.37024
maxcov = 12438689268137.023
