
[data]
trigger-time = 1628681684.5692422
injection-file = /work/shashwat.singh/Prospects-of-LGWs/unlens/injection.hdf

[global]
instruments = E1 E2 E3
mass1_ref = 30.00000000388733
mass2_ref = 30.000000005521493
minchirp = 26.11641690297915
maxchirp = 26.11661690297915
mincov = 239251720.61604548
maxcov = 23925172061.604546
