
[data]
trigger-time = 1422398288.435288
injection-file = /work/shashwat.singh/Prospects-of-LGWs/unlens/injection.hdf

[global]
instruments = E1 E2 E3
mass1_ref = 30.00000000287058
mass2_ref = 30.00000000270632
minchirp = 26.11641690131121
maxchirp = 26.11661690131121
mincov = 77841282565.98106
maxcov = 7784128256598.106
