
[data]
trigger-time = 1720721523.5123737
injection-file = /work/shashwat.singh/Prospects-of-LGWs/unlens/injection.hdf

[global]
instruments = E1 E2 E3
mass1_ref = 30.0000000000625
mass2_ref = 30.000000001796156
minchirp = 26.11641689969275
maxchirp = 26.11661689969275
mincov = 28293642603.562725
maxcov = 2829364260356.2725
