
[data]
trigger-time = 1694019784.9849334
injection-file = /work/shashwat.singh/Prospects-of-LGWs/unlens/injection.hdf

[global]
instruments = E1 E2 E3
mass1_ref = 30.000000005766722
mass2_ref = 30.00000000326048
minchirp = 26.116416902813043
maxchirp = 26.116616902813043
mincov = 89171491842.6741
maxcov = 8917149184267.41
