
[data]
trigger-time = 1208043852.9269419
injection-file = /work/shashwat.singh/Prospects-of-LGWs/unlens/injection.hdf

[global]
instruments = E1 E2 E3
mass1_ref = 30.000000008327234
mass2_ref = 30.00000000949541
minchirp = 26.11641690664148
maxchirp = 26.11661690664148
mincov = 63000963282.45486
maxcov = 6300096328245.486
