
[data]
trigger-time = 1681982797.9859939
injection-file = /work/shashwat.singh/Prospects-of-LGWs/unlens/injection.hdf

[global]
instruments = E1 E2 E3
mass1_ref = 30.000000005984894
mass2_ref = 30.00000000226143
minchirp = 26.116416902473144
maxchirp = 26.116616902473144
mincov = 172216331269.24008
maxcov = 17221633126924.008
