
[data]
trigger-time = 1261249265.7810884
injection-file = /work/shashwat.singh/Prospects-of-LGWs/unlens/injection.hdf

[global]
instruments = E1 E2 E3
mass1_ref = 30.000000001536662
mass2_ref = 30.000000003811557
minchirp = 26.11641690121167
maxchirp = 26.11661690121167
mincov = 29674565820.225536
maxcov = 2967456582022.5537
