
[data]
trigger-time = 1024768571.669076
injection-file = /work/shashwat.singh/Prospects-of-LGWs/unlens/injection.hdf

[global]
instruments = E1 E2 E3
mass1_ref = 30.00000000931067
mass2_ref = 30.00000000396226
minchirp = 26.116416904661104
maxchirp = 26.116616904661104
mincov = 5242117428.133103
maxcov = 524211742813.3103
