
[data]
trigger-time = 1596739166.0309575
injection-file = /work/shashwat.singh/Prospects-of-LGWs/unlens/injection.hdf

[global]
instruments = E1 E2 E3
mass1_ref = 30.000000005079908
mass2_ref = 30.000000001905292
minchirp = 26.11641690192421
maxchirp = 26.11661690192421
mincov = 113750593431.892
maxcov = 11375059343189.2
