
[data]
trigger-time = 1507984668.5797386
injection-file = /work/shashwat.singh/Prospects-of-LGWs/unlens/injection.hdf

[global]
instruments = E1 E2 E3
mass1_ref = 30.000000008140542
mass2_ref = 30.00000000186906
minchirp = 26.11641690324066
maxchirp = 26.116616903240658
mincov = 9463060470.412697
maxcov = 946306047041.2697
