
[data]
trigger-time = 1566830170.5931706
injection-file = /work/shashwat.singh/Prospects-of-LGWs/unlens/injection.hdf

[global]
instruments = E1 E2 E3
mass1_ref = 30.000000006228184
mass2_ref = 30.000000003791815
minchirp = 26.116416903245184
maxchirp = 26.116616903245184
mincov = 28296665.580208737
maxcov = 2829666558.0208735
