
[data]
trigger-time = 1663548482.5772266
injection-file = /work/shashwat.singh/Prospects-of-LGWs/unlens/injection.hdf

[global]
instruments = E1 E2 E3
mass1_ref = 30.000000008379843
mass2_ref = 30.00000000635237
minchirp = 26.116416905296294
maxchirp = 26.116616905296294
mincov = 11499459233.861673
maxcov = 1149945923386.1672
