
[data]
trigger-time = 1873702401.137525
injection-file = /work/shashwat.singh/Prospects-of-LGWs/unlens/injection.hdf

[global]
instruments = E1 E2 E3
mass1_ref = 30.00000000764857
mass2_ref = 30.000000002700357
minchirp = 26.116416903388355
maxchirp = 26.116616903388355
mincov = 124890223193.69656
maxcov = 12489022319369.656
