
[data]
trigger-time = 1388620677.8159502
injection-file = /work/shashwat.singh/Prospects-of-LGWs/unlens/injection.hdf

[global]
instruments = E1 E2 E3
mass1_ref = 30.00000000975052
mass2_ref = 30.00000000419774
minchirp = 26.116416904955056
maxchirp = 26.116616904955055
mincov = 114765475061.43832
maxcov = 11476547506143.832
