
[data]
trigger-time = 1462002357.4724717
injection-file = /work/shashwat.singh/Prospects-of-LGWs/unlens/injection.hdf

[global]
instruments = E1 E2 E3
mass1_ref = 30.0000000040663
mass2_ref = 30.000000008414457
minchirp = 26.116416904316292
maxchirp = 26.11661690431629
mincov = 58053377384.01638
maxcov = 5805337738401.639
