
[data]
trigger-time = 1115016177.4842777
injection-file = /work/shashwat.singh/Prospects-of-LGWs/unlens/injection.hdf

[global]
instruments = E1 E2 E3
mass1_ref = 30.000000003935998
mass2_ref = 30.000000001982386
minchirp = 26.116416901459854
maxchirp = 26.116616901459853
mincov = 19709214507.74999
maxcov = 1970921450774.9988
