
[data]
trigger-time = 1206751678.9452965
injection-file = /work/shashwat.singh/Prospects-of-LGWs/unlens/injection.hdf

[global]
instruments = E1 E2 E3
mass1_ref = 30.000000004447422
mass2_ref = 30.00000000367356
minchirp = 26.11641690241859
maxchirp = 26.11661690241859
mincov = 46057867445.88225
maxcov = 4605786744588.225
