
[data]
trigger-time = 1974672673.6302328
injection-file = /work/shashwat.singh/Prospects-of-LGWs/unlens/injection.hdf

[global]
instruments = E1 E2 E3
mass1_ref = 30.000000003297846
mass2_ref = 30.000000003247454
minchirp = 26.11641690173273
maxchirp = 26.11661690173273
mincov = 102487504331.97208
maxcov = 10248750433197.207
