
[data]
trigger-time = 1975009224.7581768
injection-file = /work/shashwat.singh/Prospects-of-LGWs/unlens/injection.hdf

[global]
instruments = E1 E2 E3
mass1_ref = 30.000000009573128
mass2_ref = 30.00000000406705
minchirp = 26.116416904820955
maxchirp = 26.116616904820955
mincov = 148279394918.78635
maxcov = 14827939491878.635
