
[data]
trigger-time = 1751443841.2704208
injection-file = /work/shashwat.singh/Prospects-of-LGWs/unlens/injection.hdf

[global]
instruments = E1 E2 E3
mass1_ref = 30.000000001606868
mass2_ref = 30.00000000679377
minchirp = 26.116416902540312
maxchirp = 26.11661690254031
mincov = 67898211861.50984
maxcov = 6789821186150.984
