
[data]
trigger-time = 1698402458.422256
injection-file = /work/shashwat.singh/Prospects-of-LGWs/unlens/injection.hdf

[global]
instruments = E1 E2 E3
mass1_ref = 30.000000000397193
mass2_ref = 30.000000002279204
minchirp = 26.116416900048694
maxchirp = 26.116616900048694
mincov = 137923715412.7344
maxcov = 13792371541273.44
