
[data]
trigger-time = 1100093938.2205381
injection-file = /work/shashwat.singh/Prospects-of-LGWs/unlens/injection.hdf

[global]
instruments = E1 E2 E3
mass1_ref = 30.00000000764214
mass2_ref = 30.000000004072625
minchirp = 26.116416903982874
maxchirp = 26.116616903982873
mincov = 36889655749.22169
maxcov = 3688965574922.1685
