
[data]
trigger-time = 1071962817.522742
injection-file = /work/shashwat.singh/Prospects-of-LGWs/unlens/injection.hdf

[global]
instruments = E1 E2 E3
mass1_ref = 30.00000000067424
mass2_ref = 30.00000000729711
minchirp = 26.116416902353457
maxchirp = 26.116616902353456
mincov = 140530324421.34387
maxcov = 14053032442134.387
