
[data]
trigger-time = 1598017123.049964
injection-file = /work/shashwat.singh/Prospects-of-LGWs/unlens/injection.hdf

[global]
instruments = E1 E2 E3
mass1_ref = 30.00000000559629
mass2_ref = 30.00000000185109
minchirp = 26.116416902125387
maxchirp = 26.116616902125386
mincov = 65206332060.01243
maxcov = 6520633206001.242
