
[data]
trigger-time = 1529085429.6853542
injection-file = /work/shashwat.singh/Prospects-of-LGWs/unlens/injection.hdf

[global]
instruments = E1 E2 E3
mass1_ref = 30.00000000110221
mass2_ref = 30.000000002932758
minchirp = 26.116416900640047
maxchirp = 26.116616900640047
mincov = 20478766688.268333
maxcov = 2047876668826.8333
