
[data]
trigger-time = 1177250733.7642453
injection-file = /work/shashwat.singh/Prospects-of-LGWs/unlens/injection.hdf

[global]
instruments = E1 E2 E3
mass1_ref = 30.000000003404484
mass2_ref = 30.000000003863818
minchirp = 26.116416902047437
maxchirp = 26.116616902047436
mincov = 72743237730.90657
maxcov = 7274323773090.656
