
[data]
trigger-time = 1856167568.5266747
injection-file = /work/shashwat.singh/Prospects-of-LGWs/unlens/injection.hdf

[global]
instruments = E1 E2 E3
mass1_ref = 30.000000002216748
mass2_ref = 30.000000008821694
minchirp = 26.116416903688485
maxchirp = 26.116616903688485
mincov = 45846545965.6192
maxcov = 4584654596561.92
