
[data]
trigger-time = 1343585679.4977586
injection-file = /work/shashwat.singh/Prospects-of-LGWs/unlens/injection.hdf

[global]
instruments = E1 E2 E3
mass1_ref = 30.000000004697664
mass2_ref = 30.000000005411845
minchirp = 26.116416903284144
maxchirp = 26.116616903284143
mincov = 2392756779.422063
maxcov = 239275677942.20627
