
[data]
trigger-time = 1480409472.9599786
injection-file = /work/shashwat.singh/Prospects-of-LGWs/unlens/injection.hdf

[global]
instruments = E1 E2 E3
mass1_ref = 30.000000007393474
mass2_ref = 30.00000000523874
minchirp = 26.116416904382213
maxchirp = 26.116616904382212
mincov = 62506534459.39009
maxcov = 6250653445939.009
