
[data]
trigger-time = 1266067095.3102107
injection-file = /work/shashwat.singh/Prospects-of-LGWs/unlens/injection.hdf

[global]
instruments = E1 E2 E3
mass1_ref = 30.000000002045308
mass2_ref = 30.000000007324715
minchirp = 26.116416902962264
maxchirp = 26.116616902962264
mincov = 47596845448.852425
maxcov = 4759684544885.242
