
[data]
trigger-time = 1328743206.9735737
injection-file = /work/shashwat.singh/Prospects-of-LGWs/unlens/injection.hdf

[global]
instruments = E1 E2 E3
mass1_ref = 30.000000008937405
mass2_ref = 30.000000003867225
minchirp = 26.116416904457264
maxchirp = 26.116616904457263
mincov = 4780455857.533049
maxcov = 478045585753.3048
