
[data]
trigger-time = 1684968665.0144973
injection-file = /work/shashwat.singh/Prospects-of-LGWs/unlens/injection.hdf

[global]
instruments = E1 E2 E3
mass1_ref = 30.00000000905713
mass2_ref = 30.000000007952295
minchirp = 26.11641690628751
maxchirp = 26.116616906287508
mincov = 85101262663.25262
maxcov = 8510126266325.263
