
[data]
trigger-time = 1877407313.1396065
injection-file = /work/shashwat.singh/Prospects-of-LGWs/unlens/injection.hdf

[global]
instruments = E1 E2 E3
mass1_ref = 30.00000000739066
mass2_ref = 30.00000000015142
minchirp = 26.116416902166605
maxchirp = 26.116616902166605
mincov = 8610486615.309307
maxcov = 861048661530.9308
