
[data]
trigger-time = 1304861264.5186114
injection-file = /work/shashwat.singh/Prospects-of-LGWs/unlens/injection.hdf

[global]
instruments = E1 E2 E3
mass1_ref = 30.00000000374184
mass2_ref = 30.000000006550223
minchirp = 26.116416903363604
maxchirp = 26.116616903363603
mincov = 114131803366.06152
maxcov = 11413180336606.152
