
[data]
trigger-time = 1667625151.159339
injection-file = /work/shashwat.singh/Prospects-of-LGWs/unlens/injection.hdf

[global]
instruments = E1 E2 E3
mass1_ref = 30.00000000131699
mass2_ref = 30.000000007517635
minchirp = 26.116416902729217
maxchirp = 26.116616902729216
mincov = 9991597732.246527
maxcov = 999159773224.6527
