
[data]
trigger-time = 1765249842.2564263
injection-file = /work/shashwat.singh/Prospects-of-LGWs/unlens/injection.hdf

[global]
instruments = E1 E2 E3
mass1_ref = 30.000000009322164
mass2_ref = 30.000000008040885
minchirp = 26.11641690644143
maxchirp = 26.11661690644143
mincov = 10951428604.305477
maxcov = 1095142860430.5479
