
[data]
trigger-time = 1559171927.1842432
injection-file = /work/shashwat.singh/Prospects-of-LGWs/unlens/injection.hdf

[global]
instruments = E1 E2 E3
mass1_ref = 30.000000001841183
mass2_ref = 30.000000003768406
minchirp = 26.11641690132544
maxchirp = 26.11661690132544
mincov = 46589958687.11006
maxcov = 4658995868711.006
