
[data]
trigger-time = 1750324091.5881865
injection-file = /work/shashwat.singh/Prospects-of-LGWs/unlens/injection.hdf

[global]
instruments = E1 E2 E3
mass1_ref = 30.000000000404274
mass2_ref = 30.000000000255305
minchirp = 26.116416899170822
maxchirp = 26.116616899170822
mincov = 67788909689.91121
maxcov = 6778890968991.121
