
[data]
trigger-time = 1185348055.8910742
injection-file = /work/shashwat.singh/Prospects-of-LGWs/unlens/injection.hdf

[global]
instruments = E1 E2 E3
mass1_ref = 30.000000007312035
mass2_ref = 30.00000000782789
minchirp = 26.11641690547376
maxchirp = 26.11661690547376
mincov = 70169725891.98798
maxcov = 7016972589198.798
