
[data]
trigger-time = 1375445067.3692183
injection-file = /work/shashwat.singh/Prospects-of-LGWs/unlens/injection.hdf

[global]
instruments = E1 E2 E3
mass1_ref = 30.000000001253223
mass2_ref = 30.000000006044573
minchirp = 26.116416902060276
maxchirp = 26.116616902060276
mincov = 129549114562.56479
maxcov = 12954911456256.48
