
[data]
trigger-time = 1472352797.852636
injection-file = /work/shashwat.singh/Prospects-of-LGWs/unlens/injection.hdf

[global]
instruments = E1 E2 E3
mass1_ref = 30.000000004184475
mass2_ref = 30.000000004924253
minchirp = 26.11641690284853
maxchirp = 26.11661690284853
mincov = 166950542458.69656
maxcov = 16695054245869.656
