
[data]
trigger-time = 1716560354.4555943
injection-file = /work/shashwat.singh/Prospects-of-LGWs/unlens/injection.hdf

[global]
instruments = E1 E2 E3
mass1_ref = 30.00000000833253
mass2_ref = 30.000000000472237
minchirp = 26.11641690271622
maxchirp = 26.11661690271622
mincov = 25026202196.696827
maxcov = 2502620219669.6826
