
[data]
trigger-time = 1100780763.7616487
injection-file = /work/shashwat.singh/Prospects-of-LGWs/unlens/injection.hdf

[global]
instruments = E1 E2 E3
mass1_ref = 30.00000000721485
mass2_ref = 30.000000008854464
minchirp = 26.1164169058783
maxchirp = 26.1166169058783
mincov = 156186788448.11835
maxcov = 15618678844811.834
