
[data]
trigger-time = 1194539126.107997
injection-file = /work/shashwat.singh/Prospects-of-LGWs/unlens/injection.hdf

[global]
instruments = E1 E2 E3
mass1_ref = 30.000000006388486
mass2_ref = 30.00000000396853
minchirp = 26.116416903391876
maxchirp = 26.116616903391876
mincov = 154658048673.69214
maxcov = 15465804867369.215
