
[data]
trigger-time = 1677450967.3408973
injection-file = /work/shashwat.singh/Prospects-of-LGWs/unlens/injection.hdf

[global]
instruments = E1 E2 E3
mass1_ref = 30.000000003302766
mass2_ref = 30.000000006893096
minchirp = 26.11641690332173
maxchirp = 26.11661690332173
mincov = 47946484838.5611
maxcov = 4794648483856.109
