
[data]
trigger-time = 1889997816.4942508
injection-file = /work/shashwat.singh/Prospects-of-LGWs/unlens/injection.hdf

[global]
instruments = E1 E2 E3
mass1_ref = 30.000000004686335
mass2_ref = 30.00000000548845
minchirp = 26.116416903312558
maxchirp = 26.116616903312558
mincov = 89524655702.13535
maxcov = 8952465570213.535
