
[data]
trigger-time = 1383748980.871172
injection-file = /work/shashwat.singh/Prospects-of-LGWs/unlens/injection.hdf

[global]
instruments = E1 E2 E3
mass1_ref = 30.000000003931493
mass2_ref = 30.000000001980755
minchirp = 26.11641690145718
maxchirp = 26.116616901457178
mincov = 47861025540.59128
maxcov = 4786102554059.128
