
[data]
trigger-time = 1348516734.2702882
injection-file = /work/shashwat.singh/Prospects-of-LGWs/unlens/injection.hdf

[global]
instruments = E1 E2 E3
mass1_ref = 30.000000001596863
mass2_ref = 30.000000004351328
minchirp = 26.116416901472824
maxchirp = 26.116616901472824
mincov = 57230388492.49556
maxcov = 5723038849249.556
