
[data]
trigger-time = 1800301855.6387882
injection-file = /work/shashwat.singh/Prospects-of-LGWs/unlens/injection.hdf

[global]
instruments = E1 E2 E3
mass1_ref = 30.000000002365606
mass2_ref = 30.000000003501604
minchirp = 26.116416901437578
maxchirp = 26.116616901437578
mincov = 143024717537.09552
maxcov = 14302471753709.55
