
[data]
trigger-time = 1934622523.1691196
injection-file = /work/shashwat.singh/Prospects-of-LGWs/unlens/injection.hdf

[global]
instruments = E1 E2 E3
mass1_ref = 30.000000004795403
mass2_ref = 30.000000003455554
minchirp = 26.116416902475162
maxchirp = 26.11661690247516
mincov = 43018037463.21791
maxcov = 4301803746321.7915
