
[data]
trigger-time = 1804953917.0264285
injection-file = /work/shashwat.singh/Prospects-of-LGWs/unlens/injection.hdf

[global]
instruments = E1 E2 E3
mass1_ref = 30.00000000232096
mass2_ref = 30.000000007264173
minchirp = 26.116416903055896
maxchirp = 26.116616903055895
mincov = 7759591575.642843
maxcov = 775959157564.2844
