
[data]
trigger-time = 1896865722.539311
injection-file = /work/shashwat.singh/Prospects-of-LGWs/unlens/injection.hdf

[global]
instruments = E1 E2 E3
mass1_ref = 30.000000004968523
mass2_ref = 30.000000006691003
minchirp = 26.116416903958825
maxchirp = 26.116616903958825
mincov = 78513790752.50656
maxcov = 7851379075250.656
