
[data]
trigger-time = 1420131091.5308833
injection-file = /work/shashwat.singh/Prospects-of-LGWs/unlens/injection.hdf

[global]
instruments = E1 E2 E3
mass1_ref = 30.00000000826205
mass2_ref = 30.000000001020684
minchirp = 26.116416902924268
maxchirp = 26.116616902924267
mincov = 2128068973.695655
maxcov = 212806897369.5655
