
[data]
trigger-time = 1599565247.8158808
injection-file = /work/shashwat.singh/Prospects-of-LGWs/unlens/injection.hdf

[global]
instruments = E1 E2 E3
mass1_ref = 30.00000000478002
mass2_ref = 30.000000008341264
minchirp = 26.116416904595095
maxchirp = 26.116616904595094
mincov = 13613159769.206745
maxcov = 1361315976920.6746
