
[data]
trigger-time = 1657239115.6878726
injection-file = /work/shashwat.singh/Prospects-of-LGWs/unlens/injection.hdf

[global]
instruments = E1 E2 E3
mass1_ref = 30.000000001889283
mass2_ref = 30.000000003100855
minchirp = 26.11641690105581
maxchirp = 26.11661690105581
mincov = 91849979548.41045
maxcov = 9184997954841.045
