
[data]
trigger-time = 1291474471.5240273
injection-file = /work/shashwat.singh/Prospects-of-LGWs/unlens/injection.hdf

[global]
instruments = E1 E2 E3
mass1_ref = 30.0000000094394
mass2_ref = 30.00000000688185
minchirp = 26.11641690598796
maxchirp = 26.11661690598796
mincov = 77956809034.15408
maxcov = 7795680903415.409
