
[data]
trigger-time = 1209738352.5328262
injection-file = /work/shashwat.singh/Prospects-of-LGWs/unlens/injection.hdf

[global]
instruments = E1 E2 E3
mass1_ref = 30.000000007367298
mass2_ref = 30.000000009215338
minchirp = 26.116416906101737
maxchirp = 26.116616906101736
mincov = 22375511790.479057
maxcov = 2237551179047.906
