
[data]
trigger-time = 1215077553.0101402
injection-file = /work/shashwat.singh/Prospects-of-LGWs/unlens/injection.hdf

[global]
instruments = E1 E2 E3
mass1_ref = 30.00000000221957
mass2_ref = 30.000000000914127
minchirp = 26.116416900247742
maxchirp = 26.11661690024774
mincov = 105978409942.69339
maxcov = 10597840994269.338
