
[data]
trigger-time = 1657238930.5389633
injection-file = /work/shashwat.singh/Prospects-of-LGWs/unlens/injection.hdf

[global]
instruments = E1 E2 E3
mass1_ref = 30.000000008810538
mass2_ref = 30.00000000505043
minchirp = 26.11641690491706
maxchirp = 26.11661690491706
mincov = 121007053352.8155
maxcov = 12100705335281.55
