
[data]
trigger-time = 1262147007.0125532
injection-file = /work/shashwat.singh/Prospects-of-LGWs/unlens/injection.hdf

[global]
instruments = E1 E2 E3
mass1_ref = 30.000000009665946
mass2_ref = 30.000000008658954
minchirp = 26.116416906860103
maxchirp = 26.116616906860102
mincov = 15688921392.912832
maxcov = 1568892139291.2832
