
[data]
trigger-time = 1365779657.8625615
injection-file = /work/shashwat.singh/Prospects-of-LGWs/unlens/injection.hdf

[global]
instruments = E1 E2 E3
mass1_ref = 30.000000004842626
mass2_ref = 30.000000009285912
minchirp = 26.116416905033528
maxchirp = 26.116616905033528
mincov = 90808383738.63834
maxcov = 9080838373863.832
