
[data]
trigger-time = 1227652308.9751892
injection-file = /work/shashwat.singh/Prospects-of-LGWs/unlens/injection.hdf

[global]
instruments = E1 E2 E3
mass1_ref = 30.000000003220094
mass2_ref = 30.000000004240764
minchirp = 26.116416902131252
maxchirp = 26.116616902131252
mincov = 11074324007.260622
maxcov = 1107432400726.0623
