
[data]
trigger-time = 1052593101.6595298
injection-file = /work/shashwat.singh/Prospects-of-LGWs/unlens/injection.hdf

[global]
instruments = E1 E2 E3
mass1_ref = 30.00000000327757
mass2_ref = 30.00000000754634
minchirp = 26.116416903595105
maxchirp = 26.116616903595105
mincov = 78430976604.05562
maxcov = 7843097660405.562
