
[data]
trigger-time = 1444898910.5233548
injection-file = /work/shashwat.singh/Prospects-of-LGWs/unlens/injection.hdf

[global]
instruments = E1 E2 E3
mass1_ref = 30.000000000674074
mass2_ref = 30.000000005526996
minchirp = 26.116416901582895
maxchirp = 26.116616901582894
mincov = 24686121699.573967
maxcov = 2468612169957.397
