
[data]
trigger-time = 1884475301.5279284
injection-file = /work/shashwat.singh/Prospects-of-LGWs/unlens/injection.hdf

[global]
instruments = E1 E2 E3
mass1_ref = 30.000000008378485
mass2_ref = 30.000000005161603
minchirp = 26.116416904777388
maxchirp = 26.116616904777388
mincov = 93276883937.37459
maxcov = 9327688393737.459
