
[data]
trigger-time = 1406453581.0963209
injection-file = /work/shashwat.singh/Prospects-of-LGWs/unlens/injection.hdf

[global]
instruments = E1 E2 E3
mass1_ref = 30.00000000743972
mass2_ref = 30.00000000872434
minchirp = 26.11641690591954
maxchirp = 26.11661690591954
mincov = 23170489442.515526
maxcov = 2317048944251.5522
