
[data]
trigger-time = 1317676067.7009242
injection-file = /work/shashwat.singh/Prospects-of-LGWs/unlens/injection.hdf

[global]
instruments = E1 E2 E3
mass1_ref = 30.000000009898944
mass2_ref = 30.00000000041594
minchirp = 26.116416903373537
maxchirp = 26.116616903373536
mincov = 85433772175.79015
maxcov = 8543377217579.015
