
[data]
trigger-time = 1726799567.068385
injection-file = /work/shashwat.singh/Prospects-of-LGWs/unlens/injection.hdf

[global]
instruments = E1 E2 E3
mass1_ref = 30.000000000653046
mass2_ref = 30.00000000892239
minchirp = 26.116416903051675
maxchirp = 26.116616903051675
mincov = 89383518078.94778
maxcov = 8938351807894.777
