
[data]
trigger-time = 1514246091.0167239
injection-file = /work/shashwat.singh/Prospects-of-LGWs/unlens/injection.hdf

[global]
instruments = E1 E2 E3
mass1_ref = 30.000000009765294
mass2_ref = 30.000000006125845
minchirp = 26.116416905800744
maxchirp = 26.116616905800743
mincov = 109981592503.51086
maxcov = 10998159250351.086
