
[data]
trigger-time = 1458340803.208328
injection-file = /work/shashwat.singh/Prospects-of-LGWs/unlens/injection.hdf

[global]
instruments = E1 E2 E3
mass1_ref = 30.000000009316466
mass2_ref = 30.000000007547577
minchirp = 26.116416906224224
maxchirp = 26.116616906224223
mincov = 10130707296.078636
maxcov = 1013070729607.8636
