
[data]
trigger-time = 1166268102.9333682
injection-file = /work/shashwat.singh/Prospects-of-LGWs/unlens/injection.hdf

[global]
instruments = E1 E2 E3
mass1_ref = 30.000000005527877
mass2_ref = 30.00000000529721
minchirp = 26.116416903595617
maxchirp = 26.116616903595617
mincov = 24432120174.869514
maxcov = 2443212017486.9517
