
[data]
trigger-time = 1406917672.4811597
injection-file = /work/shashwat.singh/Prospects-of-LGWs/unlens/injection.hdf

[global]
instruments = E1 E2 E3
mass1_ref = 30.00000000948263
mass2_ref = 30.00000000658606
minchirp = 26.116416905878026
maxchirp = 26.116616905878026
mincov = 114674009607.33289
maxcov = 11467400960733.29
