
[data]
trigger-time = 1345336487.8128119
injection-file = /work/shashwat.singh/Prospects-of-LGWs/unlens/injection.hdf

[global]
instruments = E1 E2 E3
mass1_ref = 30.0000000028099
mass2_ref = 30.000000002003386
minchirp = 26.11641690097883
maxchirp = 26.11661690097883
mincov = 154840594557.88345
maxcov = 15484059455788.344
