
[data]
trigger-time = 1764284448.394312
injection-file = /work/shashwat.singh/Prospects-of-LGWs/unlens/injection.hdf

[global]
instruments = E1 E2 E3
mass1_ref = 30.000000008480082
mass2_ref = 30.00000000941844
minchirp = 26.11641690667451
maxchirp = 26.11661690667451
mincov = 106574555266.12239
maxcov = 10657455526612.238
