
[data]
trigger-time = 1323463884.8467355
injection-file = /work/shashwat.singh/Prospects-of-LGWs/unlens/injection.hdf

[global]
instruments = E1 E2 E3
mass1_ref = 30.00000000575297
mass2_ref = 30.000000001859227
minchirp = 26.116416902197127
maxchirp = 26.116616902197126
mincov = 20298239813.13764
maxcov = 2029823981313.7642
