
[data]
trigger-time = 1652265506.5141706
injection-file = /work/shashwat.singh/Prospects-of-LGWs/unlens/injection.hdf

[global]
instruments = E1 E2 E3
mass1_ref = 30.000000007207046
mass2_ref = 30.00000000020029
minchirp = 26.116416902107954
maxchirp = 26.116616902107953
mincov = 20897697613.601845
maxcov = 2089769761360.1846
