
[data]
trigger-time = 1365145624.2205336
injection-file = /work/shashwat.singh/Prospects-of-LGWs/unlens/injection.hdf

[global]
instruments = E1 E2 E3
mass1_ref = 30.000000002393172
mass2_ref = 30.000000007146088
minchirp = 26.11641690303593
maxchirp = 26.11661690303593
mincov = 2729345401.0496035
maxcov = 272934540104.96033
