
[data]
trigger-time = 1216163833.1897166
injection-file = /work/shashwat.singh/Prospects-of-LGWs/unlens/injection.hdf

[global]
instruments = E1 E2 E3
mass1_ref = 30.00000000766192
mass2_ref = 30.000000008753272
minchirp = 26.116416906028853
maxchirp = 26.116616906028852
mincov = 177286498539.37903
maxcov = 17728649853937.902
