
[data]
trigger-time = 1397279621.3727238
injection-file = /work/shashwat.singh/Prospects-of-LGWs/unlens/injection.hdf

[global]
instruments = E1 E2 E3
mass1_ref = 30.00000000611814
mass2_ref = 30.000000002130754
minchirp = 26.116416902474263
maxchirp = 26.116616902474263
mincov = 52118945573.006165
maxcov = 5211894557300.616
