
[data]
trigger-time = 1829246932.1224089
injection-file = /work/shashwat.singh/Prospects-of-LGWs/unlens/injection.hdf

[global]
instruments = E1 E2 E3
mass1_ref = 30.000000004000327
mass2_ref = 30.00000000171451
minchirp = 26.116416901371252
maxchirp = 26.116616901371252
mincov = 92179490079.6609
maxcov = 9217949007966.09
