
[data]
trigger-time = 1386990417.2213569
injection-file = /work/shashwat.singh/Prospects-of-LGWs/unlens/injection.hdf

[global]
instruments = E1 E2 E3
mass1_ref = 30.000000000253667
mass2_ref = 30.000000000431246
minchirp = 26.11641689918185
maxchirp = 26.11661689918185
mincov = 155930155874.86545
maxcov = 15593015587486.545
