
[data]
trigger-time = 1832308067.2338
injection-file = /work/shashwat.singh/Prospects-of-LGWs/unlens/injection.hdf

[global]
instruments = E1 E2 E3
mass1_ref = 30.000000002686928
mass2_ref = 30.000000004584408
minchirp = 26.11641690204876
maxchirp = 26.116616902048758
mincov = 60043000537.48977
maxcov = 6004300053748.977
