
[data]
trigger-time = 1861413493.97566
injection-file = /work/shashwat.singh/Prospects-of-LGWs/unlens/injection.hdf

[global]
instruments = E1 E2 E3
mass1_ref = 30.000000008402896
mass2_ref = 30.000000009255146
minchirp = 26.11641690656983
maxchirp = 26.11661690656983
mincov = 56241425375.74424
maxcov = 5624142537574.424
