
[data]
trigger-time = 1741504486.3234587
injection-file = /work/shashwat.singh/Prospects-of-LGWs/unlens/injection.hdf

[global]
instruments = E1 E2 E3
mass1_ref = 30.000000006852872
mass2_ref = 30.000000009709165
minchirp = 26.11641690609277
maxchirp = 26.11661690609277
mincov = 5365421741.191987
maxcov = 536542174119.19867
