
[data]
trigger-time = 1803205800.1405606
injection-file = /work/shashwat.singh/Prospects-of-LGWs/unlens/injection.hdf

[global]
instruments = E1 E2 E3
mass1_ref = 30.00000000726425
mass2_ref = 30.000000001907697
minchirp = 26.116416902876047
maxchirp = 26.116616902876046
mincov = 116381865661.73515
maxcov = 11638186566173.516
