
[data]
trigger-time = 1591319960.9770536
injection-file = /work/shashwat.singh/Prospects-of-LGWs/unlens/injection.hdf

[global]
instruments = E1 E2 E3
mass1_ref = 30.00000000338143
mass2_ref = 30.0000000007474
minchirp = 26.1164169006809
maxchirp = 26.1166169006809
mincov = 103462412983.72682
maxcov = 10346241298372.682
