
[data]
trigger-time = 1023565674.0804497
injection-file = /work/shashwat.singh/Prospects-of-LGWs/unlens/injection.hdf

[global]
instruments = E1 E2 E3
mass1_ref = 30.00000000323657
mass2_ref = 30.00000000401249
minchirp = 26.116416902039063
maxchirp = 26.116616902039063
mincov = 1114809677.882785
maxcov = 111480967788.2785
