
[data]
trigger-time = 1912845503.3309586
injection-file = /work/shashwat.singh/Prospects-of-LGWs/unlens/injection.hdf

[global]
instruments = E1 E2 E3
mass1_ref = 30.000000005643667
mass2_ref = 30.00000000405321
minchirp = 26.116416903104536
maxchirp = 26.116616903104536
mincov = 85055649021.69669
maxcov = 8505564902169.669
