
[data]
trigger-time = 1064473387.3482492
injection-file = /work/shashwat.singh/Prospects-of-LGWs/unlens/injection.hdf

[global]
instruments = E1 E2 E3
mass1_ref = 30.000000007909428
mass2_ref = 30.000000005321397
minchirp = 26.116416904642776
maxchirp = 26.116616904642775
mincov = 58189177858.363235
maxcov = 5818917785836.323
