
[data]
trigger-time = 1165263704.5172827
injection-file = /work/shashwat.singh/Prospects-of-LGWs/unlens/injection.hdf

[global]
instruments = E1 E2 E3
mass1_ref = 30.000000006471584
mass2_ref = 30.00000000732368
minchirp = 26.11641690488846
maxchirp = 26.11661690488846
mincov = 2757288872.6338143
maxcov = 275728887263.3814
