
[data]
trigger-time = 1895517989.7096753
injection-file = /work/shashwat.singh/Prospects-of-LGWs/unlens/injection.hdf

[global]
instruments = E1 E2 E3
mass1_ref = 30.000000004619512
mass2_ref = 30.000000004173714
minchirp = 26.1164169027112
maxchirp = 26.1166169027112
mincov = 109506140849.31982
maxcov = 10950614084931.982
