
[data]
trigger-time = 1589344663.0374393
injection-file = /work/shashwat.singh/Prospects-of-LGWs/unlens/injection.hdf

[global]
instruments = E1 E2 E3
mass1_ref = 30.000000009324484
mass2_ref = 30.000000005223665
minchirp = 26.116416905216173
maxchirp = 26.116616905216173
mincov = 45788262303.69599
maxcov = 4578826230369.599
