
[data]
trigger-time = 1796854176.8081052
injection-file = /work/shashwat.singh/Prospects-of-LGWs/unlens/injection.hdf

[global]
instruments = E1 E2 E3
mass1_ref = 30.000000005990557
mass2_ref = 30.00000000660155
minchirp = 26.11641690436476
maxchirp = 26.116616904364758
mincov = 119732039707.94148
maxcov = 11973203970794.148
