
[data]
trigger-time = 1703296530.4294033
injection-file = /work/shashwat.singh/Prospects-of-LGWs/unlens/injection.hdf

[global]
instruments = E1 E2 E3
mass1_ref = 30.00000000939124
mass2_ref = 30.000000006395055
minchirp = 26.11641690575511
maxchirp = 26.11661690575511
mincov = 85673474.53303364
maxcov = 8567347453.303365
