
[data]
trigger-time = 1154864580.28546
injection-file = /work/shashwat.singh/Prospects-of-LGWs/unlens/injection.hdf

[global]
instruments = E1 E2 E3
mass1_ref = 30.000000000285826
mass2_ref = 30.000000008285323
minchirp = 26.11641690261453
maxchirp = 26.11661690261453
mincov = 93370250491.92557
maxcov = 9337025049192.557
