
[data]
trigger-time = 1268204858.336854
injection-file = /work/shashwat.singh/Prospects-of-LGWs/unlens/injection.hdf

[global]
instruments = E1 E2 E3
mass1_ref = 30.00000000606367
mass2_ref = 30.00000000308933
minchirp = 26.116416902867797
maxchirp = 26.116616902867797
mincov = 162718775337.94165
maxcov = 16271877533794.164
