
[data]
trigger-time = 1489652820.45935
injection-file = /work/shashwat.singh/Prospects-of-LGWs/unlens/injection.hdf

[global]
instruments = E1 E2 E3
mass1_ref = 30.00000000158822
mass2_ref = 30.000000005991375
minchirp = 26.116416902182934
maxchirp = 26.116616902182933
mincov = 87539919600.39146
maxcov = 8753991960039.146
