
[data]
trigger-time = 1828355685.9175332
injection-file = /work/shashwat.singh/Prospects-of-LGWs/unlens/injection.hdf

[global]
instruments = E1 E2 E3
mass1_ref = 30.00000000964823
mass2_ref = 30.00000000056546
minchirp = 26.11641690332949
maxchirp = 26.11661690332949
mincov = 2381717083.6268806
maxcov = 238171708362.68805
