
[data]
trigger-time = 1573155437.1058984
injection-file = /work/shashwat.singh/Prospects-of-LGWs/unlens/injection.hdf

[global]
instruments = E1 E2 E3
mass1_ref = 30.000000003002683
mass2_ref = 30.000000007422635
minchirp = 26.11641690342161
maxchirp = 26.11661690342161
mincov = 48122264105.86665
maxcov = 4812226410586.666
