
[data]
trigger-time = 1634029764.077828
injection-file = /work/shashwat.singh/Prospects-of-LGWs/unlens/injection.hdf

[global]
instruments = E1 E2 E3
mass1_ref = 30.00000000978154
mass2_ref = 30.000000003825374
minchirp = 26.116416904806478
maxchirp = 26.116616904806477
mincov = 25647864890.60968
maxcov = 2564786489060.968
