
[data]
trigger-time = 1206429285.8700488
injection-file = /work/shashwat.singh/Prospects-of-LGWs/unlens/injection.hdf

[global]
instruments = E1 E2 E3
mass1_ref = 30.000000008734556
mass2_ref = 30.00000000727728
minchirp = 26.11641690585328
maxchirp = 26.11661690585328
mincov = 66703561480.15399
maxcov = 6670356148015.399
