
[data]
trigger-time = 1062268134.6778698
injection-file = /work/shashwat.singh/Prospects-of-LGWs/unlens/injection.hdf

[global]
instruments = E1 E2 E3
mass1_ref = 30.00000000140348
mass2_ref = 30.000000009809117
minchirp = 26.116416903764293
maxchirp = 26.116616903764292
mincov = 37820086656.5653
maxcov = 3782008665656.5303
