
[data]
trigger-time = 1121559415.5507064
injection-file = /work/shashwat.singh/Prospects-of-LGWs/unlens/injection.hdf

[global]
instruments = E1 E2 E3
mass1_ref = 30.000000005742976
mass2_ref = 30.000000002094097
minchirp = 26.116416902295008
maxchirp = 26.116616902295007
mincov = 135125637280.66414
maxcov = 13512563728066.414
