
[data]
trigger-time = 1504024102.6687787
injection-file = /work/shashwat.singh/Prospects-of-LGWs/unlens/injection.hdf

[global]
instruments = E1 E2 E3
mass1_ref = 30.00000000100645
mass2_ref = 30.000000008310618
minchirp = 26.11641690293921
maxchirp = 26.11661690293921
mincov = 111394746758.6054
maxcov = 11139474675860.54
