
[data]
trigger-time = 1179604244.3162766
injection-file = /work/shashwat.singh/Prospects-of-LGWs/unlens/injection.hdf

[global]
instruments = E1 E2 E3
mass1_ref = 30.000000003301604
mass2_ref = 30.000000009805213
minchirp = 26.116416904588796
maxchirp = 26.116616904588795
mincov = 167024965091.28766
maxcov = 16702496509128.766
