
[data]
trigger-time = 1719186101.3244429
injection-file = /work/shashwat.singh/Prospects-of-LGWs/unlens/injection.hdf

[global]
instruments = E1 E2 E3
mass1_ref = 30.000000003551644
mass2_ref = 30.000000003936677
minchirp = 26.116416902143207
maxchirp = 26.116616902143207
mincov = 77611561757.37364
maxcov = 7761156175737.364
