
[data]
trigger-time = 1681232990.5606496
injection-file = /work/shashwat.singh/Prospects-of-LGWs/unlens/injection.hdf

[global]
instruments = E1 E2 E3
mass1_ref = 30.000000009786305
mass2_ref = 30.000000009150785
minchirp = 26.116416907126574
maxchirp = 26.116616907126573
mincov = 134645278672.4302
maxcov = 13464527867243.02
