
[data]
trigger-time = 1655408561.7770886
injection-file = /work/shashwat.singh/Prospects-of-LGWs/unlens/injection.hdf

[global]
instruments = E1 E2 E3
mass1_ref = 30.000000001312277
mass2_ref = 30.00000000303522
minchirp = 26.116416900776084
maxchirp = 26.116616900776084
mincov = 63284851269.66693
maxcov = 6328485126966.693
