
[data]
trigger-time = 1050451036.0993196
injection-file = /work/shashwat.singh/Prospects-of-LGWs/unlens/injection.hdf

[global]
instruments = E1 E2 E3
mass1_ref = 30.000000007100926
mass2_ref = 30.0000000035261
minchirp = 26.116416903509407
maxchirp = 26.116616903509406
mincov = 121392398532.0499
maxcov = 12139239853204.99
