
[data]
trigger-time = 1063804327.6316899
injection-file = /work/shashwat.singh/Prospects-of-LGWs/unlens/injection.hdf

[global]
instruments = E1 E2 E3
mass1_ref = 30.000000000556188
mass2_ref = 30.000000002031737
minchirp = 26.116416900010183
maxchirp = 26.116616900010182
mincov = 781270946.7351935
maxcov = 78127094673.51935
