
[data]
trigger-time = 1737534403.607356
injection-file = /work/shashwat.singh/Prospects-of-LGWs/unlens/injection.hdf

[global]
instruments = E1 E2 E3
mass1_ref = 30.000000005884353
mass2_ref = 30.000000000857938
minchirp = 26.116416901818475
maxchirp = 26.116616901818475
mincov = 57623281343.341576
maxcov = 5762328134334.158
