
[data]
trigger-time = 1578573318.180354
injection-file = /work/shashwat.singh/Prospects-of-LGWs/unlens/injection.hdf

[global]
instruments = E1 E2 E3
mass1_ref = 30.000000006770698
mass2_ref = 30.00000000439848
minchirp = 26.116416903745392
maxchirp = 26.116616903745392
mincov = 93346130031.77103
maxcov = 9334613003177.104
