
[data]
trigger-time = 1575525150.1407504
injection-file = /work/shashwat.singh/Prospects-of-LGWs/unlens/injection.hdf

[global]
instruments = E1 E2 E3
mass1_ref = 30.000000005709577
mass2_ref = 30.00000000561998
minchirp = 26.116416903815203
maxchirp = 26.116616903815203
mincov = 170563310378.6906
maxcov = 17056331037869.06
