
[data]
trigger-time = 1450083469.5710664
injection-file = /work/shashwat.singh/Prospects-of-LGWs/unlens/injection.hdf

[global]
instruments = E1 E2 E3
mass1_ref = 30.00000000335698
mass2_ref = 30.000000003364065
minchirp = 26.116416901809227
maxchirp = 26.116616901809227
mincov = 112713980321.15884
maxcov = 11271398032115.883
