
[data]
trigger-time = 1972761397.0804484
injection-file = /work/shashwat.singh/Prospects-of-LGWs/unlens/injection.hdf

[global]
instruments = E1 E2 E3
mass1_ref = 30.000000000117733
mass2_ref = 30.000000008587236
minchirp = 26.116416902672782
maxchirp = 26.11661690267278
mincov = 20409429633.723167
maxcov = 2040942963372.317
