
[data]
trigger-time = 1857039139.7790494
injection-file = /work/shashwat.singh/Prospects-of-LGWs/unlens/injection.hdf

[global]
instruments = E1 E2 E3
mass1_ref = 30.000000005348685
mass2_ref = 30.00000000871286
minchirp = 26.116416905004368
maxchirp = 26.116616905004367
mincov = 5098561264.380946
maxcov = 509856126438.0946
