
[data]
trigger-time = 1435603018.5662577
injection-file = /work/shashwat.singh/Prospects-of-LGWs/unlens/injection.hdf

[global]
instruments = E1 E2 E3
mass1_ref = 30.00000000671739
mass2_ref = 30.00000000597874
minchirp = 26.116416904410038
maxchirp = 26.116616904410037
mincov = 157264321550.9718
maxcov = 15726432155097.18
