
[data]
trigger-time = 1953837730.4299226
injection-file = /work/shashwat.singh/Prospects-of-LGWs/unlens/injection.hdf

[global]
instruments = E1 E2 E3
mass1_ref = 30.00000000611672
mass2_ref = 30.00000000587817
minchirp = 26.116416904104803
maxchirp = 26.116616904104802
mincov = 81027407873.66138
maxcov = 8102740787366.138
