
[data]
trigger-time = 1482295094.9868221
injection-file = /work/shashwat.singh/Prospects-of-LGWs/unlens/injection.hdf

[global]
instruments = E1 E2 E3
mass1_ref = 30.00000000193608
mass2_ref = 30.00000000258834
minchirp = 26.116416900853093
maxchirp = 26.116616900853092
mincov = 78154965571.73465
maxcov = 7815496557173.465
