
[data]
trigger-time = 1719594819.8788042
injection-file = /work/shashwat.singh/Prospects-of-LGWs/unlens/injection.hdf

[global]
instruments = E1 E2 E3
mass1_ref = 30.00000000431035
mass2_ref = 30.00000000085471
minchirp = 26.11641690113195
maxchirp = 26.11661690113195
mincov = 26861899392.93168
maxcov = 2686189939293.168
