
[data]
trigger-time = 1746413235.1312327
injection-file = /work/shashwat.singh/Prospects-of-LGWs/unlens/injection.hdf

[global]
instruments = E1 E2 E3
mass1_ref = 30.000000006109953
mass2_ref = 30.000000001471818
minchirp = 26.116416902183882
maxchirp = 26.116616902183882
mincov = 29619649982.4003
maxcov = 2961964998240.03
