
[data]
trigger-time = 1176343284.4835851
injection-file = /work/shashwat.singh/Prospects-of-LGWs/unlens/injection.hdf

[global]
instruments = E1 E2 E3
mass1_ref = 30.00000000185498
mass2_ref = 30.000000005683425
minchirp = 26.116416902165003
maxchirp = 26.116616902165003
mincov = 22921428069.908123
maxcov = 2292142806990.8125
