
[data]
trigger-time = 1631797412.711332
injection-file = /work/shashwat.singh/Prospects-of-LGWs/unlens/injection.hdf

[global]
instruments = E1 E2 E3
mass1_ref = 30.000000003215817
mass2_ref = 30.00000000691279
minchirp = 26.116416903292457
maxchirp = 26.116616903292456
mincov = 14017338920.733826
maxcov = 1401733892073.3826
