
[data]
trigger-time = 1573417092.9784036
injection-file = /work/shashwat.singh/Prospects-of-LGWs/unlens/injection.hdf

[global]
instruments = E1 E2 E3
mass1_ref = 30.000000005547594
mass2_ref = 30.000000005830447
minchirp = 26.116416903836303
maxchirp = 26.116616903836302
mincov = 57764087479.05194
maxcov = 5776408747905.194
