
[data]
trigger-time = 1350527736.7941163
injection-file = /work/shashwat.singh/Prospects-of-LGWs/unlens/injection.hdf

[global]
instruments = E1 E2 E3
mass1_ref = 30.00000000409285
mass2_ref = 30.000000008372922
minchirp = 26.11641690430977
maxchirp = 26.11661690430977
mincov = 51644472582.04295
maxcov = 5164447258204.296
