
[data]
trigger-time = 1508758196.3021288
injection-file = /work/shashwat.singh/Prospects-of-LGWs/unlens/injection.hdf

[global]
instruments = E1 E2 E3
mass1_ref = 30.00000000935324
mass2_ref = 30.00000000288267
minchirp = 26.11641690420971
maxchirp = 26.11661690420971
mincov = 26157157025.210716
maxcov = 2615715702521.0713
