
[data]
trigger-time = 1110310001.9433377
injection-file = /work/shashwat.singh/Prospects-of-LGWs/unlens/injection.hdf

[global]
instruments = E1 E2 E3
mass1_ref = 30.000000002661086
mass2_ref = 30.00000000329826
minchirp = 26.11641690147768
maxchirp = 26.11661690147768
mincov = 100304046312.05586
maxcov = 10030404631205.586
