
[data]
trigger-time = 1478033321.0865836
injection-file = /work/shashwat.singh/Prospects-of-LGWs/unlens/injection.hdf

[global]
instruments = E1 E2 E3
mass1_ref = 30.000000008389947
mass2_ref = 30.000000003461665
minchirp = 26.11641690404244
maxchirp = 26.116616904042438
mincov = 27923474207.693
maxcov = 2792347420769.3
