
[data]
trigger-time = 1123570518.3330247
injection-file = /work/shashwat.singh/Prospects-of-LGWs/unlens/injection.hdf

[global]
instruments = E1 E2 E3
mass1_ref = 30.000000006027808
mass2_ref = 30.000000005110312
minchirp = 26.11641690373187
maxchirp = 26.11661690373187
mincov = 83311147092.77205
maxcov = 8331114709277.205
