
[data]
trigger-time = 1674415333.3592792
injection-file = /work/shashwat.singh/Prospects-of-LGWs/unlens/injection.hdf

[global]
instruments = E1 E2 E3
mass1_ref = 30.00000000414841
mass2_ref = 30.000000008308028
minchirp = 26.116416904305705
maxchirp = 26.116616904305705
mincov = 2368861064.254688
maxcov = 236886106425.46878
