
[data]
trigger-time = 1597111167.2629576
injection-file = /work/shashwat.singh/Prospects-of-LGWs/unlens/injection.hdf

[global]
instruments = E1 E2 E3
mass1_ref = 30.00000000692659
mass2_ref = 30.00000000969634
minchirp = 26.116416906119277
maxchirp = 26.116616906119276
mincov = 145723977895.3869
maxcov = 14572397789538.691
