
[data]
trigger-time = 1536653562.3824325
injection-file = /work/shashwat.singh/Prospects-of-LGWs/unlens/injection.hdf

[global]
instruments = E1 E2 E3
mass1_ref = 30.00000000053376
mass2_ref = 30.000000006125923
minchirp = 26.116416901782518
maxchirp = 26.116616901782518
mincov = 123837565030.21793
maxcov = 12383756503021.793
