
[data]
trigger-time = 1478368463.3152022
injection-file = /work/shashwat.singh/Prospects-of-LGWs/unlens/injection.hdf

[global]
instruments = E1 E2 E3
mass1_ref = 30.000000004517037
mass2_ref = 30.000000009579615
minchirp = 26.11641690501965
maxchirp = 26.11661690501965
mincov = 175614518280.93707
maxcov = 17561451828093.707
