
[data]
trigger-time = 1954772683.6695552
injection-file = /work/shashwat.singh/Prospects-of-LGWs/unlens/injection.hdf

[global]
instruments = E1 E2 E3
mass1_ref = 30.00000000159703
mass2_ref = 30.00000000105438
minchirp = 26.11641690003782
maxchirp = 26.11661690003782
mincov = 53118544477.13452
maxcov = 5311854447713.452
