
[data]
trigger-time = 1684250570.9714928
injection-file = /work/shashwat.singh/Prospects-of-LGWs/unlens/injection.hdf

[global]
instruments = E1 E2 E3
mass1_ref = 30.000000003687664
mass2_ref = 30.000000000008612
minchirp = 26.11641690049262
maxchirp = 26.11661690049262
mincov = 38699482827.34276
maxcov = 3869948282734.2764
