
[data]
trigger-time = 1860659859.5593271
injection-file = /work/shashwat.singh/Prospects-of-LGWs/unlens/injection.hdf

[global]
instruments = E1 E2 E3
mass1_ref = 30.000000008776283
mass2_ref = 30.000000009866962
minchirp = 26.11641690699867
maxchirp = 26.11661690699867
mincov = 20164235258.60749
maxcov = 2016423525860.749
