
[data]
trigger-time = 1272055151.136567
injection-file = /work/shashwat.singh/Prospects-of-LGWs/unlens/injection.hdf

[global]
instruments = E1 E2 E3
mass1_ref = 30.000000003365173
mass2_ref = 30.00000000583118
minchirp = 26.11641690288667
maxchirp = 26.11661690288667
mincov = 158162317987.16583
maxcov = 15816231798716.582
