
[data]
trigger-time = 1737322626.2850747
injection-file = /work/shashwat.singh/Prospects-of-LGWs/unlens/injection.hdf

[global]
instruments = E1 E2 E3
mass1_ref = 30.000000005341366
mass2_ref = 30.000000004675968
minchirp = 26.116416903244023
maxchirp = 26.116616903244022
mincov = 45333849693.29132
maxcov = 4533384969329.132
