
[data]
trigger-time = 1029057766.4609466
injection-file = /work/shashwat.singh/Prospects-of-LGWs/unlens/injection.hdf

[global]
instruments = E1 E2 E3
mass1_ref = 30.000000008742713
mass2_ref = 30.000000006345694
minchirp = 26.116416905451338
maxchirp = 26.116616905451338
mincov = 97768610707.58095
maxcov = 9776861070758.094
