
[data]
trigger-time = 1122049574.9945998
injection-file = /work/shashwat.singh/Prospects-of-LGWs/unlens/injection.hdf

[global]
instruments = E1 E2 E3
mass1_ref = 30.000000008896993
mass2_ref = 30.00000000118444
minchirp = 26.116416903271922
maxchirp = 26.11661690327192
mincov = 9589637327.199957
maxcov = 958963732719.9957
