
[data]
trigger-time = 1799204909.3430715
injection-file = /work/shashwat.singh/Prospects-of-LGWs/unlens/injection.hdf

[global]
instruments = E1 E2 E3
mass1_ref = 30.000000000949704
mass2_ref = 30.000000005377355
minchirp = 26.116416901637738
maxchirp = 26.116616901637737
mincov = 64714915494.41609
maxcov = 6471491549441.609
