
[data]
trigger-time = 1823216301.2013745
injection-file = /work/shashwat.singh/Prospects-of-LGWs/unlens/injection.hdf

[global]
instruments = E1 E2 E3
mass1_ref = 30.000000004030795
mass2_ref = 30.000000003570143
minchirp = 26.116416902192224
maxchirp = 26.116616902192224
mincov = 8642712819.919739
maxcov = 864271281991.9739
