
[data]
trigger-time = 1513385922.6855066
injection-file = /work/shashwat.singh/Prospects-of-LGWs/unlens/injection.hdf

[global]
instruments = E1 E2 E3
mass1_ref = 30.000000005741292
mass2_ref = 30.000000000635428
minchirp = 26.116416901659353
maxchirp = 26.116616901659352
mincov = 55304348951.98633
maxcov = 5530434895198.633
