
[data]
trigger-time = 1387157831.021143
injection-file = /work/shashwat.singh/Prospects-of-LGWs/unlens/injection.hdf

[global]
instruments = E1 E2 E3
mass1_ref = 30.000000002564114
mass2_ref = 30.000000006650342
minchirp = 26.11641690289455
maxchirp = 26.11661690289455
mincov = 23122957891.091087
maxcov = 2312295789109.1084
