
[data]
trigger-time = 1704696509.3233128
injection-file = /work/shashwat.singh/Prospects-of-LGWs/unlens/injection.hdf

[global]
instruments = E1 E2 E3
mass1_ref = 30.00000000480449
mass2_ref = 30.00000000694015
minchirp = 26.116416903995876
maxchirp = 26.116616903995876
mincov = 134037116724.19043
maxcov = 13403711672419.043
