
[data]
trigger-time = 1437226683.6043544
injection-file = /work/shashwat.singh/Prospects-of-LGWs/unlens/injection.hdf

[global]
instruments = E1 E2 E3
mass1_ref = 30.00000000794206
mass2_ref = 30.000000007716466
minchirp = 26.116416905699495
maxchirp = 26.116616905699495
mincov = 48357885707.108025
maxcov = 4835788570710.803
