
[data]
trigger-time = 1791804111.9386072
injection-file = /work/shashwat.singh/Prospects-of-LGWs/unlens/injection.hdf

[global]
instruments = E1 E2 E3
mass1_ref = 30.00000000282919
mass2_ref = 30.000000003092747
minchirp = 26.1164169014614
maxchirp = 26.1166169014614
mincov = 120863589172.68033
maxcov = 12086358917268.031
