
[data]
trigger-time = 1652469570.2800596
injection-file = /work/shashwat.singh/Prospects-of-LGWs/unlens/injection.hdf

[global]
instruments = E1 E2 E3
mass1_ref = 30.0000000084739
mass2_ref = 30.000000001216943
minchirp = 26.116416903101907
maxchirp = 26.116616903101907
mincov = 98973397975.35349
maxcov = 9897339797535.348
