
[data]
trigger-time = 1583206875.795456
injection-file = /work/shashwat.singh/Prospects-of-LGWs/unlens/injection.hdf

[global]
instruments = E1 E2 E3
mass1_ref = 30.00000000524083
mass2_ref = 30.000000005596206
minchirp = 26.116416903600822
maxchirp = 26.11661690360082
mincov = 22940452702.788597
maxcov = 2294045270278.86
