
[data]
trigger-time = 1055793514.8320779
injection-file = /work/shashwat.singh/Prospects-of-LGWs/unlens/injection.hdf

[global]
instruments = E1 E2 E3
mass1_ref = 30.00000000767896
mass2_ref = 30.000000009178123
minchirp = 26.116416906221197
maxchirp = 26.116616906221196
mincov = 33061292762.089813
maxcov = 3306129276208.9814
