
[data]
trigger-time = 1352312506.238824
injection-file = /work/shashwat.singh/Prospects-of-LGWs/unlens/injection.hdf

[global]
instruments = E1 E2 E3
mass1_ref = 30.000000008724545
mass2_ref = 30.000000004844708
minchirp = 26.116416904790086
maxchirp = 26.116616904790085
mincov = 145065145037.2748
maxcov = 14506514503727.48
