
[data]
trigger-time = 1827787953.957088
injection-file = /work/shashwat.singh/Prospects-of-LGWs/unlens/injection.hdf

[global]
instruments = E1 E2 E3
mass1_ref = 30.00000000052636
mass2_ref = 30.0000000074835
minchirp = 26.11641690237022
maxchirp = 26.116616902370218
mincov = 837221882.4123576
maxcov = 83722188241.23575
