
[data]
trigger-time = 1572721950.3972902
injection-file = /work/shashwat.singh/Prospects-of-LGWs/unlens/injection.hdf

[global]
instruments = E1 E2 E3
mass1_ref = 30.00000000176621
mass2_ref = 30.00000000452372
minchirp = 26.116416901621577
maxchirp = 26.116616901621576
mincov = 88968285743.71555
maxcov = 8896828574371.555
