
[data]
trigger-time = 1019870641.6193492
injection-file = /work/shashwat.singh/Prospects-of-LGWs/unlens/injection.hdf

[global]
instruments = E1 E2 E3
mass1_ref = 30.00000000898558
mass2_ref = 30.00000000779678
minchirp = 26.116416906188668
maxchirp = 26.116616906188668
mincov = 131787096384.95303
maxcov = 13178709638495.303
