
[data]
trigger-time = 1139618533.4798138
injection-file = /work/shashwat.singh/Prospects-of-LGWs/unlens/injection.hdf

[global]
instruments = E1 E2 E3
mass1_ref = 30.00000000892845
mass2_ref = 30.00000000006442
minchirp = 26.116416902798097
maxchirp = 26.116616902798096
mincov = 90910736650.05554
maxcov = 9091073665005.555
