
[data]
trigger-time = 1523145863.056285
injection-file = /work/shashwat.singh/Prospects-of-LGWs/unlens/injection.hdf

[global]
instruments = E1 E2 E3
mass1_ref = 30.000000004698972
mass2_ref = 30.000000004999233
minchirp = 26.11641690310511
maxchirp = 26.11661690310511
mincov = 106675633129.73206
maxcov = 10667563312973.205
