
[data]
trigger-time = 1675659563.6534553
injection-file = /work/shashwat.singh/Prospects-of-LGWs/unlens/injection.hdf

[global]
instruments = E1 E2 E3
mass1_ref = 30.00000000771918
mass2_ref = 30.00000000076396
minchirp = 26.116416902576226
maxchirp = 26.116616902576226
mincov = 130705444390.39522
maxcov = 13070544439039.521
