
[data]
trigger-time = 1234331896.0120096
injection-file = /work/shashwat.singh/Prospects-of-LGWs/unlens/injection.hdf

[global]
instruments = E1 E2 E3
mass1_ref = 30.000000009295633
mass2_ref = 30.00000000734157
minchirp = 26.116416906125487
maxchirp = 26.116616906125486
mincov = 69272006357.75244
maxcov = 6927200635775.244
