
[data]
trigger-time = 1993650435.3227491
injection-file = /work/shashwat.singh/Prospects-of-LGWs/unlens/injection.hdf

[global]
instruments = E1 E2 E3
mass1_ref = 30.000000003962956
mass2_ref = 30.00000000520015
minchirp = 26.1164169028722
maxchirp = 26.1166169028722
mincov = 3168147380.316087
maxcov = 316814738031.6087
