
[data]
trigger-time = 1110497307.583419
injection-file = /work/shashwat.singh/Prospects-of-LGWs/unlens/injection.hdf

[global]
instruments = E1 E2 E3
mass1_ref = 30.000000003327667
mass2_ref = 30.000000001493746
minchirp = 26.11641690098237
maxchirp = 26.11661690098237
mincov = 39018675033.07408
maxcov = 3901867503307.408
