
[data]
trigger-time = 1212926647.042205
injection-file = /work/shashwat.singh/Prospects-of-LGWs/unlens/injection.hdf

[global]
instruments = E1 E2 E3
mass1_ref = 30.00000000786086
mass2_ref = 30.000000005257533
minchirp = 26.116416904593837
maxchirp = 26.116616904593837
mincov = 96313026561.10362
maxcov = 9631302656110.363
