
[data]
trigger-time = 1347534893.3228223
injection-file = /work/shashwat.singh/Prospects-of-LGWs/unlens/injection.hdf

[global]
instruments = E1 E2 E3
mass1_ref = 30.00000000625853
mass2_ref = 30.000000009527525
minchirp = 26.116416905755003
maxchirp = 26.116616905755002
mincov = 13316099193.887308
maxcov = 1331609919388.7307
