
[data]
trigger-time = 1385282131.9702873
injection-file = /work/shashwat.singh/Prospects-of-LGWs/unlens/injection.hdf

[global]
instruments = E1 E2 E3
mass1_ref = 30.000000009098034
mass2_ref = 30.000000004573693
minchirp = 26.116416904834686
maxchirp = 26.116616904834686
mincov = 21733939183.524082
maxcov = 2173393918352.4082
