
[data]
trigger-time = 1107383838.9979327
injection-file = /work/shashwat.singh/Prospects-of-LGWs/unlens/injection.hdf

[global]
instruments = E1 E2 E3
mass1_ref = 30.000000007871055
mass2_ref = 30.00000000459103
minchirp = 26.116416904308164
maxchirp = 26.116616904308163
mincov = 9251149148.715807
maxcov = 925114914871.5807
