
[data]
trigger-time = 1305776351.1238103
injection-file = /work/shashwat.singh/Prospects-of-LGWs/unlens/injection.hdf

[global]
instruments = E1 E2 E3
mass1_ref = 30.000000009847966
mass2_ref = 30.00000000223093
minchirp = 26.11641690414137
maxchirp = 26.11661690414137
mincov = 178917318256.28976
maxcov = 17891731825628.977
