
[data]
trigger-time = 1849638291.6780577
injection-file = /work/shashwat.singh/Prospects-of-LGWs/unlens/injection.hdf

[global]
instruments = E1 E2 E3
mass1_ref = 30.000000003874735
mass2_ref = 30.0000000008589
minchirp = 26.11641690094416
maxchirp = 26.11661690094416
mincov = 29219260783.3784
maxcov = 2921926078337.84
