
[data]
trigger-time = 1997183703.873798
injection-file = /work/shashwat.singh/Prospects-of-LGWs/unlens/injection.hdf

[global]
instruments = E1 E2 E3
mass1_ref = 30.000000003761933
mass2_ref = 30.000000001805056
minchirp = 26.116416901306895
maxchirp = 26.116616901306895
mincov = 135302137244.82019
maxcov = 13530213724482.02
