
[data]
trigger-time = 1941410552.72509
injection-file = /work/shashwat.singh/Prospects-of-LGWs/unlens/injection.hdf

[global]
instruments = E1 E2 E3
mass1_ref = 30.0000000012381
mass2_ref = 30.000000008962193
minchirp = 26.11641690332366
maxchirp = 26.11661690332366
mincov = 289425705.25242937
maxcov = 28942570525.242935
