
[data]
trigger-time = 1775546941.7798164
injection-file = /work/shashwat.singh/Prospects-of-LGWs/unlens/injection.hdf

[global]
instruments = E1 E2 E3
mass1_ref = 30.00000000044341
mass2_ref = 30.00000000335817
minchirp = 26.116416900538457
maxchirp = 26.116616900538457
mincov = 108523315994.78983
maxcov = 10852331599478.982
