
[data]
trigger-time = 1424688846.1940908
injection-file = /work/shashwat.singh/Prospects-of-LGWs/unlens/injection.hdf

[global]
instruments = E1 E2 E3
mass1_ref = 30.00000000077756
mass2_ref = 30.00000000653176
minchirp = 26.116416902065293
maxchirp = 26.116616902065292
mincov = 60259936469.30841
maxcov = 6025993646930.841
