
[data]
trigger-time = 1973242556.4278321
injection-file = /work/shashwat.singh/Prospects-of-LGWs/unlens/injection.hdf

[global]
instruments = E1 E2 E3
mass1_ref = 30.00000000444751
mass2_ref = 30.00000000508815
minchirp = 26.116416903034363
maxchirp = 26.116616903034362
mincov = 688196161.7085843
maxcov = 68819616170.85843
