
[data]
trigger-time = 1462142647.0484607
injection-file = /work/shashwat.singh/Prospects-of-LGWs/unlens/injection.hdf

[global]
instruments = E1 E2 E3
mass1_ref = 30.000000009788334
mass2_ref = 30.000000004309936
minchirp = 26.11641690502035
maxchirp = 26.11661690502035
mincov = 50750004608.75292
maxcov = 5075000460875.292
