
[data]
trigger-time = 1820023911.2680707
injection-file = /work/shashwat.singh/Prospects-of-LGWs/unlens/injection.hdf

[global]
instruments = E1 E2 E3
mass1_ref = 30.00000000914509
mass2_ref = 30.000000002640615
minchirp = 26.11641690401375
maxchirp = 26.11661690401375
mincov = 9006973394.509989
maxcov = 900697339450.9988
