
[data]
trigger-time = 1315384578.2255323
injection-file = /work/shashwat.singh/Prospects-of-LGWs/unlens/injection.hdf

[global]
instruments = E1 E2 E3
mass1_ref = 30.000000000075026
mass2_ref = 30.0000000047516
minchirp = 26.116416900984635
maxchirp = 26.116616900984635
mincov = 29457332143.394123
maxcov = 2945733214339.412
