
[data]
trigger-time = 1173999287.1495914
injection-file = /work/shashwat.singh/Prospects-of-LGWs/unlens/injection.hdf

[global]
instruments = E1 E2 E3
mass1_ref = 30.00000000273127
mass2_ref = 30.000000008927255
minchirp = 26.11641690395839
maxchirp = 26.11661690395839
mincov = 141906966085.1556
maxcov = 14190696608515.562
