
[data]
trigger-time = 1768460607.9020255
injection-file = /work/shashwat.singh/Prospects-of-LGWs/unlens/injection.hdf

[global]
instruments = E1 E2 E3
mass1_ref = 30.000000005017455
mass2_ref = 30.000000000088946
minchirp = 26.116416901106415
maxchirp = 26.116616901106415
mincov = 138686791304.2113
maxcov = 13868679130421.13
