
[data]
trigger-time = 1053350154.9911271
injection-file = /work/shashwat.singh/Prospects-of-LGWs/unlens/injection.hdf

[global]
instruments = E1 E2 E3
mass1_ref = 30.00000000436876
mass2_ref = 30.00000000647708
minchirp = 26.11641690360465
maxchirp = 26.11661690360465
mincov = 4708823200.550273
maxcov = 470882320055.02734
