
[data]
trigger-time = 1150400100.145108
injection-file = /work/shashwat.singh/Prospects-of-LGWs/unlens/injection.hdf

[global]
instruments = E1 E2 E3
mass1_ref = 30.000000000603357
mass2_ref = 30.000000007719596
minchirp = 26.1164169025065
maxchirp = 26.1166169025065
mincov = 1286313454.0569296
maxcov = 128631345405.69296
