
[data]
trigger-time = 1478325174.869927
injection-file = /work/shashwat.singh/Prospects-of-LGWs/unlens/injection.hdf

[global]
instruments = E1 E2 E3
mass1_ref = 30.00000000856651
mass2_ref = 30.000000007193314
minchirp = 26.116416905743584
maxchirp = 26.116616905743584
mincov = 77307734001.30867
maxcov = 7730773400130.867
