
[data]
trigger-time = 1981079153.079269
injection-file = /work/shashwat.singh/Prospects-of-LGWs/unlens/injection.hdf

[global]
instruments = E1 E2 E3
mass1_ref = 30.000000000374026
mass2_ref = 30.000000002193964
minchirp = 26.116416900001504
maxchirp = 26.116616900001503
mincov = 157795051058.29626
maxcov = 15779505105829.627
