
[data]
trigger-time = 1558039625.8859372
injection-file = /work/shashwat.singh/Prospects-of-LGWs/unlens/injection.hdf

[global]
instruments = E1 E2 E3
mass1_ref = 30.0000000063729
mass2_ref = 30.000000001180258
minchirp = 26.116416902171427
maxchirp = 26.116616902171426
mincov = 36578053544.462326
maxcov = 3657805354446.2324
