
[data]
trigger-time = 1579998549.1116462
injection-file = /work/shashwat.singh/Prospects-of-LGWs/unlens/injection.hdf

[global]
instruments = E1 E2 E3
mass1_ref = 30.00000000575598
mass2_ref = 30.00000000688282
minchirp = 26.11641690438508
maxchirp = 26.11661690438508
mincov = 1146265303.8755229
maxcov = 114626530387.55228
