
[data]
trigger-time = 1038453982.736712
injection-file = /work/shashwat.singh/Prospects-of-LGWs/unlens/injection.hdf

[global]
instruments = E1 E2 E3
mass1_ref = 30.00000000931315
mass2_ref = 30.00000000180067
minchirp = 26.116416903721298
maxchirp = 26.116616903721297
mincov = 8080847019.411571
maxcov = 808084701941.1571
