
[data]
trigger-time = 1859917590.7486718
injection-file = /work/shashwat.singh/Prospects-of-LGWs/unlens/injection.hdf

[global]
instruments = E1 E2 E3
mass1_ref = 30.000000003490722
mass2_ref = 30.000000000236167
minchirp = 26.116416900505946
maxchirp = 26.116616900505946
mincov = 79540887280.26965
maxcov = 7954088728026.965
