
[data]
trigger-time = 1977414040.9738517
injection-file = /work/shashwat.singh/Prospects-of-LGWs/unlens/injection.hdf

[global]
instruments = E1 E2 E3
mass1_ref = 30.000000001674202
mass2_ref = 30.000000000234053
minchirp = 26.11641689971434
maxchirp = 26.11661689971434
mincov = 168608468014.13898
maxcov = 16860846801413.898
