
[data]
trigger-time = 1450342239.6862106
injection-file = /work/shashwat.singh/Prospects-of-LGWs/unlens/injection.hdf

[global]
instruments = E1 E2 E3
mass1_ref = 30.000000003877485
mass2_ref = 30.000000006642406
minchirp = 26.116416903462774
maxchirp = 26.116616903462774
mincov = 42789058325.55427
maxcov = 4278905832555.427
