
[data]
trigger-time = 1057285102.8498867
injection-file = /work/shashwat.singh/Prospects-of-LGWs/unlens/injection.hdf

[global]
instruments = E1 E2 E3
mass1_ref = 30.000000003239307
mass2_ref = 30.000000006452357
minchirp = 26.116416903102266
maxchirp = 26.116616903102265
mincov = 34997389313.35668
maxcov = 3499738931335.6685
