
[data]
trigger-time = 1688145212.6528683
injection-file = /work/shashwat.singh/Prospects-of-LGWs/unlens/injection.hdf

[global]
instruments = E1 E2 E3
mass1_ref = 30.00000000325914
mass2_ref = 30.0000000058144
minchirp = 26.116416902833212
maxchirp = 26.11661690283321
mincov = 94985605559.25906
maxcov = 9498560555925.906
