
[data]
trigger-time = 1425209793.7956822
injection-file = /work/shashwat.singh/Prospects-of-LGWs/unlens/injection.hdf

[global]
instruments = E1 E2 E3
mass1_ref = 30.000000001718867
mass2_ref = 30.000000007974748
minchirp = 26.116416903103115
maxchirp = 26.116616903103115
mincov = 23470175302.35388
maxcov = 2347017530235.388
