
[data]
trigger-time = 1270180585.0535378
injection-file = /work/shashwat.singh/Prospects-of-LGWs/unlens/injection.hdf

[global]
instruments = E1 E2 E3
mass1_ref = 30.000000001610807
mass2_ref = 30.000000004854382
minchirp = 26.116416901697864
maxchirp = 26.116616901697864
mincov = 65754031.0426859
maxcov = 6575403104.26859
