
[data]
trigger-time = 1692507884.6487465
injection-file = /work/shashwat.singh/Prospects-of-LGWs/unlens/injection.hdf

[global]
instruments = E1 E2 E3
mass1_ref = 30.00000000937287
mass2_ref = 30.00000000141625
minchirp = 26.116416903579964
maxchirp = 26.116616903579963
mincov = 105192972594.14384
maxcov = 10519297259414.385
