
[data]
trigger-time = 1650864378.6774821
injection-file = /work/shashwat.singh/Prospects-of-LGWs/unlens/injection.hdf

[global]
instruments = E1 E2 E3
mass1_ref = 30.000000002526907
mass2_ref = 30.00000000892508
minchirp = 26.11641690386849
maxchirp = 26.11661690386849
mincov = 134870836574.73172
maxcov = 13487083657473.172
