
[data]
trigger-time = 1474857528.6217816
injection-file = /work/shashwat.singh/Prospects-of-LGWs/unlens/injection.hdf

[global]
instruments = E1 E2 E3
mass1_ref = 30.000000007782656
mass2_ref = 30.00000000102409
minchirp = 26.116416902717084
maxchirp = 26.116616902717084
mincov = 33704614701.555347
maxcov = 3370461470155.5347
