
[data]
trigger-time = 1496217345.5043402
injection-file = /work/shashwat.singh/Prospects-of-LGWs/unlens/injection.hdf

[global]
instruments = E1 E2 E3
mass1_ref = 30.00000000916081
mass2_ref = 30.000000004846473
minchirp = 26.11641690498075
maxchirp = 26.11661690498075
mincov = 5737357677.272029
maxcov = 573735767727.2029
