
[data]
trigger-time = 1472255611.5162988
injection-file = /work/shashwat.singh/Prospects-of-LGWs/unlens/injection.hdf

[global]
instruments = E1 E2 E3
mass1_ref = 30.00000000116401
mass2_ref = 30.000000004315723
minchirp = 26.116416901268916
maxchirp = 26.116616901268916
mincov = 98705996891.09895
maxcov = 9870599689109.895
