
[data]
trigger-time = 1448566546.9854054
injection-file = /work/shashwat.singh/Prospects-of-LGWs/unlens/injection.hdf

[global]
instruments = E1 E2 E3
mass1_ref = 30.000000009938834
mass2_ref = 30.00000000765791
minchirp = 26.116416906543154
maxchirp = 26.116616906543154
mincov = 75935000708.97281
maxcov = 7593500070897.281
