
[data]
trigger-time = 1380463896.806286
injection-file = /work/shashwat.singh/Prospects-of-LGWs/unlens/injection.hdf

[global]
instruments = E1 E2 E3
mass1_ref = 30.0000000016315
mass2_ref = 30.00000000728681
minchirp = 26.116416902765643
maxchirp = 26.116616902765642
mincov = 158418727226.71277
maxcov = 15841872722671.277
