
[data]
trigger-time = 1433777796.8291125
injection-file = /work/shashwat.singh/Prospects-of-LGWs/unlens/injection.hdf

[global]
instruments = E1 E2 E3
mass1_ref = 30.00000000633052
mass2_ref = 30.000000002659256
minchirp = 26.116416902796754
maxchirp = 26.116616902796753
mincov = 82175362159.42574
maxcov = 8217536215942.573
