
[data]
trigger-time = 1675216897.0394278
injection-file = /work/shashwat.singh/Prospects-of-LGWs/unlens/injection.hdf

[global]
instruments = E1 E2 E3
mass1_ref = 30.000000001623405
mass2_ref = 30.000000005945015
minchirp = 26.116416902178074
maxchirp = 26.116616902178073
mincov = 71298974227.77292
maxcov = 7129897422777.291
