
[data]
trigger-time = 1473572399.8300824
injection-file = /work/shashwat.singh/Prospects-of-LGWs/unlens/injection.hdf

[global]
instruments = E1 E2 E3
mass1_ref = 30.000000002159492
mass2_ref = 30.00000000501051
minchirp = 26.116416902004648
maxchirp = 26.116616902004647
mincov = 66586699994.34656
maxcov = 6658669999434.656
