
[data]
trigger-time = 1224502576.0149455
injection-file = /work/shashwat.singh/Prospects-of-LGWs/unlens/injection.hdf

[global]
instruments = E1 E2 E3
mass1_ref = 30.000000005657938
mass2_ref = 30.000000006019423
minchirp = 26.11641690396659
maxchirp = 26.11661690396659
mincov = 165639978280.65875
maxcov = 16563997828065.877
