
[data]
trigger-time = 1337760102.2682366
injection-file = /work/shashwat.singh/Prospects-of-LGWs/unlens/injection.hdf

[global]
instruments = E1 E2 E3
mass1_ref = 30.00000000113146
mass2_ref = 30.000000003374513
minchirp = 26.116416900845064
maxchirp = 26.116616900845063
mincov = 112097255751.08101
maxcov = 11209725575108.102
