
[data]
trigger-time = 1496037148.8802485
injection-file = /work/shashwat.singh/Prospects-of-LGWs/unlens/injection.hdf

[global]
instruments = E1 E2 E3
mass1_ref = 30.00000000997895
mass2_ref = 30.000000001268663
minchirp = 26.116416903779534
maxchirp = 26.116616903779533
mincov = 47803852983.095116
maxcov = 4780385298309.512
