
[data]
trigger-time = 1060645342.0689756
injection-file = /work/shashwat.singh/Prospects-of-LGWs/unlens/injection.hdf

[global]
instruments = E1 E2 E3
mass1_ref = 30.000000004121464
mass2_ref = 30.000000008971913
minchirp = 26.116416904582948
maxchirp = 26.116616904582948
mincov = 61091212121.13908
maxcov = 6109121212113.907
