
[data]
trigger-time = 1629408658.8316112
injection-file = /work/shashwat.singh/Prospects-of-LGWs/unlens/injection.hdf

[global]
instruments = E1 E2 E3
mass1_ref = 30.00000000454604
mass2_ref = 30.000000004612936
minchirp = 26.1164169028704
maxchirp = 26.1166169028704
mincov = 19438215923.67927
maxcov = 1943821592367.9272
