
[data]
trigger-time = 1653690833.09273
injection-file = /work/shashwat.singh/Prospects-of-LGWs/unlens/injection.hdf

[global]
instruments = E1 E2 E3
mass1_ref = 30.000000002065395
mass2_ref = 30.00000000429627
minchirp = 26.116416901652798
maxchirp = 26.116616901652797
mincov = 113815417306.4982
maxcov = 11381541730649.82
