
[data]
trigger-time = 1226163939.0220501
injection-file = /work/shashwat.singh/Prospects-of-LGWs/unlens/injection.hdf

[global]
instruments = E1 E2 E3
mass1_ref = 30.000000006434778
mass2_ref = 30.000000001172058
minchirp = 26.116416902194793
maxchirp = 26.116616902194792
mincov = 24149215913.090385
maxcov = 2414921591309.0386
