
[data]
trigger-time = 1767368186.3693986
injection-file = /work/shashwat.singh/Prospects-of-LGWs/unlens/injection.hdf

[global]
instruments = E1 E2 E3
mass1_ref = 30.000000000632042
mass2_ref = 30.00000000357783
minchirp = 26.116416900716178
maxchirp = 26.116616900716178
mincov = 27499608609.391273
maxcov = 2749960860939.127
