
[data]
trigger-time = 1626564241.4190521
injection-file = /work/shashwat.singh/Prospects-of-LGWs/unlens/injection.hdf

[global]
instruments = E1 E2 E3
mass1_ref = 30.000000005667538
mass2_ref = 30.000000001517755
minchirp = 26.116416902011306
maxchirp = 26.116616902011305
mincov = 41010014436.520485
maxcov = 4101001443652.0483
