
[data]
trigger-time = 1952871147.9123254
injection-file = /work/shashwat.singh/Prospects-of-LGWs/unlens/injection.hdf

[global]
instruments = E1 E2 E3
mass1_ref = 30.000000009372176
mass2_ref = 30.000000003536424
minchirp = 26.11641690450252
maxchirp = 26.116616904502518
mincov = 147305388193.39224
maxcov = 14730538819339.223
