
[data]
trigger-time = 1539743394.8372855
injection-file = /work/shashwat.singh/Prospects-of-LGWs/unlens/injection.hdf

[global]
instruments = E1 E2 E3
mass1_ref = 30.000000002617607
mass2_ref = 30.000000004073794
minchirp = 26.116416901796324
maxchirp = 26.116616901796323
mincov = 13607148910.310274
maxcov = 1360714891031.0273
