
[data]
trigger-time = 1415145265.4800134
injection-file = /work/shashwat.singh/Prospects-of-LGWs/unlens/injection.hdf

[global]
instruments = E1 E2 E3
mass1_ref = 30.00000000581685
mass2_ref = 30.000000008933426
minchirp = 26.116416905304156
maxchirp = 26.116616905304156
mincov = 130247863523.40971
maxcov = 13024786352340.973
