
[data]
trigger-time = 1344975951.9931772
injection-file = /work/shashwat.singh/Prospects-of-LGWs/unlens/injection.hdf

[global]
instruments = E1 E2 E3
mass1_ref = 30.00000000084928
mass2_ref = 30.000000000385977
minchirp = 26.116416899421402
maxchirp = 26.116616899421402
mincov = 49283241869.84381
maxcov = 4928324186984.381
