
[data]
trigger-time = 1351521593.2470198
injection-file = /work/shashwat.singh/Prospects-of-LGWs/unlens/injection.hdf

[global]
instruments = E1 E2 E3
mass1_ref = 30.000000005737004
mass2_ref = 30.00000000429307
minchirp = 26.11641690324957
maxchirp = 26.116616903249568
mincov = 64473777371.18262
maxcov = 6447377737118.262
