
[data]
trigger-time = 1542672411.4180422
injection-file = /work/shashwat.singh/Prospects-of-LGWs/unlens/injection.hdf

[global]
instruments = E1 E2 E3
mass1_ref = 30.00000000627847
mass2_ref = 30.0000000089695
minchirp = 26.11641690552079
maxchirp = 26.11661690552079
mincov = 147125118928.50568
maxcov = 14712511892850.568
