
[data]
trigger-time = 1971114395.1460881
injection-file = /work/shashwat.singh/Prospects-of-LGWs/unlens/injection.hdf

[global]
instruments = E1 E2 E3
mass1_ref = 30.000000009843795
mass2_ref = 30.000000009920143
minchirp = 26.116416907486478
maxchirp = 26.116616907486478
mincov = 46172509782.19014
maxcov = 4617250978219.014
