
[data]
trigger-time = 1333537574.2028208
injection-file = /work/shashwat.singh/Prospects-of-LGWs/unlens/injection.hdf

[global]
instruments = E1 E2 E3
mass1_ref = 30.000000007099754
mass2_ref = 30.000000001664137
minchirp = 26.11641690269843
maxchirp = 26.11661690269843
mincov = 145872135094.69977
maxcov = 14587213509469.979
