
[data]
trigger-time = 1523102812.1087525
injection-file = /work/shashwat.singh/Prospects-of-LGWs/unlens/injection.hdf

[global]
instruments = E1 E2 E3
mass1_ref = 30.00000000441261
mass2_ref = 30.00000000876501
minchirp = 26.116416904619616
maxchirp = 26.116616904619615
mincov = 115049599712.20349
maxcov = 11504959971220.35
