
[data]
trigger-time = 1907253417.8029969
injection-file = /work/shashwat.singh/Prospects-of-LGWs/unlens/injection.hdf

[global]
instruments = E1 E2 E3
mass1_ref = 30.00000000829697
mass2_ref = 30.00000000027055
minchirp = 26.116416902612954
maxchirp = 26.116616902612954
mincov = 76132192424.46577
maxcov = 7613219242446.577
