
[data]
trigger-time = 1831230088.2933307
injection-file = /work/shashwat.singh/Prospects-of-LGWs/unlens/injection.hdf

[global]
instruments = E1 E2 E3
mass1_ref = 30.000000008660532
mass2_ref = 30.000000003337604
minchirp = 26.116416904106217
maxchirp = 26.116616904106216
mincov = 117038833484.1669
maxcov = 11703883348416.69
