
[data]
trigger-time = 1539005671.502419
injection-file = /work/shashwat.singh/Prospects-of-LGWs/unlens/injection.hdf

[global]
instruments = E1 E2 E3
mass1_ref = 30.000000002409696
mass2_ref = 30.000000000303746
minchirp = 26.116416900064817
maxchirp = 26.116616900064816
mincov = 398976148.0742398
maxcov = 39897614807.42398
