
[data]
trigger-time = 1559725886.299706
injection-file = /work/shashwat.singh/Prospects-of-LGWs/unlens/injection.hdf

[global]
instruments = E1 E2 E3
mass1_ref = 30.000000003679208
mass2_ref = 30.000000006563578
minchirp = 26.116416903342156
maxchirp = 26.116616903342155
mincov = 72240140844.87645
maxcov = 7224014084487.6455
