
[data]
trigger-time = 1084588428.6065025
injection-file = /work/shashwat.singh/Prospects-of-LGWs/unlens/injection.hdf

[global]
instruments = E1 E2 E3
mass1_ref = 30.000000003805447
mass2_ref = 30.000000000112983
minchirp = 26.11641690058932
maxchirp = 26.11661690058932
mincov = 127786827973.0936
maxcov = 12778682797309.36
