
[data]
trigger-time = 1325496835.2589889
injection-file = /work/shashwat.singh/Prospects-of-LGWs/unlens/injection.hdf

[global]
instruments = E1 E2 E3
mass1_ref = 30.000000008345417
mass2_ref = 30.000000003575973
minchirp = 26.11641690407281
maxchirp = 26.11661690407281
mincov = 114100289120.1866
maxcov = 11410028912018.66
