
[data]
trigger-time = 1967582880.7763877
injection-file = /work/shashwat.singh/Prospects-of-LGWs/unlens/injection.hdf

[global]
instruments = E1 E2 E3
mass1_ref = 30.000000000354987
mass2_ref = 30.000000007760427
minchirp = 26.116416902416162
maxchirp = 26.116616902416162
mincov = 64124190431.51682
maxcov = 6412419043151.682
