
[data]
trigger-time = 1682530237.4054012
injection-file = /work/shashwat.singh/Prospects-of-LGWs/unlens/injection.hdf

[global]
instruments = E1 E2 E3
mass1_ref = 30.000000008936954
mass2_ref = 30.000000000241187
minchirp = 26.11641690287874
maxchirp = 26.11661690287874
mincov = 19719.484384211588
maxcov = 1971948.4384211586
