
[data]
trigger-time = 1452957599.0453455
injection-file = /work/shashwat.singh/Prospects-of-LGWs/unlens/injection.hdf

[global]
instruments = E1 E2 E3
mass1_ref = 30.000000003349484
mass2_ref = 30.000000000492886
minchirp = 26.116416900556214
maxchirp = 26.116616900556213
mincov = 65725057183.39247
maxcov = 6572505718339.247
