
[data]
trigger-time = 1118272975.9792073
injection-file = /work/shashwat.singh/Prospects-of-LGWs/unlens/injection.hdf

[global]
instruments = E1 E2 E3
mass1_ref = 30.000000004201098
mass2_ref = 30.000000003999634
minchirp = 26.116416902453302
maxchirp = 26.116616902453302
mincov = 176683157089.45905
maxcov = 17668315708945.906
