
[data]
trigger-time = 1392664793.3026202
injection-file = /work/shashwat.singh/Prospects-of-LGWs/unlens/injection.hdf

[global]
instruments = E1 E2 E3
mass1_ref = 30.00000000271512
mass2_ref = 30.0000000097513
minchirp = 26.116416904310046
maxchirp = 26.116616904310046
mincov = 104896888746.55533
maxcov = 10489688874655.531
