
[data]
trigger-time = 1469493314.6111808
injection-file = /work/shashwat.singh/Prospects-of-LGWs/unlens/injection.hdf

[global]
instruments = E1 E2 E3
mass1_ref = 30.00000000369811
mass2_ref = 30.000000004606296
minchirp = 26.116416902498425
maxchirp = 26.116616902498425
mincov = 91874936357.34804
maxcov = 9187493635734.803
