
[data]
trigger-time = 1744382129.3247051
injection-file = /work/shashwat.singh/Prospects-of-LGWs/unlens/injection.hdf

[global]
instruments = E1 E2 E3
mass1_ref = 30.00000000734766
mass2_ref = 30.000000009976166
minchirp = 26.11641690642436
maxchirp = 26.11661690642436
mincov = 33588476197.21388
maxcov = 3358847619721.3877
