
[data]
trigger-time = 1619891029.229325
injection-file = /work/shashwat.singh/Prospects-of-LGWs/unlens/injection.hdf

[global]
instruments = E1 E2 E3
mass1_ref = 30.000000008681223
mass2_ref = 30.00000000984604
minchirp = 26.116416906948185
maxchirp = 26.116616906948185
mincov = 144058378387.04645
maxcov = 14405837838704.646
