
[data]
trigger-time = 1613384831.0946777
injection-file = /work/shashwat.singh/Prospects-of-LGWs/unlens/injection.hdf

[global]
instruments = E1 E2 E3
mass1_ref = 30.000000005485788
mass2_ref = 30.00000000401565
minchirp = 26.116416903019466
maxchirp = 26.116616903019466
mincov = 88939785826.0668
maxcov = 8893978582606.682
