
[data]
trigger-time = 1634729535.394812
injection-file = /work/shashwat.singh/Prospects-of-LGWs/unlens/injection.hdf

[global]
instruments = E1 E2 E3
mass1_ref = 30.000000002575312
mass2_ref = 30.000000002176357
minchirp = 26.116416900952007
maxchirp = 26.116616900952007
mincov = 25771535340.7533
maxcov = 2577153534075.33
