
[data]
trigger-time = 1424838720.1397772
injection-file = /work/shashwat.singh/Prospects-of-LGWs/unlens/injection.hdf

[global]
instruments = E1 E2 E3
mass1_ref = 30.00000000166191
mass2_ref = 30.000000009548984
minchirp = 26.11641690376355
maxchirp = 26.11661690376355
mincov = 48334935550.972275
maxcov = 4833493555097.228
