
[data]
trigger-time = 1880462348.0614471
injection-file = /work/shashwat.singh/Prospects-of-LGWs/unlens/injection.hdf

[global]
instruments = E1 E2 E3
mass1_ref = 30.000000005604946
mass2_ref = 30.00000000113481
minchirp = 26.116416901817374
maxchirp = 26.116616901817373
mincov = 31829359030.699013
maxcov = 3182935903069.9014
