
[data]
trigger-time = 1879951715.2155428
injection-file = /work/shashwat.singh/Prospects-of-LGWs/unlens/injection.hdf

[global]
instruments = E1 E2 E3
mass1_ref = 30.00000000958477
mass2_ref = 30.000000002886164
minchirp = 26.116416904312015
maxchirp = 26.116616904312014
mincov = 131649480150.09494
maxcov = 13164948015009.494
