
[data]
trigger-time = 1091081715.0420964
injection-file = /work/shashwat.singh/Prospects-of-LGWs/unlens/injection.hdf

[global]
instruments = E1 E2 E3
mass1_ref = 30.000000007191424
mass2_ref = 30.000000009290144
minchirp = 26.116416906057744
maxchirp = 26.116616906057743
mincov = 98694972030.86142
maxcov = 9869497203086.143
