
[data]
trigger-time = 1334200727.7471051
injection-file = /work/shashwat.singh/Prospects-of-LGWs/unlens/injection.hdf

[global]
instruments = E1 E2 E3
mass1_ref = 30.000000006904727
mass2_ref = 30.000000007059313
minchirp = 26.116416904961927
maxchirp = 26.116616904961926
mincov = 30064004113.558777
maxcov = 3006400411355.878
