
[data]
trigger-time = 1324108849.6880202
injection-file = /work/shashwat.singh/Prospects-of-LGWs/unlens/injection.hdf

[global]
instruments = E1 E2 E3
mass1_ref = 30.000000001180414
mass2_ref = 30.000000007341267
minchirp = 26.116416902593002
maxchirp = 26.116616902593
mincov = 909074319.1757768
maxcov = 90907431917.57768
