
[data]
trigger-time = 1457061676.3495407
injection-file = /work/shashwat.singh/Prospects-of-LGWs/unlens/injection.hdf

[global]
instruments = E1 E2 E3
mass1_ref = 30.00000000613799
mass2_ref = 30.00000000357243
minchirp = 26.11641690311043
maxchirp = 26.11661690311043
mincov = 99028937612.80849
maxcov = 9902893761280.848
