
[data]
trigger-time = 1214114834.4053457
injection-file = /work/shashwat.singh/Prospects-of-LGWs/unlens/injection.hdf

[global]
instruments = E1 E2 E3
mass1_ref = 30.000000001918988
mass2_ref = 30.000000003535625
minchirp = 26.11641690125798
maxchirp = 26.11661690125798
mincov = 119147793404.16434
maxcov = 11914779340416.434
