
[data]
trigger-time = 1801065589.6487417
injection-file = /work/shashwat.singh/Prospects-of-LGWs/unlens/injection.hdf

[global]
instruments = E1 E2 E3
mass1_ref = 30.000000000883226
mass2_ref = 30.00000000707387
minchirp = 26.11641690234725
maxchirp = 26.11661690234725
mincov = 12819584217.949299
maxcov = 1281958421794.9297
