
[data]
trigger-time = 1693291556.214004
injection-file = /work/shashwat.singh/Prospects-of-LGWs/unlens/injection.hdf

[global]
instruments = E1 E2 E3
mass1_ref = 30.00000000192974
mass2_ref = 30.000000002502965
minchirp = 26.11641690081317
maxchirp = 26.11661690081317
mincov = 134521808605.43298
maxcov = 13452180860543.299
