
[data]
trigger-time = 1072792319.4368439
injection-file = /work/shashwat.singh/Prospects-of-LGWs/unlens/injection.hdf

[global]
instruments = E1 E2 E3
mass1_ref = 30.000000000577742
mass2_ref = 30.00000000059957
minchirp = 26.116416899396178
maxchirp = 26.116616899396178
mincov = 16101767307.771336
maxcov = 1610176730777.1335
