
[data]
trigger-time = 1738515664.2255793
injection-file = /work/shashwat.singh/Prospects-of-LGWs/unlens/injection.hdf

[global]
instruments = E1 E2 E3
mass1_ref = 30.000000000628113
mass2_ref = 30.00000000125212
minchirp = 26.11641689970214
maxchirp = 26.11661689970214
mincov = 77696722606.92447
maxcov = 7769672260692.446
