
[data]
trigger-time = 1163609131.9815855
injection-file = /work/shashwat.singh/Prospects-of-LGWs/unlens/injection.hdf

[global]
instruments = E1 E2 E3
mass1_ref = 30.00000000004835
mass2_ref = 30.000000009810236
minchirp = 26.116416903174922
maxchirp = 26.116616903174922
mincov = 149873775775.90616
maxcov = 14987377577590.615
