
[data]
trigger-time = 1673325798.567163
injection-file = /work/shashwat.singh/Prospects-of-LGWs/unlens/injection.hdf

[global]
instruments = E1 E2 E3
mass1_ref = 30.00000000045988
mass2_ref = 30.00000000307312
minchirp = 26.11641690042155
maxchirp = 26.11661690042155
mincov = 169203781044.69232
maxcov = 16920378104469.23
