
[data]
trigger-time = 1596782342.7499666
injection-file = /work/shashwat.singh/Prospects-of-LGWs/unlens/injection.hdf

[global]
instruments = E1 E2 E3
mass1_ref = 30.0000000077707
mass2_ref = 30.000000002441688
minchirp = 26.116416903328926
maxchirp = 26.116616903328925
mincov = 84464234326.01419
maxcov = 8446423432601.418
