
[data]
trigger-time = 1284711078.642846
injection-file = /work/shashwat.singh/Prospects-of-LGWs/unlens/injection.hdf

[global]
instruments = E1 E2 E3
mass1_ref = 30.00000000468033
mass2_ref = 30.000000000313452
minchirp = 26.11641690105739
maxchirp = 26.11661690105739
mincov = 1004420073.126063
maxcov = 100442007312.6063
