
[data]
trigger-time = 1015191790.9577612
injection-file = /work/shashwat.singh/Prospects-of-LGWs/unlens/injection.hdf

[global]
instruments = E1 E2 E3
mass1_ref = 30.000000004134225
mass2_ref = 30.00000000033224
minchirp = 26.116416900827865
maxchirp = 26.116616900827864
mincov = 25516243922.033043
maxcov = 2551624392203.304
