
[data]
trigger-time = 1977667302.1143208
injection-file = /work/shashwat.singh/Prospects-of-LGWs/unlens/injection.hdf

[global]
instruments = E1 E2 E3
mass1_ref = 30.000000005224113
mass2_ref = 30.00000000174085
minchirp = 26.116416901915404
maxchirp = 26.116616901915403
mincov = 174993124759.8104
maxcov = 17499312475981.04
