
[data]
trigger-time = 1297999901.823769
injection-file = /work/shashwat.singh/Prospects-of-LGWs/unlens/injection.hdf

[global]
instruments = E1 E2 E3
mass1_ref = 30.00000000112577
mass2_ref = 30.000000007357386
minchirp = 26.116416902576233
maxchirp = 26.116616902576233
mincov = 56327438981.47915
maxcov = 5632743898147.915
