
[data]
trigger-time = 1291754451.400268
injection-file = /work/shashwat.singh/Prospects-of-LGWs/unlens/injection.hdf

[global]
instruments = E1 E2 E3
mass1_ref = 30.000000003690268
mass2_ref = 30.00000000491817
minchirp = 26.116416902630764
maxchirp = 26.116616902630764
mincov = 21249011425.876995
maxcov = 2124901142587.6997
