
[data]
trigger-time = 1138280704.4186306
injection-file = /work/shashwat.singh/Prospects-of-LGWs/unlens/injection.hdf

[global]
instruments = E1 E2 E3
mass1_ref = 30.000000006646935
mass2_ref = 30.00000000268251
minchirp = 26.116416902944604
maxchirp = 26.116616902944603
mincov = 88712454613.5796
maxcov = 8871245461357.96
