
[data]
trigger-time = 1553503318.011909
injection-file = /work/shashwat.singh/Prospects-of-LGWs/unlens/injection.hdf

[global]
instruments = E1 E2 E3
mass1_ref = 30.000000007547097
mass2_ref = 30.00000000715831
minchirp = 26.116416905284623
maxchirp = 26.116616905284623
mincov = 94327930755.29433
maxcov = 9432793075529.432
