
[data]
trigger-time = 1227710815.9186237
injection-file = /work/shashwat.singh/Prospects-of-LGWs/unlens/injection.hdf

[global]
instruments = E1 E2 E3
mass1_ref = 30.000000008810495
mass2_ref = 30.000000004961485
minchirp = 26.116416904878328
maxchirp = 26.116616904878327
mincov = 34603587303.06404
maxcov = 3460358730306.4043
