
[data]
trigger-time = 1941327101.5156858
injection-file = /work/shashwat.singh/Prospects-of-LGWs/unlens/injection.hdf

[global]
instruments = E1 E2 E3
mass1_ref = 30.000000000828873
mass2_ref = 30.00000000386269
minchirp = 26.116416900925845
maxchirp = 26.116616900925845
mincov = 123327676941.87393
maxcov = 12332767694187.393
