
[data]
trigger-time = 1425293498.6722732
injection-file = /work/shashwat.singh/Prospects-of-LGWs/unlens/injection.hdf

[global]
instruments = E1 E2 E3
mass1_ref = 30.000000006104234
mass2_ref = 30.00000000259604
minchirp = 26.11641690267074
maxchirp = 26.11661690267074
mincov = 160357384316.75275
maxcov = 16035738431675.273
