
[data]
trigger-time = 1300707683.5904222
injection-file = /work/shashwat.singh/Prospects-of-LGWs/unlens/injection.hdf

[global]
instruments = E1 E2 E3
mass1_ref = 30.00000000132441
mass2_ref = 30.000000003692975
minchirp = 26.116416901067666
maxchirp = 26.116616901067665
mincov = 131371502009.41573
maxcov = 13137150200941.572
