
[data]
trigger-time = 1735153300.2872174
injection-file = /work/shashwat.singh/Prospects-of-LGWs/unlens/injection.hdf

[global]
instruments = E1 E2 E3
mass1_ref = 30.000000009930748
mass2_ref = 30.000000007963916
minchirp = 26.11641690667283
maxchirp = 26.116616906672828
mincov = 61032701649.639084
maxcov = 6103270164963.908
