
[data]
trigger-time = 1377242205.996672
injection-file = /work/shashwat.singh/Prospects-of-LGWs/unlens/injection.hdf

[global]
instruments = E1 E2 E3
mass1_ref = 30.00000000510923
mass2_ref = 30.000000001216105
minchirp = 26.11641690163699
maxchirp = 26.116616901636988
mincov = 173507319865.80475
maxcov = 17350731986580.477
