
[data]
trigger-time = 1143126305.0517633
injection-file = /work/shashwat.singh/Prospects-of-LGWs/unlens/injection.hdf

[global]
instruments = E1 E2 E3
mass1_ref = 30.000000005354163
mass2_ref = 30.000000008947094
minchirp = 26.116416905108707
maxchirp = 26.116616905108707
mincov = 38093626391.9539
maxcov = 3809362639195.3906
