
[data]
trigger-time = 1034234753.7252898
injection-file = /work/shashwat.singh/Prospects-of-LGWs/unlens/injection.hdf

[global]
instruments = E1 E2 E3
mass1_ref = 30.000000005073797
mass2_ref = 30.000000007145783
minchirp = 26.116416904202605
maxchirp = 26.116616904202605
mincov = 131082075089.19063
maxcov = 13108207508919.062
