
[data]
trigger-time = 1196570930.3313692
injection-file = /work/shashwat.singh/Prospects-of-LGWs/unlens/injection.hdf

[global]
instruments = E1 E2 E3
mass1_ref = 30.000000002988763
mass2_ref = 30.000000003483848
minchirp = 26.11641690170109
maxchirp = 26.11661690170109
mincov = 97773759043.05182
maxcov = 9777375904305.182
