
[data]
trigger-time = 1903117734.2543
injection-file = /work/shashwat.singh/Prospects-of-LGWs/unlens/injection.hdf

[global]
instruments = E1 E2 E3
mass1_ref = 30.000000003775423
mass2_ref = 30.000000000759854
minchirp = 26.116416900857818
maxchirp = 26.116616900857817
mincov = 55312519004.29921
maxcov = 5531251900429.921
