
[data]
trigger-time = 1990509268.3309305
injection-file = /work/shashwat.singh/Prospects-of-LGWs/unlens/injection.hdf

[global]
instruments = E1 E2 E3
mass1_ref = 30.000000004977146
mass2_ref = 30.000000009056237
minchirp = 26.116416904992107
maxchirp = 26.116616904992107
mincov = 175782190138.31683
maxcov = 17578219013831.682
