
[data]
trigger-time = 1762678739.066493
injection-file = /work/shashwat.singh/Prospects-of-LGWs/unlens/injection.hdf

[global]
instruments = E1 E2 E3
mass1_ref = 30.00000000847884
mass2_ref = 30.00000000235997
minchirp = 26.11641690360159
maxchirp = 26.11661690360159
mincov = 187254607.6711653
maxcov = 18725460767.116528
