
[data]
trigger-time = 1799883967.4025908
injection-file = /work/shashwat.singh/Prospects-of-LGWs/unlens/injection.hdf

[global]
instruments = E1 E2 E3
mass1_ref = 30.00000000877105
mass2_ref = 30.000000007170023
minchirp = 26.11641690582248
maxchirp = 26.11661690582248
mincov = 160068472874.8969
maxcov = 16006847287489.69
