
[data]
trigger-time = 1956698823.2956648
injection-file = /work/shashwat.singh/Prospects-of-LGWs/unlens/injection.hdf

[global]
instruments = E1 E2 E3
mass1_ref = 30.000000001106432
mass2_ref = 30.00000000380884
minchirp = 26.11641690102322
maxchirp = 26.11661690102322
mincov = 72404916631.84181
maxcov = 7240491663184.181
