
[data]
trigger-time = 1990453516.4801679
injection-file = /work/shashwat.singh/Prospects-of-LGWs/unlens/injection.hdf

[global]
instruments = E1 E2 E3
mass1_ref = 30.00000000864416
mass2_ref = 30.000000007178002
minchirp = 26.116416905770723
maxchirp = 26.116616905770723
mincov = 149298865223.39874
maxcov = 14929886522339.875
