
[data]
trigger-time = 1929174181.477563
injection-file = /work/shashwat.singh/Prospects-of-LGWs/unlens/injection.hdf

[global]
instruments = E1 E2 E3
mass1_ref = 30.000000007371245
mass2_ref = 30.000000006303207
minchirp = 26.116416904835877
maxchirp = 26.116616904835876
mincov = 147472874075.86896
maxcov = 14747287407586.896
