
[data]
trigger-time = 1638994733.7323098
injection-file = /work/shashwat.singh/Prospects-of-LGWs/unlens/injection.hdf

[global]
instruments = E1 E2 E3
mass1_ref = 30.00000000717286
mass2_ref = 30.00000000739117
minchirp = 26.116416905223087
maxchirp = 26.116616905223086
mincov = 368540966.9998375
maxcov = 36854096699.98376
