
[data]
trigger-time = 1196234157.6808617
injection-file = /work/shashwat.singh/Prospects-of-LGWs/unlens/injection.hdf

[global]
instruments = E1 E2 E3
mass1_ref = 30.000000009501985
mass2_ref = 30.000000000624972
minchirp = 26.11641690329174
maxchirp = 26.11661690329174
mincov = 141880865778.3135
maxcov = 14188086577831.35
