
[data]
trigger-time = 1017747359.2664624
injection-file = /work/shashwat.singh/Prospects-of-LGWs/unlens/injection.hdf

[global]
instruments = E1 E2 E3
mass1_ref = 30.00000000731306
mass2_ref = 30.00000000485795
minchirp = 26.116416904181463
maxchirp = 26.116616904181463
mincov = 89831003984.03223
maxcov = 8983100398403.223
