
[data]
trigger-time = 1690706868.260676
injection-file = /work/shashwat.singh/Prospects-of-LGWs/unlens/injection.hdf

[global]
instruments = E1 E2 E3
mass1_ref = 30.000000004694282
mass2_ref = 30.000000000974765
minchirp = 26.11641690135132
maxchirp = 26.11661690135132
mincov = 46327502376.78085
maxcov = 4632750237678.085
