
[data]
trigger-time = 1967716957.8571525
injection-file = /work/shashwat.singh/Prospects-of-LGWs/unlens/injection.hdf

[global]
instruments = E1 E2 E3
mass1_ref = 30.000000002353904
mass2_ref = 30.000000002252047
minchirp = 26.11641690088858
maxchirp = 26.11661690088858
mincov = 114761667275.30525
maxcov = 11476166727530.525
