
[data]
trigger-time = 1891374693.9076164
injection-file = /work/shashwat.singh/Prospects-of-LGWs/unlens/injection.hdf

[global]
instruments = E1 E2 E3
mass1_ref = 30.000000005249813
mass2_ref = 30.000000005687625
minchirp = 26.11641690364452
maxchirp = 26.11661690364452
mincov = 33252774262.773235
maxcov = 3325277426277.3237
