
[data]
trigger-time = 1901491293.5322235
injection-file = /work/shashwat.singh/Prospects-of-LGWs/unlens/injection.hdf

[global]
instruments = E1 E2 E3
mass1_ref = 30.000000004298244
mass2_ref = 30.00000000401475
minchirp = 26.116416902502166
maxchirp = 26.116616902502166
mincov = 94033977240.46011
maxcov = 9403397724046.012
