
[data]
trigger-time = 1782031484.6491227
injection-file = /work/shashwat.singh/Prospects-of-LGWs/unlens/injection.hdf

[global]
instruments = E1 E2 E3
mass1_ref = 30.00000000514212
mass2_ref = 30.000000006225683
minchirp = 26.116416903831848
maxchirp = 26.116616903831847
mincov = 61738428501.668846
maxcov = 6173842850166.885
