
[data]
trigger-time = 1050259173.2788513
injection-file = /work/shashwat.singh/Prospects-of-LGWs/unlens/injection.hdf

[global]
instruments = E1 E2 E3
mass1_ref = 30.000000004140233
mass2_ref = 30.000000005932858
minchirp = 26.11641690326829
maxchirp = 26.11661690326829
mincov = 35493515815.43883
maxcov = 3549351581543.8823
