
[data]
trigger-time = 1400304628.0230572
injection-file = /work/shashwat.singh/Prospects-of-LGWs/unlens/injection.hdf

[global]
instruments = E1 E2 E3
mass1_ref = 30.000000004884605
mass2_ref = 30.00000000707928
minchirp = 26.116416904091306
maxchirp = 26.116616904091305
mincov = 117071343684.64795
maxcov = 11707134368464.795
