
[data]
trigger-time = 1262095555.3010445
injection-file = /work/shashwat.singh/Prospects-of-LGWs/unlens/injection.hdf

[global]
instruments = E1 E2 E3
mass1_ref = 30.000000004443724
mass2_ref = 30.00000000606697
minchirp = 26.11641690345877
maxchirp = 26.11661690345877
mincov = 51519652008.416725
maxcov = 5151965200841.672
