
[data]
trigger-time = 1483089982.2246983
injection-file = /work/shashwat.singh/Prospects-of-LGWs/unlens/injection.hdf

[global]
instruments = E1 E2 E3
mass1_ref = 30.00000000276914
mass2_ref = 30.000000008464795
minchirp = 26.11641690377358
maxchirp = 26.11661690377358
mincov = 996875567.7357963
maxcov = 99687556773.57964
