
[data]
trigger-time = 1563199238.9564023
injection-file = /work/shashwat.singh/Prospects-of-LGWs/unlens/injection.hdf

[global]
instruments = E1 E2 E3
mass1_ref = 30.000000000231076
mass2_ref = 30.00000000584477
minchirp = 26.11641690152839
maxchirp = 26.11661690152839
mincov = 109069480615.45457
maxcov = 10906948061545.457
