
[data]
trigger-time = 1974000605.153855
injection-file = /work/shashwat.singh/Prospects-of-LGWs/unlens/injection.hdf

[global]
instruments = E1 E2 E3
mass1_ref = 30.000000008071986
mass2_ref = 30.000000004157968
minchirp = 26.11641690420712
maxchirp = 26.11661690420712
mincov = 6565680903.648531
maxcov = 656568090364.853
