
[data]
trigger-time = 1668450686.5508537
injection-file = /work/shashwat.singh/Prospects-of-LGWs/unlens/injection.hdf

[global]
instruments = E1 E2 E3
mass1_ref = 30.000000005305452
mass2_ref = 30.00000000707447
minchirp = 26.1164169042724
maxchirp = 26.116616904272398
mincov = 7859048004.899248
maxcov = 785904800489.9248
