
[data]
trigger-time = 1604940626.6672494
injection-file = /work/shashwat.singh/Prospects-of-LGWs/unlens/injection.hdf

[global]
instruments = E1 E2 E3
mass1_ref = 30.000000000456463
mass2_ref = 30.000000008784326
minchirp = 26.116416902906014
maxchirp = 26.116616902906014
mincov = 37456695346.611145
maxcov = 3745669534661.1143
