
[data]
trigger-time = 1765026783.8137035
injection-file = /work/shashwat.singh/Prospects-of-LGWs/unlens/injection.hdf

[global]
instruments = E1 E2 E3
mass1_ref = 30.000000002057142
mass2_ref = 30.00000000277735
minchirp = 26.11641690098806
maxchirp = 26.11661690098806
mincov = 16203503869.618786
maxcov = 1620350386961.8787
