
[data]
trigger-time = 1292299075.5837448
injection-file = /work/shashwat.singh/Prospects-of-LGWs/unlens/injection.hdf

[global]
instruments = E1 E2 E3
mass1_ref = 30.00000000315223
mass2_ref = 30.00000000403356
minchirp = 26.11641690201152
maxchirp = 26.11661690201152
mincov = 57013324379.953354
maxcov = 5701332437995.336
