
[data]
trigger-time = 1683586372.0065742
injection-file = /work/shashwat.singh/Prospects-of-LGWs/unlens/injection.hdf

[global]
instruments = E1 E2 E3
mass1_ref = 30.000000005373085
mass2_ref = 30.000000002092687
minchirp = 26.11641690213339
maxchirp = 26.11661690213339
mincov = 38868682815.22977
maxcov = 3886868281522.9766
