
[data]
trigger-time = 1065389960.2335831
injection-file = /work/shashwat.singh/Prospects-of-LGWs/unlens/injection.hdf

[global]
instruments = E1 E2 E3
mass1_ref = 30.00000000072107
mass2_ref = 30.000000006982653
minchirp = 26.116416902236967
maxchirp = 26.116616902236967
mincov = 44237660694.34176
maxcov = 4423766069434.176
