
[data]
trigger-time = 1065729349.5429555
injection-file = /work/shashwat.singh/Prospects-of-LGWs/unlens/injection.hdf

[global]
instruments = E1 E2 E3
mass1_ref = 30.00000000082778
mass2_ref = 30.000000006480473
minchirp = 26.116416902064824
maxchirp = 26.116616902064823
mincov = 26105120.030900612
maxcov = 2610512003.090061
