
[data]
trigger-time = 1949678816.222805
injection-file = /work/shashwat.singh/Prospects-of-LGWs/unlens/injection.hdf

[global]
instruments = E1 E2 E3
mass1_ref = 30.00000000097955
mass2_ref = 30.000000005923145
minchirp = 26.116416901888297
maxchirp = 26.116616901888296
mincov = 55221341743.61581
maxcov = 5522134174361.581
