
[data]
trigger-time = 1448751994.578742
injection-file = /work/shashwat.singh/Prospects-of-LGWs/unlens/injection.hdf

[global]
instruments = E1 E2 E3
mass1_ref = 30.000000001724956
mass2_ref = 30.00000000551696
minchirp = 26.11641690203595
maxchirp = 26.11661690203595
mincov = 37148793154.826935
maxcov = 3714879315482.6934
