
[data]
trigger-time = 1457834693.70251
injection-file = /work/shashwat.singh/Prospects-of-LGWs/unlens/injection.hdf

[global]
instruments = E1 E2 E3
mass1_ref = 30.000000003558114
mass2_ref = 30.00000000806667
minchirp = 26.116416903943705
maxchirp = 26.116616903943704
mincov = 11873588808.198788
maxcov = 1187358880819.8787
