
[data]
trigger-time = 1916050839.0480905
injection-file = /work/shashwat.singh/Prospects-of-LGWs/unlens/injection.hdf

[global]
instruments = E1 E2 E3
mass1_ref = 30.0000000059071
mass2_ref = 30.00000000718209
minchirp = 26.116416904581126
maxchirp = 26.116616904581125
mincov = 57970873.97486863
maxcov = 5797087397.486863
