
[data]
trigger-time = 1894592550.0878046
injection-file = /work/shashwat.singh/Prospects-of-LGWs/unlens/injection.hdf

[global]
instruments = E1 E2 E3
mass1_ref = 30.00000000707921
mass2_ref = 30.000000002473985
minchirp = 26.11641690304199
maxchirp = 26.11661690304199
mincov = 68791723276.47388
maxcov = 6879172327647.388
