
[data]
trigger-time = 1654314013.8772337
injection-file = /work/shashwat.singh/Prospects-of-LGWs/unlens/injection.hdf

[global]
instruments = E1 E2 E3
mass1_ref = 30.000000008749563
mass2_ref = 30.00000000832396
minchirp = 26.116416906315404
maxchirp = 26.116616906315404
mincov = 90292217764.10075
maxcov = 9029221776410.076
