
[data]
trigger-time = 1209162449.8558435
injection-file = /work/shashwat.singh/Prospects-of-LGWs/unlens/injection.hdf

[global]
instruments = E1 E2 E3
mass1_ref = 30.000000001182958
mass2_ref = 30.000000003491092
minchirp = 26.11641690091822
maxchirp = 26.11661690091822
mincov = 15190243020.024698
maxcov = 1519024302002.4697
