
[data]
trigger-time = 1902217093.739656
injection-file = /work/shashwat.singh/Prospects-of-LGWs/unlens/injection.hdf

[global]
instruments = E1 E2 E3
mass1_ref = 30.00000000762162
mass2_ref = 30.00000000825761
minchirp = 26.11641690579556
maxchirp = 26.11661690579556
mincov = 59561747024.49852
maxcov = 5956174702449.853
