
[data]
trigger-time = 1410221634.4618735
injection-file = /work/shashwat.singh/Prospects-of-LGWs/unlens/injection.hdf

[global]
instruments = E1 E2 E3
mass1_ref = 30.00000000847005
mass2_ref = 30.000000000444672
minchirp = 26.116416902764083
maxchirp = 26.116616902764083
mincov = 20397197784.698616
maxcov = 2039719778469.8618
