
[data]
trigger-time = 1385276036.8809638
injection-file = /work/shashwat.singh/Prospects-of-LGWs/unlens/injection.hdf

[global]
instruments = E1 E2 E3
mass1_ref = 30.000000002072557
mass2_ref = 30.000000005632284
minchirp = 26.11641690223745
maxchirp = 26.11661690223745
mincov = 141560448065.81323
maxcov = 14156044806581.324
