
[data]
trigger-time = 1995661748.9521675
injection-file = /work/shashwat.singh/Prospects-of-LGWs/unlens/injection.hdf

[global]
instruments = E1 E2 E3
mass1_ref = 30.00000000267065
mass2_ref = 30.00000000508452
minchirp = 26.116416902259356
maxchirp = 26.116616902259356
mincov = 71077166053.06573
maxcov = 7107716605306.573
