
[data]
trigger-time = 1738552777.890461
injection-file = /work/shashwat.singh/Prospects-of-LGWs/unlens/injection.hdf

[global]
instruments = E1 E2 E3
mass1_ref = 30.00000000166353
mass2_ref = 30.000000005559624
minchirp = 26.116416902027787
maxchirp = 26.116616902027786
mincov = 6758942356.594329
maxcov = 675894235659.4329
