
[data]
trigger-time = 1085097001.1078315
injection-file = /work/shashwat.singh/Prospects-of-LGWs/unlens/injection.hdf

[global]
instruments = E1 E2 E3
mass1_ref = 30.00000000019612
mass2_ref = 30.000000000125947
minchirp = 26.11641689902391
maxchirp = 26.11661689902391
mincov = 118083891.87166569
maxcov = 11808389187.166569
