
[data]
trigger-time = 1176494823.2166255
injection-file = /work/shashwat.singh/Prospects-of-LGWs/unlens/injection.hdf

[global]
instruments = E1 E2 E3
mass1_ref = 30.000000002323116
mass2_ref = 30.00000000771576
minchirp = 26.1164169032534
maxchirp = 26.116616903253398
mincov = 230475667.9164485
maxcov = 23047566791.64485
