
[data]
trigger-time = 1157592387.1685863
injection-file = /work/shashwat.singh/Prospects-of-LGWs/unlens/injection.hdf

[global]
instruments = E1 E2 E3
mass1_ref = 30.000000007971366
mass2_ref = 30.000000003979036
minchirp = 26.11641690408544
maxchirp = 26.11661690408544
mincov = 52129235717.00496
maxcov = 5212923571700.496
