
[data]
trigger-time = 1508623628.6793835
injection-file = /work/shashwat.singh/Prospects-of-LGWs/unlens/injection.hdf

[global]
instruments = E1 E2 E3
mass1_ref = 30.00000000968132
mass2_ref = 30.000000009873105
minchirp = 26.116416907395283
maxchirp = 26.116616907395283
mincov = 162380777494.67596
maxcov = 16238077749467.598
