
[data]
trigger-time = 1500605853.4625804
injection-file = /work/shashwat.singh/Prospects-of-LGWs/unlens/injection.hdf

[global]
instruments = E1 E2 E3
mass1_ref = 30.0000000048544
mass2_ref = 30.000000006872376
minchirp = 26.1164169039881
maxchirp = 26.1166169039881
mincov = 126220734869.09697
maxcov = 12622073486909.697
