
[data]
trigger-time = 1124123379.9935446
injection-file = /work/shashwat.singh/Prospects-of-LGWs/unlens/injection.hdf

[global]
instruments = E1 E2 E3
mass1_ref = 30.00000000216224
mass2_ref = 30.000000005637215
minchirp = 26.116416902278633
maxchirp = 26.116616902278633
mincov = 124741186478.52007
maxcov = 12474118647852.008
