
[data]
trigger-time = 1806889148.3066084
injection-file = /work/shashwat.singh/Prospects-of-LGWs/unlens/injection.hdf

[global]
instruments = E1 E2 E3
mass1_ref = 30.000000001039325
mass2_ref = 30.000000005268873
minchirp = 26.116416901629528
maxchirp = 26.116616901629527
mincov = 94057122156.82848
maxcov = 9405712215682.848
