
[data]
trigger-time = 1532109820.966916
injection-file = /work/shashwat.singh/Prospects-of-LGWs/unlens/injection.hdf

[global]
instruments = E1 E2 E3
mass1_ref = 30.000000007213142
mass2_ref = 30.00000000016335
minchirp = 26.116416902094528
maxchirp = 26.116616902094528
mincov = 68377838578.34397
maxcov = 6837783857834.396
