
[data]
trigger-time = 1863848362.9399552
injection-file = /work/shashwat.singh/Prospects-of-LGWs/unlens/injection.hdf

[global]
instruments = E1 E2 E3
mass1_ref = 30.0000000037592
mass2_ref = 30.000000006014478
minchirp = 26.116416903137964
maxchirp = 26.116616903137963
mincov = 34891403216.5472
maxcov = 3489140321654.7207
