
[data]
trigger-time = 1147941505.8561373
injection-file = /work/shashwat.singh/Prospects-of-LGWs/unlens/injection.hdf

[global]
instruments = E1 E2 E3
mass1_ref = 30.00000000870232
mass2_ref = 30.0000000015902
minchirp = 26.116416903363806
maxchirp = 26.116616903363806
mincov = 24477505963.375023
maxcov = 2447750596337.502
