
[data]
trigger-time = 1966008367.985346
injection-file = /work/shashwat.singh/Prospects-of-LGWs/unlens/injection.hdf

[global]
instruments = E1 E2 E3
mass1_ref = 30.00000000968772
mass2_ref = 30.000000002742514
minchirp = 26.116416904294297
maxchirp = 26.116616904294297
mincov = 149619144692.37787
maxcov = 14961914469237.79
