
[data]
trigger-time = 1551001519.742159
injection-file = /work/shashwat.singh/Prospects-of-LGWs/unlens/injection.hdf

[global]
instruments = E1 E2 E3
mass1_ref = 30.000000000705057
mass2_ref = 30.000000003901615
minchirp = 26.116416900888897
maxchirp = 26.116616900888896
mincov = 30074637405.67588
maxcov = 3007463740567.588
