
[data]
trigger-time = 1545359214.9700708
injection-file = /work/shashwat.singh/Prospects-of-LGWs/unlens/injection.hdf

[global]
instruments = E1 E2 E3
mass1_ref = 30.000000002857483
mass2_ref = 30.00000000503859
minchirp = 26.11641690232069
maxchirp = 26.11661690232069
mincov = 103249669277.23924
maxcov = 10324966927723.924
