
[data]
trigger-time = 1360981045.7363825
injection-file = /work/shashwat.singh/Prospects-of-LGWs/unlens/injection.hdf

[global]
instruments = E1 E2 E3
mass1_ref = 30.00000000783363
mass2_ref = 30.00000000590699
minchirp = 26.116416904864675
maxchirp = 26.116616904864674
mincov = 100437827644.57742
maxcov = 10043782764457.742
