
[data]
trigger-time = 1981763115.9386806
injection-file = /work/shashwat.singh/Prospects-of-LGWs/unlens/injection.hdf

[global]
instruments = E1 E2 E3
mass1_ref = 30.000000008399596
mass2_ref = 30.000000007822376
minchirp = 26.11641690594475
maxchirp = 26.11661690594475
mincov = 103071542363.38687
maxcov = 10307154236338.688
