
[data]
trigger-time = 1163036766.9972415
injection-file = /work/shashwat.singh/Prospects-of-LGWs/unlens/injection.hdf

[global]
instruments = E1 E2 E3
mass1_ref = 30.000000004609692
mass2_ref = 30.000000009784145
minchirp = 26.116416905149006
maxchirp = 26.116616905149005
mincov = 82106681540.41405
maxcov = 8210668154041.405
