
[data]
trigger-time = 1172420275.7434437
injection-file = /work/shashwat.singh/Prospects-of-LGWs/unlens/injection.hdf

[global]
instruments = E1 E2 E3
mass1_ref = 30.00000000918186
mass2_ref = 30.000000001368722
minchirp = 26.116416903476132
maxchirp = 26.11661690347613
mincov = 58600596706.63185
maxcov = 5860059670663.185
