
[data]
trigger-time = 1286304230.6677227
injection-file = /work/shashwat.singh/Prospects-of-LGWs/unlens/injection.hdf

[global]
instruments = E1 E2 E3
mass1_ref = 30.00000000861998
mass2_ref = 30.000000009639546
minchirp = 26.116416906831645
maxchirp = 26.116616906831645
mincov = 130057160158.23062
maxcov = 13005716015823.062
