
[data]
trigger-time = 1821434550.1672869
injection-file = /work/shashwat.singh/Prospects-of-LGWs/unlens/injection.hdf

[global]
instruments = E1 E2 E3
mass1_ref = 30.000000007991442
mass2_ref = 30.000000002830248
minchirp = 26.11641690359414
maxchirp = 26.11661690359414
mincov = 45873869770.52632
maxcov = 4587386977052.633
