
[data]
trigger-time = 1703004340.551547
injection-file = /work/shashwat.singh/Prospects-of-LGWs/unlens/injection.hdf

[global]
instruments = E1 E2 E3
mass1_ref = 30.00000000428844
mass2_ref = 30.00000000210605
minchirp = 26.11641690166709
maxchirp = 26.11661690166709
mincov = 110170973168.12686
maxcov = 11017097316812.686
