
[data]
trigger-time = 1562179243.976944
injection-file = /work/shashwat.singh/Prospects-of-LGWs/unlens/injection.hdf

[global]
instruments = E1 E2 E3
mass1_ref = 30.00000000527142
mass2_ref = 30.00000000726687
minchirp = 26.11641690434133
maxchirp = 26.11661690434133
mincov = 43127407658.74165
maxcov = 4312740765874.1655
