
[data]
trigger-time = 1473219008.443158
injection-file = /work/shashwat.singh/Prospects-of-LGWs/unlens/injection.hdf

[global]
instruments = E1 E2 E3
mass1_ref = 30.000000009649145
mass2_ref = 30.000000005128754
minchirp = 26.11641690531618
maxchirp = 26.116616905316178
mincov = 118267780508.36331
maxcov = 11826778050836.33
