
[data]
trigger-time = 1546911308.870505
injection-file = /work/shashwat.singh/Prospects-of-LGWs/unlens/injection.hdf

[global]
instruments = E1 E2 E3
mass1_ref = 30.000000006445934
mass2_ref = 30.00000000458934
minchirp = 26.116416903687103
maxchirp = 26.116616903687103
mincov = 37874613446.30336
maxcov = 3787461344630.3364
