
[data]
trigger-time = 1337567980.4154468
injection-file = /work/shashwat.singh/Prospects-of-LGWs/unlens/injection.hdf

[global]
instruments = E1 E2 E3
mass1_ref = 30.00000000390247
mass2_ref = 30.00000000162905
minchirp = 26.11641690129146
maxchirp = 26.116616901291458
mincov = 13518874631.34626
maxcov = 1351887463134.626
