
[data]
trigger-time = 1374509699.1318655
injection-file = /work/shashwat.singh/Prospects-of-LGWs/unlens/injection.hdf

[global]
instruments = E1 E2 E3
mass1_ref = 30.00000000736173
mass2_ref = 30.00000000138997
minchirp = 26.11641690269312
maxchirp = 26.11661690269312
mincov = 72696688143.27094
maxcov = 7269668814327.094
