
[data]
trigger-time = 1905049312.4889264
injection-file = /work/shashwat.singh/Prospects-of-LGWs/unlens/injection.hdf

[global]
instruments = E1 E2 E3
mass1_ref = 30.000000002369166
mass2_ref = 30.00000000512896
minchirp = 26.116416902147474
maxchirp = 26.116616902147474
mincov = 40176203467.115005
maxcov = 4017620346711.501
