
[data]
trigger-time = 1631734203.1408532
injection-file = /work/shashwat.singh/Prospects-of-LGWs/unlens/injection.hdf

[global]
instruments = E1 E2 E3
mass1_ref = 30.00000000756941
mass2_ref = 30.000000007258862
minchirp = 26.116416905338106
maxchirp = 26.116616905338105
mincov = 108301152372.67685
maxcov = 10830115237267.684
