
[data]
trigger-time = 1337461883.5461063
injection-file = /work/shashwat.singh/Prospects-of-LGWs/unlens/injection.hdf

[global]
instruments = E1 E2 E3
mass1_ref = 30.00000000138209
mass2_ref = 30.000000005922107
minchirp = 26.11641690206306
maxchirp = 26.11661690206306
mincov = 107402905223.94527
maxcov = 10740290522394.527
