
[data]
trigger-time = 1374326585.9540627
injection-file = /work/shashwat.singh/Prospects-of-LGWs/unlens/injection.hdf

[global]
instruments = E1 E2 E3
mass1_ref = 30.000000006226628
mass2_ref = 30.000000003413557
minchirp = 26.11641690307986
maxchirp = 26.11661690307986
mincov = 150816284089.40933
maxcov = 15081628408940.934
