
[data]
trigger-time = 1821049257.066604
injection-file = /work/shashwat.singh/Prospects-of-LGWs/unlens/injection.hdf

[global]
instruments = E1 E2 E3
mass1_ref = 30.000000004709893
mass2_ref = 30.000000000011685
minchirp = 26.11641690093891
maxchirp = 26.116616900938908
mincov = 34041207651.009132
maxcov = 3404120765100.913
