
[data]
trigger-time = 1134982146.8503833
injection-file = /work/shashwat.singh/Prospects-of-LGWs/unlens/injection.hdf

[global]
instruments = E1 E2 E3
mass1_ref = 30.000000009281436
mass2_ref = 30.0000000007426
minchirp = 26.11641690324694
maxchirp = 26.11661690324694
mincov = 1866834226.2148788
maxcov = 186683422621.48788
