
[data]
trigger-time = 1052431056.8503448
injection-file = /work/shashwat.singh/Prospects-of-LGWs/unlens/injection.hdf

[global]
instruments = E1 E2 E3
mass1_ref = 30.000000006765823
mass2_ref = 30.000000005386266
minchirp = 26.11641690417323
maxchirp = 26.11661690417323
mincov = 47413493459.374825
maxcov = 4741349345937.482
