
[data]
trigger-time = 1877305626.3063817
injection-file = /work/shashwat.singh/Prospects-of-LGWs/unlens/injection.hdf

[global]
instruments = E1 E2 E3
mass1_ref = 30.00000000726909
mass2_ref = 30.000000006474917
minchirp = 26.11641690486615
maxchirp = 26.11661690486615
mincov = 33810542165.487976
maxcov = 3381054216548.798
