
[data]
trigger-time = 1307443361.4579976
injection-file = /work/shashwat.singh/Prospects-of-LGWs/unlens/injection.hdf

[global]
instruments = E1 E2 E3
mass1_ref = 30.000000003902002
mass2_ref = 30.00000000577546
minchirp = 26.116416903096084
maxchirp = 26.116616903096084
mincov = 96431830349.08261
maxcov = 9643183034908.26
