
[data]
trigger-time = 1146692852.8642268
injection-file = /work/shashwat.singh/Prospects-of-LGWs/unlens/injection.hdf

[global]
instruments = E1 E2 E3
mass1_ref = 30.000000006644225
mass2_ref = 30.000000001578254
minchirp = 26.116416902462767
maxchirp = 26.116616902462766
mincov = 41323944322.50878
maxcov = 4132394432250.8784
