
[data]
trigger-time = 1522905814.9275525
injection-file = /work/shashwat.singh/Prospects-of-LGWs/unlens/injection.hdf

[global]
instruments = E1 E2 E3
mass1_ref = 30.00000000053139
mass2_ref = 30.000000004309772
minchirp = 26.116416900990963
maxchirp = 26.116616900990962
mincov = 11956992408.239859
maxcov = 1195699240823.9858
