
[data]
trigger-time = 1967290469.189577
injection-file = /work/shashwat.singh/Prospects-of-LGWs/unlens/injection.hdf

[global]
instruments = E1 E2 E3
mass1_ref = 30.00000000936661
mass2_ref = 30.000000006836096
minchirp = 26.11641690593636
maxchirp = 26.11661690593636
mincov = 18274162482.843956
maxcov = 1827416248284.3958
