
[data]
trigger-time = 1087447944.6293046
injection-file = /work/shashwat.singh/Prospects-of-LGWs/unlens/injection.hdf

[global]
instruments = E1 E2 E3
mass1_ref = 30.00000000223824
mass2_ref = 30.000000000288008
minchirp = 26.11641689998334
maxchirp = 26.116616899983338
mincov = 57695094085.531815
maxcov = 5769509408553.182
