
[data]
trigger-time = 1619000761.5204535
injection-file = /work/shashwat.singh/Prospects-of-LGWs/unlens/injection.hdf

[global]
instruments = E1 E2 E3
mass1_ref = 30.00000000230178
mass2_ref = 30.000000002494463
minchirp = 26.11641690097141
maxchirp = 26.116616900971408
mincov = 21541751216.729214
maxcov = 2154175121672.9214
