
[data]
trigger-time = 1116140740.0798652
injection-file = /work/shashwat.singh/Prospects-of-LGWs/unlens/injection.hdf

[global]
instruments = E1 E2 E3
mass1_ref = 30.00000000079009
mass2_ref = 30.000000004041333
minchirp = 26.116416900986724
maxchirp = 26.116616900986724
mincov = 91830587797.31064
maxcov = 9183058779731.064
