
[data]
trigger-time = 1061180997.4257207
injection-file = /work/shashwat.singh/Prospects-of-LGWs/unlens/injection.hdf

[global]
instruments = E1 E2 E3
mass1_ref = 30.000000002702723
mass2_ref = 30.000000005624965
minchirp = 26.11641690250856
maxchirp = 26.11661690250856
mincov = 126561299231.4345
maxcov = 12656129923143.45
