
[data]
trigger-time = 1846185066.6525452
injection-file = /work/shashwat.singh/Prospects-of-LGWs/unlens/injection.hdf

[global]
instruments = E1 E2 E3
mass1_ref = 30.000000002205077
mass2_ref = 30.00000000218747
minchirp = 26.11641690079569
maxchirp = 26.11661690079569
mincov = 41450820865.1876
maxcov = 4145082086518.76
