
[data]
trigger-time = 1456210903.0030959
injection-file = /work/shashwat.singh/Prospects-of-LGWs/unlens/injection.hdf

[global]
instruments = E1 E2 E3
mass1_ref = 30.00000000082845
mass2_ref = 30.00000000220693
minchirp = 26.11641690020495
maxchirp = 26.11661690020495
mincov = 159460005491.55676
maxcov = 15946000549155.676
