
[data]
trigger-time = 1248515872.6166723
injection-file = /work/shashwat.singh/Prospects-of-LGWs/unlens/injection.hdf

[global]
instruments = E1 E2 E3
mass1_ref = 30.000000002170207
mass2_ref = 30.00000000499718
minchirp = 26.11641690200351
maxchirp = 26.11661690200351
mincov = 109649550376.20607
maxcov = 10964955037620.607
