
[data]
trigger-time = 1585586354.8284967
injection-file = /work/shashwat.singh/Prospects-of-LGWs/unlens/injection.hdf

[global]
instruments = E1 E2 E3
mass1_ref = 30.00000000312097
mass2_ref = 30.000000003876135
minchirp = 26.11641690192939
maxchirp = 26.11661690192939
mincov = 94152375325.84538
maxcov = 9415237532584.54
