
[data]
trigger-time = 1840308134.8809137
injection-file = /work/shashwat.singh/Prospects-of-LGWs/unlens/injection.hdf

[global]
instruments = E1 E2 E3
mass1_ref = 30.000000008365014
mass2_ref = 30.000000004353574
minchirp = 26.11641690441981
maxchirp = 26.11661690441981
mincov = 129454019650.7978
maxcov = 12945401965079.781
