
[data]
trigger-time = 1010266038.2591978
injection-file = /work/shashwat.singh/Prospects-of-LGWs/unlens/injection.hdf

[global]
instruments = E1 E2 E3
mass1_ref = 30.000000007754547
mass2_ref = 30.000000005054517
minchirp = 26.116416904459193
maxchirp = 26.116616904459192
mincov = 47894644153.68955
maxcov = 4789464415368.955
