
[data]
trigger-time = 1582905215.370584
injection-file = /work/shashwat.singh/Prospects-of-LGWs/unlens/injection.hdf

[global]
instruments = E1 E2 E3
mass1_ref = 30.000000007349943
mass2_ref = 30.000000004319336
minchirp = 26.116416903963074
maxchirp = 26.116616903963074
mincov = 112579957991.28125
maxcov = 11257995799128.125
