
[data]
trigger-time = 1058438940.9990592
injection-file = /work/shashwat.singh/Prospects-of-LGWs/unlens/injection.hdf

[global]
instruments = E1 E2 E3
mass1_ref = 30.00000000408433
mass2_ref = 30.000000003065413
minchirp = 26.11641690199583
maxchirp = 26.11661690199583
mincov = 169595250796.5555
maxcov = 16959525079655.55
