
[data]
trigger-time = 1531289537.5800354
injection-file = /work/shashwat.singh/Prospects-of-LGWs/unlens/injection.hdf

[global]
instruments = E1 E2 E3
mass1_ref = 30.00000000334343
mass2_ref = 30.000000006877716
minchirp = 26.116416903332738
maxchirp = 26.116616903332737
mincov = 6668844354.971574
maxcov = 666884435497.1573
