
[data]
trigger-time = 1656230230.819364
injection-file = /work/shashwat.singh/Prospects-of-LGWs/unlens/injection.hdf

[global]
instruments = E1 E2 E3
mass1_ref = 30.000000007548536
mass2_ref = 30.000000006791275
minchirp = 26.11641690512549
maxchirp = 26.11661690512549
mincov = 91181127840.8371
maxcov = 9118112784083.709
