
[data]
trigger-time = 1886060517.3148623
injection-file = /work/shashwat.singh/Prospects-of-LGWs/unlens/injection.hdf

[global]
instruments = E1 E2 E3
mass1_ref = 30.000000007663807
mass2_ref = 30.00000000328435
minchirp = 26.116416903649185
maxchirp = 26.116616903649184
mincov = 94791675354.41306
maxcov = 9479167535441.305
