
[data]
trigger-time = 1017599601.5463681
injection-file = /work/shashwat.singh/Prospects-of-LGWs/unlens/injection.hdf

[global]
instruments = E1 E2 E3
mass1_ref = 30.000000007315656
mass2_ref = 30.000000001679375
minchirp = 26.11641690279904
maxchirp = 26.116616902799038
mincov = 63945312869.79916
maxcov = 6394531286979.916
