
[data]
trigger-time = 1881793171.7176876
injection-file = /work/shashwat.singh/Prospects-of-LGWs/unlens/injection.hdf

[global]
instruments = E1 E2 E3
mass1_ref = 30.000000002073808
mass2_ref = 30.000000005560253
minchirp = 26.116416902206645
maxchirp = 26.116616902206644
mincov = 99307952493.1117
maxcov = 9930795249311.17
