
[data]
trigger-time = 1322476796.9175775
injection-file = /work/shashwat.singh/Prospects-of-LGWs/unlens/injection.hdf

[global]
instruments = E1 E2 E3
mass1_ref = 30.000000004265743
mass2_ref = 30.00000000354693
minchirp = 26.11641690228439
maxchirp = 26.116616902284388
mincov = 30738845579.012615
maxcov = 3073884557901.2617
