
[data]
trigger-time = 1691045686.8241014
injection-file = /work/shashwat.singh/Prospects-of-LGWs/unlens/injection.hdf

[global]
instruments = E1 E2 E3
mass1_ref = 30.000000008966754
mass2_ref = 30.000000001227807
minchirp = 26.116416903321166
maxchirp = 26.116616903321166
mincov = 29427692510.363945
maxcov = 2942769251036.3945
