
[data]
trigger-time = 1387609291.5405505
injection-file = /work/shashwat.singh/Prospects-of-LGWs/unlens/injection.hdf

[global]
instruments = E1 E2 E3
mass1_ref = 30.000000004118736
mass2_ref = 30.00000000544989
minchirp = 26.116416903048712
maxchirp = 26.116616903048712
mincov = 150396697793.40347
maxcov = 15039669779340.348
