
[data]
trigger-time = 1996299062.0815682
injection-file = /work/shashwat.singh/Prospects-of-LGWs/unlens/injection.hdf

[global]
instruments = E1 E2 E3
mass1_ref = 30.00000000469055
mass2_ref = 30.000000008149442
minchirp = 26.116416904472654
maxchirp = 26.116616904472654
mincov = 113347442827.94849
maxcov = 11334744282794.848
