
[data]
trigger-time = 1293526833.087242
injection-file = /work/shashwat.singh/Prospects-of-LGWs/unlens/injection.hdf

[global]
instruments = E1 E2 E3
mass1_ref = 30.00000000209977
mass2_ref = 30.000000000211294
minchirp = 26.116416899889675
maxchirp = 26.116616899889674
mincov = 159704654095.5927
maxcov = 15970465409559.273
