
[data]
trigger-time = 1212419445.306012
injection-file = /work/shashwat.singh/Prospects-of-LGWs/unlens/injection.hdf

[global]
instruments = E1 E2 E3
mass1_ref = 30.00000000174314
mass2_ref = 30.000000000022943
minchirp = 26.116416899652457
maxchirp = 26.116616899652456
mincov = 125580069535.89828
maxcov = 12558006953589.828
