
[data]
trigger-time = 1812317764.68705
injection-file = /work/shashwat.singh/Prospects-of-LGWs/unlens/injection.hdf

[global]
instruments = E1 E2 E3
mass1_ref = 30.000000007664372
mass2_ref = 30.00000000891212
minchirp = 26.11641690609906
maxchirp = 26.11661690609906
mincov = 69915982228.93243
maxcov = 6991598222893.243
