
[data]
trigger-time = 1213287545.050063
injection-file = /work/shashwat.singh/Prospects-of-LGWs/unlens/injection.hdf

[global]
instruments = E1 E2 E3
mass1_ref = 30.00000000305063
mass2_ref = 30.000000001042473
minchirp = 26.11641690066535
maxchirp = 26.11661690066535
mincov = 96722135309.21413
maxcov = 9672213530921.412
