
[data]
trigger-time = 1016598239.5179206
injection-file = /work/shashwat.singh/Prospects-of-LGWs/unlens/injection.hdf

[global]
instruments = E1 E2 E3
mass1_ref = 30.00000000064623
mass2_ref = 30.0000000062344
minchirp = 26.116416901878694
maxchirp = 26.116616901878693
mincov = 318699905.94052994
maxcov = 31869990594.052994
