
[data]
trigger-time = 1256287649.5788682
injection-file = /work/shashwat.singh/Prospects-of-LGWs/unlens/injection.hdf

[global]
instruments = E1 E2 E3
mass1_ref = 30.0000000091353
mass2_ref = 30.00000000292645
minchirp = 26.116416904133903
maxchirp = 26.116616904133902
mincov = 114048758211.95898
maxcov = 11404875821195.898
