
[data]
trigger-time = 1440256983.6978707
injection-file = /work/shashwat.singh/Prospects-of-LGWs/unlens/injection.hdf

[global]
instruments = E1 E2 E3
mass1_ref = 30.00000000431948
mass2_ref = 30.000000005928577
minchirp = 26.11641690334445
maxchirp = 26.11661690334445
mincov = 72870990397.69016
maxcov = 7287099039769.016
