
[data]
trigger-time = 1794506282.5543184
injection-file = /work/shashwat.singh/Prospects-of-LGWs/unlens/injection.hdf

[global]
instruments = E1 E2 E3
mass1_ref = 30.00000000056411
mass2_ref = 30.000000005307562
minchirp = 26.116416901439518
maxchirp = 26.116616901439517
mincov = 148072982848.63675
maxcov = 14807298284863.674
