
[data]
trigger-time = 1762819220.134352
injection-file = /work/shashwat.singh/Prospects-of-LGWs/unlens/injection.hdf

[global]
instruments = E1 E2 E3
mass1_ref = 30.00000000842898
mass2_ref = 30.000000007137693
minchirp = 26.116416905659513
maxchirp = 26.116616905659512
mincov = 233709881.36404926
maxcov = 23370988136.404922
