
[data]
trigger-time = 1799991075.688034
injection-file = /work/shashwat.singh/Prospects-of-LGWs/unlens/injection.hdf

[global]
instruments = E1 E2 E3
mass1_ref = 30.00000000499181
mass2_ref = 30.000000001383253
minchirp = 26.116416901658635
maxchirp = 26.116616901658634
mincov = 91873222530.5135
maxcov = 9187322253051.35
