
[data]
trigger-time = 1103098935.664557
injection-file = /work/shashwat.singh/Prospects-of-LGWs/unlens/injection.hdf

[global]
instruments = E1 E2 E3
mass1_ref = 30.00000000886044
mass2_ref = 30.000000002674614
minchirp = 26.11641690390465
maxchirp = 26.11661690390465
mincov = 109701723715.89034
maxcov = 10970172371589.033
