
[data]
trigger-time = 1827306177.2778344
injection-file = /work/shashwat.singh/Prospects-of-LGWs/unlens/injection.hdf

[global]
instruments = E1 E2 E3
mass1_ref = 30.000000005415195
mass2_ref = 30.000000008822678
minchirp = 26.11641690508112
maxchirp = 26.11661690508112
mincov = 96312818.4928596
maxcov = 9631281849.285961
