
[data]
trigger-time = 1161724140.419571
injection-file = /work/shashwat.singh/Prospects-of-LGWs/unlens/injection.hdf

[global]
instruments = E1 E2 E3
mass1_ref = 30.000000003042093
mass2_ref = 30.000000005782052
minchirp = 26.116416902724655
maxchirp = 26.116616902724655
mincov = 6525154184.55008
maxcov = 652515418455.008
