
[data]
trigger-time = 1701886441.8802037
injection-file = /work/shashwat.singh/Prospects-of-LGWs/unlens/injection.hdf

[global]
instruments = E1 E2 E3
mass1_ref = 30.000000004458922
mass2_ref = 30.00000000610255
minchirp = 26.11641690348087
maxchirp = 26.11661690348087
mincov = 75982011971.92586
maxcov = 7598201197192.586
