
[data]
trigger-time = 1066471308.5335302
injection-file = /work/shashwat.singh/Prospects-of-LGWs/unlens/injection.hdf

[global]
instruments = E1 E2 E3
mass1_ref = 30.000000003264088
mass2_ref = 30.00000000621595
minchirp = 26.116416903010148
maxchirp = 26.116616903010147
mincov = 4943168167.460336
maxcov = 494316816746.03357
