
[data]
trigger-time = 1515741787.387388
injection-file = /work/shashwat.singh/Prospects-of-LGWs/unlens/injection.hdf

[global]
instruments = E1 E2 E3
mass1_ref = 30.000000001021718
mass2_ref = 30.00000000392309
minchirp = 26.11641690103608
maxchirp = 26.11661690103608
mincov = 199405189.1526593
maxcov = 19940518915.26593
