
[data]
trigger-time = 1168224224.8852572
injection-file = /work/shashwat.singh/Prospects-of-LGWs/unlens/injection.hdf

[global]
instruments = E1 E2 E3
mass1_ref = 30.000000003281514
mass2_ref = 30.000000002254527
minchirp = 26.116416901293427
maxchirp = 26.116616901293426
mincov = 145739588115.49103
maxcov = 14573958811549.102
