
[data]
trigger-time = 1301394595.0046713
injection-file = /work/shashwat.singh/Prospects-of-LGWs/unlens/injection.hdf

[global]
instruments = E1 E2 E3
mass1_ref = 30.000000008836274
mass2_ref = 30.00000000418315
minchirp = 26.116416904550757
maxchirp = 26.116616904550757
mincov = 64143238224.954994
maxcov = 6414323822495.499
