
[data]
trigger-time = 1441705081.5734727
injection-file = /work/shashwat.singh/Prospects-of-LGWs/unlens/injection.hdf

[global]
instruments = E1 E2 E3
mass1_ref = 30.000000005192483
mass2_ref = 30.000000007940642
minchirp = 26.11641690460025
maxchirp = 26.11661690460025
mincov = 40382700218.64186
maxcov = 4038270021864.1865
