
[data]
trigger-time = 1779155099.806397
injection-file = /work/shashwat.singh/Prospects-of-LGWs/unlens/injection.hdf

[global]
instruments = E1 E2 E3
mass1_ref = 30.00000000373874
mass2_ref = 30.00000000353795
minchirp = 26.116416902051085
maxchirp = 26.116616902051085
mincov = 83553981863.78897
maxcov = 8355398186378.897
