
[data]
trigger-time = 1104650304.4083364
injection-file = /work/shashwat.singh/Prospects-of-LGWs/unlens/injection.hdf

[global]
instruments = E1 E2 E3
mass1_ref = 30.000000000624382
mass2_ref = 30.000000007738223
minchirp = 26.11641690252376
maxchirp = 26.11661690252376
mincov = 96302594710.62202
maxcov = 9630259471062.203
