
[data]
trigger-time = 1294485576.459031
injection-file = /work/shashwat.singh/Prospects-of-LGWs/unlens/injection.hdf

[global]
instruments = E1 E2 E3
mass1_ref = 30.00000000787354
mass2_ref = 30.00000000553046
minchirp = 26.116416904718154
maxchirp = 26.116616904718153
mincov = 143335978697.62482
maxcov = 14333597869762.48
