
[data]
trigger-time = 1794051745.3210852
injection-file = /work/shashwat.singh/Prospects-of-LGWs/unlens/injection.hdf

[global]
instruments = E1 E2 E3
mass1_ref = 30.000000005291927
mass2_ref = 30.00000000970541
minchirp = 26.116416905411697
maxchirp = 26.116616905411696
mincov = 100199586448.97446
maxcov = 10019958644897.445
