
[data]
trigger-time = 1080072808.283708
injection-file = /work/shashwat.singh/Prospects-of-LGWs/unlens/injection.hdf

[global]
instruments = E1 E2 E3
mass1_ref = 30.000000004212225
mass2_ref = 30.00000000113341
minchirp = 26.11641690121055
maxchirp = 26.11661690121055
mincov = 152366726386.4716
maxcov = 15236672638647.158
