
[data]
trigger-time = 1833914924.9928744
injection-file = /work/shashwat.singh/Prospects-of-LGWs/unlens/injection.hdf

[global]
instruments = E1 E2 E3
mass1_ref = 30.00000000184259
mass2_ref = 30.000000001724977
minchirp = 26.1164169004366
maxchirp = 26.1166169004366
mincov = 10968703856.355444
maxcov = 1096870385635.5444
