
[data]
trigger-time = 1405930856.7058809
injection-file = /work/shashwat.singh/Prospects-of-LGWs/unlens/injection.hdf

[global]
instruments = E1 E2 E3
mass1_ref = 30.00000000956422
mass2_ref = 30.000000003743935
minchirp = 26.116416904676434
maxchirp = 26.116616904676434
mincov = 119542335602.495
maxcov = 11954233560249.5
