
[data]
trigger-time = 1927762771.3032784
injection-file = /work/shashwat.singh/Prospects-of-LGWs/unlens/injection.hdf

[global]
instruments = E1 E2 E3
mass1_ref = 30.000000000461828
mass2_ref = 30.000000007039407
minchirp = 26.116416902148828
maxchirp = 26.116616902148827
mincov = 16079516206.784384
maxcov = 1607951620678.4385
