
[data]
trigger-time = 1500188884.9859254
injection-file = /work/shashwat.singh/Prospects-of-LGWs/unlens/injection.hdf

[global]
instruments = E1 E2 E3
mass1_ref = 30.000000006731543
mass2_ref = 30.000000008407802
minchirp = 26.116416905473507
maxchirp = 26.116616905473506
mincov = 137183167307.11491
maxcov = 13718316730711.492
