
[data]
trigger-time = 1158079148.0674782
injection-file = /work/shashwat.singh/Prospects-of-LGWs/unlens/injection.hdf

[global]
instruments = E1 E2 E3
mass1_ref = 30.00000000948481
mass2_ref = 30.000000002699455
minchirp = 26.116416904187233
maxchirp = 26.116616904187232
mincov = 176306243704.9579
maxcov = 17630624370495.79
