
[data]
trigger-time = 1944599788.0609012
injection-file = /work/shashwat.singh/Prospects-of-LGWs/unlens/injection.hdf

[global]
instruments = E1 E2 E3
mass1_ref = 30.00000000173278
mass2_ref = 30.000000002233897
minchirp = 26.11641690061032
maxchirp = 26.11661690061032
mincov = 25698890800.27253
maxcov = 2569889080027.253
