
[data]
trigger-time = 1983888065.5125976
injection-file = /work/shashwat.singh/Prospects-of-LGWs/unlens/injection.hdf

[global]
instruments = E1 E2 E3
mass1_ref = 30.0000000029274
mass2_ref = 30.000000008958718
minchirp = 26.11641690405746
maxchirp = 26.11661690405746
mincov = 146817002764.99487
maxcov = 14681700276499.488
