
[data]
trigger-time = 1222477507.8524573
injection-file = /work/shashwat.singh/Prospects-of-LGWs/unlens/injection.hdf

[global]
instruments = E1 E2 E3
mass1_ref = 30.00000000394812
mass2_ref = 30.000000005120324
minchirp = 26.116416902830995
maxchirp = 26.116616902830994
mincov = 63945962877.97577
maxcov = 6394596287797.577
