
[data]
trigger-time = 1284202385.7894752
injection-file = /work/shashwat.singh/Prospects-of-LGWs/unlens/injection.hdf

[global]
instruments = E1 E2 E3
mass1_ref = 30.000000001421583
mass2_ref = 30.000000002724693
minchirp = 26.1164169006885
maxchirp = 26.1166169006885
mincov = 52871356307.53635
maxcov = 5287135630753.635
