
[data]
trigger-time = 1940932033.4309347
injection-file = /work/shashwat.singh/Prospects-of-LGWs/unlens/injection.hdf

[global]
instruments = E1 E2 E3
mass1_ref = 30.000000009858198
mass2_ref = 30.000000009059697
minchirp = 26.116416907118214
maxchirp = 26.116616907118214
mincov = 93039984259.86966
maxcov = 9303998425986.965
