
[data]
trigger-time = 1056863855.1584197
injection-file = /work/shashwat.singh/Prospects-of-LGWs/unlens/injection.hdf

[global]
instruments = E1 E2 E3
mass1_ref = 30.00000000881833
mass2_ref = 30.00000000708797
minchirp = 26.11641690580734
maxchirp = 26.11661690580734
mincov = 71177864300.14401
maxcov = 7117786430014.402
