
[data]
trigger-time = 1140146499.458912
injection-file = /work/shashwat.singh/Prospects-of-LGWs/unlens/injection.hdf

[global]
instruments = E1 E2 E3
mass1_ref = 30.00000000404673
mass2_ref = 30.000000005251493
minchirp = 26.11641690293101
maxchirp = 26.11661690293101
mincov = 66862534636.99984
maxcov = 6686253463699.984
