
[data]
trigger-time = 1597950802.9049907
injection-file = /work/shashwat.singh/Prospects-of-LGWs/unlens/injection.hdf

[global]
instruments = E1 E2 E3
mass1_ref = 30.000000008087344
mass2_ref = 30.000000008363404
minchirp = 26.11641690604433
maxchirp = 26.116616906044328
mincov = 24288077040.707863
maxcov = 2428807704070.786
