
[data]
trigger-time = 1709480793.2903461
injection-file = /work/shashwat.singh/Prospects-of-LGWs/unlens/injection.hdf

[global]
instruments = E1 E2 E3
mass1_ref = 30.00000000094994
mass2_ref = 30.000000003482228
minchirp = 26.116416900812936
maxchirp = 26.116616900812936
mincov = 17081883263.22797
maxcov = 1708188326322.7969
