
[data]
trigger-time = 1615908528.8109784
injection-file = /work/shashwat.singh/Prospects-of-LGWs/unlens/injection.hdf

[global]
instruments = E1 E2 E3
mass1_ref = 30.000000007905108
mass2_ref = 30.000000001668052
minchirp = 26.116416903050684
maxchirp = 26.116616903050684
mincov = 131697956863.32622
maxcov = 13169795686332.621
