
[data]
trigger-time = 1236295726.3039968
injection-file = /work/shashwat.singh/Prospects-of-LGWs/unlens/injection.hdf

[global]
instruments = E1 E2 E3
mass1_ref = 30.00000000904086
mass2_ref = 30.00000000167778
minchirp = 26.116416903549286
maxchirp = 26.116616903549286
mincov = 178558971372.26895
maxcov = 17855897137226.895
