
[data]
trigger-time = 1430209680.1576924
injection-file = /work/shashwat.singh/Prospects-of-LGWs/unlens/injection.hdf

[global]
instruments = E1 E2 E3
mass1_ref = 30.000000005663424
mass2_ref = 30.000000000294662
minchirp = 26.11641690147713
maxchirp = 26.11661690147713
mincov = 59748000246.0792
maxcov = 5974800024607.92
