
[data]
trigger-time = 1213726889.1144428
injection-file = /work/shashwat.singh/Prospects-of-LGWs/unlens/injection.hdf

[global]
instruments = E1 E2 E3
mass1_ref = 30.000000005205376
mass2_ref = 30.000000003746415
minchirp = 26.116416902780216
maxchirp = 26.116616902780216
mincov = 164473642132.91574
maxcov = 16447364213291.574
