
[data]
trigger-time = 1757201462.6102884
injection-file = /work/shashwat.singh/Prospects-of-LGWs/unlens/injection.hdf

[global]
instruments = E1 E2 E3
mass1_ref = 30.000000006378578
mass2_ref = 30.000000004271392
minchirp = 26.116416903519394
maxchirp = 26.116616903519393
mincov = 110842701844.05351
maxcov = 11084270184405.352
