
[data]
trigger-time = 1477674904.9397483
injection-file = /work/shashwat.singh/Prospects-of-LGWs/unlens/injection.hdf

[global]
instruments = E1 E2 E3
mass1_ref = 30.000000008839528
mass2_ref = 30.000000002512675
minchirp = 26.11641690382506
maxchirp = 26.116616903825058
mincov = 98066446.07608697
maxcov = 9806644607.608696
