
[data]
trigger-time = 1690021146.138519
injection-file = /work/shashwat.singh/Prospects-of-LGWs/unlens/injection.hdf

[global]
instruments = E1 E2 E3
mass1_ref = 30.000000007162072
mass2_ref = 30.00000000909634
minchirp = 26.11641690596061
maxchirp = 26.11661690596061
mincov = 33088680161.684204
maxcov = 3308868016168.4204
