
[data]
trigger-time = 1939161247.559984
injection-file = /work/shashwat.singh/Prospects-of-LGWs/unlens/injection.hdf

[global]
instruments = E1 E2 E3
mass1_ref = 30.000000005055323
mass2_ref = 30.000000009293704
minchirp = 26.1164169051295
maxchirp = 26.1166169051295
mincov = 88340902618.28085
maxcov = 8834090261828.086
