
[data]
trigger-time = 1100780591.9439273
injection-file = /work/shashwat.singh/Prospects-of-LGWs/unlens/injection.hdf

[global]
instruments = E1 E2 E3
mass1_ref = 30.000000004332463
mass2_ref = 30.00000000473403
minchirp = 26.116416902830146
maxchirp = 26.116616902830145
mincov = 131454241875.41618
maxcov = 13145424187541.62
