
[data]
trigger-time = 1627987799.9512277
injection-file = /work/shashwat.singh/Prospects-of-LGWs/unlens/injection.hdf

[global]
instruments = E1 E2 E3
mass1_ref = 30.00000000626231
mass2_ref = 30.000000000172133
minchirp = 26.11641690168448
maxchirp = 26.11661690168448
mincov = 9919582085.955603
maxcov = 991958208595.5603
