
[data]
trigger-time = 1035395030.0477405
injection-file = /work/shashwat.singh/Prospects-of-LGWs/unlens/injection.hdf

[global]
instruments = E1 E2 E3
mass1_ref = 30.000000009343825
mass2_ref = 30.00000000227464
minchirp = 26.116416903940955
maxchirp = 26.116616903940955
mincov = 115502587.68229842
maxcov = 11550258768.229843
