
[data]
trigger-time = 1777347313.9051278
injection-file = /work/shashwat.singh/Prospects-of-LGWs/unlens/injection.hdf

[global]
instruments = E1 E2 E3
mass1_ref = 30.000000002444633
mass2_ref = 30.000000003138947
minchirp = 26.116416901314118
maxchirp = 26.116616901314117
mincov = 141890175658.89984
maxcov = 14189017565889.982
