
[data]
trigger-time = 1329771303.296465
injection-file = /work/shashwat.singh/Prospects-of-LGWs/unlens/injection.hdf

[global]
instruments = E1 E2 E3
mass1_ref = 30.000000002089983
mass2_ref = 30.000000008412567
minchirp = 26.116416903455224
maxchirp = 26.116616903455224
mincov = 123498729706.04922
maxcov = 12349872970604.922
