
[data]
trigger-time = 1395683644.8038552
injection-file = /work/shashwat.singh/Prospects-of-LGWs/unlens/injection.hdf

[global]
instruments = E1 E2 E3
mass1_ref = 30.00000000231632
mass2_ref = 30.00000000954574
minchirp = 26.116416904046982
maxchirp = 26.11661690404698
mincov = 58470259871.35879
maxcov = 5847025987135.879
