
[data]
trigger-time = 1443149475.4895573
injection-file = /work/shashwat.singh/Prospects-of-LGWs/unlens/injection.hdf

[global]
instruments = E1 E2 E3
mass1_ref = 30.000000007617174
mass2_ref = 30.000000001140634
minchirp = 26.116416902695782
maxchirp = 26.11661690269578
mincov = 21328102084.67511
maxcov = 2132810208467.511
