
[data]
trigger-time = 1368249337.6466002
injection-file = /work/shashwat.singh/Prospects-of-LGWs/unlens/injection.hdf

[global]
instruments = E1 E2 E3
mass1_ref = 30.000000004661494
mass2_ref = 30.000000009418827
minchirp = 26.11641690501254
maxchirp = 26.11661690501254
mincov = 59668931549.97097
maxcov = 5966893154997.098
