
[data]
trigger-time = 1821989302.1304922
injection-file = /work/shashwat.singh/Prospects-of-LGWs/unlens/injection.hdf

[global]
instruments = E1 E2 E3
mass1_ref = 30.000000004067687
mass2_ref = 30.000000005987598
minchirp = 26.116416903260543
maxchirp = 26.116616903260542
mincov = 100207300429.11319
maxcov = 10020730042911.32
