
[data]
trigger-time = 1112413406.9185863
injection-file = /work/shashwat.singh/Prospects-of-LGWs/unlens/injection.hdf

[global]
instruments = E1 E2 E3
mass1_ref = 30.000000005636018
mass2_ref = 30.000000003806715
minchirp = 26.116416902993915
maxchirp = 26.116616902993915
mincov = 174835962016.1723
maxcov = 17483596201617.229
