
[data]
trigger-time = 1004998818.1716874
injection-file = /work/shashwat.singh/Prospects-of-LGWs/unlens/injection.hdf

[global]
instruments = E1 E2 E3
mass1_ref = 30.000000008842036
mass2_ref = 30.000000005461963
minchirp = 26.1164169051099
maxchirp = 26.1166169051099
mincov = 58991272909.683426
maxcov = 5899127290968.342
