
[data]
trigger-time = 1997957958.0545168
injection-file = /work/shashwat.singh/Prospects-of-LGWs/unlens/injection.hdf

[global]
instruments = E1 E2 E3
mass1_ref = 30.000000009963554
mass2_ref = 30.00000000197272
minchirp = 26.116416904079287
maxchirp = 26.116616904079287
mincov = 24204278566.138863
maxcov = 2420427856613.886
