
[data]
trigger-time = 1842000564.6925306
injection-file = /work/shashwat.singh/Prospects-of-LGWs/unlens/injection.hdf

[global]
instruments = E1 E2 E3
mass1_ref = 30.00000000903961
mass2_ref = 30.00000000134109
minchirp = 26.116416903402186
maxchirp = 26.116616903402186
mincov = 89885734816.36789
maxcov = 8988573481636.79
