
[data]
trigger-time = 1271944867.725101
injection-file = /work/shashwat.singh/Prospects-of-LGWs/unlens/injection.hdf

[global]
instruments = E1 E2 E3
mass1_ref = 30.000000008200832
mass2_ref = 30.000000007602804
minchirp = 26.116416905762655
maxchirp = 26.116616905762655
mincov = 83924589563.85974
maxcov = 8392458956385.975
