
[data]
trigger-time = 1553476257.2542863
injection-file = /work/shashwat.singh/Prospects-of-LGWs/unlens/injection.hdf

[global]
instruments = E1 E2 E3
mass1_ref = 30.000000008437834
mass2_ref = 30.00000000602721
minchirp = 26.11641690518
maxchirp = 26.11661690518
mincov = 151112362794.93463
maxcov = 15111236279493.465
