
[data]
trigger-time = 1620179310.4927566
injection-file = /work/shashwat.singh/Prospects-of-LGWs/unlens/injection.hdf

[global]
instruments = E1 E2 E3
mass1_ref = 30.000000009227808
mass2_ref = 30.00000000705064
minchirp = 26.11641690596933
maxchirp = 26.11661690596933
mincov = 25020845.66627185
maxcov = 2502084566.627185
