
[data]
trigger-time = 1680196069.4382725
injection-file = /work/shashwat.singh/Prospects-of-LGWs/unlens/injection.hdf

[global]
instruments = E1 E2 E3
mass1_ref = 30.000000005386408
mass2_ref = 30.000000005908
minchirp = 26.1164169037999
maxchirp = 26.1166169037999
mincov = 23351259142.20162
maxcov = 2335125914220.1616
