
[data]
trigger-time = 1112522095.4464524
injection-file = /work/shashwat.singh/Prospects-of-LGWs/unlens/injection.hdf

[global]
instruments = E1 E2 E3
mass1_ref = 30.000000009338915
mass2_ref = 30.00000000716497
minchirp = 26.11641690606746
maxchirp = 26.11661690606746
mincov = 85327106696.15335
maxcov = 8532710669615.334
