
[data]
trigger-time = 1911325795.6613808
injection-file = /work/shashwat.singh/Prospects-of-LGWs/unlens/injection.hdf

[global]
instruments = E1 E2 E3
mass1_ref = 30.00000000587885
mass2_ref = 30.00000000246457
minchirp = 26.116416902515407
maxchirp = 26.116616902515407
mincov = 39093665835.10967
maxcov = 3909366583510.9673
