
[data]
trigger-time = 1021827475.149125
injection-file = /work/shashwat.singh/Prospects-of-LGWs/unlens/injection.hdf

[global]
instruments = E1 E2 E3
mass1_ref = 30.000000005765617
mass2_ref = 30.000000001445517
minchirp = 26.116416902022554
maxchirp = 26.116616902022553
mincov = 39235972904.93941
maxcov = 3923597290493.9404
