
[data]
trigger-time = 1028953679.2753584
injection-file = /work/shashwat.singh/Prospects-of-LGWs/unlens/injection.hdf

[global]
instruments = E1 E2 E3
mass1_ref = 30.000000005581562
mass2_ref = 30.000000000687194
minchirp = 26.116416901612357
maxchirp = 26.116616901612357
mincov = 150606340047.4383
maxcov = 15060634004743.828
