
[data]
trigger-time = 1754626301.2384076
injection-file = /work/shashwat.singh/Prospects-of-LGWs/unlens/injection.hdf

[global]
instruments = E1 E2 E3
mass1_ref = 30.00000000742192
mass2_ref = 30.00000000862064
minchirp = 26.116416905866654
maxchirp = 26.116616905866653
mincov = 122041449348.61739
maxcov = 12204144934861.738
