
[data]
trigger-time = 1262603478.9598913
injection-file = /work/shashwat.singh/Prospects-of-LGWs/unlens/injection.hdf

[global]
instruments = E1 E2 E3
mass1_ref = 30.00000000201864
mass2_ref = 30.00000000305919
minchirp = 26.116416901093977
maxchirp = 26.116616901093977
mincov = 51338108278.198715
maxcov = 5133810827819.871
