
[data]
trigger-time = 1138685459.1724892
injection-file = /work/shashwat.singh/Prospects-of-LGWs/unlens/injection.hdf

[global]
instruments = E1 E2 E3
mass1_ref = 30.00000000950792
mass2_ref = 30.000000003844267
minchirp = 26.116416904695605
maxchirp = 26.116616904695604
mincov = 86371380324.49445
maxcov = 8637138032449.444
