
[data]
trigger-time = 1376114893.7056231
injection-file = /work/shashwat.singh/Prospects-of-LGWs/unlens/injection.hdf

[global]
instruments = E1 E2 E3
mass1_ref = 30.000000009864245
mass2_ref = 30.000000007209877
minchirp = 26.116416906315667
maxchirp = 26.116616906315667
mincov = 135787708962.62692
maxcov = 13578770896262.693
