
[data]
trigger-time = 1395418934.4076421
injection-file = /work/shashwat.singh/Prospects-of-LGWs/unlens/injection.hdf

[global]
instruments = E1 E2 E3
mass1_ref = 30.000000008722147
mass2_ref = 30.000000002505228
minchirp = 26.116416903770723
maxchirp = 26.116616903770723
mincov = 159855303829.13177
maxcov = 15985530382913.18
