
[data]
trigger-time = 1200830130.1124473
injection-file = /work/shashwat.singh/Prospects-of-LGWs/unlens/injection.hdf

[global]
instruments = E1 E2 E3
mass1_ref = 30.000000001489642
mass2_ref = 30.00000000166074
minchirp = 26.116416900255008
maxchirp = 26.116616900255007
mincov = 4743362988.3703575
maxcov = 474336298837.03577
