
[data]
trigger-time = 1083924802.8446422
injection-file = /work/shashwat.singh/Prospects-of-LGWs/unlens/injection.hdf

[global]
instruments = E1 E2 E3
mass1_ref = 30.000000003220666
mass2_ref = 30.00000000849842
minchirp = 26.116416903984753
maxchirp = 26.116616903984752
mincov = 130933676800.53745
maxcov = 13093367680053.746
