
[data]
trigger-time = 1820328192.1900542
injection-file = /work/shashwat.singh/Prospects-of-LGWs/unlens/injection.hdf

[global]
instruments = E1 E2 E3
mass1_ref = 30.000000008326754
mass2_ref = 30.000000001173994
minchirp = 26.116416903019168
maxchirp = 26.116616903019167
mincov = 6807353618.990914
maxcov = 680735361899.0914
