
[data]
trigger-time = 1623050546.4311357
injection-file = /work/shashwat.singh/Prospects-of-LGWs/unlens/injection.hdf

[global]
instruments = E1 E2 E3
mass1_ref = 30.00000000492919
mass2_ref = 30.000000005044477
minchirp = 26.116416903225016
maxchirp = 26.116616903225015
mincov = 98174302237.70618
maxcov = 9817430223770.617
