
[data]
trigger-time = 1284438557.044237
injection-file = /work/shashwat.singh/Prospects-of-LGWs/unlens/injection.hdf

[global]
instruments = E1 E2 E3
mass1_ref = 30.000000000744347
mass2_ref = 30.000000007696418
minchirp = 26.11641690255778
maxchirp = 26.11661690255778
mincov = 64061162780.59175
maxcov = 6406116278059.175
