
[data]
trigger-time = 1838606355.6007915
injection-file = /work/shashwat.singh/Prospects-of-LGWs/unlens/injection.hdf

[global]
instruments = E1 E2 E3
mass1_ref = 30.000000007707694
mass2_ref = 30.000000005823892
minchirp = 26.11641690477369
maxchirp = 26.11661690477369
mincov = 8385349.32129935
maxcov = 838534932.129935
