
[data]
trigger-time = 1870988955.2952838
injection-file = /work/shashwat.singh/Prospects-of-LGWs/unlens/injection.hdf

[global]
instruments = E1 E2 E3
mass1_ref = 30.000000009684342
mass2_ref = 30.000000009714178
minchirp = 26.11641690732742
maxchirp = 26.11661690732742
mincov = 1972113800.258723
maxcov = 197211380025.8723
