
[data]
trigger-time = 1952642324.7232006
injection-file = /work/shashwat.singh/Prospects-of-LGWs/unlens/injection.hdf

[global]
instruments = E1 E2 E3
mass1_ref = 30.000000001188393
mass2_ref = 30.000000004775362
minchirp = 26.1164169014796
maxchirp = 26.1166169014796
mincov = 45271139810.35016
maxcov = 4527113981035.016
