
[data]
trigger-time = 1507397993.1773615
injection-file = /work/shashwat.singh/Prospects-of-LGWs/unlens/injection.hdf

[global]
instruments = E1 E2 E3
mass1_ref = 30.000000004515485
mass2_ref = 30.000000003341828
minchirp = 26.11641690230382
maxchirp = 26.116616902303818
mincov = 219932.1202401645
maxcov = 21993212.02401645
