
[data]
trigger-time = 1138600232.2552764
injection-file = /work/shashwat.singh/Prospects-of-LGWs/unlens/injection.hdf

[global]
instruments = E1 E2 E3
mass1_ref = 30.000000009146326
mass2_ref = 30.000000009830504
minchirp = 26.116416907143872
maxchirp = 26.11661690714387
mincov = 58782730.77896047
maxcov = 5878273077.896047
