
[data]
trigger-time = 1481437306.347774
injection-file = /work/shashwat.singh/Prospects-of-LGWs/unlens/injection.hdf

[global]
instruments = E1 E2 E3
mass1_ref = 30.000000008662795
mass2_ref = 30.000000007763582
minchirp = 26.11641690603372
maxchirp = 26.11661690603372
mincov = 46872432182.9413
maxcov = 4687243218294.13
