
[data]
trigger-time = 1356032956.043965
injection-file = /work/shashwat.singh/Prospects-of-LGWs/unlens/injection.hdf

[global]
instruments = E1 E2 E3
mass1_ref = 30.00000000286786
mass2_ref = 30.00000000915098
minchirp = 26.11641690411523
maxchirp = 26.11661690411523
mincov = 26235038770.042923
maxcov = 2623503877004.2925
