
[data]
trigger-time = 1767641573.1873147
injection-file = /work/shashwat.singh/Prospects-of-LGWs/unlens/injection.hdf

[global]
instruments = E1 E2 E3
mass1_ref = 30.00000000069348
mass2_ref = 30.000000007329547
minchirp = 26.116416902375946
maxchirp = 26.116616902375945
mincov = 5533061288.233661
maxcov = 553306128823.3661
