
[data]
trigger-time = 1509360704.3663955
injection-file = /work/shashwat.singh/Prospects-of-LGWs/unlens/injection.hdf

[global]
instruments = E1 E2 E3
mass1_ref = 30.000000002329525
mass2_ref = 30.000000003991026
minchirp = 26.116416901634906
maxchirp = 26.116616901634906
mincov = 54113607606.51419
maxcov = 5411360760651.419
