
[data]
trigger-time = 1401493798.319052
injection-file = /work/shashwat.singh/Prospects-of-LGWs/unlens/injection.hdf

[global]
instruments = E1 E2 E3
mass1_ref = 30.00000000044268
mass2_ref = 30.00000000817842
minchirp = 26.116416902636274
maxchirp = 26.116616902636274
mincov = 24037910156.693336
maxcov = 2403791015669.3335
