
[data]
trigger-time = 1570786992.58035
injection-file = /work/shashwat.singh/Prospects-of-LGWs/unlens/injection.hdf

[global]
instruments = E1 E2 E3
mass1_ref = 30.000000007744543
mass2_ref = 30.000000008467396
minchirp = 26.116416905940383
maxchirp = 26.116616905940383
mincov = 2833479284.4277997
maxcov = 283347928442.77997
