
[data]
trigger-time = 1526252401.889881
injection-file = /work/shashwat.singh/Prospects-of-LGWs/unlens/injection.hdf

[global]
instruments = E1 E2 E3
mass1_ref = 30.00000000535641
mass2_ref = 30.000000000468777
minchirp = 26.116416901419285
maxchirp = 26.116616901419285
mincov = 83981065451.93097
maxcov = 8398106545193.097
