
[data]
trigger-time = 1257948322.459206
injection-file = /work/shashwat.singh/Prospects-of-LGWs/unlens/injection.hdf

[global]
instruments = E1 E2 E3
mass1_ref = 30.000000007802807
mass2_ref = 30.00000000746703
minchirp = 26.116416905530308
maxchirp = 26.116616905530307
mincov = 86341914852.81436
maxcov = 8634191485281.436
