
[data]
trigger-time = 1820385131.8757105
injection-file = /work/shashwat.singh/Prospects-of-LGWs/unlens/injection.hdf

[global]
instruments = E1 E2 E3
mass1_ref = 30.000000005247518
mass2_ref = 30.000000006059132
minchirp = 26.11641690380523
maxchirp = 26.11661690380523
mincov = 46471692777.54034
maxcov = 4647169277754.034
