
[data]
trigger-time = 1471706198.260282
injection-file = /work/shashwat.singh/Prospects-of-LGWs/unlens/injection.hdf

[global]
instruments = E1 E2 E3
mass1_ref = 30.0000000006348
mass2_ref = 30.00000000224037
minchirp = 26.116416900135214
maxchirp = 26.116616900135213
mincov = 100513106632.5387
maxcov = 10051310663253.87
