
[data]
trigger-time = 1634586827.754133
injection-file = /work/shashwat.singh/Prospects-of-LGWs/unlens/injection.hdf

[global]
instruments = E1 E2 E3
mass1_ref = 30.000000002955286
mass2_ref = 30.00000000907457
minchirp = 26.116416904120022
maxchirp = 26.116616904120022
mincov = 93790642097.28064
maxcov = 9379064209728.064
