
[data]
trigger-time = 1492259808.763221
injection-file = /work/shashwat.singh/Prospects-of-LGWs/unlens/injection.hdf

[global]
instruments = E1 E2 E3
mass1_ref = 30.000000002882388
mass2_ref = 30.00000000143962
minchirp = 26.116416900764985
maxchirp = 26.116616900764985
mincov = 29284209313.91935
maxcov = 2928420931391.9346
