
[data]
trigger-time = 1307238237.2854474
injection-file = /work/shashwat.singh/Prospects-of-LGWs/unlens/injection.hdf

[global]
instruments = E1 E2 E3
mass1_ref = 30.00000000845648
mass2_ref = 30.00000000075565
minchirp = 26.116416902893537
maxchirp = 26.116616902893536
mincov = 38347087229.34502
maxcov = 3834708722934.5015
