
[data]
trigger-time = 1205602237.9494638
injection-file = /work/shashwat.singh/Prospects-of-LGWs/unlens/injection.hdf

[global]
instruments = E1 E2 E3
mass1_ref = 30.000000005229207
mass2_ref = 30.000000007567735
minchirp = 26.116416904453917
maxchirp = 26.116616904453917
mincov = 126044181975.06245
maxcov = 12604418197506.246
