
[data]
trigger-time = 1868746105.9310837
injection-file = /work/shashwat.singh/Prospects-of-LGWs/unlens/injection.hdf

[global]
instruments = E1 E2 E3
mass1_ref = 30.000000006695764
mass2_ref = 30.00000000061023
minchirp = 26.116416902063843
maxchirp = 26.116616902063843
mincov = 109028459912.29549
maxcov = 10902845991229.549
