
[data]
trigger-time = 1985532894.347725
injection-file = /work/shashwat.singh/Prospects-of-LGWs/unlens/injection.hdf

[global]
instruments = E1 E2 E3
mass1_ref = 30.000000003522945
mass2_ref = 30.000000009820646
minchirp = 26.11641690469186
maxchirp = 26.11661690469186
mincov = 166396538895.487
maxcov = 16639653889548.7
