
[data]
trigger-time = 1762088172.0479512
injection-file = /work/shashwat.singh/Prospects-of-LGWs/unlens/injection.hdf

[global]
instruments = E1 E2 E3
mass1_ref = 30.000000005374527
mass2_ref = 30.000000005193957
minchirp = 26.116416903483923
maxchirp = 26.116616903483923
mincov = 52079890813.1282
maxcov = 5207989081312.82
