
[data]
trigger-time = 1904989542.56248
injection-file = /work/shashwat.singh/Prospects-of-LGWs/unlens/injection.hdf

[global]
instruments = E1 E2 E3
mass1_ref = 30.000000006302812
mass2_ref = 30.000000006268188
minchirp = 26.11641690435557
maxchirp = 26.11661690435557
mincov = 43240236670.460556
maxcov = 4324023667046.055
