
[data]
trigger-time = 1197376891.2735178
injection-file = /work/shashwat.singh/Prospects-of-LGWs/unlens/injection.hdf

[global]
instruments = E1 E2 E3
mass1_ref = 30.00000000599142
mass2_ref = 30.00000000884693
minchirp = 26.11641690534249
maxchirp = 26.11661690534249
mincov = 109654605682.83347
maxcov = 10965460568283.346
