
[data]
trigger-time = 1709277327.1211777
injection-file = /work/shashwat.singh/Prospects-of-LGWs/unlens/injection.hdf

[global]
instruments = E1 E2 E3
mass1_ref = 30.000000008901203
mass2_ref = 30.000000008359695
minchirp = 26.116416906396967
maxchirp = 26.116616906396967
mincov = 23846272444.65794
maxcov = 2384627244465.794
