
[data]
trigger-time = 1416691582.5733626
injection-file = /work/shashwat.singh/Prospects-of-LGWs/unlens/injection.hdf

[global]
instruments = E1 E2 E3
mass1_ref = 30.00000000337201
mass2_ref = 30.000000000094726
minchirp = 26.11641690039271
maxchirp = 26.11661690039271
mincov = 173811891551.91907
maxcov = 17381189155191.906
