
[data]
trigger-time = 1847349690.6146235
injection-file = /work/shashwat.singh/Prospects-of-LGWs/unlens/injection.hdf

[global]
instruments = E1 E2 E3
mass1_ref = 30.00000000167468
mass2_ref = 30.000000000402768
minchirp = 26.116416899787986
maxchirp = 26.116616899787985
mincov = 40821782297.02606
maxcov = 4082178229702.6064
