
[data]
trigger-time = 1292607293.9806008
injection-file = /work/shashwat.singh/Prospects-of-LGWs/unlens/injection.hdf

[global]
instruments = E1 E2 E3
mass1_ref = 30.000000007236086
mass2_ref = 30.000000005648694
minchirp = 26.11641690449215
maxchirp = 26.11661690449215
mincov = 25470927922.304276
maxcov = 2547092792230.4277
