
[data]
trigger-time = 1568328844.9711146
injection-file = /work/shashwat.singh/Prospects-of-LGWs/unlens/injection.hdf

[global]
instruments = E1 E2 E3
mass1_ref = 30.000000009174023
mass2_ref = 30.000000007769728
minchirp = 26.11641690625892
maxchirp = 26.11661690625892
mincov = 61705592436.71704
maxcov = 6170559243671.704
