
[data]
trigger-time = 1140505917.9324431
injection-file = /work/shashwat.singh/Prospects-of-LGWs/unlens/injection.hdf

[global]
instruments = E1 E2 E3
mass1_ref = 30.000000008524555
mass2_ref = 30.000000000729482
minchirp = 26.116416902911777
maxchirp = 26.116616902911776
mincov = 72902543538.9303
maxcov = 7290254353893.029
