
[data]
trigger-time = 1727190673.1525464
injection-file = /work/shashwat.singh/Prospects-of-LGWs/unlens/injection.hdf

[global]
instruments = E1 E2 E3
mass1_ref = 30.000000009304866
mass2_ref = 30.00000000070056
minchirp = 26.11641690323884
maxchirp = 26.11661690323884
mincov = 137923156560.96927
maxcov = 13792315656096.926
