
[data]
trigger-time = 1937947500.2868662
injection-file = /work/shashwat.singh/Prospects-of-LGWs/unlens/injection.hdf

[global]
instruments = E1 E2 E3
mass1_ref = 30.000000003889657
mass2_ref = 30.000000008106
minchirp = 26.116416904105137
maxchirp = 26.116616904105136
mincov = 133745590301.31071
maxcov = 13374559030131.072
