
[data]
trigger-time = 1028262693.2575285
injection-file = /work/shashwat.singh/Prospects-of-LGWs/unlens/injection.hdf

[global]
instruments = E1 E2 E3
mass1_ref = 30.0000000094534
mass2_ref = 30.00000000893703
minchirp = 26.116416906888624
maxchirp = 26.116616906888623
mincov = 168721094570.55933
maxcov = 16872109457055.934
