
[data]
trigger-time = 1076296437.574454
injection-file = /work/shashwat.singh/Prospects-of-LGWs/unlens/injection.hdf

[global]
instruments = E1 E2 E3
mass1_ref = 30.000000007406253
mass2_ref = 30.000000006724942
minchirp = 26.116416905034683
maxchirp = 26.116616905034682
mincov = 27994970100.933613
maxcov = 2799497010093.3613
