
[data]
trigger-time = 1677706812.246872
injection-file = /work/shashwat.singh/Prospects-of-LGWs/unlens/injection.hdf

[global]
instruments = E1 E2 E3
mass1_ref = 30.000000006808133
mass2_ref = 30.000000008530744
minchirp = 26.116416905560357
maxchirp = 26.116616905560356
mincov = 299304577.04345286
maxcov = 29930457704.345284
