
[data]
trigger-time = 1511714765.7080736
injection-file = /work/shashwat.singh/Prospects-of-LGWs/unlens/injection.hdf

[global]
instruments = E1 E2 E3
mass1_ref = 30.0000000020757
mass2_ref = 30.00000000726245
minchirp = 26.11641690294839
maxchirp = 26.11661690294839
mincov = 2034530.3360749595
maxcov = 203453033.60749596
