
[data]
trigger-time = 1337121974.1890023
injection-file = /work/shashwat.singh/Prospects-of-LGWs/unlens/injection.hdf

[global]
instruments = E1 E2 E3
mass1_ref = 30.000000005909474
mass2_ref = 30.000000007837
minchirp = 26.116416904867222
maxchirp = 26.11661690486722
mincov = 16885265689.106293
maxcov = 1688526568910.6294
