
[data]
trigger-time = 1217323944.8712966
injection-file = /work/shashwat.singh/Prospects-of-LGWs/unlens/injection.hdf

[global]
instruments = E1 E2 E3
mass1_ref = 30.000000000455685
mass2_ref = 30.000000009150458
minchirp = 26.116416903065044
maxchirp = 26.116616903065044
mincov = 54470678690.47848
maxcov = 5447067869047.848
