
[data]
trigger-time = 1222101100.5888882
injection-file = /work/shashwat.singh/Prospects-of-LGWs/unlens/injection.hdf

[global]
instruments = E1 E2 E3
mass1_ref = 30.000000006174652
mass2_ref = 30.00000000894927
minchirp = 26.116416905466792
maxchirp = 26.116616905466792
mincov = 15647591951.090595
maxcov = 1564759195109.0596
