
[data]
trigger-time = 1519296360.1235518
injection-file = /work/shashwat.singh/Prospects-of-LGWs/unlens/injection.hdf

[global]
instruments = E1 E2 E3
mass1_ref = 30.000000008257288
mass2_ref = 30.000000002867083
minchirp = 26.116416903725888
maxchirp = 26.116616903725888
mincov = 34275819738.130177
maxcov = 3427581973813.0176
