
[data]
trigger-time = 1496255026.2429895
injection-file = /work/shashwat.singh/Prospects-of-LGWs/unlens/injection.hdf

[global]
instruments = E1 E2 E3
mass1_ref = 30.000000003587584
mass2_ref = 30.000000003777384
minchirp = 26.11641690208951
maxchirp = 26.11661690208951
mincov = 42593087039.554115
maxcov = 4259308703955.411
