
[data]
trigger-time = 1073617864.7538416
injection-file = /work/shashwat.singh/Prospects-of-LGWs/unlens/injection.hdf

[global]
instruments = E1 E2 E3
mass1_ref = 30.00000000670783
mass2_ref = 30.000000005419064
minchirp = 26.11641690416226
maxchirp = 26.11661690416226
mincov = 27383181719.325165
maxcov = 2738318171932.5166
