
[data]
trigger-time = 1885390239.848578
injection-file = /work/shashwat.singh/Prospects-of-LGWs/unlens/injection.hdf

[global]
instruments = E1 E2 E3
mass1_ref = 30.000000009339818
mass2_ref = 30.000000003922516
minchirp = 26.116416904656493
maxchirp = 26.116616904656492
mincov = 124538700614.03976
maxcov = 12453870061403.977
