
[data]
trigger-time = 1068900275.8598791
injection-file = /work/shashwat.singh/Prospects-of-LGWs/unlens/injection.hdf

[global]
instruments = E1 E2 E3
mass1_ref = 30.000000000633566
mass2_ref = 30.000000004570616
minchirp = 26.116416901148977
maxchirp = 26.116616901148976
mincov = 2368460099.1703415
maxcov = 236846009917.03415
