
[data]
trigger-time = 1077884448.6604526
injection-file = /work/shashwat.singh/Prospects-of-LGWs/unlens/injection.hdf

[global]
instruments = E1 E2 E3
mass1_ref = 30.000000006808815
mass2_ref = 30.000000009988717
minchirp = 26.116416906195276
maxchirp = 26.116616906195276
mincov = 59273565066.8011
maxcov = 5927356506680.109
