
[data]
trigger-time = 1811011065.4859443
injection-file = /work/shashwat.singh/Prospects-of-LGWs/unlens/injection.hdf

[global]
instruments = E1 E2 E3
mass1_ref = 30.00000000533447
mass2_ref = 30.000000009057917
minchirp = 26.116416905148373
maxchirp = 26.116616905148373
mincov = 109448793.80782938
maxcov = 10944879380.782938
