
[data]
trigger-time = 1446342946.8482733
injection-file = /work/shashwat.singh/Prospects-of-LGWs/unlens/injection.hdf

[global]
instruments = E1 E2 E3
mass1_ref = 30.00000000765585
mass2_ref = 30.000000001646697
minchirp = 26.116416902932894
maxchirp = 26.116616902932893
mincov = 74493879743.92294
maxcov = 7449387974392.294
