
[data]
trigger-time = 1876398865.081081
injection-file = /work/shashwat.singh/Prospects-of-LGWs/unlens/injection.hdf

[global]
instruments = E1 E2 E3
mass1_ref = 30.000000009613554
mass2_ref = 30.000000005466383
minchirp = 26.11641690544765
maxchirp = 26.11661690544765
mincov = 807796.7565884914
maxcov = 80779675.65884914
