
[data]
trigger-time = 1130409718.87747
injection-file = /work/shashwat.singh/Prospects-of-LGWs/unlens/injection.hdf

[global]
instruments = E1 E2 E3
mass1_ref = 30.000000000378417
mass2_ref = 30.000000001894232
minchirp = 26.116416899872952
maxchirp = 26.11661689987295
mincov = 92971413660.94026
maxcov = 9297141366094.025
