
[data]
trigger-time = 1326579099.5720549
injection-file = /work/shashwat.singh/Prospects-of-LGWs/unlens/injection.hdf

[global]
instruments = E1 E2 E3
mass1_ref = 30.000000002128132
mass2_ref = 30.000000009529533
minchirp = 26.11641690395802
maxchirp = 26.11661690395802
mincov = 101979517627.34464
maxcov = 10197951762734.465
