
[data]
trigger-time = 1510136425.305603
injection-file = /work/shashwat.singh/Prospects-of-LGWs/unlens/injection.hdf

[global]
instruments = E1 E2 E3
mass1_ref = 30.000000006799443
mass2_ref = 30.000000006482214
minchirp = 26.116416904664902
maxchirp = 26.1166169046649
mincov = 4060382797.8016195
maxcov = 406038279780.162
