
[data]
trigger-time = 1617490036.9023921
injection-file = /work/shashwat.singh/Prospects-of-LGWs/unlens/injection.hdf

[global]
instruments = E1 E2 E3
mass1_ref = 30.000000003802903
mass2_ref = 30.000000005228177
minchirp = 26.11641690281473
maxchirp = 26.11661690281473
mincov = 91872391505.25514
maxcov = 9187239150525.514
