
[data]
trigger-time = 1809255144.8197858
injection-file = /work/shashwat.singh/Prospects-of-LGWs/unlens/injection.hdf

[global]
instruments = E1 E2 E3
mass1_ref = 30.00000000443623
mass2_ref = 30.000000002324576
minchirp = 26.116416901826536
maxchirp = 26.116616901826536
mincov = 147203156509.00992
maxcov = 14720315650900.992
