
[data]
trigger-time = 1259361964.628267
injection-file = /work/shashwat.singh/Prospects-of-LGWs/unlens/injection.hdf

[global]
instruments = E1 E2 E3
mass1_ref = 30.00000000690626
mass2_ref = 30.000000000157936
minchirp = 26.116416901958594
maxchirp = 26.116616901958594
mincov = 2677618417.8980737
maxcov = 267761841789.80737
