
[data]
trigger-time = 1574556206.668507
injection-file = /work/shashwat.singh/Prospects-of-LGWs/unlens/injection.hdf

[global]
instruments = E1 E2 E3
mass1_ref = 30.000000003468152
mass2_ref = 30.000000000087496
minchirp = 26.11641690043141
maxchirp = 26.11661690043141
mincov = 32423491241.96949
maxcov = 3242349124196.9487
