
[data]
trigger-time = 1013749306.1823531
injection-file = /work/shashwat.singh/Prospects-of-LGWs/unlens/injection.hdf

[global]
instruments = E1 E2 E3
mass1_ref = 30.00000000923698
mass2_ref = 30.000000004046445
minchirp = 26.11641690466567
maxchirp = 26.11661690466567
mincov = 144190756018.18182
maxcov = 14419075601818.182
