
[data]
trigger-time = 1393150917.964139
injection-file = /work/shashwat.singh/Prospects-of-LGWs/unlens/injection.hdf

[global]
instruments = E1 E2 E3
mass1_ref = 30.000000000832
mass2_ref = 30.00000000787337
minchirp = 26.116416902672956
maxchirp = 26.116616902672956
mincov = 105628665505.24513
maxcov = 10562866550524.514
