
[data]
trigger-time = 1141521331.2465298
injection-file = /work/shashwat.singh/Prospects-of-LGWs/unlens/injection.hdf

[global]
instruments = E1 E2 E3
mass1_ref = 30.000000007838903
mass2_ref = 30.00000000496916
minchirp = 26.11641690445876
maxchirp = 26.11661690445876
mincov = 86878594020.02269
maxcov = 8687859402002.27
