
[data]
trigger-time = 1642427820.782916
injection-file = /work/shashwat.singh/Prospects-of-LGWs/unlens/injection.hdf

[global]
instruments = E1 E2 E3
mass1_ref = 30.00000000939865
mass2_ref = 30.00000000973272
minchirp = 26.116416907211136
maxchirp = 26.116616907211135
mincov = 36389490270.28862
maxcov = 3638949027028.862
