
[data]
trigger-time = 1187501363.1206722
injection-file = /work/shashwat.singh/Prospects-of-LGWs/unlens/injection.hdf

[global]
instruments = E1 E2 E3
mass1_ref = 30.00000000210851
mass2_ref = 30.00000000931827
minchirp = 26.11641690385752
maxchirp = 26.11661690385752
mincov = 83848279779.30399
maxcov = 8384827977930.398
