
[data]
trigger-time = 1926429726.8757763
injection-file = /work/shashwat.singh/Prospects-of-LGWs/unlens/injection.hdf

[global]
instruments = E1 E2 E3
mass1_ref = 30.000000001911616
mass2_ref = 30.000000003736726
minchirp = 26.11641690134231
maxchirp = 26.116616901342308
mincov = 3777428667.8535767
maxcov = 377742866785.35767
