
[data]
trigger-time = 1764403106.389798
injection-file = /work/shashwat.singh/Prospects-of-LGWs/unlens/injection.hdf

[global]
instruments = E1 E2 E3
mass1_ref = 30.000000002850253
mass2_ref = 30.00000000548985
minchirp = 26.116416902513965
maxchirp = 26.116616902513965
mincov = 55780483883.15021
maxcov = 5578048388315.0205
