
[data]
trigger-time = 1622065010.247483
injection-file = /work/shashwat.singh/Prospects-of-LGWs/unlens/injection.hdf

[global]
instruments = E1 E2 E3
mass1_ref = 30.000000009847646
mass2_ref = 30.00000000339303
minchirp = 26.116416904647064
maxchirp = 26.116616904647064
mincov = 103770446811.53366
maxcov = 10377044681153.367
