
[data]
trigger-time = 1597485202.7687201
injection-file = /work/shashwat.singh/Prospects-of-LGWs/unlens/injection.hdf

[global]
instruments = E1 E2 E3
mass1_ref = 30.000000005411223
mass2_ref = 30.000000000733476
minchirp = 26.11641690155836
maxchirp = 26.11661690155836
mincov = 148351288344.16754
maxcov = 14835128834416.754
