
[data]
trigger-time = 1049437440.9118752
injection-file = /work/shashwat.singh/Prospects-of-LGWs/unlens/injection.hdf

[global]
instruments = E1 E2 E3
mass1_ref = 30.000000005114053
mass2_ref = 30.000000000750944
minchirp = 26.11641690143661
maxchirp = 26.11661690143661
mincov = 150490048245.2261
maxcov = 15049004824522.61
