
[data]
trigger-time = 1420648592.5061002
injection-file = /work/shashwat.singh/Prospects-of-LGWs/unlens/injection.hdf

[global]
instruments = E1 E2 E3
mass1_ref = 30.000000007521006
mass2_ref = 30.000000007592206
minchirp = 26.116416905462135
maxchirp = 26.116616905462134
mincov = 78106759876.69302
maxcov = 7810675987669.302
