
[data]
trigger-time = 1807000188.9328017
injection-file = /work/shashwat.singh/Prospects-of-LGWs/unlens/injection.hdf

[global]
instruments = E1 E2 E3
mass1_ref = 30.000000000971816
mass2_ref = 30.000000008540912
minchirp = 26.11641690302438
maxchirp = 26.11661690302438
mincov = 32396758917.788353
maxcov = 3239675891778.8354
