
[data]
trigger-time = 1691118426.8770413
injection-file = /work/shashwat.singh/Prospects-of-LGWs/unlens/injection.hdf

[global]
instruments = E1 E2 E3
mass1_ref = 30.00000000058196
mass2_ref = 30.000000004066173
minchirp = 26.116416900906945
maxchirp = 26.116616900906944
mincov = 100916475911.46848
maxcov = 10091647591146.848
