
[data]
trigger-time = 1959684455.6914515
injection-file = /work/shashwat.singh/Prospects-of-LGWs/unlens/injection.hdf

[global]
instruments = E1 E2 E3
mass1_ref = 30.000000007592387
mass2_ref = 30.00000000289165
minchirp = 26.116416903447167
maxchirp = 26.116616903447166
mincov = 160112996541.5627
maxcov = 16011299654156.271
