
[data]
trigger-time = 1229023774.2500632
injection-file = /work/shashwat.singh/Prospects-of-LGWs/unlens/injection.hdf

[global]
instruments = E1 E2 E3
mass1_ref = 30.000000005263676
mass2_ref = 30.000000001319044
minchirp = 26.11641690174902
maxchirp = 26.11661690174902
mincov = 8907575352.99297
maxcov = 890757535299.297
