
[data]
trigger-time = 1576889109.1567602
injection-file = /work/shashwat.singh/Prospects-of-LGWs/unlens/injection.hdf

[global]
instruments = E1 E2 E3
mass1_ref = 30.00000000048626
mass2_ref = 30.00000000210358
minchirp = 26.116416900011018
maxchirp = 26.116616900011017
mincov = 76707788578.5532
maxcov = 7670778857855.321
