
[data]
trigger-time = 1934754200.8478184
injection-file = /work/shashwat.singh/Prospects-of-LGWs/unlens/injection.hdf

[global]
instruments = E1 E2 E3
mass1_ref = 30.00000000728534
mass2_ref = 30.00000000599525
minchirp = 26.116416904664437
maxchirp = 26.116616904664436
mincov = 117287553096.48381
maxcov = 11728755309648.38
