
[data]
trigger-time = 1654877701.073995
injection-file = /work/shashwat.singh/Prospects-of-LGWs/unlens/injection.hdf

[global]
instruments = E1 E2 E3
mass1_ref = 30.000000001691717
mass2_ref = 30.00000000369704
minchirp = 26.116416901229318
maxchirp = 26.116616901229317
mincov = 51999186963.12285
maxcov = 5199918696312.285
