
[data]
trigger-time = 1734028580.7244473
injection-file = /work/shashwat.singh/Prospects-of-LGWs/unlens/injection.hdf

[global]
instruments = E1 E2 E3
mass1_ref = 30.000000006267534
mass2_ref = 30.000000007810943
minchirp = 26.11641690501174
maxchirp = 26.11661690501174
mincov = 45182505470.79631
maxcov = 4518250547079.631
