
[data]
trigger-time = 1026862009.2967707
injection-file = /work/shashwat.singh/Prospects-of-LGWs/unlens/injection.hdf

[global]
instruments = E1 E2 E3
mass1_ref = 30.000000007087664
mass2_ref = 30.00000000604036
minchirp = 26.11641690459803
maxchirp = 26.11661690459803
mincov = 168649012324.61215
maxcov = 16864901232461.215
