
[data]
trigger-time = 1329889303.587286
injection-file = /work/shashwat.singh/Prospects-of-LGWs/unlens/injection.hdf

[global]
instruments = E1 E2 E3
mass1_ref = 30.000000007989275
mass2_ref = 30.000000007210907
minchirp = 26.11641690549999
maxchirp = 26.11661690549999
mincov = 13892419113.75968
maxcov = 1389241911375.968
