
[data]
trigger-time = 1263178806.7517312
injection-file = /work/shashwat.singh/Prospects-of-LGWs/unlens/injection.hdf

[global]
instruments = E1 E2 E3
mass1_ref = 30.000000009453142
mass2_ref = 30.000000007009437
minchirp = 26.116416906049476
maxchirp = 26.116616906049476
mincov = 159427946683.5323
maxcov = 15942794668353.23
