
[data]
trigger-time = 1000866418.2729028
injection-file = /work/shashwat.singh/Prospects-of-LGWs/unlens/injection.hdf

[global]
instruments = E1 E2 E3
mass1_ref = 30.000000008919038
mass2_ref = 30.000000007180603
minchirp = 26.116416905891498
maxchirp = 26.116616905891497
mincov = 72140361536.60036
maxcov = 7214036153660.035
