
[data]
trigger-time = 1149884640.5136619
injection-file = /work/shashwat.singh/Prospects-of-LGWs/unlens/injection.hdf

[global]
instruments = E1 E2 E3
mass1_ref = 30.00000000640024
mass2_ref = 30.00000000790039
minchirp = 26.116416905108437
maxchirp = 26.116616905108437
mincov = 126807823159.1407
maxcov = 12680782315914.07
