
[data]
trigger-time = 1171204156.7057002
injection-file = /work/shashwat.singh/Prospects-of-LGWs/unlens/injection.hdf

[global]
instruments = E1 E2 E3
mass1_ref = 30.00000000511845
mass2_ref = 30.00000000620488
minchirp = 26.11641690381249
maxchirp = 26.11661690381249
mincov = 168795047.39870495
maxcov = 16879504739.870495
