
[data]
trigger-time = 1788072202.0549521
injection-file = /work/shashwat.singh/Prospects-of-LGWs/unlens/injection.hdf

[global]
instruments = E1 E2 E3
mass1_ref = 30.000000006614908
mass2_ref = 30.000000000804754
minchirp = 26.116416902113322
maxchirp = 26.11661690211332
mincov = 36979868850.74542
maxcov = 3697986885074.542
