
[data]
trigger-time = 1412931455.3735065
injection-file = /work/shashwat.singh/Prospects-of-LGWs/unlens/injection.hdf

[global]
instruments = E1 E2 E3
mass1_ref = 30.000000009627733
mass2_ref = 30.000000002093433
minchirp = 26.11641690398566
maxchirp = 26.11661690398566
mincov = 78930737688.49564
maxcov = 7893073768849.564
