
[data]
trigger-time = 1808466505.9299161
injection-file = /work/shashwat.singh/Prospects-of-LGWs/unlens/injection.hdf

[global]
instruments = E1 E2 E3
mass1_ref = 30.000000004297053
mass2_ref = 30.00000000771146
minchirp = 26.116416904110732
maxchirp = 26.11661690411073
mincov = 53517175606.73008
maxcov = 5351717560673.008
