
[data]
trigger-time = 1648275748.7836514
injection-file = /work/shashwat.singh/Prospects-of-LGWs/unlens/injection.hdf

[global]
instruments = E1 E2 E3
mass1_ref = 30.000000003923667
mass2_ref = 30.000000003486765
minchirp = 26.116416902109304
maxchirp = 26.116616902109303
mincov = 118014909441.75899
maxcov = 11801490944175.898
