
[data]
trigger-time = 1252707684.0618973
injection-file = /work/shashwat.singh/Prospects-of-LGWs/unlens/injection.hdf

[global]
instruments = E1 E2 E3
mass1_ref = 30.000000000580847
mass2_ref = 30.000000007198228
minchirp = 26.116416902269766
maxchirp = 26.116616902269765
mincov = 79538709439.43263
maxcov = 7953870943943.263
