
[data]
trigger-time = 1349269858.1844053
injection-file = /work/shashwat.singh/Prospects-of-LGWs/unlens/injection.hdf

[global]
instruments = E1 E2 E3
mass1_ref = 30.000000005665438
mass2_ref = 30.000000005024457
minchirp = 26.11641690353677
maxchirp = 26.11661690353677
mincov = 139969821153.6494
maxcov = 13996982115364.941
