
[data]
trigger-time = 1456035935.9776628
injection-file = /work/shashwat.singh/Prospects-of-LGWs/unlens/injection.hdf

[global]
instruments = E1 E2 E3
mass1_ref = 30.000000002916675
mass2_ref = 30.00000000149606
minchirp = 26.116416900804477
maxchirp = 26.116616900804477
mincov = 66778423420.87804
maxcov = 6677842342087.804
