
[data]
trigger-time = 1007770865.5415181
injection-file = /work/shashwat.singh/Prospects-of-LGWs/unlens/injection.hdf

[global]
instruments = E1 E2 E3
mass1_ref = 30.00000000083484
mass2_ref = 30.00000000097525
minchirp = 26.116416899671613
maxchirp = 26.116616899671612
mincov = 58751761013.37356
maxcov = 5875176101337.355
