
[data]
trigger-time = 1451480084.2712893
injection-file = /work/shashwat.singh/Prospects-of-LGWs/unlens/injection.hdf

[global]
instruments = E1 E2 E3
mass1_ref = 30.000000003341725
mass2_ref = 30.00000000528833
minchirp = 26.11641690264017
maxchirp = 26.11661690264017
mincov = 1904558517.813992
maxcov = 190455851781.3992
