
[data]
trigger-time = 1032615017.5023651
injection-file = /work/shashwat.singh/Prospects-of-LGWs/unlens/injection.hdf

[global]
instruments = E1 E2 E3
mass1_ref = 30.000000000073054
mass2_ref = 30.000000003083866
minchirp = 26.116416900257853
maxchirp = 26.116616900257853
mincov = 15362008119.073734
maxcov = 1536200811907.3733
