
[data]
trigger-time = 1115567258.745604
injection-file = /work/shashwat.singh/Prospects-of-LGWs/unlens/injection.hdf

[global]
instruments = E1 E2 E3
mass1_ref = 30.000000004534567
mass2_ref = 30.000000001199886
minchirp = 26.11641690137979
maxchirp = 26.11661690137979
mincov = 104761048473.12758
maxcov = 10476104847312.758
