
[data]
trigger-time = 1684524745.960033
injection-file = /work/shashwat.singh/Prospects-of-LGWs/unlens/injection.hdf

[global]
instruments = E1 E2 E3
mass1_ref = 30.000000007374386
mass2_ref = 30.00000000456423
minchirp = 26.11641690408031
maxchirp = 26.11661690408031
mincov = 17898319367.577953
maxcov = 1789831936757.7954
