
[data]
trigger-time = 1657119778.6441164
injection-file = /work/shashwat.singh/Prospects-of-LGWs/unlens/injection.hdf

[global]
instruments = E1 E2 E3
mass1_ref = 30.000000002059096
mass2_ref = 30.00000000164514
minchirp = 26.116416900496088
maxchirp = 26.116616900496087
mincov = 25218634860.544487
maxcov = 2521863486054.4487
