
[data]
trigger-time = 1072228989.8196172
injection-file = /work/shashwat.singh/Prospects-of-LGWs/unlens/injection.hdf

[global]
instruments = E1 E2 E3
mass1_ref = 30.00000000470198
mass2_ref = 30.00000000670644
minchirp = 26.11641690384953
maxchirp = 26.11661690384953
mincov = 4267672379.6940513
maxcov = 426767237969.40515
