
[data]
trigger-time = 1426849251.35443
injection-file = /work/shashwat.singh/Prospects-of-LGWs/unlens/injection.hdf

[global]
instruments = E1 E2 E3
mass1_ref = 30.000000003537046
mass2_ref = 30.000000005276483
minchirp = 26.116416902720037
maxchirp = 26.116616902720036
mincov = 103563858486.42093
maxcov = 10356385848642.094
