
[data]
trigger-time = 1802941766.2729955
injection-file = /work/shashwat.singh/Prospects-of-LGWs/unlens/injection.hdf

[global]
instruments = E1 E2 E3
mass1_ref = 30.000000005547353
mass2_ref = 30.000000002560757
minchirp = 26.116416902412983
maxchirp = 26.116616902412982
mincov = 136424501248.7148
maxcov = 13642450124871.48
