
[data]
trigger-time = 1877747113.0438325
injection-file = /work/shashwat.singh/Prospects-of-LGWs/unlens/injection.hdf

[global]
instruments = E1 E2 E3
mass1_ref = 30.000000008763376
mass2_ref = 30.00000000635332
minchirp = 26.116416905463648
maxchirp = 26.116616905463648
mincov = 54782414286.257126
maxcov = 5478241428625.712
