
[data]
trigger-time = 1200300985.2671752
injection-file = /work/shashwat.singh/Prospects-of-LGWs/unlens/injection.hdf

[global]
instruments = E1 E2 E3
mass1_ref = 30.000000009057025
mass2_ref = 30.00000000857695
minchirp = 26.11641690655936
maxchirp = 26.116616906559358
mincov = 163897107338.197
maxcov = 16389710733819.7
