
[data]
trigger-time = 1664228996.170273
injection-file = /work/shashwat.singh/Prospects-of-LGWs/unlens/injection.hdf

[global]
instruments = E1 E2 E3
mass1_ref = 30.000000000040437
mass2_ref = 30.00000000090802
minchirp = 26.116416899296567
maxchirp = 26.116616899296567
mincov = 19346875377.32624
maxcov = 1934687537732.6243
