
[data]
trigger-time = 1726299353.6867924
injection-file = /work/shashwat.singh/Prospects-of-LGWs/unlens/injection.hdf

[global]
instruments = E1 E2 E3
mass1_ref = 30.000000007468955
mass2_ref = 30.000000007925372
minchirp = 26.116416905584494
maxchirp = 26.116616905584493
mincov = 2591689.279773247
maxcov = 259168927.9773247
