
[data]
trigger-time = 1277867584.351009
injection-file = /work/shashwat.singh/Prospects-of-LGWs/unlens/injection.hdf

[global]
instruments = E1 E2 E3
mass1_ref = 30.00000000857381
mass2_ref = 30.000000003104123
minchirp = 26.11641690396684
maxchirp = 26.11661690396684
mincov = 61259600982.187645
maxcov = 6125960098218.765
