
[data]
trigger-time = 1205290450.7106862
injection-file = /work/shashwat.singh/Prospects-of-LGWs/unlens/injection.hdf

[global]
instruments = E1 E2 E3
mass1_ref = 30.000000006283045
mass2_ref = 30.00000000842683
minchirp = 26.11641690528657
maxchirp = 26.11661690528657
mincov = 82963086626.0754
maxcov = 8296308662607.539
