
[data]
trigger-time = 1631092531.367453
injection-file = /work/shashwat.singh/Prospects-of-LGWs/unlens/injection.hdf

[global]
instruments = E1 E2 E3
mass1_ref = 30.000000002457433
mass2_ref = 30.000000008050392
minchirp = 26.11641690345752
maxchirp = 26.11661690345752
mincov = 46994276184.706345
maxcov = 4699427618470.635
