
[data]
trigger-time = 1103920054.1629646
injection-file = /work/shashwat.singh/Prospects-of-LGWs/unlens/injection.hdf

[global]
instruments = E1 E2 E3
mass1_ref = 30.00000000212328
mass2_ref = 30.000000006112685
minchirp = 26.116416902468636
maxchirp = 26.116616902468635
mincov = 23531255825.756374
maxcov = 2353125582575.6377
