
[data]
trigger-time = 1348378476.7636285
injection-file = /work/shashwat.singh/Prospects-of-LGWs/unlens/injection.hdf

[global]
instruments = E1 E2 E3
mass1_ref = 30.00000000257936
mass2_ref = 30.00000000880469
minchirp = 26.11641690383892
maxchirp = 26.11661690383892
mincov = 144489855315.49115
maxcov = 14448985531549.113
