
[data]
trigger-time = 1751429831.7545671
injection-file = /work/shashwat.singh/Prospects-of-LGWs/unlens/injection.hdf

[global]
instruments = E1 E2 E3
mass1_ref = 30.000000004598533
mass2_ref = 30.000000005633172
minchirp = 26.116416903337335
maxchirp = 26.116616903337334
mincov = 5547637086.523476
maxcov = 554763708652.3475
