
[data]
trigger-time = 1777438706.5032215
injection-file = /work/shashwat.singh/Prospects-of-LGWs/unlens/injection.hdf

[global]
instruments = E1 E2 E3
mass1_ref = 30.000000008952714
mass2_ref = 30.000000007567042
minchirp = 26.116416906074367
maxchirp = 26.116616906074366
mincov = 132894355793.56892
maxcov = 13289435579356.893
