
[data]
trigger-time = 1274041840.5487764
injection-file = /work/shashwat.singh/Prospects-of-LGWs/unlens/injection.hdf

[global]
instruments = E1 E2 E3
mass1_ref = 30.000000005321446
mass2_ref = 30.000000005612858
minchirp = 26.11641690364316
maxchirp = 26.11661690364316
mincov = 160223663929.8183
maxcov = 16022366392981.832
