
[data]
trigger-time = 1908165567.113741
injection-file = /work/shashwat.singh/Prospects-of-LGWs/unlens/injection.hdf

[global]
instruments = E1 E2 E3
mass1_ref = 30.00000000779744
mass2_ref = 30.00000000881124
minchirp = 26.116416906113074
maxchirp = 26.116616906113073
mincov = 121317830186.58627
maxcov = 12131783018658.629
