
[data]
trigger-time = 1703387404.5678656
injection-file = /work/shashwat.singh/Prospects-of-LGWs/unlens/injection.hdf

[global]
instruments = E1 E2 E3
mass1_ref = 30.000000001529695
mass2_ref = 30.000000004526413
minchirp = 26.1164169015198
maxchirp = 26.116616901519798
mincov = 88269526818.01572
maxcov = 8826952681801.57
