
[data]
trigger-time = 1754411225.1395974
injection-file = /work/shashwat.singh/Prospects-of-LGWs/unlens/injection.hdf

[global]
instruments = E1 E2 E3
mass1_ref = 30.000000004370964
mass2_ref = 30.00000000291639
minchirp = 26.11641690205573
maxchirp = 26.11661690205573
mincov = 85354278067.93704
maxcov = 8535427806793.703
