
[data]
trigger-time = 1978557992.3723044
injection-file = /work/shashwat.singh/Prospects-of-LGWs/unlens/injection.hdf

[global]
instruments = E1 E2 E3
mass1_ref = 30.000000007213696
mass2_ref = 30.0000000073315
minchirp = 26.11641690521489
maxchirp = 26.11661690521489
mincov = 110786143519.12155
maxcov = 11078614351912.156
