
[data]
trigger-time = 1265208743.4646099
injection-file = /work/shashwat.singh/Prospects-of-LGWs/unlens/injection.hdf

[global]
instruments = E1 E2 E3
mass1_ref = 30.00000000751575
mass2_ref = 30.00000000359312
minchirp = 26.11641690371914
maxchirp = 26.11661690371914
mincov = 131146368330.93994
maxcov = 13114636833093.994
