
[data]
trigger-time = 1102389060.1446054
injection-file = /work/shashwat.singh/Prospects-of-LGWs/unlens/injection.hdf

[global]
instruments = E1 E2 E3
mass1_ref = 30.000000005706394
mass2_ref = 30.00000000488494
minchirp = 26.11641690349387
maxchirp = 26.11661690349387
mincov = 119825247838.8534
maxcov = 11982524783885.34
