
[data]
trigger-time = 1207570841.498486
injection-file = /work/shashwat.singh/Prospects-of-LGWs/unlens/injection.hdf

[global]
instruments = E1 E2 E3
mass1_ref = 30.000000004736105
mass2_ref = 30.00000000938917
minchirp = 26.116416905032107
maxchirp = 26.116616905032107
mincov = 79899430052.53775
maxcov = 7989943005253.774
