
[data]
trigger-time = 1478281197.2623754
injection-file = /work/shashwat.singh/Prospects-of-LGWs/unlens/injection.hdf

[global]
instruments = E1 E2 E3
mass1_ref = 30.000000001227644
mass2_ref = 30.000000001292122
minchirp = 26.116416899980518
maxchirp = 26.116616899980517
mincov = 116983732485.15608
maxcov = 11698373248515.607
