
[data]
trigger-time = 1662685099.9211502
injection-file = /work/shashwat.singh/Prospects-of-LGWs/unlens/injection.hdf

[global]
instruments = E1 E2 E3
mass1_ref = 30.000000000627207
mass2_ref = 30.00000000151746
minchirp = 26.116416899817246
maxchirp = 26.116616899817245
mincov = 53513828853.2848
maxcov = 5351382885328.4795
