
[data]
trigger-time = 1127781113.9904075
injection-file = /work/shashwat.singh/Prospects-of-LGWs/unlens/injection.hdf

[global]
instruments = E1 E2 E3
mass1_ref = 30.000000003208257
mass2_ref = 30.000000000811838
minchirp = 26.11641690063357
maxchirp = 26.11661690063357
mincov = 77677794144.65256
maxcov = 7767779414465.256
