
[data]
trigger-time = 1951020534.820963
injection-file = /work/shashwat.singh/Prospects-of-LGWs/unlens/injection.hdf

[global]
instruments = E1 E2 E3
mass1_ref = 30.00000000709423
mass2_ref = 30.00000000834232
minchirp = 26.116416905602872
maxchirp = 26.11661690560287
mincov = 151583352997.6686
maxcov = 15158335299766.86
