
[data]
trigger-time = 1464675714.9534442
injection-file = /work/shashwat.singh/Prospects-of-LGWs/unlens/injection.hdf

[global]
instruments = E1 E2 E3
mass1_ref = 30.00000000436751
mass2_ref = 30.000000008953805
minchirp = 26.116416904682165
maxchirp = 26.116616904682164
mincov = 83964456133.43027
maxcov = 8396445613343.026
