
[data]
trigger-time = 1154510911.0401332
injection-file = /work/shashwat.singh/Prospects-of-LGWs/unlens/injection.hdf

[global]
instruments = E1 E2 E3
mass1_ref = 30.000000008188866
mass2_ref = 30.000000003977426
minchirp = 26.116416904179413
maxchirp = 26.116616904179413
mincov = 99393466202.58821
maxcov = 9939346620258.82
