
[data]
trigger-time = 1599768678.0373328
injection-file = /work/shashwat.singh/Prospects-of-LGWs/unlens/injection.hdf

[global]
instruments = E1 E2 E3
mass1_ref = 30.000000007127294
mass2_ref = 30.00000000807238
minchirp = 26.116416905499765
maxchirp = 26.116616905499765
mincov = 15779471919.915411
maxcov = 1577947191991.541
