
[data]
trigger-time = 1534373351.4813893
injection-file = /work/shashwat.singh/Prospects-of-LGWs/unlens/injection.hdf

[global]
instruments = E1 E2 E3
mass1_ref = 30.000000005801077
mass2_ref = 30.000000000664624
minchirp = 26.116416901698084
maxchirp = 26.116616901698084
mincov = 118338630188.8895
maxcov = 11833863018888.95
