
[data]
trigger-time = 1599567382.9939308
injection-file = /work/shashwat.singh/Prospects-of-LGWs/unlens/injection.hdf

[global]
instruments = E1 E2 E3
mass1_ref = 30.00000000855675
mass2_ref = 30.000000006654133
minchirp = 26.116416905504646
maxchirp = 26.116616905504646
mincov = 91476894243.21797
maxcov = 9147689424321.797
