
[data]
trigger-time = 1124059082.4653
injection-file = /work/shashwat.singh/Prospects-of-LGWs/unlens/injection.hdf

[global]
instruments = E1 E2 E3
mass1_ref = 30.000000005431485
mass2_ref = 30.000000001261295
minchirp = 26.116416901796924
maxchirp = 26.116616901796924
mincov = 169526831866.10825
maxcov = 16952683186610.824
