
[data]
trigger-time = 1725438207.0052185
injection-file = /work/shashwat.singh/Prospects-of-LGWs/unlens/injection.hdf

[global]
instruments = E1 E2 E3
mass1_ref = 30.000000003906546
mass2_ref = 30.00000000441292
minchirp = 26.116416902504984
maxchirp = 26.116616902504983
mincov = 62189428031.61879
maxcov = 6218942803161.879
