
[data]
trigger-time = 1024266132.428034
injection-file = /work/shashwat.singh/Prospects-of-LGWs/unlens/injection.hdf

[global]
instruments = E1 E2 E3
mass1_ref = 30.000000000796962
mass2_ref = 30.000000007876878
minchirp = 26.116416902659235
maxchirp = 26.116616902659235
mincov = 58671627655.404686
maxcov = 5867162765540.469
