
[data]
trigger-time = 1743808547.0318985
injection-file = /work/shashwat.singh/Prospects-of-LGWs/unlens/injection.hdf

[global]
instruments = E1 E2 E3
mass1_ref = 30.000000008108895
mass2_ref = 30.000000004530655
minchirp = 26.11641690438541
maxchirp = 26.11661690438541
mincov = 121935991868.03862
maxcov = 12193599186803.863
