
[data]
trigger-time = 1473134037.0466933
injection-file = /work/shashwat.singh/Prospects-of-LGWs/unlens/injection.hdf

[global]
instruments = E1 E2 E3
mass1_ref = 30.000000005480633
mass2_ref = 30.000000007920285
minchirp = 26.116416904716814
maxchirp = 26.116616904716814
mincov = 82560693945.4698
maxcov = 8256069394546.98
