
[data]
trigger-time = 1054745210.3265345
injection-file = /work/shashwat.singh/Prospects-of-LGWs/unlens/injection.hdf

[global]
instruments = E1 E2 E3
mass1_ref = 30.000000006522306
mass2_ref = 30.00000000674879
minchirp = 26.116416904660305
maxchirp = 26.116616904660304
mincov = 153647540441.64114
maxcov = 15364754044164.113
