
[data]
trigger-time = 1882380955.5893714
injection-file = /work/shashwat.singh/Prospects-of-LGWs/unlens/injection.hdf

[global]
instruments = E1 E2 E3
mass1_ref = 30.000000005176304
mass2_ref = 30.000000008731583
minchirp = 26.116416904937484
maxchirp = 26.116616904937484
mincov = 123018266175.1363
maxcov = 12301826617513.63
