
[data]
trigger-time = 1283676508.0798917
injection-file = /work/shashwat.singh/Prospects-of-LGWs/unlens/injection.hdf

[global]
instruments = E1 E2 E3
mass1_ref = 30.000000008979548
mass2_ref = 30.00000000586757
minchirp = 26.116416905346306
maxchirp = 26.116616905346305
mincov = 129591543095.62405
maxcov = 12959154309562.404
