
[data]
trigger-time = 1050250949.9626458
injection-file = /work/shashwat.singh/Prospects-of-LGWs/unlens/injection.hdf

[global]
instruments = E1 E2 E3
mass1_ref = 30.000000009153744
mass2_ref = 30.000000006496112
minchirp = 26.116416905695722
maxchirp = 26.11661690569572
mincov = 24101910670.97972
maxcov = 2410191067097.972
