
[data]
trigger-time = 1186301342.9734602
injection-file = /work/shashwat.singh/Prospects-of-LGWs/unlens/injection.hdf

[global]
instruments = E1 E2 E3
mass1_ref = 30.00000000303022
mass2_ref = 30.00000000775545
minchirp = 26.116416903578457
maxchirp = 26.116616903578457
mincov = 130291894272.10965
maxcov = 13029189427210.965
