
[data]
trigger-time = 1739946064.1685324
injection-file = /work/shashwat.singh/Prospects-of-LGWs/unlens/injection.hdf

[global]
instruments = E1 E2 E3
mass1_ref = 30.000000009977306
mass2_ref = 30.00000000451949
minchirp = 26.116416905193823
maxchirp = 26.116616905193823
mincov = 8569294401.570005
maxcov = 856929440157.0006
