
[data]
trigger-time = 1534944742.664286
injection-file = /work/shashwat.singh/Prospects-of-LGWs/unlens/injection.hdf

[global]
instruments = E1 E2 E3
mass1_ref = 30.000000004288133
mass2_ref = 30.00000000227091
minchirp = 26.116416901738713
maxchirp = 26.116616901738713
mincov = 135195793075.21587
maxcov = 13519579307521.586
