
[data]
trigger-time = 1290500288.8982706
injection-file = /work/shashwat.singh/Prospects-of-LGWs/unlens/injection.hdf

[global]
instruments = E1 E2 E3
mass1_ref = 30.0000000000967
mass2_ref = 30.000000004317567
minchirp = 26.116416900805145
maxchirp = 26.116616900805145
mincov = 119978136766.70354
maxcov = 11997813676670.354
