
[data]
trigger-time = 1416099038.888739
injection-file = /work/shashwat.singh/Prospects-of-LGWs/unlens/injection.hdf

[global]
instruments = E1 E2 E3
mass1_ref = 30.000000003299288
mass2_ref = 30.000000007259523
minchirp = 26.116416903479713
maxchirp = 26.116616903479713
mincov = 121874367245.09517
maxcov = 12187436724509.516
