
[data]
trigger-time = 1731670472.1502242
injection-file = /work/shashwat.singh/Prospects-of-LGWs/unlens/injection.hdf

[global]
instruments = E1 E2 E3
mass1_ref = 30.00000000485419
mass2_ref = 30.0000000079787
minchirp = 26.116416904469563
maxchirp = 26.116616904469563
mincov = 2289080920.6338935
maxcov = 228908092063.38934
