
[data]
trigger-time = 1891537021.4841373
injection-file = /work/shashwat.singh/Prospects-of-LGWs/unlens/injection.hdf

[global]
instruments = E1 E2 E3
mass1_ref = 30.000000005121617
mass2_ref = 30.000000009338173
minchirp = 26.116416905177715
maxchirp = 26.116616905177715
mincov = 99494671115.7103
maxcov = 9949467111571.03
