
[data]
trigger-time = 1485465675.7451053
injection-file = /work/shashwat.singh/Prospects-of-LGWs/unlens/injection.hdf

[global]
instruments = E1 E2 E3
mass1_ref = 30.000000001724555
mass2_ref = 30.000000007330204
minchirp = 26.116416902825037
maxchirp = 26.116616902825037
mincov = 23769155480.434654
maxcov = 2376915548043.466
