
[data]
trigger-time = 1699489405.401539
injection-file = /work/shashwat.singh/Prospects-of-LGWs/unlens/injection.hdf

[global]
instruments = E1 E2 E3
mass1_ref = 30.00000000648942
mass2_ref = 30.00000000071395
minchirp = 26.11641690201917
maxchirp = 26.11661690201917
mincov = 165211762038.0264
maxcov = 16521176203802.639
