
[data]
trigger-time = 1632571852.4383326
injection-file = /work/shashwat.singh/Prospects-of-LGWs/unlens/injection.hdf

[global]
instruments = E1 E2 E3
mass1_ref = 30.00000000322393
mass2_ref = 30.000000008336258
minchirp = 26.11641690391559
maxchirp = 26.116616903915588
mincov = 59207680727.65999
maxcov = 5920768072765.998
