
[data]
trigger-time = 1568722695.4389231
injection-file = /work/shashwat.singh/Prospects-of-LGWs/unlens/injection.hdf

[global]
instruments = E1 E2 E3
mass1_ref = 30.000000006024088
mass2_ref = 30.000000006083337
minchirp = 26.116416904153787
maxchirp = 26.116616904153787
mincov = 66014146462.36776
maxcov = 6601414646236.776
