
[data]
trigger-time = 1486703342.6716444
injection-file = /work/shashwat.singh/Prospects-of-LGWs/unlens/injection.hdf

[global]
instruments = E1 E2 E3
mass1_ref = 30.000000003886473
mass2_ref = 30.00000000935536
minchirp = 26.11641690464757
maxchirp = 26.116616904647568
mincov = 140394860124.44342
maxcov = 14039486012444.344
