
[data]
trigger-time = 1817635117.0651565
injection-file = /work/shashwat.singh/Prospects-of-LGWs/unlens/injection.hdf

[global]
instruments = E1 E2 E3
mass1_ref = 30.00000000506006
mass2_ref = 30.00000000080095
minchirp = 26.116416901434878
maxchirp = 26.116616901434877
mincov = 27682202109.598804
maxcov = 2768220210959.8804
