
[data]
trigger-time = 1338326300.918166
injection-file = /work/shashwat.singh/Prospects-of-LGWs/unlens/injection.hdf

[global]
instruments = E1 E2 E3
mass1_ref = 30.000000007913545
mass2_ref = 30.000000002212033
minchirp = 26.11641690329114
maxchirp = 26.11661690329114
mincov = 1282952188.78321
maxcov = 128295218878.321
