
[data]
trigger-time = 1621764047.061321
injection-file = /work/shashwat.singh/Prospects-of-LGWs/unlens/injection.hdf

[global]
instruments = E1 E2 E3
mass1_ref = 30.000000009723074
mass2_ref = 30.00000000870155
minchirp = 26.11641690690351
maxchirp = 26.11661690690351
mincov = 83196837183.66579
maxcov = 8319683718366.578
