
[data]
trigger-time = 1695545213.739159
injection-file = /work/shashwat.singh/Prospects-of-LGWs/unlens/injection.hdf

[global]
instruments = E1 E2 E3
mass1_ref = 30.000000002771326
mass2_ref = 30.00000000007204
minchirp = 26.11641690012137
maxchirp = 26.116616900121368
mincov = 71558728510.14705
maxcov = 7155872851014.705
