
[data]
trigger-time = 1246673809.5574317
injection-file = /work/shashwat.singh/Prospects-of-LGWs/unlens/injection.hdf

[global]
instruments = E1 E2 E3
mass1_ref = 30.00000000355834
mass2_ref = 30.000000004467935
minchirp = 26.116416902377363
maxchirp = 26.116616902377363
mincov = 69960282831.99228
maxcov = 6996028283199.228
