
[data]
trigger-time = 1555354320.810104
injection-file = /work/shashwat.singh/Prospects-of-LGWs/unlens/injection.hdf

[global]
instruments = E1 E2 E3
mass1_ref = 30.000000004148536
mass2_ref = 30.00000000270538
minchirp = 26.116416901867066
maxchirp = 26.116616901867065
mincov = 36398045356.092804
maxcov = 3639804535609.2803
