
[data]
trigger-time = 1894894870.3574862
injection-file = /work/shashwat.singh/Prospects-of-LGWs/unlens/injection.hdf

[global]
instruments = E1 E2 E3
mass1_ref = 30.000000009646584
mass2_ref = 30.000000001453444
minchirp = 26.11641690371529
maxchirp = 26.11661690371529
mincov = 1345280167.5298
maxcov = 134528016752.98001
