
[data]
trigger-time = 1129606695.5048563
injection-file = /work/shashwat.singh/Prospects-of-LGWs/unlens/injection.hdf

[global]
instruments = E1 E2 E3
mass1_ref = 30.00000000257712
mass2_ref = 30.000000008787435
minchirp = 26.116416903830434
maxchirp = 26.116616903830433
mincov = 55751063856.92566
maxcov = 5575106385692.566
