
[data]
trigger-time = 1246310796.0293984
injection-file = /work/shashwat.singh/Prospects-of-LGWs/unlens/injection.hdf

[global]
instruments = E1 E2 E3
mass1_ref = 30.000000005783193
mass2_ref = 30.000000004150895
minchirp = 26.11641690320779
maxchirp = 26.116616903207788
mincov = 26523164943.302387
maxcov = 2652316494330.239
