
[data]
trigger-time = 1994697601.539298
injection-file = /work/shashwat.singh/Prospects-of-LGWs/unlens/injection.hdf

[global]
instruments = E1 E2 E3
mass1_ref = 30.0000000039108
mass2_ref = 30.00000000586266
minchirp = 26.116416903137868
maxchirp = 26.116616903137867
mincov = 99446404868.82523
maxcov = 9944640486882.521
