
[data]
trigger-time = 1134124056.6130123
injection-file = /work/shashwat.singh/Prospects-of-LGWs/unlens/injection.hdf

[global]
instruments = E1 E2 E3
mass1_ref = 30.000000004091167
mass2_ref = 30.00000000702356
minchirp = 26.116416903721692
maxchirp = 26.11661690372169
mincov = 2703713222.509766
maxcov = 270371322250.9766
