
[data]
trigger-time = 1987369504.7550614
injection-file = /work/shashwat.singh/Prospects-of-LGWs/unlens/injection.hdf

[global]
instruments = E1 E2 E3
mass1_ref = 30.00000000498914
mass2_ref = 30.000000004553165
minchirp = 26.116416903037255
maxchirp = 26.116616903037254
mincov = 73816449678.01814
maxcov = 7381644967801.814
