
[data]
trigger-time = 1628953481.6233582
injection-file = /work/shashwat.singh/Prospects-of-LGWs/unlens/injection.hdf

[global]
instruments = E1 E2 E3
mass1_ref = 30.000000005480608
mass2_ref = 30.000000003023242
minchirp = 26.116416902585243
maxchirp = 26.116616902585243
mincov = 55434390280.87404
maxcov = 5543439028087.403
