
[data]
trigger-time = 1647979975.645083
injection-file = /work/shashwat.singh/Prospects-of-LGWs/unlens/injection.hdf

[global]
instruments = H1 V1 L1 I1 K1
mass1_ref = 30.00000000468444
mass2_ref = 30.00000000776437
minchirp = 26.116416904302387
maxchirp = 26.116616904302386
mincov = 232934.74154729466
maxcov = 23293474.154729467
