
[data]
trigger-time = 1393409168.9114816
injection-file = /work/shashwat.singh/Prospects-of-LGWs/unlens/injection.hdf

[global]
instruments = H1 V1 L1 I1 K1
mass1_ref = 30.000000007019253
mass2_ref = 30.000000002996423
minchirp = 26.1164169032433
maxchirp = 26.1166169032433
mincov = 46069410572.25735
maxcov = 4606941057225.734
