
[data]
trigger-time = 1309296108.219171
injection-file = /work/shashwat.singh/Prospects-of-LGWs/unlens/injection.hdf

[global]
instruments = H1 V1 L1 I1 K1
mass1_ref = 30.000000002278295
mass2_ref = 30.000000003483986
minchirp = 26.116416901391904
maxchirp = 26.116616901391904
mincov = 17520862496.30043
maxcov = 1752086249630.043
