
[data]
trigger-time = 1236095957.942696
injection-file = /work/shashwat.singh/Prospects-of-LGWs/unlens/injection.hdf

[global]
instruments = H1 V1 L1 I1 K1
mass1_ref = 30.000000007787953
mass2_ref = 30.000000008838025
minchirp = 26.1164169061206
maxchirp = 26.1166169061206
mincov = 73507762612.7265
maxcov = 7350776261272.65
