
[data]
trigger-time = 1221782450.3402514
injection-file = /work/shashwat.singh/Prospects-of-LGWs/unlens/injection.hdf

[global]
instruments = H1 V1 L1 I1 K1
mass1_ref = 30.000000008246225
mass2_ref = 30.00000000188213
minchirp = 26.116416903292347
maxchirp = 26.116616903292346
mincov = 64690523220.970055
maxcov = 6469052322097.006
