
[data]
trigger-time = 1325474801.0235682
injection-file = /work/shashwat.singh/Prospects-of-LGWs/unlens/injection.hdf

[global]
instruments = H1 V1 L1 I1 K1
mass1_ref = 30.000000008606655
mass2_ref = 30.000000000791847
minchirp = 26.11641690297466
maxchirp = 26.11661690297466
mincov = 397957972.7183531
maxcov = 39795797271.83531
