
[data]
trigger-time = 1781962471.6502318
injection-file = /work/shashwat.singh/Prospects-of-LGWs/unlens/injection.hdf

[global]
instruments = H1 V1 L1 I1 K1
mass1_ref = 30.00000000449648
mass2_ref = 30.00000000170484
minchirp = 26.11641690158301
maxchirp = 26.116616901583008
mincov = 73089143174.99457
maxcov = 7308914317499.457
