
[data]
trigger-time = 1562431462.4463873
injection-file = /work/shashwat.singh/Prospects-of-LGWs/unlens/injection.hdf

[global]
instruments = H1 V1 L1 I1 K1
mass1_ref = 30.000000001601556
mass2_ref = 30.000000004504127
minchirp = 26.116416901541378
maxchirp = 26.116616901541377
mincov = 12088954281.369389
maxcov = 1208895428136.9387
