
[data]
trigger-time = 1324879066.0297666
injection-file = /work/shashwat.singh/Prospects-of-LGWs/unlens/injection.hdf

[global]
instruments = H1 V1 L1 I1 K1
mass1_ref = 30.000000007803944
mass2_ref = 30.00000000790499
minchirp = 26.116416905721437
maxchirp = 26.116616905721436
mincov = 3432096314.6226645
maxcov = 343209631462.2665
