
[data]
trigger-time = 1882315519.2760308
injection-file = /work/shashwat.singh/Prospects-of-LGWs/unlens/injection.hdf

[global]
instruments = H1 V1 L1 I1 K1
mass1_ref = 30.000000008893434
mass2_ref = 30.000000009723756
minchirp = 26.11641690698733
maxchirp = 26.11661690698733
mincov = 24810967794.18716
maxcov = 2481096779418.7163
