
[data]
trigger-time = 1772923979.5800214
injection-file = /work/shashwat.singh/Prospects-of-LGWs/unlens/injection.hdf

[global]
instruments = H1 V1 L1 I1 K1
mass1_ref = 30.000000000587317
mass2_ref = 30.000000001624485
minchirp = 26.116416899846467
maxchirp = 26.116616899846466
mincov = 23355432551.210472
maxcov = 2335543255121.047
