
[data]
trigger-time = 1399112122.663112
injection-file = /work/shashwat.singh/Prospects-of-LGWs/unlens/injection.hdf

[global]
instruments = H1 V1 L1 I1 K1
mass1_ref = 30.00000000427253
mass2_ref = 30.000000002108855
minchirp = 26.11641690166138
maxchirp = 26.11661690166138
mincov = 20042206631.78156
maxcov = 2004220663178.1558
