
[data]
trigger-time = 1150784702.8183832
injection-file = /work/shashwat.singh/Prospects-of-LGWs/unlens/injection.hdf

[global]
instruments = H1 V1 L1 I1 K1
mass1_ref = 30.000000002693135
mass2_ref = 30.00000000216762
minchirp = 26.116416900999493
maxchirp = 26.116616900999492
mincov = 79458752.03844067
maxcov = 7945875203.844069
