
[data]
trigger-time = 1493247584.6976106
injection-file = /work/shashwat.singh/Prospects-of-LGWs/unlens/injection.hdf

[global]
instruments = H1 V1 L1 I1 K1
mass1_ref = 30.00000000460502
mass2_ref = 30.00000000999826
minchirp = 26.116416905240172
maxchirp = 26.11661690524017
mincov = 90097147515.49786
maxcov = 9009714751549.787
