
[data]
trigger-time = 1580246881.258674
injection-file = /work/shashwat.singh/Prospects-of-LGWs/unlens/injection.hdf

[global]
instruments = H1 V1 L1 I1 K1
mass1_ref = 30.000000004499384
mass2_ref = 30.000000002631293
minchirp = 26.11641690198753
maxchirp = 26.11661690198753
mincov = 20593788835.366337
maxcov = 2059378883536.6335
