
[data]
trigger-time = 1507781627.1501637
injection-file = /work/shashwat.singh/Prospects-of-LGWs/unlens/injection.hdf

[global]
instruments = H1 V1 L1 I1 K1
mass1_ref = 30.00000000623182
mass2_ref = 30.00000000541899
minchirp = 26.116416903955034
maxchirp = 26.116616903955034
mincov = 15285059658.853252
maxcov = 1528505965885.3252
