
[data]
trigger-time = 1350656391.283133
injection-file = /home/ss/Prospects-of-LGWs/unlens/injection.hdf

[global]
instruments = H1 V1 L1 I1 K1
mass1_ref = 30.000000005288538
mass2_ref = 30.00000000910231
minchirp = 26.116416905147705
maxchirp = 26.116616905147705
mincov = 15245636797.282745
maxcov = 1524563679728.2744
