
[data]
trigger-time = 1717969530.759707
injection-file = /work/shashwat.singh/Prospects-of-LGWs/unlens/injection.hdf

[global]
instruments = H1 V1 L1 I1 K1
mass1_ref = 30.000000009163024
mass2_ref = 30.00000000428264
minchirp = 26.11641690473629
maxchirp = 26.11661690473629
mincov = 23895918542.22933
maxcov = 2389591854222.9326
