
[data]
trigger-time = 1232387157.6132116
injection-file = /work/shashwat.singh/Prospects-of-LGWs/unlens/injection.hdf

[global]
instruments = H1 V1 L1 I1 K1
mass1_ref = 30.00000000923182
mass2_ref = 30.00000000146742
minchirp = 26.116416903540838
maxchirp = 26.116616903540837
mincov = 74774015270.00314
maxcov = 7477401527000.313
