
[data]
trigger-time = 1499068492.585633
injection-file = /work/shashwat.singh/Prospects-of-LGWs/unlens/injection.hdf

[global]
instruments = H1 V1 L1 I1 K1
mass1_ref = 30.00000000028751
mass2_ref = 30.00000000016857
minchirp = 26.116416899082246
maxchirp = 26.116616899082246
mincov = 27047642114.104343
maxcov = 2704764211410.434
