
[data]
trigger-time = 1630554918.5162864
injection-file = /work/shashwat.singh/Prospects-of-LGWs/unlens/injection.hdf

[global]
instruments = H1 V1 L1 I1 K1
mass1_ref = 30.000000006391993
mass2_ref = 30.00000000481952
minchirp = 26.116416903763817
maxchirp = 26.116616903763816
mincov = 30900803934.905743
maxcov = 3090080393490.574
