
[data]
trigger-time = 1933393769.946381
injection-file = /work/shashwat.singh/Prospects-of-LGWs/unlens/injection.hdf

[global]
instruments = H1 V1 L1 I1 K1
mass1_ref = 30.000000006230593
mass2_ref = 30.000000001151253
minchirp = 26.116416902096862
maxchirp = 26.11661690209686
mincov = 10387167036.267612
maxcov = 1038716703626.7614
