
[data]
trigger-time = 1250909323.0755446
injection-file = /work/shashwat.singh/Prospects-of-LGWs/unlens/injection.hdf

[global]
instruments = H1 V1 L1 I1 K1
mass1_ref = 30.00000000638548
mass2_ref = 30.00000000390548
minchirp = 26.116416903363124
maxchirp = 26.116616903363123
mincov = 14592967886.136566
maxcov = 1459296788613.6567
