
[data]
trigger-time = 1137147420.3928292
injection-file = /work/shashwat.singh/Prospects-of-LGWs/unlens/injection.hdf

[global]
instruments = H1 V1 L1 I1 K1
mass1_ref = 30.000000009729785
mass2_ref = 30.000000003905964
minchirp = 26.11641690481903
maxchirp = 26.11661690481903
mincov = 2820.558200371418
maxcov = 282055.8200371418
