
[data]
trigger-time = 1870100474.3823316
injection-file = /work/shashwat.singh/Prospects-of-LGWs/unlens/injection.hdf

[global]
instruments = H1 V1 L1 I1 K1
mass1_ref = 30.000000007309065
mass2_ref = 30.00000000438417
minchirp = 26.116416903973498
maxchirp = 26.116616903973497
mincov = 30198720157.85211
maxcov = 3019872015785.211
