
[data]
trigger-time = 1629926420.858148
injection-file = /work/shashwat.singh/Prospects-of-LGWs/unlens/injection.hdf

[global]
instruments = H1 V1 L1 I1 K1
mass1_ref = 30.00000000313386
mass2_ref = 30.000000006039564
minchirp = 26.116416902876686
maxchirp = 26.116616902876686
mincov = 846226770.9054023
maxcov = 84622677090.54022
