
[data]
trigger-time = 1365364971.2141159
injection-file = /home/ss/Prospects-of-LGWs/unlens/injection.hdf

[global]
instruments = H1 V1 L1 I1 K1
mass1_ref = 30.0000000002043
mass2_ref = 30.000000007547236
minchirp = 26.116416902257775
maxchirp = 26.116616902257775
mincov = 2204227338.033807
maxcov = 220422733803.3807
