
[data]
trigger-time = 1193646695.5475295
injection-file = /work/shashwat.singh/Prospects-of-LGWs/unlens/injection.hdf

[global]
instruments = H1 V1 L1 I1 K1
mass1_ref = 30.000000009509446
mass2_ref = 30.000000002049706
minchirp = 26.116416903915137
maxchirp = 26.116616903915137
mincov = 21867463154.391933
maxcov = 2186746315439.1934
