
[data]
trigger-time = 1848039618.0186648
injection-file = /work/shashwat.singh/Prospects-of-LGWs/unlens/injection.hdf

[global]
instruments = H1 V1 L1 I1 K1
mass1_ref = 30.00000000165373
mass2_ref = 30.000000000499966
minchirp = 26.116416899821175
maxchirp = 26.116616899821175
mincov = 8427416308.343458
maxcov = 842741630834.3458
