
[data]
trigger-time = 1066023320.832655
injection-file = /work/shashwat.singh/Prospects-of-LGWs/unlens/injection.hdf

[global]
instruments = H1 V1 L1 I1 K1
mass1_ref = 30.00000000093596
mass2_ref = 30.00000000896622
minchirp = 26.116416903193898
maxchirp = 26.116616903193897
mincov = 9566982.381926425
maxcov = 956698238.1926425
