
[data]
trigger-time = 1233058397.6457543
injection-file = /work/shashwat.singh/Prospects-of-LGWs/unlens/injection.hdf

[global]
instruments = H1 V1 L1 I1 K1
mass1_ref = 30.000000009984117
mass2_ref = 30.00000000804019
minchirp = 26.11641690672926
maxchirp = 26.11661690672926
mincov = 3716315404.7777452
maxcov = 371631540477.77454
