
[data]
trigger-time = 1710495583.2499647
injection-file = /work/shashwat.singh/Prospects-of-LGWs/unlens/injection.hdf

[global]
instruments = H1 V1 L1 I1 K1
mass1_ref = 30.00000000050763
mass2_ref = 30.000000000162792
minchirp = 26.116416899175544
maxchirp = 26.116616899175543
mincov = 23985317440.572197
maxcov = 2398531744057.2197
