
[data]
trigger-time = 1270481092.913503
injection-file = /work/shashwat.singh/Prospects-of-LGWs/unlens/injection.hdf

[global]
instruments = H1 V1 L1 I1 K1
mass1_ref = 30.00000000948963
mass2_ref = 30.00000000227719
minchirp = 26.116416904005533
maxchirp = 26.116616904005532
mincov = 1686644057.7905366
maxcov = 168664405779.05368
