
[data]
trigger-time = 1354016313.946094
injection-file = /work/shashwat.singh/Prospects-of-LGWs/unlens/injection.hdf

[global]
instruments = H1 V1 L1 I1 K1
mass1_ref = 30.000000007053497
mass2_ref = 30.000000009235464
minchirp = 26.116416905973907
maxchirp = 26.116616905973906
mincov = 589970592.621458
maxcov = 58997059262.145805
