
[data]
trigger-time = 1206039964.363991
injection-file = /work/shashwat.singh/Prospects-of-LGWs/unlens/injection.hdf

[global]
instruments = H1 V1 L1 I1 K1
mass1_ref = 30.000000001030298
mass2_ref = 30.000000000704087
minchirp = 26.116416899638658
maxchirp = 26.116616899638657
mincov = 95494933110.39267
maxcov = 9549493311039.268
