
[data]
trigger-time = 1400807849.6619368
injection-file = /work/shashwat.singh/Prospects-of-LGWs/unlens/injection.hdf

[global]
instruments = H1 V1 L1 I1 K1
mass1_ref = 30.00000000675333
mass2_ref = 30.0000000034232
minchirp = 26.116416903313315
maxchirp = 26.116616903313314
mincov = 25220356229.769722
maxcov = 2522035622976.972
