
[data]
trigger-time = 1364033520.8501468
injection-file = /work/shashwat.singh/Prospects-of-LGWs/unlens/injection.hdf

[global]
instruments = H1 V1 L1 I1 K1
mass1_ref = 30.000000009856603
mass2_ref = 30.000000006882757
minchirp = 26.116416906169956
maxchirp = 26.116616906169956
mincov = 16569760089.954641
maxcov = 1656976008995.464
