
[data]
trigger-time = 1951380679.6794848
injection-file = /work/shashwat.singh/Prospects-of-LGWs/unlens/injection.hdf

[global]
instruments = H1 V1 L1 I1 K1
mass1_ref = 30.000000003926996
mass2_ref = 30.00000000673302
minchirp = 26.116416903523767
maxchirp = 26.116616903523767
mincov = 75889582767.75021
maxcov = 7588958276775.021
