
[data]
trigger-time = 1555557057.4621005
injection-file = /work/shashwat.singh/Prospects-of-LGWs/unlens/injection.hdf

[global]
instruments = H1 V1 L1 I1 K1
mass1_ref = 30.000000002742922
mass2_ref = 30.00000000388044
minchirp = 26.116416901766712
maxchirp = 26.11661690176671
mincov = 28707158932.698772
maxcov = 2870715893269.8774
