
[data]
trigger-time = 1486495407.7415357
injection-file = /work/shashwat.singh/Prospects-of-LGWs/unlens/injection.hdf

[global]
instruments = H1 V1 L1 I1 K1
mass1_ref = 30.000000003455867
mass2_ref = 30.00000000699061
minchirp = 26.116416903430817
maxchirp = 26.116616903430817
mincov = 41285884331.339005
maxcov = 4128588433133.9004
