
[data]
trigger-time = 1058928613.3561997
injection-file = /work/shashwat.singh/Prospects-of-LGWs/unlens/injection.hdf

[global]
instruments = H1 V1 L1 I1 K1
mass1_ref = 30.000000003113104
mass2_ref = 30.000000004488914
minchirp = 26.116416902192693
maxchirp = 26.116616902192693
mincov = 23549763690.933815
maxcov = 2354976369093.382
