
[data]
trigger-time = 1853574826.3788319
injection-file = /work/shashwat.singh/Prospects-of-LGWs/unlens/injection.hdf

[global]
instruments = H1 V1 L1 I1 K1
mass1_ref = 30.00000000386546
mass2_ref = 30.000000006651018
minchirp = 26.11641690346129
maxchirp = 26.11661690346129
mincov = 89132936137.8494
maxcov = 8913293613784.94
