
[data]
trigger-time = 1268029633.9377544
injection-file = /work/shashwat.singh/Prospects-of-LGWs/unlens/injection.hdf

[global]
instruments = H1 V1 L1 I1 K1
mass1_ref = 30.00000000553273
mass2_ref = 30.000000005300823
minchirp = 26.1164169035993
maxchirp = 26.1166169035993
mincov = 11756038341.478855
maxcov = 1175603834147.8855
