
[data]
trigger-time = 1052854649.2069457
injection-file = /work/shashwat.singh/Prospects-of-LGWs/unlens/injection.hdf

[global]
instruments = H1 V1 L1 I1 K1
mass1_ref = 30.000000001299536
mass2_ref = 30.000000009229797
minchirp = 26.116416903466884
maxchirp = 26.116616903466884
mincov = 18069352848.54769
maxcov = 1806935284854.7693
