
[data]
trigger-time = 1548891228.5456233
injection-file = /work/shashwat.singh/Prospects-of-LGWs/unlens/injection.hdf

[global]
instruments = H1 V1 L1 I1 K1
mass1_ref = 30.000000006388202
mass2_ref = 30.000000001366743
minchirp = 26.11641690225926
maxchirp = 26.11661690225926
mincov = 18696296247.786373
maxcov = 1869629624778.6375
