
[data]
trigger-time = 1010947424.7385143
injection-file = /work/shashwat.singh/Prospects-of-LGWs/unlens/injection.hdf

[global]
instruments = H1 V1 L1 I1 K1
mass1_ref = 30.000000000202135
mass2_ref = 30.00000000976775
minchirp = 26.11641690322337
maxchirp = 26.11661690322337
mincov = 7283614251.093714
maxcov = 728361425109.3713
