
[data]
trigger-time = 1885739374.9434927
injection-file = /work/shashwat.singh/Prospects-of-LGWs/unlens/injection.hdf

[global]
instruments = H1 V1 L1 I1 K1
mass1_ref = 30.000000001072117
mass2_ref = 30.00000000369901
minchirp = 26.116416900960477
maxchirp = 26.116616900960476
mincov = 66554951779.37909
maxcov = 6655495177937.909
