
[data]
trigger-time = 1544089630.9678612
injection-file = /work/shashwat.singh/Prospects-of-LGWs/unlens/injection.hdf

[global]
instruments = H1 V1 L1 I1 K1
mass1_ref = 30.00000000753008
mass2_ref = 30.000000003975906
minchirp = 26.116416903891995
maxchirp = 26.116616903891995
mincov = 76478115842.41348
maxcov = 7647811584241.349
