
[data]
trigger-time = 1592524107.5854702
injection-file = /work/shashwat.singh/Prospects-of-LGWs/unlens/injection.hdf

[global]
instruments = H1 V1 L1 I1 K1
mass1_ref = 30.000000003840288
mass2_ref = 30.00000000692228
minchirp = 26.116416903568403
maxchirp = 26.116616903568403
mincov = 39496294831.24665
maxcov = 3949629483124.665
