
[data]
trigger-time = 1932740876.395399
injection-file = /work/shashwat.singh/Prospects-of-LGWs/unlens/injection.hdf

[global]
instruments = H1 V1 L1 I1 K1
mass1_ref = 30.000000006202743
mass2_ref = 30.0000000045122
minchirp = 26.116416903547673
maxchirp = 26.116616903547673
mincov = 22415937225.39076
maxcov = 2241593722539.076
