
[data]
trigger-time = 1032595424.3892323
injection-file = /work/shashwat.singh/Prospects-of-LGWs/unlens/injection.hdf

[global]
instruments = H1 V1 L1 I1 K1
mass1_ref = 30.000000003186134
mass2_ref = 30.000000008533267
minchirp = 26.116416903984888
maxchirp = 26.116616903984887
mincov = 4164302103.4275374
maxcov = 416430210342.7538
