
[data]
trigger-time = 1373699055.1457038
injection-file = /work/shashwat.singh/Prospects-of-LGWs/unlens/injection.hdf

[global]
instruments = H1 V1 L1 I1 K1
mass1_ref = 30.00000000303796
mass2_ref = 30.000000004803873
minchirp = 26.11641690229708
maxchirp = 26.11661690229708
mincov = 4349372233.353443
maxcov = 434937223335.3443
