
[data]
trigger-time = 1751353538.0079317
injection-file = /work/shashwat.singh/Prospects-of-LGWs/unlens/injection.hdf

[global]
instruments = H1 V1 L1 I1 K1
mass1_ref = 30.000000000857803
mass2_ref = 30.000000004227658
minchirp = 26.1164169010973
maxchirp = 26.1166169010973
mincov = 7390878906.205554
maxcov = 739087890620.5554
