
[data]
trigger-time = 1149502064.9640152
injection-file = /work/shashwat.singh/Prospects-of-LGWs/unlens/injection.hdf

[global]
instruments = H1 V1 L1 I1 K1
mass1_ref = 30.00000000964364
mass2_ref = 30.00000000647422
minchirp = 26.11641690589943
maxchirp = 26.11661690589943
mincov = 78632774.10076547
maxcov = 7863277410.076547
