
[data]
trigger-time = 1381029348.8205879
injection-file = /work/shashwat.singh/Prospects-of-LGWs/unlens/injection.hdf

[global]
instruments = H1 V1 L1 I1 K1
mass1_ref = 30.00000000234713
mass2_ref = 30.000000003951094
minchirp = 26.116416901625186
maxchirp = 26.116616901625186
mincov = 74390417331.6735
maxcov = 7439041733167.349
