
[data]
trigger-time = 1796489639.35641
injection-file = /work/shashwat.singh/Prospects-of-LGWs/unlens/injection.hdf

[global]
instruments = H1 V1 L1 I1 K1
mass1_ref = 30.000000004465942
mass2_ref = 30.000000006107168
minchirp = 26.116416903485938
maxchirp = 26.116616903485937
mincov = 1205705904.4533274
maxcov = 120570590445.33273
