
[data]
trigger-time = 1899405505.2653565
injection-file = /work/shashwat.singh/Prospects-of-LGWs/unlens/injection.hdf

[global]
instruments = H1 V1 L1 I1 K1
mass1_ref = 30.00000000307687
mass2_ref = 30.000000003025644
minchirp = 26.116416901539996
maxchirp = 26.116616901539995
mincov = 38577149335.33931
maxcov = 3857714933533.9307
