
[data]
trigger-time = 1149202841.964743
injection-file = /work/shashwat.singh/Prospects-of-LGWs/unlens/injection.hdf

[global]
instruments = H1 V1 L1 I1 K1
mass1_ref = 30.000000007617476
mass2_ref = 30.00000000534153
minchirp = 26.11641690452446
maxchirp = 26.11661690452446
mincov = 11763025679.91029
maxcov = 1176302567991.029
