
[data]
trigger-time = 1830637816.4498127
injection-file = /work/shashwat.singh/Prospects-of-LGWs/unlens/injection.hdf

[global]
instruments = H1 V1 L1 I1 K1
mass1_ref = 30.00000000981057
mass2_ref = 30.000000008104422
minchirp = 26.11641690668168
maxchirp = 26.116616906681678
mincov = 43279364991.186
maxcov = 4327936499118.5996
