
[data]
trigger-time = 1950093576.4617581
injection-file = /work/shashwat.singh/Prospects-of-LGWs/unlens/injection.hdf

[global]
instruments = H1 V1 L1 I1 K1
mass1_ref = 30.0000000015988
mass2_ref = 30.000000003916075
minchirp = 26.116416901284214
maxchirp = 26.116616901284214
mincov = 29934826246.026985
maxcov = 2993482624602.698
