
[data]
trigger-time = 1333259214.1820273
injection-file = /work/shashwat.singh/Prospects-of-LGWs/unlens/injection.hdf

[global]
instruments = H1 V1 L1 I1 K1
mass1_ref = 30.000000001974502
mass2_ref = 30.000000005721404
minchirp = 26.116416902233563
maxchirp = 26.116616902233563
mincov = 65964022743.76076
maxcov = 6596402274376.075
