
[data]
trigger-time = 1568686463.7050648
injection-file = /work/shashwat.singh/Prospects-of-LGWs/unlens/injection.hdf

[global]
instruments = H1 V1 L1 I1 K1
mass1_ref = 30.000000004122665
mass2_ref = 30.000000000221213
minchirp = 26.11641690077451
maxchirp = 26.11661690077451
mincov = 9614260294.562254
maxcov = 961426029456.2255
