
[data]
trigger-time = 1971169018.6754825
injection-file = /work/shashwat.singh/Prospects-of-LGWs/unlens/injection.hdf

[global]
instruments = H1 V1 L1 I1 K1
mass1_ref = 30.000000005502752
mass2_ref = 30.00000000531139
minchirp = 26.116416903590853
maxchirp = 26.116616903590852
mincov = 35309994406.18875
maxcov = 3530999440618.875
