
[data]
trigger-time = 1255063411.373646
injection-file = /work/shashwat.singh/Prospects-of-LGWs/unlens/injection.hdf

[global]
instruments = H1 V1 L1 I1 K1
mass1_ref = 30.00000000043789
mass2_ref = 30.000000001613312
minchirp = 26.11641689977656
maxchirp = 26.11661689977656
mincov = 90276917449.62062
maxcov = 9027691744962.062
