
[data]
trigger-time = 1220494248.6043782
injection-file = /work/shashwat.singh/Prospects-of-LGWs/unlens/injection.hdf

[global]
instruments = H1 V1 L1 I1 K1
mass1_ref = 30.000000009705882
mass2_ref = 30.000000000787633
minchirp = 26.11641690345129
maxchirp = 26.11661690345129
mincov = 7324760592.299365
maxcov = 732476059229.9365
