
[data]
trigger-time = 1372358852.4230924
injection-file = /work/shashwat.singh/Prospects-of-LGWs/unlens/injection.hdf

[global]
instruments = H1 V1 L1 I1 K1
mass1_ref = 30.00000000269021
mass2_ref = 30.000000000636053
minchirp = 26.116416900331565
maxchirp = 26.116616900331564
mincov = 15513666715.880413
maxcov = 1551366671588.0415
