
[data]
trigger-time = 1937978499.777645
injection-file = /work/shashwat.singh/Prospects-of-LGWs/unlens/injection.hdf

[global]
instruments = H1 V1 L1 I1 K1
mass1_ref = 30.00000000486815
mass2_ref = 30.000000008798736
minchirp = 26.11641690483258
maxchirp = 26.11661690483258
mincov = 903278369.4657284
maxcov = 90327836946.57285
