
[data]
trigger-time = 1814356537.3851995
injection-file = /work/shashwat.singh/Prospects-of-LGWs/unlens/injection.hdf

[global]
instruments = H1 V1 L1 I1 K1
mass1_ref = 30.00000000161645
mass2_ref = 30.000000000055135
minchirp = 26.116416899611323
maxchirp = 26.116616899611323
mincov = 27931574891.096935
maxcov = 2793157489109.6934
