
[data]
trigger-time = 1350470278.2321534
injection-file = /work/shashwat.singh/Prospects-of-LGWs/unlens/injection.hdf

[global]
instruments = H1 V1 L1 I1 K1
mass1_ref = 30.00000000484753
mass2_ref = 30.000000003563017
minchirp = 26.116416902544625
maxchirp = 26.116616902544624
mincov = 28095233.35116761
maxcov = 2809523335.116761
