
[data]
trigger-time = 1407177839.8171854
injection-file = /work/shashwat.singh/Prospects-of-LGWs/unlens/injection.hdf

[global]
instruments = H1 V1 L1 I1 K1
mass1_ref = 30.000000007459136
mass2_ref = 30.000000000344183
minchirp = 26.116416902280317
maxchirp = 26.116616902280317
mincov = 28853640064.822693
maxcov = 2885364006482.2695
