
[data]
trigger-time = 1953206141.3215113
injection-file = /work/shashwat.singh/Prospects-of-LGWs/unlens/injection.hdf

[global]
instruments = H1 V1 L1 I1 K1
mass1_ref = 30.000000007320757
mass2_ref = 30.000000009251064
minchirp = 26.116416906097026
maxchirp = 26.116616906097025
mincov = 70412347061.61766
maxcov = 7041234706161.767
