
[data]
trigger-time = 1244345118.0195022
injection-file = /work/shashwat.singh/Prospects-of-LGWs/unlens/injection.hdf

[global]
instruments = H1 V1 L1 I1 K1
mass1_ref = 30.000000000385572
mass2_ref = 30.000000002890843
minchirp = 26.11641690030987
maxchirp = 26.116616900309868
mincov = 2434936903.837659
maxcov = 243493690383.76587
