
[data]
trigger-time = 1008171329.1013465
injection-file = /work/shashwat.singh/Prospects-of-LGWs/unlens/injection.hdf

[global]
instruments = H1 V1 L1 I1 K1
mass1_ref = 30.000000002698087
mass2_ref = 30.000000002857902
minchirp = 26.11641690130211
maxchirp = 26.11661690130211
mincov = 1486611094.9619946
maxcov = 148661109496.19946
