
[data]
trigger-time = 1594032039.939406
injection-file = /work/shashwat.singh/Prospects-of-LGWs/unlens/injection.hdf

[global]
instruments = H1 V1 L1 I1 K1
mass1_ref = 30.00000000179458
mass2_ref = 30.00000000682215
minchirp = 26.116416902634374
maxchirp = 26.116616902634373
mincov = 3208193132.601214
maxcov = 320819313260.1214
