
[data]
trigger-time = 1108063772.7794526
injection-file = /home/ss/Prospects-of-LGWs/unlens/injection.hdf

[global]
instruments = H1 V1 L1 I1 K1
mass1_ref = 30.000000005506607
mass2_ref = 30.000000007732115
minchirp = 26.116416904646215
maxchirp = 26.116616904646214
mincov = 6909440834.791658
maxcov = 690944083479.1658
