
[data]
trigger-time = 1068136134.2477909
injection-file = /work/shashwat.singh/Prospects-of-LGWs/unlens/injection.hdf

[global]
instruments = H1 V1 L1 I1 K1
mass1_ref = 30.000000004848246
mass2_ref = 30.000000006729888
minchirp = 26.1164169039234
maxchirp = 26.1166169039234
mincov = 11069807.976032492
maxcov = 1106980797.6032493
