
[data]
trigger-time = 1548281900.2810085
injection-file = /work/shashwat.singh/Prospects-of-LGWs/unlens/injection.hdf

[global]
instruments = H1 V1 L1 I1 K1
mass1_ref = 30.00000000643939
mass2_ref = 30.00000000588149
minchirp = 26.116416904246698
maxchirp = 26.116616904246698
mincov = 1429099839.8401563
maxcov = 142909983984.01562
