
[data]
trigger-time = 1188778817.497582
injection-file = /work/shashwat.singh/Prospects-of-LGWs/unlens/injection.hdf

[global]
instruments = H1 V1 L1 I1 K1
mass1_ref = 30.000000009180326
mass2_ref = 30.00000000377485
minchirp = 26.116416904522794
maxchirp = 26.116616904522793
mincov = 13790064.668094512
maxcov = 1379006466.8094513
