
[data]
trigger-time = 1995318783.7012737
injection-file = /work/shashwat.singh/Prospects-of-LGWs/unlens/injection.hdf

[global]
instruments = H1 V1 L1 I1 K1
mass1_ref = 30.000000000117954
mass2_ref = 30.00000000481054
minchirp = 26.116416901028977
maxchirp = 26.116616901028976
mincov = 1550601281.8064356
maxcov = 155060128180.64355
