
[data]
trigger-time = 1297339364.414469
injection-file = /work/shashwat.singh/Prospects-of-LGWs/unlens/injection.hdf

[global]
instruments = H1 V1 L1 I1 K1
mass1_ref = 30.000000008251547
mass2_ref = 30.00000000486061
minchirp = 26.116416904591123
maxchirp = 26.116616904591123
mincov = 35115666528.600174
maxcov = 3511566652860.017
