
[data]
trigger-time = 1598708838.1544325
injection-file = /work/shashwat.singh/Prospects-of-LGWs/unlens/injection.hdf

[global]
instruments = H1 V1 L1 I1 K1
mass1_ref = 30.000000004801255
mass2_ref = 30.00000000144117
minchirp = 26.116416901600896
maxchirp = 26.116616901600896
mincov = 82251980523.26083
maxcov = 8225198052326.083
