
[data]
trigger-time = 1617936255.2508948
injection-file = /work/shashwat.singh/Prospects-of-LGWs/unlens/injection.hdf

[global]
instruments = H1 V1 L1 I1 K1
mass1_ref = 30.00000000048527
mass2_ref = 30.000000005546866
minchirp = 26.116416901509364
maxchirp = 26.116616901509364
mincov = 15065283668.483433
maxcov = 1506528366848.3433
