
[data]
trigger-time = 1497019535.7143753
injection-file = /work/shashwat.singh/Prospects-of-LGWs/unlens/injection.hdf

[global]
instruments = H1 V1 L1 I1 K1
mass1_ref = 30.000000008647334
mass2_ref = 30.000000006934478
minchirp = 26.116416905666103
maxchirp = 26.116616905666103
mincov = 13401536084.560116
maxcov = 1340153608456.0115
