
[data]
trigger-time = 1683965441.397346
injection-file = /work/shashwat.singh/Prospects-of-LGWs/unlens/injection.hdf

[global]
instruments = H1 V1 L1 I1 K1
mass1_ref = 30.000000009194064
mass2_ref = 30.000000008249927
minchirp = 26.116416906476665
maxchirp = 26.116616906476665
mincov = 50705360409.74135
maxcov = 5070536040974.135
