
[data]
trigger-time = 1801916517.7618208
injection-file = /work/shashwat.singh/Prospects-of-LGWs/unlens/injection.hdf

[global]
instruments = H1 V1 L1 I1 K1
mass1_ref = 30.000000007355574
mass2_ref = 30.000000001503338
minchirp = 26.11641690273979
maxchirp = 26.11661690273979
mincov = 4203023540.49673
maxcov = 420302354049.673
