
[data]
trigger-time = 1983614634.7561636
injection-file = /work/shashwat.singh/Prospects-of-LGWs/unlens/injection.hdf

[global]
instruments = H1 V1 L1 I1 K1
mass1_ref = 30.000000002238945
mass2_ref = 30.0000000019086
minchirp = 26.116416900689046
maxchirp = 26.116616900689046
mincov = 33603354427.295025
maxcov = 3360335442729.5024
