
[data]
trigger-time = 1123697376.8527536
injection-file = /work/shashwat.singh/Prospects-of-LGWs/unlens/injection.hdf

[global]
instruments = H1 V1 L1 I1 K1
mass1_ref = 30.00000000458069
mass2_ref = 30.000000007677993
minchirp = 26.11641690421963
maxchirp = 26.11661690421963
mincov = 468354221.2835007
maxcov = 46835422128.35007
