
[data]
trigger-time = 1463777959.3371875
injection-file = /work/shashwat.singh/Prospects-of-LGWs/unlens/injection.hdf

[global]
instruments = H1 V1 L1 I1 K1
mass1_ref = 30.00000000183137
mass2_ref = 30.00000000087347
minchirp = 26.116416900061076
maxchirp = 26.116616900061075
mincov = 46654529764.646126
maxcov = 4665452976464.612
