
[data]
trigger-time = 1718602810.3822503
injection-file = /home/ss/Prospects-of-LGWs/unlens/injection.hdf

[global]
instruments = H1 V1 L1 I1 K1
mass1_ref = 30.000000001777888
mass2_ref = 30.000000002258126
minchirp = 26.116416900640502
maxchirp = 26.1166169006405
mincov = 10093461543.464167
maxcov = 1009346154346.4166
