
[data]
trigger-time = 1894146519.3059893
injection-file = /work/shashwat.singh/Prospects-of-LGWs/unlens/injection.hdf

[global]
instruments = H1 V1 L1 I1 K1
mass1_ref = 30.00000000664693
mass2_ref = 30.000000003303587
minchirp = 26.11641690321494
maxchirp = 26.11661690321494
mincov = 1285248711.3602214
maxcov = 128524871136.02213
