
[data]
trigger-time = 1413951246.4258962
injection-file = /work/shashwat.singh/Prospects-of-LGWs/unlens/injection.hdf

[global]
instruments = H1 V1 L1 I1 K1
mass1_ref = 30.000000007652318
mass2_ref = 30.00000000349919
minchirp = 26.1164169037377
maxchirp = 26.1166169037377
mincov = 8756212498.29689
maxcov = 875621249829.689
