
[data]
trigger-time = 1393189394.9291422
injection-file = /work/shashwat.singh/Prospects-of-LGWs/unlens/injection.hdf

[global]
instruments = H1 V1 L1 I1 K1
mass1_ref = 30.000000001381967
mass2_ref = 30.0000000062995
minchirp = 26.11641690222728
maxchirp = 26.11661690222728
mincov = 56500125646.07744
maxcov = 5650012564607.744
