
[data]
trigger-time = 1577749345.9847777
injection-file = /work/shashwat.singh/Prospects-of-LGWs/unlens/injection.hdf

[global]
instruments = H1 V1 L1 I1 K1
mass1_ref = 30.000000006025758
mass2_ref = 30.000000007269158
minchirp = 26.116416904670672
maxchirp = 26.11661690467067
mincov = 61396312123.67702
maxcov = 6139631212367.701
