
[data]
trigger-time = 1428839412.66009
injection-file = /work/shashwat.singh/Prospects-of-LGWs/unlens/injection.hdf

[global]
instruments = H1 V1 L1 I1 K1
mass1_ref = 30.000000005865964
mass2_ref = 30.000000001091443
minchirp = 26.11641690191211
maxchirp = 26.11661690191211
mincov = 17464045500.14074
maxcov = 1746404550014.0742
