
[data]
trigger-time = 1790818848.2423816
injection-file = /work/shashwat.singh/Prospects-of-LGWs/unlens/injection.hdf

[global]
instruments = H1 V1 L1 I1 K1
mass1_ref = 30.000000007745392
mass2_ref = 30.000000002805653
minchirp = 26.116416903476335
maxchirp = 26.116616903476334
mincov = 1954472919.65293
maxcov = 195447291965.293
