
[data]
trigger-time = 1556987295.0966492
injection-file = /work/shashwat.singh/Prospects-of-LGWs/unlens/injection.hdf

[global]
instruments = H1 V1 L1 I1 K1
mass1_ref = 30.0000000054586
mass2_ref = 30.000000008829684
minchirp = 26.116416905103062
maxchirp = 26.11661690510306
mincov = 42335151908.303085
maxcov = 4233515190830.308
