
[data]
trigger-time = 1168974291.8497372
injection-file = /work/shashwat.singh/Prospects-of-LGWs/unlens/injection.hdf

[global]
instruments = H1 V1 L1 I1 K1
mass1_ref = 30.000000007140454
mass2_ref = 30.00000000737267
minchirp = 26.116416905200925
maxchirp = 26.116616905200924
mincov = 7307421928.889148
maxcov = 730742192888.9148
