
[data]
trigger-time = 1203160505.2752314
injection-file = /work/shashwat.singh/Prospects-of-LGWs/unlens/injection.hdf

[global]
instruments = H1 V1 L1 I1 K1
mass1_ref = 30.00000000395902
mass2_ref = 30.000000006750625
minchirp = 26.11641690354537
maxchirp = 26.11661690354537
mincov = 51906803274.127
maxcov = 5190680327412.7
