
[data]
trigger-time = 1717167985.94039
injection-file = /work/shashwat.singh/Prospects-of-LGWs/unlens/injection.hdf

[global]
instruments = H1 V1 L1 I1 K1
mass1_ref = 30.000000009624777
mass2_ref = 30.000000000022183
minchirp = 26.116416903082808
maxchirp = 26.116616903082807
mincov = 96856476172.43013
maxcov = 9685647617243.012
