
[data]
trigger-time = 1233948732.106735
injection-file = /work/shashwat.singh/Prospects-of-LGWs/unlens/injection.hdf

[global]
instruments = H1 V1 L1 I1 K1
mass1_ref = 30.00000000567524
mass2_ref = 30.000000007392188
minchirp = 26.116416904571654
maxchirp = 26.116616904571654
mincov = 5841529018.217776
maxcov = 584152901821.7776
