
[data]
trigger-time = 1259818181.0274582
injection-file = /work/shashwat.singh/Prospects-of-LGWs/unlens/injection.hdf

[global]
instruments = H1 V1 L1 I1 K1
mass1_ref = 30.000000005033765
mass2_ref = 30.00000000935385
minchirp = 26.1164169051463
maxchirp = 26.116616905146298
mincov = 31261961802.529613
maxcov = 3126196180252.9614
