
[data]
trigger-time = 1846442131.2143629
injection-file = /work/shashwat.singh/Prospects-of-LGWs/unlens/injection.hdf

[global]
instruments = H1 V1 L1 I1 K1
mass1_ref = 30.00000000625281
mass2_ref = 30.000000007448385
minchirp = 26.116416904847515
maxchirp = 26.116616904847515
mincov = 12579256003.3307
maxcov = 1257925600333.07
