
[data]
trigger-time = 1715621532.6116123
injection-file = /work/shashwat.singh/Prospects-of-LGWs/unlens/injection.hdf

[global]
instruments = H1 V1 L1 I1 K1
mass1_ref = 30.00000000278736
mass2_ref = 30.00000000400424
minchirp = 26.11641690183994
maxchirp = 26.11661690183994
mincov = 634859.6555801957
maxcov = 63485965.55801957
