
[data]
trigger-time = 1615079778.868886
injection-file = /work/shashwat.singh/Prospects-of-LGWs/unlens/injection.hdf

[global]
instruments = H1 V1 L1 I1 K1
mass1_ref = 30.00000000059247
mass2_ref = 30.000000005170072
minchirp = 26.116416901392018
maxchirp = 26.116616901392018
mincov = 27086702909.966408
maxcov = 2708670290996.641
