
[data]
trigger-time = 1512445509.6129546
injection-file = /work/shashwat.singh/Prospects-of-LGWs/unlens/injection.hdf

[global]
instruments = H1 V1 L1 I1 K1
mass1_ref = 30.00000000409011
mass2_ref = 30.00000000671755
minchirp = 26.116416903588032
maxchirp = 26.11661690358803
mincov = 51988631397.85244
maxcov = 5198863139785.244
