
[data]
trigger-time = 1938005089.6758916
injection-file = /work/shashwat.singh/Prospects-of-LGWs/unlens/injection.hdf

[global]
instruments = H1 V1 L1 I1 K1
mass1_ref = 30.000000001645265
mass2_ref = 30.000000000279986
minchirp = 26.116416899721738
maxchirp = 26.116616899721738
mincov = 49788784453.09364
maxcov = 4978878445309.364
