
[data]
trigger-time = 1856570307.2923074
injection-file = /work/shashwat.singh/Prospects-of-LGWs/unlens/injection.hdf

[global]
instruments = H1 V1 L1 I1 K1
mass1_ref = 30.000000001931582
mass2_ref = 30.000000005371852
minchirp = 26.116416902062728
maxchirp = 26.116616902062727
mincov = 2099348681.4961476
maxcov = 209934868149.61475
