
[data]
trigger-time = 1111567940.6274483
injection-file = /work/shashwat.singh/Prospects-of-LGWs/unlens/injection.hdf

[global]
instruments = H1 V1 L1 I1 K1
mass1_ref = 30.000000009245507
mass2_ref = 30.000000004330975
minchirp = 26.11641690479323
maxchirp = 26.11661690479323
mincov = 68432630108.88883
maxcov = 6843263010888.883
