
[data]
trigger-time = 1625048490.0613961
injection-file = /work/shashwat.singh/Prospects-of-LGWs/unlens/injection.hdf

[global]
instruments = H1 V1 L1 I1 K1
mass1_ref = 30.000000008609778
mass2_ref = 30.00000000582413
minchirp = 26.116416905166446
maxchirp = 26.116616905166445
mincov = 1618425712.7124698
maxcov = 161842571271.24698
