
[data]
trigger-time = 1579968649.1021862
injection-file = /work/shashwat.singh/Prospects-of-LGWs/unlens/injection.hdf

[global]
instruments = H1 V1 L1 I1 K1
mass1_ref = 30.00000000635865
mass2_ref = 30.000000005351843
minchirp = 26.116416903981015
maxchirp = 26.116616903981015
mincov = 113903477521.87883
maxcov = 11390347752187.883
