
[data]
trigger-time = 1998935326.1299717
injection-file = /work/shashwat.singh/Prospects-of-LGWs/unlens/injection.hdf

[global]
instruments = H1 V1 L1 I1 K1
mass1_ref = 30.000000004017064
mass2_ref = 30.000000006182233
minchirp = 26.116416903323227
maxchirp = 26.116616903323226
mincov = 73553994682.80743
maxcov = 7355399468280.743
