
[data]
trigger-time = 1001736388.979076
injection-file = /work/shashwat.singh/Prospects-of-LGWs/unlens/injection.hdf

[global]
instruments = H1 V1 L1 I1 K1
mass1_ref = 30.000000008278207
mass2_ref = 30.00000000396692
minchirp = 26.116416904213725
maxchirp = 26.116616904213725
mincov = 17763440259.98683
maxcov = 1776344025998.683
