
[data]
trigger-time = 1137931797.671786
injection-file = /work/shashwat.singh/Prospects-of-LGWs/unlens/injection.hdf

[global]
instruments = H1 V1 L1 I1 K1
mass1_ref = 30.00000000760906
mass2_ref = 30.000000001168484
minchirp = 26.116416902704373
maxchirp = 26.116616902704372
mincov = 43517374808.20773
maxcov = 4351737480820.7734
