
[data]
trigger-time = 1230323152.4394076
injection-file = /work/shashwat.singh/Prospects-of-LGWs/unlens/injection.hdf

[global]
instruments = H1 V1 L1 I1 K1
mass1_ref = 30.000000003101153
mass2_ref = 30.00000000764894
minchirp = 26.116416903562975
maxchirp = 26.116616903562974
mincov = 619682520.9971336
maxcov = 61968252099.71336
