
[data]
trigger-time = 1926845292.0782456
injection-file = /work/shashwat.singh/Prospects-of-LGWs/unlens/injection.hdf

[global]
instruments = H1 V1 L1 I1 K1
mass1_ref = 30.000000002138332
mass2_ref = 30.00000000275677
minchirp = 26.11641690101444
maxchirp = 26.11661690101444
mincov = 20406918767.115196
maxcov = 2040691876711.5195
