
[data]
trigger-time = 1638713634.058257
injection-file = /work/shashwat.singh/Prospects-of-LGWs/unlens/injection.hdf

[global]
instruments = H1 V1 L1 I1 K1
mass1_ref = 30.000000008505133
mass2_ref = 30.000000004844146
minchirp = 26.116416904694336
maxchirp = 26.116616904694336
mincov = 60690493001.524315
maxcov = 6069049300152.432
