
[data]
trigger-time = 1307228814.7152648
injection-file = /work/shashwat.singh/Prospects-of-LGWs/unlens/injection.hdf

[global]
instruments = H1 V1 L1 I1 K1
mass1_ref = 30.000000007324324
mass2_ref = 30.00000000006261
minchirp = 26.116416902099076
maxchirp = 26.116616902099075
mincov = 7997068450.599913
maxcov = 799706845059.9913
