
[data]
trigger-time = 1626441891.029982
injection-file = /work/shashwat.singh/Prospects-of-LGWs/unlens/injection.hdf

[global]
instruments = H1 V1 L1 I1 K1
mass1_ref = 30.00000000088397
mass2_ref = 30.000000001162174
minchirp = 26.11641689977436
maxchirp = 26.11661689977436
mincov = 17186228843.48226
maxcov = 1718622884348.2263
