
[data]
trigger-time = 1958849691.643746
injection-file = /work/shashwat.singh/Prospects-of-LGWs/unlens/injection.hdf

[global]
instruments = H1 V1 L1 I1 K1
mass1_ref = 30.000000001552475
mass2_ref = 30.000000001693255
minchirp = 26.11641690029651
maxchirp = 26.11661690029651
mincov = 43503503315.7397
maxcov = 4350350331573.97
