
[data]
trigger-time = 1748718510.2335696
injection-file = /work/shashwat.singh/Prospects-of-LGWs/unlens/injection.hdf

[global]
instruments = H1 V1 L1 I1 K1
mass1_ref = 30.000000007541583
mass2_ref = 30.000000009320747
minchirp = 26.11641690622348
maxchirp = 26.11661690622348
mincov = 1757872352.569816
maxcov = 175787235256.98163
