
[data]
trigger-time = 1493837892.6021996
injection-file = /work/shashwat.singh/Prospects-of-LGWs/unlens/injection.hdf

[global]
instruments = H1 V1 L1 I1 K1
mass1_ref = 30.000000002008022
mass2_ref = 30.000000009429872
minchirp = 26.116416903862355
maxchirp = 26.116616903862354
mincov = 5065964958.161447
maxcov = 506596495816.14465
