
[data]
trigger-time = 1959224537.585641
injection-file = /work/shashwat.singh/Prospects-of-LGWs/unlens/injection.hdf

[global]
instruments = H1 V1 L1 I1 K1
mass1_ref = 30.000000001724374
mass2_ref = 30.000000006025118
minchirp = 26.116416902256887
maxchirp = 26.116616902256887
mincov = 25477848975.09096
maxcov = 2547784897509.096
