
[data]
trigger-time = 1437584974.7341824
injection-file = /work/shashwat.singh/Prospects-of-LGWs/unlens/injection.hdf

[global]
instruments = H1 V1 L1 I1 K1
mass1_ref = 30.00000000438668
mass2_ref = 30.000000004065964
minchirp = 26.11641690256295
maxchirp = 26.11661690256295
mincov = 30778279543.82995
maxcov = 3077827954382.995
