
[data]
trigger-time = 1937943818.239575
injection-file = /work/shashwat.singh/Prospects-of-LGWs/unlens/injection.hdf

[global]
instruments = H1 V1 L1 I1 K1
mass1_ref = 30.000000008077365
mass2_ref = 30.000000003423512
minchirp = 26.11641690388977
maxchirp = 26.11661690388977
mincov = 4398714930.658006
maxcov = 439871493065.80054
