
[data]
trigger-time = 1730026903.712936
injection-file = /work/shashwat.singh/Prospects-of-LGWs/unlens/injection.hdf

[global]
instruments = H1 V1 L1 I1 K1
mass1_ref = 30.00000000213334
mass2_ref = 30.000000002080437
minchirp = 26.116416900717876
maxchirp = 26.116616900717876
mincov = 47093531165.14007
maxcov = 4709353116514.007
