
[data]
trigger-time = 1601142381.0474253
injection-file = /work/shashwat.singh/Prospects-of-LGWs/unlens/injection.hdf

[global]
instruments = H1 V1 L1 I1 K1
mass1_ref = 30.000000006998555
mass2_ref = 30.00000000267567
minchirp = 26.116416903094674
maxchirp = 26.116616903094673
mincov = 3250114225.368496
maxcov = 325011422536.8496
