
[data]
trigger-time = 1426466843.6163282
injection-file = /work/shashwat.singh/Prospects-of-LGWs/unlens/injection.hdf

[global]
instruments = H1 V1 L1 I1 K1
mass1_ref = 30.000000008681123
mass2_ref = 30.00000000351565
minchirp = 26.11641690419268
maxchirp = 26.11661690419268
mincov = 24727532662.624622
maxcov = 2472753266262.462
