
[data]
trigger-time = 1832191411.3940754
injection-file = /work/shashwat.singh/Prospects-of-LGWs/unlens/injection.hdf

[global]
instruments = H1 V1 L1 I1 K1
mass1_ref = 30.000000006045028
mass2_ref = 30.000000006307705
minchirp = 26.11641690426056
maxchirp = 26.11661690426056
mincov = 94983201076.08336
maxcov = 9498320107608.336
