
[data]
trigger-time = 1745120262.3431566
injection-file = /work/shashwat.singh/Prospects-of-LGWs/unlens/injection.hdf

[global]
instruments = H1 V1 L1 I1 K1
mass1_ref = 30.0000000046236
mass2_ref = 30.000000007706927
minchirp = 26.1164169042509
maxchirp = 26.1166169042509
mincov = 19951970750.68406
maxcov = 1995197075068.406
