
[data]
trigger-time = 1616521576.865036
injection-file = /work/shashwat.singh/Prospects-of-LGWs/unlens/injection.hdf

[global]
instruments = H1 V1 L1 I1 K1
mass1_ref = 30.000000004854197
mass2_ref = 30.00000000884967
minchirp = 26.11641690484868
maxchirp = 26.11661690484868
mincov = 4802249995.426945
maxcov = 480224999542.69446
