
[data]
trigger-time = 1135143624.716506
injection-file = /work/shashwat.singh/Prospects-of-LGWs/unlens/injection.hdf

[global]
instruments = H1 V1 L1 I1 K1
mass1_ref = 30.000000005059732
mass2_ref = 30.00000000867379
minchirp = 26.116416904861588
maxchirp = 26.116616904861587
mincov = 113173245726.79532
maxcov = 11317324572679.531
