
[data]
trigger-time = 1077723551.3768053
injection-file = /work/shashwat.singh/Prospects-of-LGWs/unlens/injection.hdf

[global]
instruments = H1 V1 L1 I1 K1
mass1_ref = 30.000000004802327
mass2_ref = 30.000000009261004
minchirp = 26.116416905005146
maxchirp = 26.116616905005145
mincov = 6323142855.484777
maxcov = 632314285548.4777
