
[data]
trigger-time = 1222240329.2700524
injection-file = /work/shashwat.singh/Prospects-of-LGWs/unlens/injection.hdf

[global]
instruments = H1 V1 L1 I1 K1
mass1_ref = 30.000000006895327
mass2_ref = 30.000000004674977
minchirp = 26.116416903919994
maxchirp = 26.116616903919994
mincov = 3436127057.1953177
maxcov = 343612705719.5318
