
[data]
trigger-time = 1935334578.7164724
injection-file = /work/shashwat.singh/Prospects-of-LGWs/unlens/injection.hdf

[global]
instruments = H1 V1 L1 I1 K1
mass1_ref = 30.0000000037505
mass2_ref = 30.00000000624745
minchirp = 26.116416903235585
maxchirp = 26.116616903235585
mincov = 42304060867.132
maxcov = 4230406086713.2
