
[data]
trigger-time = 1619725265.0195532
injection-file = /work/shashwat.singh/Prospects-of-LGWs/unlens/injection.hdf

[global]
instruments = H1 V1 L1 I1 K1
mass1_ref = 30.000000008679166
mass2_ref = 30.000000003206466
minchirp = 26.116416904057246
maxchirp = 26.116616904057246
mincov = 39687509916.35905
maxcov = 3968750991635.9043
