
[data]
trigger-time = 1363360928.6108859
injection-file = /work/shashwat.singh/Prospects-of-LGWs/unlens/injection.hdf

[global]
instruments = H1 V1 L1 I1 K1
mass1_ref = 30.0000000097851
mass2_ref = 30.000000007765408
minchirp = 26.11641690652303
maxchirp = 26.116616906523028
mincov = 62813407014.08561
maxcov = 6281340701408.561
