
[data]
trigger-time = 1240254470.8615701
injection-file = /work/shashwat.singh/Prospects-of-LGWs/unlens/injection.hdf

[global]
instruments = H1 V1 L1 I1 K1
mass1_ref = 30.000000006974222
mass2_ref = 30.000000007638782
minchirp = 26.116416905244407
maxchirp = 26.116616905244406
mincov = 15763882838.962734
maxcov = 1576388283896.2734
