
[data]
trigger-time = 1509000893.1173341
injection-file = /work/shashwat.singh/Prospects-of-LGWs/unlens/injection.hdf

[global]
instruments = H1 V1 L1 I1 K1
mass1_ref = 30.000000006544692
mass2_ref = 30.0000000043058
minchirp = 26.116416903606677
maxchirp = 26.116616903606676
mincov = 24853283355.724434
maxcov = 2485328335572.4434
