
[data]
trigger-time = 1110411286.2468987
injection-file = /work/shashwat.singh/Prospects-of-LGWs/unlens/injection.hdf

[global]
instruments = H1 V1 L1 I1 K1
mass1_ref = 30.000000006421423
mass2_ref = 30.000000003513502
minchirp = 26.116416903208155
maxchirp = 26.116616903208154
mincov = 12198374421.993706
maxcov = 1219837442199.3706
