
[data]
trigger-time = 1853933750.5004864
injection-file = /home/ss/Prospects-of-LGWs/unlens/injection.hdf

[global]
instruments = H1 V1 L1 I1 K1
mass1_ref = 30.000000001890296
mass2_ref = 30.000000008427385
minchirp = 26.116416903374756
maxchirp = 26.116616903374755
mincov = 20583293801.677998
maxcov = 2058329380167.7998
