
[data]
trigger-time = 1345275404.022837
injection-file = /work/shashwat.singh/Prospects-of-LGWs/unlens/injection.hdf

[global]
instruments = H1 V1 L1 I1 K1
mass1_ref = 30.000000004203496
mass2_ref = 30.000000001138837
minchirp = 26.11641690120911
maxchirp = 26.11661690120911
mincov = 2941266766.245642
maxcov = 294126676624.5642
