
[data]
trigger-time = 1056030872.003963
injection-file = /work/shashwat.singh/Prospects-of-LGWs/unlens/injection.hdf

[global]
instruments = H1 V1 L1 I1 K1
mass1_ref = 30.000000000706386
mass2_ref = 30.00000000716141
minchirp = 26.11641690230838
maxchirp = 26.11661690230838
mincov = 37192921302.33652
maxcov = 3719292130233.652
