
[data]
trigger-time = 1001279470.465647
injection-file = /work/shashwat.singh/Prospects-of-LGWs/unlens/injection.hdf

[global]
instruments = H1 V1 L1 I1 K1
mass1_ref = 30.000000004610396
mass2_ref = 30.000000009394594
minchirp = 26.11641690497975
maxchirp = 26.11661690497975
mincov = 22561707752.368877
maxcov = 2256170775236.8877
