
[data]
trigger-time = 1908651448.4520836
injection-file = /work/shashwat.singh/Prospects-of-LGWs/unlens/injection.hdf

[global]
instruments = H1 V1 L1 I1 K1
mass1_ref = 30.00000000325657
mass2_ref = 30.000000008570556
minchirp = 26.11641690403178
maxchirp = 26.11661690403178
mincov = 53408903305.72972
maxcov = 5340890330572.972
