
[data]
trigger-time = 1933757914.3943267
injection-file = /work/shashwat.singh/Prospects-of-LGWs/unlens/injection.hdf

[global]
instruments = H1 V1 L1 I1 K1
mass1_ref = 30.00000000859506
mass2_ref = 30.00000000735423
minchirp = 26.116416905826057
maxchirp = 26.116616905826056
mincov = 7194217773.483322
maxcov = 719421777348.3323
