
[data]
trigger-time = 1417141179.6743991
injection-file = /work/shashwat.singh/Prospects-of-LGWs/unlens/injection.hdf

[global]
instruments = H1 V1 L1 I1 K1
mass1_ref = 30.000000001605926
mass2_ref = 30.000000004752348
minchirp = 26.116416901651323
maxchirp = 26.116616901651323
mincov = 35270855910.01832
maxcov = 3527085591001.8315
