
[data]
trigger-time = 1545962158.2003715
injection-file = /work/shashwat.singh/Prospects-of-LGWs/unlens/injection.hdf

[global]
instruments = H1 V1 L1 I1 K1
mass1_ref = 30.000000008207042
mass2_ref = 30.000000009711272
minchirp = 26.116416906683124
maxchirp = 26.116616906683124
mincov = 12339679146.119543
maxcov = 1233967914611.9543
