
[data]
trigger-time = 1476689252.1673703
injection-file = /work/shashwat.singh/Prospects-of-LGWs/unlens/injection.hdf

[global]
instruments = H1 V1 L1 I1 K1
mass1_ref = 30.000000005970843
mass2_ref = 30.000000001129372
minchirp = 26.116416901974276
maxchirp = 26.116616901974275
mincov = 16278059073.078226
maxcov = 1627805907307.8225
