
[data]
trigger-time = 1428450738.9678965
injection-file = /home/ss/Prospects-of-LGWs/unlens/injection.hdf

[global]
instruments = H1 V1 L1 I1 K1
mass1_ref = 30.000000001295767
mass2_ref = 30.000000008254645
minchirp = 26.116416903040783
maxchirp = 26.116616903040782
mincov = 14604840778.37593
maxcov = 1460484077837.593
