
[data]
trigger-time = 1204784949.4770145
injection-file = /work/shashwat.singh/Prospects-of-LGWs/unlens/injection.hdf

[global]
instruments = H1 V1 L1 I1 K1
mass1_ref = 30.0000000027532
mass2_ref = 30.00000000851016
minchirp = 26.116416903786387
maxchirp = 26.116616903786387
mincov = 42636649.24493205
maxcov = 4263664924.493205
