
[data]
trigger-time = 1503860408.7234015
injection-file = /work/shashwat.singh/Prospects-of-LGWs/unlens/injection.hdf

[global]
instruments = H1 V1 L1 I1 K1
mass1_ref = 30.000000000399893
mass2_ref = 30.0000000015159
minchirp = 26.11641689971762
maxchirp = 26.11661689971762
mincov = 295583918.24804956
maxcov = 29558391824.804955
