
[data]
trigger-time = 1426347317.7246385
injection-file = /work/shashwat.singh/Prospects-of-LGWs/unlens/injection.hdf

[global]
instruments = H1 V1 L1 I1 K1
mass1_ref = 30.000000002299295
mass2_ref = 30.000000000413902
minchirp = 26.116416900064714
maxchirp = 26.116616900064713
mincov = 36860061220.73048
maxcov = 3686006122073.0474
