
[data]
trigger-time = 1404436406.348315
injection-file = /work/shashwat.singh/Prospects-of-LGWs/unlens/injection.hdf

[global]
instruments = H1 V1 L1 I1 K1
mass1_ref = 30.00000000505506
mass2_ref = 30.000000002648008
minchirp = 26.116416902236683
maxchirp = 26.116616902236682
mincov = 15136518968.172909
maxcov = 1513651896817.291
