
[data]
trigger-time = 1428661855.1817646
injection-file = /work/shashwat.singh/Prospects-of-LGWs/unlens/injection.hdf

[global]
instruments = H1 V1 L1 I1 K1
mass1_ref = 30.000000009517493
mass2_ref = 30.00000000197343
minchirp = 26.11641690388544
maxchirp = 26.11661690388544
mincov = 33364172933.797546
maxcov = 3336417293379.755
