
[data]
trigger-time = 1138855245.6875005
injection-file = /work/shashwat.singh/Prospects-of-LGWs/unlens/injection.hdf

[global]
instruments = H1 V1 L1 I1 K1
mass1_ref = 30.000000005788472
mass2_ref = 30.000000004857338
minchirp = 26.116416903517585
maxchirp = 26.116616903517585
mincov = 18000204751.201405
maxcov = 1800020475120.1404
