
[data]
trigger-time = 1357944386.6231465
injection-file = /work/shashwat.singh/Prospects-of-LGWs/unlens/injection.hdf

[global]
instruments = H1 V1 L1 I1 K1
mass1_ref = 30.000000000319982
mass2_ref = 30.000000003069406
minchirp = 26.11641690035904
maxchirp = 26.11661690035904
mincov = 107687120.9995606
maxcov = 10768712099.956059
