
[data]
trigger-time = 1526207265.2061524
injection-file = /work/shashwat.singh/Prospects-of-LGWs/unlens/injection.hdf

[global]
instruments = H1 V1 L1 I1 K1
mass1_ref = 30.0000000015925
mass2_ref = 30.000000007027992
minchirp = 26.116416902636015
maxchirp = 26.116616902636014
mincov = 9638067502.051222
maxcov = 963806750205.1222
