
[data]
trigger-time = 1457378892.101395
injection-file = /work/shashwat.singh/Prospects-of-LGWs/unlens/injection.hdf

[global]
instruments = H1 V1 L1 I1 K1
mass1_ref = 30.000000007548675
mass2_ref = 30.00000000323918
minchirp = 26.116416903579413
maxchirp = 26.116616903579413
mincov = 10718445.92256843
maxcov = 1071844592.256843
