
[data]
trigger-time = 1537801189.6233535
injection-file = /work/shashwat.singh/Prospects-of-LGWs/unlens/injection.hdf

[global]
instruments = H1 V1 L1 I1 K1
mass1_ref = 30.000000000639407
mass2_ref = 30.000000001988752
minchirp = 26.116416900027698
maxchirp = 26.116616900027697
mincov = 2762825801.9344215
maxcov = 276282580193.44214
