
[data]
trigger-time = 1407833837.1982927
injection-file = /work/shashwat.singh/Prospects-of-LGWs/unlens/injection.hdf

[global]
instruments = H1 V1 L1 I1 K1
mass1_ref = 30.00000000124678
mass2_ref = 30.000000005727554
minchirp = 26.11641690191948
maxchirp = 26.11661690191948
mincov = 21040803216.448517
maxcov = 2104080321644.8516
