
[data]
trigger-time = 1254472981.9763427
injection-file = /work/shashwat.singh/Prospects-of-LGWs/unlens/injection.hdf

[global]
instruments = H1 V1 L1 I1 K1
mass1_ref = 30.000000003851575
mass2_ref = 30.000000006382297
minchirp = 26.116416903338276
maxchirp = 26.116616903338276
mincov = 27449818805.04042
maxcov = 2744981880504.042
