
[data]
trigger-time = 1646934873.2704966
injection-file = /work/shashwat.singh/Prospects-of-LGWs/unlens/injection.hdf

[global]
instruments = H1 V1 L1 I1 K1
mass1_ref = 30.00000000940805
mass2_ref = 30.000000000911637
minchirp = 26.11641690337563
maxchirp = 26.11661690337563
mincov = 68443067170.81632
maxcov = 6844306717081.632
