
[data]
trigger-time = 1052043059.7931063
injection-file = /work/shashwat.singh/Prospects-of-LGWs/unlens/injection.hdf

[global]
instruments = H1 V1 L1 I1 K1
mass1_ref = 30.000000000553285
mass2_ref = 30.00000000110024
minchirp = 26.11641689960346
maxchirp = 26.11661689960346
mincov = 11368871296.000654
maxcov = 1136887129600.0654
