
[data]
trigger-time = 1303892904.2960846
injection-file = /work/shashwat.singh/Prospects-of-LGWs/unlens/injection.hdf

[global]
instruments = H1 V1 L1 I1 K1
mass1_ref = 30.00000000100933
mass2_ref = 30.00000000847415
minchirp = 26.116416903011647
maxchirp = 26.116616903011646
mincov = 27750148948.72285
maxcov = 2775014894872.285
