
[data]
trigger-time = 1712532040.7505527
injection-file = /work/shashwat.singh/Prospects-of-LGWs/unlens/injection.hdf

[global]
instruments = H1 V1 L1 I1 K1
mass1_ref = 30.000000007450137
mass2_ref = 30.000000009446374
minchirp = 26.116416906238356
maxchirp = 26.116616906238356
mincov = 635522254.3808576
maxcov = 63552225438.085754
