
[data]
trigger-time = 1438888727.254727
injection-file = /work/shashwat.singh/Prospects-of-LGWs/unlens/injection.hdf

[global]
instruments = H1 V1 L1 I1 K1
mass1_ref = 30.000000001318472
mass2_ref = 30.00000000238541
minchirp = 26.11641690049593
maxchirp = 26.11661690049593
mincov = 266280774.4928009
maxcov = 26628077449.28009
