
[data]
trigger-time = 1266753361.7454274
injection-file = /work/shashwat.singh/Prospects-of-LGWs/unlens/injection.hdf

[global]
instruments = H1 V1 L1 I1 K1
mass1_ref = 30.000000003481897
mass2_ref = 30.00000000630965
minchirp = 26.116416903145744
maxchirp = 26.116616903145744
mincov = 48948319139.2809
maxcov = 4894831913928.09
