
[data]
trigger-time = 1236380055.5119348
injection-file = /work/shashwat.singh/Prospects-of-LGWs/unlens/injection.hdf

[global]
instruments = H1 V1 L1 I1 K1
mass1_ref = 30.00000000644
mass2_ref = 30.000000004380762
minchirp = 26.116416903593734
maxchirp = 26.116616903593734
mincov = 21256670.536776148
maxcov = 2125667053.6776147
