
[data]
trigger-time = 1998489063.8686948
injection-file = /work/shashwat.singh/Prospects-of-LGWs/unlens/injection.hdf

[global]
instruments = H1 V1 L1 I1 K1
mass1_ref = 30.000000008436558
mass2_ref = 30.000000003769987
minchirp = 26.11641690419693
maxchirp = 26.11661690419693
mincov = 11181591089.374979
maxcov = 1118159108937.4978
