
[data]
trigger-time = 1359802904.6948168
injection-file = /work/shashwat.singh/Prospects-of-LGWs/unlens/injection.hdf

[global]
instruments = H1 V1 L1 I1 K1
mass1_ref = 30.000000004960725
mass2_ref = 30.00000000099468
minchirp = 26.116416901475965
maxchirp = 26.116616901475965
mincov = 18473242986.844612
maxcov = 1847324298684.461
