
[data]
trigger-time = 1385673269.6024969
injection-file = /work/shashwat.singh/Prospects-of-LGWs/unlens/injection.hdf

[global]
instruments = H1 V1 L1 I1 K1
mass1_ref = 30.00000000469097
mass2_ref = 30.00000000534019
minchirp = 26.11641690325004
maxchirp = 26.11661690325004
mincov = 39592033860.44636
maxcov = 3959203386044.6357
