
[data]
trigger-time = 1603840478.1895375
injection-file = /work/shashwat.singh/Prospects-of-LGWs/unlens/injection.hdf

[global]
instruments = H1 V1 L1 I1 K1
mass1_ref = 30.000000009103466
mass2_ref = 30.000000001839386
minchirp = 26.11641690364688
maxchirp = 26.11661690364688
mincov = 7776067045.452913
maxcov = 777606704545.2913
