
[data]
trigger-time = 1784626176.0023904
injection-file = /work/shashwat.singh/Prospects-of-LGWs/unlens/injection.hdf

[global]
instruments = H1 V1 L1 I1 K1
mass1_ref = 30.000000006394316
mass2_ref = 30.000000009552522
minchirp = 26.116416905824988
maxchirp = 26.116616905824987
mincov = 6525084295.385772
maxcov = 652508429538.5771
