
[data]
trigger-time = 1985219065.828703
injection-file = /work/shashwat.singh/Prospects-of-LGWs/unlens/injection.hdf

[global]
instruments = H1 V1 L1 I1 K1
mass1_ref = 30.000000002449898
mass2_ref = 30.000000001889074
minchirp = 26.11641690077237
maxchirp = 26.11661690077237
mincov = 64530132816.842674
maxcov = 6453013281684.268
