
[data]
trigger-time = 1643989146.069595
injection-file = /work/shashwat.singh/Prospects-of-LGWs/unlens/injection.hdf

[global]
instruments = H1 V1 L1 I1 K1
mass1_ref = 30.000000007147875
mass2_ref = 30.00000000506144
minchirp = 26.116416904198136
maxchirp = 26.116616904198136
mincov = 1916178233.6619523
maxcov = 191617823366.19522
