
[data]
trigger-time = 1612139239.317223
injection-file = /work/shashwat.singh/Prospects-of-LGWs/unlens/injection.hdf

[global]
instruments = H1 V1 L1 I1 K1
mass1_ref = 30.000000007003177
mass2_ref = 30.000000007398356
minchirp = 26.116416905152356
maxchirp = 26.116616905152355
mincov = 14513714039.005545
maxcov = 1451371403900.5544
