
[data]
trigger-time = 1788490590.69903
injection-file = /work/shashwat.singh/Prospects-of-LGWs/unlens/injection.hdf

[global]
instruments = H1 V1 L1 I1 K1
mass1_ref = 30.000000002444438
mass2_ref = 30.000000001961197
minchirp = 26.116416900801386
maxchirp = 26.116616900801386
mincov = 5278491544.06438
maxcov = 527849154406.438
