
[data]
trigger-time = 1107637546.6050916
injection-file = /work/shashwat.singh/Prospects-of-LGWs/unlens/injection.hdf

[global]
instruments = H1 V1 L1 I1 K1
mass1_ref = 30.00000000472029
mass2_ref = 30.00000000004597
minchirp = 26.11641690095836
maxchirp = 26.11661690095836
mincov = 24188828052.98179
maxcov = 2418882805298.1787
