
[data]
trigger-time = 1970374754.4948
injection-file = /work/shashwat.singh/Prospects-of-LGWs/unlens/injection.hdf

[global]
instruments = H1 V1 L1 I1 K1
mass1_ref = 30.000000001634376
mass2_ref = 30.000000009055018
minchirp = 26.116416903536553
maxchirp = 26.116616903536553
mincov = 5132173051.045745
maxcov = 513217305104.5745
