
[data]
trigger-time = 1884938875.7756345
injection-file = /work/shashwat.singh/Prospects-of-LGWs/unlens/injection.hdf

[global]
instruments = H1 V1 L1 I1 K1
mass1_ref = 30.00000000706082
mass2_ref = 30.000000005673527
minchirp = 26.11641690442667
maxchirp = 26.11661690442667
mincov = 2210744220.30152
maxcov = 221074422030.15198
