
[data]
trigger-time = 1250015003.1505537
injection-file = /work/shashwat.singh/Prospects-of-LGWs/unlens/injection.hdf

[global]
instruments = H1 V1 L1 I1 K1
mass1_ref = 30.00000000676126
mass2_ref = 30.000000003935096
minchirp = 26.116416903539587
maxchirp = 26.116616903539587
mincov = 52441665371.6379
maxcov = 5244166537163.79
