
[data]
trigger-time = 1382327056.548531
injection-file = /work/shashwat.singh/Prospects-of-LGWs/unlens/injection.hdf

[global]
instruments = H1 V1 L1 I1 K1
mass1_ref = 30.000000009951478
mass2_ref = 30.000000000694
minchirp = 26.11641690351744
maxchirp = 26.11661690351744
mincov = 11753625523.37947
maxcov = 1175362552337.947
