
[data]
trigger-time = 1279110104.5373764
injection-file = /work/shashwat.singh/Prospects-of-LGWs/unlens/injection.hdf

[global]
instruments = H1 V1 L1 I1 K1
mass1_ref = 30.000000001436902
mass2_ref = 30.00000000290172
minchirp = 26.11641690077222
maxchirp = 26.116616900772218
mincov = 42897638955.86815
maxcov = 4289763895586.8154
