
[data]
trigger-time = 1204983963.0739458
injection-file = /work/shashwat.singh/Prospects-of-LGWs/unlens/injection.hdf

[global]
instruments = H1 V1 L1 I1 K1
mass1_ref = 30.00000000534189
mass2_ref = 30.00000000978975
minchirp = 26.116416905470153
maxchirp = 26.116616905470153
mincov = 28935138281.98291
maxcov = 2893513828198.291
