
[data]
trigger-time = 1248194307.0108402
injection-file = /work/shashwat.singh/Prospects-of-LGWs/unlens/injection.hdf

[global]
instruments = H1 V1 L1 I1 K1
mass1_ref = 30.000000003680903
mass2_ref = 30.000000008983584
minchirp = 26.11641690439626
maxchirp = 26.11661690439626
mincov = 85142714624.48654
maxcov = 8514271462448.654
