
[data]
trigger-time = 1124648583.6086786
injection-file = /work/shashwat.singh/Prospects-of-LGWs/unlens/injection.hdf

[global]
instruments = H1 V1 L1 I1 K1
mass1_ref = 30.000000007012734
mass2_ref = 30.000000007412535
minchirp = 26.116416905162687
maxchirp = 26.116616905162687
mincov = 2071339783.8903756
maxcov = 207133978389.03754
