
[data]
trigger-time = 1197641177.3287222
injection-file = /work/shashwat.singh/Prospects-of-LGWs/unlens/injection.hdf

[global]
instruments = H1 V1 L1 I1 K1
mass1_ref = 30.000000008474704
mass2_ref = 30.000000007736517
minchirp = 26.11641690594007
maxchirp = 26.11661690594007
mincov = 4015799697.4338493
maxcov = 401579969743.38495
