
[data]
trigger-time = 1587585756.680317
injection-file = /work/shashwat.singh/Prospects-of-LGWs/unlens/injection.hdf

[global]
instruments = H1 V1 L1 I1 K1
mass1_ref = 30.000000004536304
mass2_ref = 30.000000000836565
minchirp = 26.1164169012224
maxchirp = 26.1166169012224
mincov = 10256880328.060078
maxcov = 1025688032806.0078
