
[data]
trigger-time = 1378573657.1852283
injection-file = /work/shashwat.singh/Prospects-of-LGWs/unlens/injection.hdf

[global]
instruments = H1 V1 L1 I1 K1
mass1_ref = 30.000000005599006
mass2_ref = 30.00000000470673
minchirp = 26.116416903369558
maxchirp = 26.116616903369557
mincov = 62854450701.20906
maxcov = 6285445070120.906
