
[data]
trigger-time = 1315894171.1766999
injection-file = /work/shashwat.singh/Prospects-of-LGWs/unlens/injection.hdf

[global]
instruments = H1 V1 L1 I1 K1
mass1_ref = 30.000000009637457
mass2_ref = 30.00000000906988
minchirp = 26.116416907026565
maxchirp = 26.116616907026565
mincov = 5594434413.386305
maxcov = 559443441338.6305
