
[data]
trigger-time = 1576531901.1716988
injection-file = /work/shashwat.singh/Prospects-of-LGWs/unlens/injection.hdf

[global]
instruments = H1 V1 L1 I1 K1
mass1_ref = 30.000000004855977
mass2_ref = 30.000000009845863
minchirp = 26.11641690528307
maxchirp = 26.11661690528307
mincov = 98776939436.91678
maxcov = 9877693943691.678
