
[data]
trigger-time = 1094187440.7576876
injection-file = /work/shashwat.singh/Prospects-of-LGWs/unlens/injection.hdf

[global]
instruments = H1 V1 L1 I1 K1
mass1_ref = 30.00000000405516
mass2_ref = 30.000000000543405
minchirp = 26.11641690088537
maxchirp = 26.11661690088537
mincov = 179092405.70930174
maxcov = 17909240570.930172
