
[data]
trigger-time = 1085449098.8513687
injection-file = /work/shashwat.singh/Prospects-of-LGWs/unlens/injection.hdf

[global]
instruments = H1 V1 L1 I1 K1
mass1_ref = 30.000000000344546
mass2_ref = 30.000000009169412
minchirp = 26.116416903024916
maxchirp = 26.116616903024916
mincov = 30969550594.599876
maxcov = 3096955059459.988
