
[data]
trigger-time = 1780127786.9535165
injection-file = /work/shashwat.singh/Prospects-of-LGWs/unlens/injection.hdf

[global]
instruments = H1 V1 L1 I1 K1
mass1_ref = 30.00000000355054
mass2_ref = 30.000000007446996
minchirp = 26.116416903670682
maxchirp = 26.116616903670682
mincov = 88570439418.03134
maxcov = 8857043941803.135
