
[data]
trigger-time = 1523591250.4436502
injection-file = /work/shashwat.singh/Prospects-of-LGWs/unlens/injection.hdf

[global]
instruments = H1 V1 L1 I1 K1
mass1_ref = 30.000000009834025
mass2_ref = 30.00000000306817
minchirp = 26.116416904499733
maxchirp = 26.116616904499732
mincov = 57717759239.62828
maxcov = 5771775923962.828
