
[data]
trigger-time = 1933568282.56301
injection-file = /work/shashwat.singh/Prospects-of-LGWs/unlens/injection.hdf

[global]
instruments = H1 V1 L1 I1 K1
mass1_ref = 30.00000000350751
mass2_ref = 30.00000000349141
minchirp = 26.116416901930183
maxchirp = 26.116616901930183
mincov = 189341518.63014358
maxcov = 18934151863.01436
