
[data]
trigger-time = 1473986051.21783
injection-file = /work/shashwat.singh/Prospects-of-LGWs/unlens/injection.hdf

[global]
instruments = H1 V1 L1 I1 K1
mass1_ref = 30.000000001386184
mass2_ref = 30.000000007019313
minchirp = 26.11641690254243
maxchirp = 26.11661690254243
mincov = 39061364334.42995
maxcov = 3906136433442.995
