
[data]
trigger-time = 1232352639.8019438
injection-file = /work/shashwat.singh/Prospects-of-LGWs/unlens/injection.hdf

[global]
instruments = H1 V1 L1 I1 K1
mass1_ref = 30.00000000633295
mass2_ref = 30.000000004903335
minchirp = 26.116416903774603
maxchirp = 26.116616903774602
mincov = 2893571555.470304
maxcov = 289357155547.0304
