
[data]
trigger-time = 1042793818.4240265
injection-file = /work/shashwat.singh/Prospects-of-LGWs/unlens/injection.hdf

[global]
instruments = H1 V1 L1 I1 K1
mass1_ref = 30.000000009498727
mass2_ref = 30.000000000165063
minchirp = 26.116416903090133
maxchirp = 26.116616903090133
mincov = 13035104727.342176
maxcov = 1303510472734.2178
