
[data]
trigger-time = 1609105775.7389889
injection-file = /work/shashwat.singh/Prospects-of-LGWs/unlens/injection.hdf

[global]
instruments = H1 V1 L1 I1 K1
mass1_ref = 30.00000000371757
mass2_ref = 30.000000001328356
minchirp = 26.11641690108009
maxchirp = 26.11661690108009
mincov = 110734238472.06873
maxcov = 11073423847206.873
