
[data]
trigger-time = 1525830039.500468
injection-file = /work/shashwat.singh/Prospects-of-LGWs/unlens/injection.hdf

[global]
instruments = H1 V1 L1 I1 K1
mass1_ref = 30.00000000309545
mass2_ref = 30.000000009513712
minchirp = 26.11641690437218
maxchirp = 26.11661690437218
mincov = 12990055413.55347
maxcov = 1299005541355.3472
