
[data]
trigger-time = 1513654443.4989696
injection-file = /work/shashwat.singh/Prospects-of-LGWs/unlens/injection.hdf

[global]
instruments = H1 V1 L1 I1 K1
mass1_ref = 30.00000000777054
mass2_ref = 30.000000009684975
minchirp = 26.116416906481682
maxchirp = 26.11661690648168
mincov = 16211859789.730835
maxcov = 1621185978973.0835
