
[data]
trigger-time = 1283515509.7121563
injection-file = /work/shashwat.singh/Prospects-of-LGWs/unlens/injection.hdf

[global]
instruments = H1 V1 L1 I1 K1
mass1_ref = 30.00000000022973
mass2_ref = 30.000000007200196
minchirp = 26.116416902117788
maxchirp = 26.116616902117787
mincov = 45820201577.055954
maxcov = 4582020157705.596
