
[data]
trigger-time = 1032472558.4873699
injection-file = /work/shashwat.singh/Prospects-of-LGWs/unlens/injection.hdf

[global]
instruments = H1 V1 L1 I1 K1
mass1_ref = 30.00000000001672
mass2_ref = 30.000000006136908
minchirp = 26.116416901562246
maxchirp = 26.116616901562246
mincov = 17594189784.027714
maxcov = 1759418978402.7712
