
[data]
trigger-time = 1801713449.9986043
injection-file = /work/shashwat.singh/Prospects-of-LGWs/unlens/injection.hdf

[global]
instruments = H1 V1 L1 I1 K1
mass1_ref = 30.000000006776656
mass2_ref = 30.00000000177778
minchirp = 26.11641690260726
maxchirp = 26.11661690260726
mincov = 18825452782.690155
maxcov = 1882545278269.0156
