
[data]
trigger-time = 1203570070.6413171
injection-file = /work/shashwat.singh/Prospects-of-LGWs/unlens/injection.hdf

[global]
instruments = H1 V1 L1 I1 K1
mass1_ref = 30.00000000083444
mass2_ref = 30.00000000745797
minchirp = 26.116416902493206
maxchirp = 26.116616902493206
mincov = 17446811186.53479
maxcov = 1744681118653.479
