
[data]
trigger-time = 1736285562.0542045
injection-file = /work/shashwat.singh/Prospects-of-LGWs/unlens/injection.hdf

[global]
instruments = H1 V1 L1 I1 K1
mass1_ref = 30.000000003310202
mass2_ref = 30.00000000502739
minchirp = 26.11641690251287
maxchirp = 26.11661690251287
mincov = 16688800545.315144
maxcov = 1668880054531.5142
