
[data]
trigger-time = 1088263382.6507266
injection-file = /work/shashwat.singh/Prospects-of-LGWs/unlens/injection.hdf

[global]
instruments = H1 V1 L1 I1 K1
mass1_ref = 30.000000002757282
mass2_ref = 30.000000005822525
minchirp = 26.1164169026183
maxchirp = 26.1166169026183
mincov = 613802191.1788322
maxcov = 61380219117.88322
