
[data]
trigger-time = 1563190684.492745
injection-file = /home/ss/Prospects-of-LGWs/unlens/injection.hdf

[global]
instruments = H1 V1 L1 I1 K1
mass1_ref = 30.000000006963084
mass2_ref = 30.00000000581058
minchirp = 26.116416904443785
maxchirp = 26.116616904443784
mincov = 21293501533.6582
maxcov = 2129350153365.82
