
[data]
trigger-time = 1287019820.9505203
injection-file = /work/shashwat.singh/Prospects-of-LGWs/unlens/injection.hdf

[global]
instruments = H1 V1 L1 I1 K1
mass1_ref = 30.00000000956343
mass2_ref = 30.0000000054101
minchirp = 26.11641690540133
maxchirp = 26.11661690540133
mincov = 30532988878.545704
maxcov = 3053298887854.5703
