
[data]
trigger-time = 1559538155.5381637
injection-file = /work/shashwat.singh/Prospects-of-LGWs/unlens/injection.hdf

[global]
instruments = H1 V1 L1 I1 K1
mass1_ref = 30.00000000943294
mass2_ref = 30.000000009255384
minchirp = 26.11641690701829
maxchirp = 26.11661690701829
mincov = 78062836273.56975
maxcov = 7806283627356.975
