
[data]
trigger-time = 1909139511.1745372
injection-file = /work/shashwat.singh/Prospects-of-LGWs/unlens/injection.hdf

[global]
instruments = H1 V1 L1 I1 K1
mass1_ref = 30.000000005728495
mass2_ref = 30.000000009294897
minchirp = 26.116416905423037
maxchirp = 26.116616905423037
mincov = 85890882.88542959
maxcov = 8589088288.542959
