
[data]
trigger-time = 1728421794.7740722
injection-file = /work/shashwat.singh/Prospects-of-LGWs/unlens/injection.hdf

[global]
instruments = H1 V1 L1 I1 K1
mass1_ref = 30.000000001996064
mass2_ref = 30.00000000008095
minchirp = 26.116416899787797
maxchirp = 26.116616899787797
mincov = 52283328854.42499
maxcov = 5228332885442.499
