
[data]
trigger-time = 1490770638.979148
injection-file = /work/shashwat.singh/Prospects-of-LGWs/unlens/injection.hdf

[global]
instruments = H1 V1 L1 I1 K1
mass1_ref = 30.000000006076824
mass2_ref = 30.000000003996274
minchirp = 26.116416903268295
maxchirp = 26.116616903268294
mincov = 26576623017.72219
maxcov = 2657662301772.2188
