
[data]
trigger-time = 1697255701.6376657
injection-file = /work/shashwat.singh/Prospects-of-LGWs/unlens/injection.hdf

[global]
instruments = H1 V1 L1 I1 K1
mass1_ref = 30.000000008100205
mass2_ref = 30.000000009437013
minchirp = 26.11641690651724
maxchirp = 26.11661690651724
mincov = 30987788068.28202
maxcov = 3098778806828.202
