
[data]
trigger-time = 1398277265.007704
injection-file = /work/shashwat.singh/Prospects-of-LGWs/unlens/injection.hdf

[global]
instruments = H1 V1 L1 I1 K1
mass1_ref = 30.000000004311275
mass2_ref = 30.00000000420791
minchirp = 26.116416902591915
maxchirp = 26.116616902591915
mincov = 36027933781.37943
maxcov = 3602793378137.9434
