
[data]
trigger-time = 1656199183.0191622
injection-file = /work/shashwat.singh/Prospects-of-LGWs/unlens/injection.hdf

[global]
instruments = H1 V1 L1 I1 K1
mass1_ref = 30.00000000128308
mass2_ref = 30.000000003773117
minchirp = 26.11641690108456
maxchirp = 26.11661690108456
mincov = 16607603725.773325
maxcov = 1660760372577.3325
