
[data]
trigger-time = 1825509491.0273614
injection-file = /work/shashwat.singh/Prospects-of-LGWs/unlens/injection.hdf

[global]
instruments = H1 V1 L1 I1 K1
mass1_ref = 30.00000000702891
mass2_ref = 30.000000001763638
minchirp = 26.116416902710903
maxchirp = 26.116616902710902
mincov = 711735614.7902046
maxcov = 71173561479.02046
