
[data]
trigger-time = 1962234328.3571858
injection-file = /work/shashwat.singh/Prospects-of-LGWs/unlens/injection.hdf

[global]
instruments = H1 V1 L1 I1 K1
mass1_ref = 30.00000000952545
mass2_ref = 30.00000000109505
minchirp = 26.11641690350657
maxchirp = 26.116616903506568
mincov = 9543463308.690699
maxcov = 954346330869.0698
