
[data]
trigger-time = 1269730957.9808993
injection-file = /work/shashwat.singh/Prospects-of-LGWs/unlens/injection.hdf

[global]
instruments = H1 V1 L1 I1 K1
mass1_ref = 30.000000005826017
mass2_ref = 30.000000006638018
minchirp = 26.11641690430901
maxchirp = 26.11661690430901
mincov = 484311442.4945434
maxcov = 48431144249.45434
