
[data]
trigger-time = 1185856546.982296
injection-file = /work/shashwat.singh/Prospects-of-LGWs/unlens/injection.hdf

[global]
instruments = H1 V1 L1 I1 K1
mass1_ref = 30.000000000080306
mass2_ref = 30.000000002929834
minchirp = 26.116416900193965
maxchirp = 26.116616900193964
mincov = 256371764.66407076
maxcov = 25637176466.407074
