
[data]
trigger-time = 1473660519.7917702
injection-file = /work/shashwat.singh/Prospects-of-LGWs/unlens/injection.hdf

[global]
instruments = H1 V1 L1 I1 K1
mass1_ref = 30.000000002833286
mass2_ref = 30.000000004533565
minchirp = 26.116416902090332
maxchirp = 26.116616902090332
mincov = 34366854690.37671
maxcov = 3436685469037.671
