
[data]
trigger-time = 1840289762.6209037
injection-file = /work/shashwat.singh/Prospects-of-LGWs/unlens/injection.hdf

[global]
instruments = H1 V1 L1 I1 K1
mass1_ref = 30.000000007559763
mass2_ref = 30.0000000032244
minchirp = 26.116416903577804
maxchirp = 26.116616903577803
mincov = 41239915237.97464
maxcov = 4123991523797.464
