
[data]
trigger-time = 1016877575.7432923
injection-file = /work/shashwat.singh/Prospects-of-LGWs/unlens/injection.hdf

[global]
instruments = H1 V1 L1 I1 K1
mass1_ref = 30.000000000776108
mass2_ref = 30.00000000052126
minchirp = 26.116416899448435
maxchirp = 26.116616899448434
mincov = 29282077741.720093
maxcov = 2928207774172.0093
