
[data]
trigger-time = 1246767062.7255433
injection-file = /work/shashwat.singh/Prospects-of-LGWs/unlens/injection.hdf

[global]
instruments = H1 V1 L1 I1 K1
mass1_ref = 30.000000003795645
mass2_ref = 30.000000004766637
minchirp = 26.116416902610673
maxchirp = 26.116616902610673
mincov = 5206895841.775624
maxcov = 520689584177.5624
