
[data]
trigger-time = 1488115089.853484
injection-file = /work/shashwat.singh/Prospects-of-LGWs/unlens/injection.hdf

[global]
instruments = H1 V1 L1 I1 K1
mass1_ref = 30.00000000329711
mass2_ref = 30.00000000335628
minchirp = 26.116416901779782
maxchirp = 26.116616901779782
mincov = 52137161002.62283
maxcov = 5213716100262.283
