
[data]
trigger-time = 1835304774.004959
injection-file = /work/shashwat.singh/Prospects-of-LGWs/unlens/injection.hdf

[global]
instruments = H1 V1 L1 I1 K1
mass1_ref = 30.000000006815362
mass2_ref = 30.000000005832074
minchirp = 26.116416904388842
maxchirp = 26.11661690438884
mincov = 4081241929.6880736
maxcov = 408124192968.8074
