
[data]
trigger-time = 1250736748.332795
injection-file = /work/shashwat.singh/Prospects-of-LGWs/unlens/injection.hdf

[global]
instruments = H1 V1 L1 I1 K1
mass1_ref = 30.000000008035077
mass2_ref = 30.00000000421824
minchirp = 26.11641690421729
maxchirp = 26.116616904217288
mincov = 25714537130.180443
maxcov = 2571453713018.044
