
[data]
trigger-time = 1736618625.1983976
injection-file = /work/shashwat.singh/Prospects-of-LGWs/unlens/injection.hdf

[global]
instruments = H1 V1 L1 I1 K1
mass1_ref = 30.000000005133945
mass2_ref = 30.00000000320555
minchirp = 26.116416902513702
maxchirp = 26.1166169025137
mincov = 193226031.0527801
maxcov = 19322603105.27801
