
[data]
trigger-time = 1014704310.5834452
injection-file = /work/shashwat.singh/Prospects-of-LGWs/unlens/injection.hdf

[global]
instruments = H1 V1 L1 I1 K1
mass1_ref = 30.00000000179242
mass2_ref = 30.000000009891092
minchirp = 26.116416903969267
maxchirp = 26.116616903969266
mincov = 32521968350.940594
maxcov = 3252196835094.0596
