
[data]
trigger-time = 1603664650.7601373
injection-file = /work/shashwat.singh/Prospects-of-LGWs/unlens/injection.hdf

[global]
instruments = H1 V1 L1 I1 K1
mass1_ref = 30.000000005453774
mass2_ref = 30.000000009276842
minchirp = 26.116416905295598
maxchirp = 26.116616905295597
mincov = 5709709961.104937
maxcov = 570970996110.4937
