
[data]
trigger-time = 1221323110.2333007
injection-file = /work/shashwat.singh/Prospects-of-LGWs/unlens/injection.hdf

[global]
instruments = H1 V1 L1 I1 K1
mass1_ref = 30.000000004051017
mass2_ref = 30.000000007146582
minchirp = 26.116416903757763
maxchirp = 26.116616903757762
mincov = 48990242164.60853
maxcov = 4899024216460.853
