
[data]
trigger-time = 1607531275.4396791
injection-file = /work/shashwat.singh/Prospects-of-LGWs/unlens/injection.hdf

[global]
instruments = H1 V1 L1 I1 K1
mass1_ref = 30.000000003889408
mass2_ref = 30.0000000080475
minchirp = 26.116416904079568
maxchirp = 26.116616904079567
mincov = 119263968327.62456
maxcov = 11926396832762.457
