
[data]
trigger-time = 1186774346.2054808
injection-file = /work/shashwat.singh/Prospects-of-LGWs/unlens/injection.hdf

[global]
instruments = H1 V1 L1 I1 K1
mass1_ref = 30.000000006239706
mass2_ref = 30.000000003234888
minchirp = 26.11641690300778
maxchirp = 26.11661690300778
mincov = 56942253275.78987
maxcov = 5694225327578.986
