
[data]
trigger-time = 1915674114.2006311
injection-file = /work/shashwat.singh/Prospects-of-LGWs/unlens/injection.hdf

[global]
instruments = H1 V1 L1 I1 K1
mass1_ref = 30.000000008257036
mass2_ref = 30.00000000655736
minchirp = 26.116416905332066
maxchirp = 26.116616905332066
mincov = 89878975957.2927
maxcov = 8987897595729.27
