
[data]
trigger-time = 1867823448.8313336
injection-file = /work/shashwat.singh/Prospects-of-LGWs/unlens/injection.hdf

[global]
instruments = H1 V1 L1 I1 K1
mass1_ref = 30.00000000443095
mass2_ref = 30.000000004978368
minchirp = 26.116416902979367
maxchirp = 26.116616902979366
mincov = 28252462205.031197
maxcov = 2825246220503.1196
