
[data]
trigger-time = 1400732911.1442835
injection-file = /work/shashwat.singh/Prospects-of-LGWs/unlens/injection.hdf

[global]
instruments = H1 V1 L1 I1 K1
mass1_ref = 30.000000001699547
mass2_ref = 30.00000000088466
minchirp = 26.116416900008566
maxchirp = 26.116616900008566
mincov = 66732110870.82731
maxcov = 6673211087082.73
