
[data]
trigger-time = 1685445623.410553
injection-file = /work/shashwat.singh/Prospects-of-LGWs/unlens/injection.hdf

[global]
instruments = H1 V1 L1 I1 K1
mass1_ref = 30.000000002850545
mass2_ref = 30.000000001290612
minchirp = 26.116416900686268
maxchirp = 26.116616900686267
mincov = 33101674414.14388
maxcov = 3310167441414.3877
