
[data]
trigger-time = 1542408516.2280042
injection-file = /home/ss/Prospects-of-LGWs/unlens/injection.hdf

[global]
instruments = H1 V1 L1 I1 K1
mass1_ref = 30.000000000972726
mass2_ref = 30.000000001001712
minchirp = 26.11641689974315
maxchirp = 26.11661689974315
mincov = 29808111126.333
maxcov = 2980811112633.3003
