
[data]
trigger-time = 1903594827.525431
injection-file = /work/shashwat.singh/Prospects-of-LGWs/unlens/injection.hdf

[global]
instruments = H1 V1 L1 I1 K1
mass1_ref = 30.000000004463722
mass2_ref = 30.000000008724236
minchirp = 26.116416904624117
maxchirp = 26.116616904624117
mincov = 21298531462.6643
maxcov = 2129853146266.4302
