
[data]
trigger-time = 1613707925.5461388
injection-file = /work/shashwat.singh/Prospects-of-LGWs/unlens/injection.hdf

[global]
instruments = H1 V1 L1 I1 K1
mass1_ref = 30.000000005073883
mass2_ref = 30.000000000040743
minchirp = 26.116416901109996
maxchirp = 26.116616901109996
mincov = 6192790325.123655
maxcov = 619279032512.3656
