
[data]
trigger-time = 1593511608.1310215
injection-file = /work/shashwat.singh/Prospects-of-LGWs/unlens/injection.hdf

[global]
instruments = H1 V1 L1 I1 K1
mass1_ref = 30.000000006805667
mass2_ref = 30.000000007865573
minchirp = 26.116416905269755
maxchirp = 26.116616905269755
mincov = 23829100824.731274
maxcov = 2382910082473.1274
