
[data]
trigger-time = 1808410444.9616842
injection-file = /work/shashwat.singh/Prospects-of-LGWs/unlens/injection.hdf

[global]
instruments = H1 V1 L1 I1 K1
mass1_ref = 30.000000002152497
mass2_ref = 30.000000009184948
minchirp = 26.116416903818635
maxchirp = 26.116616903818635
mincov = 108541522144.22116
maxcov = 10854152214422.115
