
[data]
trigger-time = 1484411714.993134
injection-file = /work/shashwat.singh/Prospects-of-LGWs/unlens/injection.hdf

[global]
instruments = H1 V1 L1 I1 K1
mass1_ref = 30.000000002380997
mass2_ref = 30.000000002809827
minchirp = 26.11641690114316
maxchirp = 26.11661690114316
mincov = 2980161928.9487624
maxcov = 298016192894.8762
