
[data]
trigger-time = 1984956900.2424858
injection-file = /work/shashwat.singh/Prospects-of-LGWs/unlens/injection.hdf

[global]
instruments = H1 V1 L1 I1 K1
mass1_ref = 30.000000009169348
mass2_ref = 30.000000007488683
minchirp = 26.116416906134553
maxchirp = 26.116616906134553
mincov = 32100561822.258675
maxcov = 3210056182225.867
