
[data]
trigger-time = 1955220295.9077592
injection-file = /work/shashwat.singh/Prospects-of-LGWs/unlens/injection.hdf

[global]
instruments = H1 V1 L1 I1 K1
mass1_ref = 30.000000003317012
mass2_ref = 30.00000000276493
minchirp = 26.116416901531046
maxchirp = 26.116616901531046
mincov = 2494544250.766322
maxcov = 249454425076.6322
