
[data]
trigger-time = 1925851516.700579
injection-file = /work/shashwat.singh/Prospects-of-LGWs/unlens/injection.hdf

[global]
instruments = H1 V1 L1 I1 K1
mass1_ref = 30.000000001671857
mass2_ref = 30.00000000665036
minchirp = 26.11641690250618
maxchirp = 26.11661690250618
mincov = 26770084017.677567
maxcov = 2677008401767.757
