
[data]
trigger-time = 1844887006.5418806
injection-file = /work/shashwat.singh/Prospects-of-LGWs/unlens/injection.hdf

[global]
instruments = H1 V1 L1 I1 K1
mass1_ref = 30.00000000979488
mass2_ref = 30.000000007941257
minchirp = 26.116416906603828
maxchirp = 26.116616906603827
mincov = 51241324347.10169
maxcov = 5124132434710.169
