
[data]
trigger-time = 1024620907.7864579
injection-file = /work/shashwat.singh/Prospects-of-LGWs/unlens/injection.hdf

[global]
instruments = H1 V1 L1 I1 K1
mass1_ref = 30.000000001834458
mass2_ref = 30.000000001040135
minchirp = 26.116416900134965
maxchirp = 26.116616900134964
mincov = 57391858063.52843
maxcov = 5739185806352.843
