
[data]
trigger-time = 1977365629.210315
injection-file = /work/shashwat.singh/Prospects-of-LGWs/unlens/injection.hdf

[global]
instruments = H1 V1 L1 I1 K1
mass1_ref = 30.00000000327795
mass2_ref = 30.000000009645756
minchirp = 26.116416904509094
maxchirp = 26.116616904509094
mincov = 1351022971.61426
maxcov = 135102297161.426
