
[data]
trigger-time = 1059845557.930798
injection-file = /work/shashwat.singh/Prospects-of-LGWs/unlens/injection.hdf

[global]
instruments = H1 V1 L1 I1 K1
mass1_ref = 30.00000000842051
mass2_ref = 30.00000000606617
minchirp = 26.116416905189418
maxchirp = 26.116616905189417
mincov = 38356106691.855
maxcov = 3835610669185.5005
