
[data]
trigger-time = 1964365018.5274196
injection-file = /work/shashwat.singh/Prospects-of-LGWs/unlens/injection.hdf

[global]
instruments = H1 V1 L1 I1 K1
mass1_ref = 30.00000000915884
mass2_ref = 30.0000000025161
minchirp = 26.116416903965536
maxchirp = 26.116616903965536
mincov = 922070591.4864502
maxcov = 92207059148.64502
