
[data]
trigger-time = 1070067233.030154
injection-file = /work/shashwat.singh/Prospects-of-LGWs/unlens/injection.hdf

[global]
instruments = H1 V1 L1 I1 K1
mass1_ref = 30.000000005794067
mass2_ref = 30.0000000081583
minchirp = 26.116416904956843
maxchirp = 26.116616904956842
mincov = 45725739666.68904
maxcov = 4572573966668.904
