
[data]
trigger-time = 1068038765.6654491
injection-file = /work/shashwat.singh/Prospects-of-LGWs/unlens/injection.hdf

[global]
instruments = H1 V1 L1 I1 K1
mass1_ref = 30.0000000005517
mass2_ref = 30.000000006196355
minchirp = 26.116416901820987
maxchirp = 26.116616901820986
mincov = 13619637687.619083
maxcov = 1361963768761.9084
