
[data]
trigger-time = 1439357966.8446307
injection-file = /work/shashwat.singh/Prospects-of-LGWs/unlens/injection.hdf

[global]
instruments = H1 V1 L1 I1 K1
mass1_ref = 30.000000001726097
mass2_ref = 30.000000001468216
minchirp = 26.11641690027413
maxchirp = 26.11661690027413
mincov = 30907066374.226585
maxcov = 3090706637422.6587
