
[data]
trigger-time = 1260514502.3747332
injection-file = /work/shashwat.singh/Prospects-of-LGWs/unlens/injection.hdf

[global]
instruments = H1 V1 L1 I1 K1
mass1_ref = 30.000000006733373
mass2_ref = 30.000000000050296
minchirp = 26.116416901836487
maxchirp = 26.116616901836487
mincov = 27595585464.321545
maxcov = 2759558546432.1543
