
[data]
trigger-time = 1512751086.0408072
injection-file = /work/shashwat.singh/Prospects-of-LGWs/unlens/injection.hdf

[global]
instruments = H1 V1 L1 I1 K1
mass1_ref = 30.000000005557865
mass2_ref = 30.000000007300315
minchirp = 26.116416904480573
maxchirp = 26.116616904480573
mincov = 6113127074.391653
maxcov = 611312707439.1653
