
[data]
trigger-time = 1420496893.5193422
injection-file = /work/shashwat.singh/Prospects-of-LGWs/unlens/injection.hdf

[global]
instruments = H1 V1 L1 I1 K1
mass1_ref = 30.000000006723205
mass2_ref = 30.000000001644878
minchirp = 26.116416902526144
maxchirp = 26.116616902526143
mincov = 22985514704.119358
maxcov = 2298551470411.9355
