
[data]
trigger-time = 1175395035.3825228
injection-file = /work/shashwat.singh/Prospects-of-LGWs/unlens/injection.hdf

[global]
instruments = H1 V1 L1 I1 K1
mass1_ref = 30.000000009826586
mass2_ref = 30.000000001892836
minchirp = 26.1164169039849
maxchirp = 26.116616903984898
mincov = 24812804244.816433
maxcov = 2481280424481.6436
