
[data]
trigger-time = 1680735024.1159954
injection-file = /work/shashwat.singh/Prospects-of-LGWs/unlens/injection.hdf

[global]
instruments = H1 V1 L1 I1 K1
mass1_ref = 30.000000000400256
mass2_ref = 30.000000006012367
minchirp = 26.11641690167498
maxchirp = 26.11661690167498
mincov = 22926085988.983463
maxcov = 2292608598898.346
