
[data]
trigger-time = 1654668708.2665424
injection-file = /work/shashwat.singh/Prospects-of-LGWs/unlens/injection.hdf

[global]
instruments = H1 V1 L1 I1 K1
mass1_ref = 30.000000005853284
mass2_ref = 30.000000006953243
minchirp = 26.11641690445809
maxchirp = 26.11661690445809
mincov = 60272548957.115685
maxcov = 6027254895711.568
