
[data]
trigger-time = 1585389189.0984087
injection-file = /work/shashwat.singh/Prospects-of-LGWs/unlens/injection.hdf

[global]
instruments = H1 V1 L1 I1 K1
mass1_ref = 30.00000000614238
mass2_ref = 30.000000006915815
minchirp = 26.116416904567636
maxchirp = 26.116616904567636
mincov = 21094510026.895756
maxcov = 2109451002689.5754
