
[data]
trigger-time = 1037094413.2344079
injection-file = /home/ss/Prospects-of-LGWs/unlens/injection.hdf

[global]
instruments = H1 V1 L1 I1 K1
mass1_ref = 30.00000000482072
mass2_ref = 30.000000009075432
minchirp = 26.116416904932375
maxchirp = 26.116616904932375
mincov = 11285547456.260014
maxcov = 1128554745626.0012
