
[data]
trigger-time = 1499573442.851975
injection-file = /work/shashwat.singh/Prospects-of-LGWs/unlens/injection.hdf

[global]
instruments = H1 V1 L1 I1 K1
mass1_ref = 30.00000000590322
mass2_ref = 30.00000000228252
minchirp = 26.116416902446776
maxchirp = 26.116616902446776
mincov = 4076323968.5207176
maxcov = 407632396852.0718
