
[data]
trigger-time = 1436937628.9726524
injection-file = /work/shashwat.singh/Prospects-of-LGWs/unlens/injection.hdf

[global]
instruments = H1 V1 L1 I1 K1
mass1_ref = 30.000000005607877
mass2_ref = 30.000000006268273
minchirp = 26.11641690405312
maxchirp = 26.11661690405312
mincov = 21949255660.217667
maxcov = 2194925566021.7666
