
[data]
trigger-time = 1283491164.0947864
injection-file = /work/shashwat.singh/Prospects-of-LGWs/unlens/injection.hdf

[global]
instruments = H1 V1 L1 I1 K1
mass1_ref = 30.000000006376474
mass2_ref = 30.00000000343022
minchirp = 26.116416903152338
maxchirp = 26.116616903152337
mincov = 57270708.55732727
maxcov = 5727070855.732727
