
[data]
trigger-time = 1162114460.9630883
injection-file = /work/shashwat.singh/Prospects-of-LGWs/unlens/injection.hdf

[global]
instruments = H1 V1 L1 I1 K1
mass1_ref = 30.00000000441736
mass2_ref = 30.00000000898657
minchirp = 26.116416904718125
maxchirp = 26.116616904718125
mincov = 2057331209.6031098
maxcov = 205733120960.31097
