
[data]
trigger-time = 1326219330.3651123
injection-file = /work/shashwat.singh/Prospects-of-LGWs/unlens/injection.hdf

[global]
instruments = H1 V1 L1 I1 K1
mass1_ref = 30.000000000575305
mass2_ref = 30.000000006751062
minchirp = 26.11641690207271
maxchirp = 26.11661690207271
mincov = 7679657.5543431
maxcov = 767965755.43431
