
[data]
trigger-time = 1235621999.73092
injection-file = /work/shashwat.singh/Prospects-of-LGWs/unlens/injection.hdf

[global]
instruments = H1 V1 L1 I1 K1
mass1_ref = 30.000000005144553
mass2_ref = 30.00000000337451
minchirp = 26.11641690259186
maxchirp = 26.11661690259186
mincov = 2348897971.243892
maxcov = 234889797124.38922
