
[data]
trigger-time = 1257410100.3785996
injection-file = /work/shashwat.singh/Prospects-of-LGWs/unlens/injection.hdf

[global]
instruments = H1 V1 L1 I1 K1
mass1_ref = 30.00000000651802
mass2_ref = 30.000000007995464
minchirp = 26.11641690520109
maxchirp = 26.116616905201088
mincov = 83098878104.18095
maxcov = 8309887810418.096
