
[data]
trigger-time = 1514422360.1224658
injection-file = /work/shashwat.singh/Prospects-of-LGWs/unlens/injection.hdf

[global]
instruments = H1 V1 L1 I1 K1
mass1_ref = 30.000000006548895
mass2_ref = 30.000000006565575
minchirp = 26.11641690459213
maxchirp = 26.116616904592128
mincov = 37539121.38631375
maxcov = 3753912138.631375
