
[data]
trigger-time = 1710731618.4519863
injection-file = /work/shashwat.singh/Prospects-of-LGWs/unlens/injection.hdf

[global]
instruments = H1 V1 L1 I1 K1
mass1_ref = 30.000000007874267
mass2_ref = 30.000000003879187
minchirp = 26.116416903999713
maxchirp = 26.116616903999713
mincov = 15534983356.415012
maxcov = 1553498335641.5012
