
[data]
trigger-time = 1117617414.9995587
injection-file = /work/shashwat.singh/Prospects-of-LGWs/unlens/injection.hdf

[global]
instruments = H1 V1 L1 I1 K1
mass1_ref = 30.000000005061814
mass2_ref = 30.000000002976595
minchirp = 26.116416902382646
maxchirp = 26.116616902382646
mincov = 28008194390.264996
maxcov = 2800819439026.4995
