
[data]
trigger-time = 1875587489.0679092
injection-file = /work/shashwat.singh/Prospects-of-LGWs/unlens/injection.hdf

[global]
instruments = H1 V1 L1 I1 K1
mass1_ref = 30.00000000551882
mass2_ref = 30.000000007815785
minchirp = 26.11641690468795
maxchirp = 26.116616904687948
mincov = 62981691382.3521
maxcov = 6298169138235.21
