
[data]
trigger-time = 1938148880.576613
injection-file = /work/shashwat.singh/Prospects-of-LGWs/unlens/injection.hdf

[global]
instruments = H1 V1 L1 I1 K1
mass1_ref = 30.000000005079322
mass2_ref = 30.000000004787857
minchirp = 26.116416903178663
maxchirp = 26.116616903178663
mincov = 61238787543.1499
maxcov = 6123878754314.99
