
[data]
trigger-time = 1320807305.7050788
injection-file = /work/shashwat.singh/Prospects-of-LGWs/unlens/injection.hdf

[global]
instruments = H1 V1 L1 I1 K1
mass1_ref = 30.000000009850645
mass2_ref = 30.00000000253732
minchirp = 26.116416904275898
maxchirp = 26.116616904275897
mincov = 7211911510.570335
maxcov = 721191151057.0336
