
[data]
trigger-time = 1750609072.1063719
injection-file = /work/shashwat.singh/Prospects-of-LGWs/unlens/injection.hdf

[global]
instruments = H1 V1 L1 I1 K1
mass1_ref = 30.00000000938218
mass2_ref = 30.00000000169143
minchirp = 26.116416903703794
maxchirp = 26.116616903703793
mincov = 13874454381.430826
maxcov = 1387445438143.0825
