
[data]
trigger-time = 1992274558.41879
injection-file = /work/shashwat.singh/Prospects-of-LGWs/unlens/injection.hdf

[global]
instruments = H1 V1 L1 I1 K1
mass1_ref = 30.00000000643333
mass2_ref = 30.00000000308651
minchirp = 26.116416903027474
maxchirp = 26.116616903027474
mincov = 25064435640.336166
maxcov = 2506443564033.6167
