
[data]
trigger-time = 1533648586.789841
injection-file = /work/shashwat.singh/Prospects-of-LGWs/unlens/injection.hdf

[global]
instruments = H1 V1 L1 I1 K1
mass1_ref = 30.000000009803728
mass2_ref = 30.000000003265562
minchirp = 26.116416904572464
maxchirp = 26.116616904572464
mincov = 15161901231.509033
maxcov = 1516190123150.9033
