
[data]
trigger-time = 1734333246.9600065
injection-file = /work/shashwat.singh/Prospects-of-LGWs/unlens/injection.hdf

[global]
instruments = H1 V1 L1 I1 K1
mass1_ref = 30.000000007767092
mass2_ref = 30.000000007776286
minchirp = 26.116416905649373
maxchirp = 26.116616905649373
mincov = 17665984100.63989
maxcov = 1766598410063.989
