
[data]
trigger-time = 1266720085.011331
injection-file = /work/shashwat.singh/Prospects-of-LGWs/unlens/injection.hdf

[global]
instruments = H1 V1 L1 I1 K1
mass1_ref = 30.000000005833396
mass2_ref = 30.000000007890527
minchirp = 26.11641690485741
maxchirp = 26.11661690485741
mincov = 78443306417.83711
maxcov = 7844330641783.711
