
[data]
trigger-time = 1160407115.6616595
injection-file = /work/shashwat.singh/Prospects-of-LGWs/unlens/injection.hdf

[global]
instruments = H1 V1 L1 I1 K1
mass1_ref = 30.000000000153193
mass2_ref = 30.00000000003685
minchirp = 26.116416898966445
maxchirp = 26.116616898966445
mincov = 59431127372.69572
maxcov = 5943112737269.571
