
[data]
trigger-time = 1268409263.6413033
injection-file = /work/shashwat.singh/Prospects-of-LGWs/unlens/injection.hdf

[global]
instruments = H1 V1 L1 I1 K1
mass1_ref = 30.000000003825274
mass2_ref = 30.00000000122714
minchirp = 26.116416901082914
maxchirp = 26.116616901082914
mincov = 33797047220.86031
maxcov = 3379704722086.031
