
[data]
trigger-time = 1069628822.614282
injection-file = /work/shashwat.singh/Prospects-of-LGWs/unlens/injection.hdf

[global]
instruments = H1 V1 L1 I1 K1
mass1_ref = 30.000000003843017
mass2_ref = 30.00000000688072
minchirp = 26.116416903551503
maxchirp = 26.116616903551503
mincov = 19526424425.397083
maxcov = 1952642442539.7083
