
[data]
trigger-time = 1203269502.1306088
injection-file = /work/shashwat.singh/Prospects-of-LGWs/unlens/injection.hdf

[global]
instruments = H1 V1 L1 I1 K1
mass1_ref = 30.000000003852232
mass2_ref = 30.000000009855036
minchirp = 26.116416904850162
maxchirp = 26.11661690485016
mincov = 5403811857.190275
maxcov = 540381185719.0276
