
[data]
trigger-time = 1000836848.6873928
injection-file = /work/shashwat.singh/Prospects-of-LGWs/unlens/injection.hdf

[global]
instruments = H1 V1 L1 I1 K1
mass1_ref = 30.000000002261142
mass2_ref = 30.00000000989348
minchirp = 26.11641690417433
maxchirp = 26.11661690417433
mincov = 6195091292.878872
maxcov = 619509129287.8872
