
[data]
trigger-time = 1517027830.1258008
injection-file = /work/shashwat.singh/Prospects-of-LGWs/unlens/injection.hdf

[global]
instruments = H1 V1 L1 I1 K1
mass1_ref = 30.000000005215885
mass2_ref = 30.00000000628544
minchirp = 26.116416903889967
maxchirp = 26.116616903889966
mincov = 78363396439.30994
maxcov = 7836339643930.994
