
[data]
trigger-time = 1773125606.3889155
injection-file = /work/shashwat.singh/Prospects-of-LGWs/unlens/injection.hdf

[global]
instruments = H1 V1 L1 I1 K1
mass1_ref = 30.000000009677386
mass2_ref = 30.000000002816556
minchirp = 26.11641690432203
maxchirp = 26.11661690432203
mincov = 27396465996.44049
maxcov = 2739646599644.049
