
[data]
trigger-time = 1135479285.4421477
injection-file = /work/shashwat.singh/Prospects-of-LGWs/unlens/injection.hdf

[global]
instruments = H1 V1 L1 I1 K1
mass1_ref = 30.000000000233648
mass2_ref = 30.00000000470699
minchirp = 26.116416901034263
maxchirp = 26.116616901034263
mincov = 427710701.6875621
maxcov = 42771070168.75621
