
[data]
trigger-time = 1293678924.354352
injection-file = /work/shashwat.singh/Prospects-of-LGWs/unlens/injection.hdf

[global]
instruments = H1 V1 L1 I1 K1
mass1_ref = 30.00000000720104
mass2_ref = 30.000000000496588
minchirp = 26.116416902234313
maxchirp = 26.116616902234313
mincov = 28918868398.088226
maxcov = 2891886839808.8228
