
[data]
trigger-time = 1876750919.6245382
injection-file = /work/shashwat.singh/Prospects-of-LGWs/unlens/injection.hdf

[global]
instruments = H1 V1 L1 I1 K1
mass1_ref = 30.000000005616904
mass2_ref = 30.000000008290236
minchirp = 26.116416904937157
maxchirp = 26.116616904937157
mincov = 86389641005.47371
maxcov = 8638964100547.371
