
[data]
trigger-time = 1833673714.6675258
injection-file = /work/shashwat.singh/Prospects-of-LGWs/unlens/injection.hdf

[global]
instruments = H1 V1 L1 I1 K1
mass1_ref = 30.000000009000868
mass2_ref = 30.0000000046915
minchirp = 26.116416904843675
maxchirp = 26.116616904843674
mincov = 30773935440.67276
maxcov = 3077393544067.276
