
[data]
trigger-time = 1278429761.7400064
injection-file = /work/shashwat.singh/Prospects-of-LGWs/unlens/injection.hdf

[global]
instruments = H1 V1 L1 I1 K1
mass1_ref = 30.000000004726687
mass2_ref = 30.000000005361088
minchirp = 26.116416903274683
maxchirp = 26.116616903274682
mincov = 25141600.53521192
maxcov = 2514160053.521192
