
[data]
trigger-time = 1247377815.229212
injection-file = /work/shashwat.singh/Prospects-of-LGWs/unlens/injection.hdf

[global]
instruments = H1 V1 L1 I1 K1
mass1_ref = 30.00000000097456
mass2_ref = 30.000000001195563
minchirp = 26.116416899828327
maxchirp = 26.116616899828326
mincov = 20914917449.41419
maxcov = 2091491744941.4187
