
[data]
trigger-time = 1966544502.6931615
injection-file = /work/shashwat.singh/Prospects-of-LGWs/unlens/injection.hdf

[global]
instruments = H1 V1 L1 I1 K1
mass1_ref = 30.000000003407017
mass2_ref = 30.000000006370936
minchirp = 26.116416903139825
maxchirp = 26.116616903139825
mincov = 72635032119.19188
maxcov = 7263503211919.188
