
[data]
trigger-time = 1380888896.6345375
injection-file = /work/shashwat.singh/Prospects-of-LGWs/unlens/injection.hdf

[global]
instruments = H1 V1 L1 I1 K1
mass1_ref = 30.000000009906675
mass2_ref = 30.000000005942105
minchirp = 26.11641690578231
maxchirp = 26.11661690578231
mincov = 71000583703.54343
maxcov = 7100058370354.342
