
[data]
trigger-time = 1680329545.9925675
injection-file = /work/shashwat.singh/Prospects-of-LGWs/unlens/injection.hdf

[global]
instruments = H1 V1 L1 I1 K1
mass1_ref = 30.000000004584322
mass2_ref = 30.0000000001116
minchirp = 26.116416900927742
maxchirp = 26.116616900927742
mincov = 45726459266.77608
maxcov = 4572645926677.608
