
[data]
trigger-time = 1547098194.6644967
injection-file = /work/shashwat.singh/Prospects-of-LGWs/unlens/injection.hdf

[global]
instruments = H1 V1 L1 I1 K1
mass1_ref = 30.000000007888392
mass2_ref = 30.000000004577434
minchirp = 26.11641690430979
maxchirp = 26.11661690430979
mincov = 682900022.2050868
maxcov = 68290002220.50868
