
[data]
trigger-time = 1336728002.1711848
injection-file = /work/shashwat.singh/Prospects-of-LGWs/unlens/injection.hdf

[global]
instruments = H1 V1 L1 I1 K1
mass1_ref = 30.000000009390654
mass2_ref = 30.000000008151147
minchirp = 26.116416906519238
maxchirp = 26.116616906519237
mincov = 25561723906.262413
maxcov = 2556172390626.241
