
[data]
trigger-time = 1421280383.134853
injection-file = /work/shashwat.singh/Prospects-of-LGWs/unlens/injection.hdf

[global]
instruments = H1 V1 L1 I1 K1
mass1_ref = 30.000000001621096
mass2_ref = 30.0000000047425
minchirp = 26.11641690165364
maxchirp = 26.11661690165364
mincov = 15845419198.727123
maxcov = 1584541919872.7124
