
[data]
trigger-time = 1224634619.0310004
injection-file = /work/shashwat.singh/Prospects-of-LGWs/unlens/injection.hdf

[global]
instruments = H1 V1 L1 I1 K1
mass1_ref = 30.00000000960339
mass2_ref = 30.000000003767575
minchirp = 26.116416904703776
maxchirp = 26.116616904703776
mincov = 46379316688.784134
maxcov = 4637931668878.413
