
[data]
trigger-time = 1254785744.6624155
injection-file = /work/shashwat.singh/Prospects-of-LGWs/unlens/injection.hdf

[global]
instruments = H1 V1 L1 I1 K1
mass1_ref = 30.00000000220994
mass2_ref = 30.000000001228155
minchirp = 26.11641690038024
maxchirp = 26.11661690038024
mincov = 1715750432.511104
maxcov = 171575043251.1104
