
[data]
trigger-time = 1197709519.434961
injection-file = /work/shashwat.singh/Prospects-of-LGWs/unlens/injection.hdf

[global]
instruments = H1 V1 L1 I1 K1
mass1_ref = 30.00000000493031
mass2_ref = 30.000000005703463
minchirp = 26.116416903512345
maxchirp = 26.116616903512345
mincov = 41167778783.58983
maxcov = 4116777878358.9834
