
[data]
trigger-time = 1086573101.227976
injection-file = /work/shashwat.singh/Prospects-of-LGWs/unlens/injection.hdf

[global]
instruments = H1 V1 L1 I1 K1
mass1_ref = 30.000000005904468
mass2_ref = 30.00000000468151
minchirp = 26.11641690349154
maxchirp = 26.11661690349154
mincov = 2280567982.6438127
maxcov = 228056798264.38126
