
[data]
trigger-time = 1978144820.9615066
injection-file = /work/shashwat.singh/Prospects-of-LGWs/unlens/injection.hdf

[global]
instruments = H1 V1 L1 I1 K1
mass1_ref = 30.000000005521933
mass2_ref = 30.000000006564743
minchirp = 26.116416904144756
maxchirp = 26.116616904144756
mincov = 98293743874.12943
maxcov = 9829374387412.943
