
[data]
trigger-time = 1632701966.9044282
injection-file = /work/shashwat.singh/Prospects-of-LGWs/unlens/injection.hdf

[global]
instruments = H1 V1 L1 I1 K1
mass1_ref = 30.0000000036042
mass2_ref = 30.000000006948902
minchirp = 26.116416903477226
maxchirp = 26.116616903477226
mincov = 66754049362.264465
maxcov = 6675404936226.446
