
[data]
trigger-time = 1428834634.469456
injection-file = /work/shashwat.singh/Prospects-of-LGWs/unlens/injection.hdf

[global]
instruments = H1 V1 L1 I1 K1
mass1_ref = 30.000000004109925
mass2_ref = 30.00000000176436
minchirp = 26.116416901440655
maxchirp = 26.116616901440654
mincov = 15690754894.809437
maxcov = 1569075489480.9436
