
[data]
trigger-time = 1012995895.1702977
injection-file = /work/shashwat.singh/Prospects-of-LGWs/unlens/injection.hdf

[global]
instruments = H1 V1 L1 I1 K1
mass1_ref = 30.000000009986593
mass2_ref = 30.00000000994499
minchirp = 26.11641690755945
maxchirp = 26.11661690755945
mincov = 28788527764.742348
maxcov = 2878852776474.2344
