
[data]
trigger-time = 1972090760.122651
injection-file = /work/shashwat.singh/Prospects-of-LGWs/unlens/injection.hdf

[global]
instruments = H1 V1 L1 I1 K1
mass1_ref = 30.00000000988599
mass2_ref = 30.00000000868117
minchirp = 26.11641690696555
maxchirp = 26.11661690696555
mincov = 17713056321.7517
maxcov = 1771305632175.1704
