
[data]
trigger-time = 1704621836.5051513
injection-file = /work/shashwat.singh/Prospects-of-LGWs/unlens/injection.hdf

[global]
instruments = H1 V1 L1 I1 K1
mass1_ref = 30.000000007072142
mass2_ref = 30.00000000143201
minchirp = 26.11641690258537
maxchirp = 26.11661690258537
mincov = 355719.6812688788
maxcov = 35571968.12688788
