
[data]
trigger-time = 1204032885.751564
injection-file = /work/shashwat.singh/Prospects-of-LGWs/unlens/injection.hdf

[global]
instruments = H1 V1 L1 I1 K1
mass1_ref = 30.000000009569195
mass2_ref = 30.000000001235282
minchirp = 26.116416903586646
maxchirp = 26.116616903586646
mincov = 5408033101.815501
maxcov = 540803310181.5502
