
[data]
trigger-time = 1831458649.2876005
injection-file = /work/shashwat.singh/Prospects-of-LGWs/unlens/injection.hdf

[global]
instruments = H1 V1 L1 I1 K1
mass1_ref = 30.00000000720773
mass2_ref = 30.00000000899628
minchirp = 26.11641690593693
maxchirp = 26.11661690593693
mincov = 135865058.3267184
maxcov = 13586505832.67184
