
[data]
trigger-time = 1706121772.493075
injection-file = /work/shashwat.singh/Prospects-of-LGWs/unlens/injection.hdf

[global]
instruments = H1 V1 L1 I1 K1
mass1_ref = 30.000000006803518
mass2_ref = 30.00000000070536
minchirp = 26.11641690215215
maxchirp = 26.11661690215215
mincov = 33980359564.728966
maxcov = 3398035956472.8965
