
[data]
trigger-time = 1935600010.1234746
injection-file = /work/shashwat.singh/Prospects-of-LGWs/unlens/injection.hdf

[global]
instruments = H1 V1 L1 I1 K1
mass1_ref = 30.000000009251696
mass2_ref = 30.000000000616822
minchirp = 26.116416903179246
maxchirp = 26.116616903179246
mincov = 4845759624.1250725
maxcov = 484575962412.50726
