
[data]
trigger-time = 1773037887.1492987
injection-file = /work/shashwat.singh/Prospects-of-LGWs/unlens/injection.hdf

[global]
instruments = H1 V1 L1 I1 K1
mass1_ref = 30.000000002154135
mass2_ref = 30.00000000765925
minchirp = 26.116416903155248
maxchirp = 26.116616903155247
mincov = 33241687721.10791
maxcov = 3324168772110.791
