
[data]
trigger-time = 1726775331.062872
injection-file = /work/shashwat.singh/Prospects-of-LGWs/unlens/injection.hdf

[global]
instruments = H1 V1 L1 I1 K1
mass1_ref = 30.000000003440807
mass2_ref = 30.000000004007514
minchirp = 26.116416902125795
maxchirp = 26.116616902125795
mincov = 74613413770.62247
maxcov = 7461341377062.247
