
[data]
trigger-time = 1614490410.0855088
injection-file = /work/shashwat.singh/Prospects-of-LGWs/unlens/injection.hdf

[global]
instruments = H1 V1 L1 I1 K1
mass1_ref = 30.000000000347228
mass2_ref = 30.00000000529831
minchirp = 26.116416901341086
maxchirp = 26.116616901341086
mincov = 14265007516.970587
maxcov = 1426500751697.0586
