
[data]
trigger-time = 1812173980.902256
injection-file = /work/shashwat.singh/Prospects-of-LGWs/unlens/injection.hdf

[global]
instruments = H1 V1 L1 I1 K1
mass1_ref = 30.000000009235986
mass2_ref = 30.000000007432504
minchirp = 26.116416906139108
maxchirp = 26.116616906139107
mincov = 62336363069.86104
maxcov = 6233636306986.104
