
[data]
trigger-time = 1768804446.6826215
injection-file = /work/shashwat.singh/Prospects-of-LGWs/unlens/injection.hdf

[global]
instruments = H1 V1 L1 I1 K1
mass1_ref = 30.000000001715282
mass2_ref = 30.000000007907904
minchirp = 26.11641690307246
maxchirp = 26.116616903072458
mincov = 27806311637.54759
maxcov = 2780631163754.759
