
[data]
trigger-time = 1919630845.9030814
injection-file = /work/shashwat.singh/Prospects-of-LGWs/unlens/injection.hdf

[global]
instruments = H1 V1 L1 I1 K1
mass1_ref = 30.00000000963116
mass2_ref = 30.000000002885514
minchirp = 26.116416904331924
maxchirp = 26.116616904331924
mincov = 630188695.4380238
maxcov = 63018869543.80238
