
[data]
trigger-time = 1988297004.4174812
injection-file = /work/shashwat.singh/Prospects-of-LGWs/unlens/injection.hdf

[global]
instruments = H1 V1 L1 I1 K1
mass1_ref = 30.000000009952362
mass2_ref = 30.000000001489145
minchirp = 26.11641690386393
maxchirp = 26.116616903863928
mincov = 32443106215.230976
maxcov = 3244310621523.0977
