
[data]
trigger-time = 1119356552.46043
injection-file = /work/shashwat.singh/Prospects-of-LGWs/unlens/injection.hdf

[global]
instruments = H1 V1 L1 I1 K1
mass1_ref = 30.000000007585673
mass2_ref = 30.000000003780006
minchirp = 26.116416903830924
maxchirp = 26.116616903830923
mincov = 258438967.9586559
maxcov = 25843896795.86559
