
[data]
trigger-time = 1729297782.7180722
injection-file = /work/shashwat.singh/Prospects-of-LGWs/unlens/injection.hdf

[global]
instruments = H1 V1 L1 I1 K1
mass1_ref = 30.000000006278317
mass2_ref = 30.00000000928982
minchirp = 26.11641690566015
maxchirp = 26.11661690566015
mincov = 8125313752.607076
maxcov = 812531375260.7075
