
[data]
trigger-time = 1411655674.4417038
injection-file = /work/shashwat.singh/Prospects-of-LGWs/unlens/injection.hdf

[global]
instruments = H1 V1 L1 I1 K1
mass1_ref = 30.000000004598373
mass2_ref = 30.000000004948095
minchirp = 26.116416903039067
maxchirp = 26.116616903039066
mincov = 5668652797.562983
maxcov = 566865279756.2983
