
[data]
trigger-time = 1861483317.540912
injection-file = /work/shashwat.singh/Prospects-of-LGWs/unlens/injection.hdf

[global]
instruments = H1 V1 L1 I1 K1
mass1_ref = 30.000000009370087
mass2_ref = 30.000000003635932
minchirp = 26.116416904544923
maxchirp = 26.116616904544923
mincov = 47716913618.37901
maxcov = 4771691361837.901
