
[data]
trigger-time = 1229256833.760657
injection-file = /work/shashwat.singh/Prospects-of-LGWs/unlens/injection.hdf

[global]
instruments = H1 V1 L1 I1 K1
mass1_ref = 30.000000004485397
mass2_ref = 30.000000000205276
minchirp = 26.116416900925458
maxchirp = 26.116616900925457
mincov = 42368310053.211525
maxcov = 4236831005321.1523
