
[data]
trigger-time = 1806702845.3390262
injection-file = /work/shashwat.singh/Prospects-of-LGWs/unlens/injection.hdf

[global]
instruments = H1 V1 L1 I1 K1
mass1_ref = 30.000000006753766
mass2_ref = 30.00000000611154
minchirp = 26.116416904483675
maxchirp = 26.116616904483674
mincov = 538.317756360863
maxcov = 53831.7756360863
