
[data]
trigger-time = 1031466716.652599
injection-file = /work/shashwat.singh/Prospects-of-LGWs/unlens/injection.hdf

[global]
instruments = H1 V1 L1 I1 K1
mass1_ref = 30.000000006168975
mass2_ref = 30.000000002701515
minchirp = 26.11641690274483
maxchirp = 26.11661690274483
mincov = 19014085325.447643
maxcov = 1901408532544.7644
