
[data]
trigger-time = 1916078454.4129224
injection-file = /work/shashwat.singh/Prospects-of-LGWs/unlens/injection.hdf

[global]
instruments = H1 V1 L1 I1 K1
mass1_ref = 30.000000007170176
mass2_ref = 30.000000001928196
minchirp = 26.11641690284402
maxchirp = 26.11661690284402
mincov = 48079936362.85312
maxcov = 4807993636285.312
