
[data]
trigger-time = 1067087026.5905528
injection-file = /work/shashwat.singh/Prospects-of-LGWs/unlens/injection.hdf

[global]
instruments = H1 V1 L1 I1 K1
mass1_ref = 30.000000001301178
mass2_ref = 30.000000000715815
minchirp = 26.116416899761674
maxchirp = 26.116616899761674
mincov = 38190019793.29277
maxcov = 3819001979329.2773
