
[data]
trigger-time = 1452042648.399766
injection-file = /work/shashwat.singh/Prospects-of-LGWs/unlens/injection.hdf

[global]
instruments = H1 V1 L1 I1 K1
mass1_ref = 30.00000000875972
mass2_ref = 30.000000003192582
minchirp = 26.116416904086265
maxchirp = 26.116616904086264
mincov = 487797773.9789926
maxcov = 48779777397.899254
