
[data]
trigger-time = 1629201184.5892212
injection-file = /work/shashwat.singh/Prospects-of-LGWs/unlens/injection.hdf

[global]
instruments = H1 V1 L1 I1 K1
mass1_ref = 30.00000000908514
mass2_ref = 30.000000001189324
minchirp = 26.116416903355947
maxchirp = 26.116616903355947
mincov = 39611486.58757305
maxcov = 3961148658.757305
