
[data]
trigger-time = 1288290815.8030431
injection-file = /work/shashwat.singh/Prospects-of-LGWs/unlens/injection.hdf

[global]
instruments = H1 V1 L1 I1 K1
mass1_ref = 30.00000000908015
mass2_ref = 30.000000007562846
minchirp = 26.11641690612801
maxchirp = 26.11661690612801
mincov = 38865117992.778496
maxcov = 3886511799277.8496
