
[data]
trigger-time = 1338749350.7393038
injection-file = /work/shashwat.singh/Prospects-of-LGWs/unlens/injection.hdf

[global]
instruments = H1 V1 L1 I1 K1
mass1_ref = 30.000000001896616
mass2_ref = 30.000000008816304
minchirp = 26.116416903546796
maxchirp = 26.116616903546795
mincov = 510376559.68733597
maxcov = 51037655968.7336
