
[data]
trigger-time = 1255843910.8067305
injection-file = /work/shashwat.singh/Prospects-of-LGWs/unlens/injection.hdf

[global]
instruments = H1 V1 L1 I1 K1
mass1_ref = 30.00000000726913
mass2_ref = 30.000000001218922
minchirp = 26.11641690257836
maxchirp = 26.11661690257836
mincov = 15050738912.214987
maxcov = 1505073891221.4988
