
[data]
trigger-time = 1589162487.6288671
injection-file = /work/shashwat.singh/Prospects-of-LGWs/unlens/injection.hdf

[global]
instruments = H1 V1 L1 I1 K1
mass1_ref = 30.00000000203455
mass2_ref = 30.000000009382592
minchirp = 26.116416903853324
maxchirp = 26.116616903853323
mincov = 7642233827.844851
maxcov = 764223382784.485
