
[data]
trigger-time = 1939245071.2908745
injection-file = /work/shashwat.singh/Prospects-of-LGWs/unlens/injection.hdf

[global]
instruments = H1 V1 L1 I1 K1
mass1_ref = 30.00000000114296
mass2_ref = 30.00000000480169
minchirp = 26.116416901471286
maxchirp = 26.116616901471286
mincov = 15528463698.48534
maxcov = 1552846369848.534
