
[data]
trigger-time = 1216260209.8057263
injection-file = /work/shashwat.singh/Prospects-of-LGWs/unlens/injection.hdf

[global]
instruments = H1 V1 L1 I1 K1
mass1_ref = 30.0000000016599
mass2_ref = 30.000000005423644
minchirp = 26.116416901967014
maxchirp = 26.116616901967014
mincov = 3449937701.8964577
maxcov = 344993770189.64575
