
[data]
trigger-time = 1222643852.5564702
injection-file = /work/shashwat.singh/Prospects-of-LGWs/unlens/injection.hdf

[global]
instruments = H1 V1 L1 I1 K1
mass1_ref = 30.000000007188838
mass2_ref = 30.000000000144542
minchirp = 26.116416902075766
maxchirp = 26.116616902075766
mincov = 34518566129.64926
maxcov = 3451856612964.9263
