
[data]
trigger-time = 1837835380.8625088
injection-file = /work/shashwat.singh/Prospects-of-LGWs/unlens/injection.hdf

[global]
instruments = H1 V1 L1 I1 K1
mass1_ref = 30.00000000680555
mass2_ref = 30.000000001429534
minchirp = 26.116416902468252
maxchirp = 26.11661690246825
mincov = 4770030984.147941
maxcov = 477003098414.79407
