
[data]
trigger-time = 1557054934.4607258
injection-file = /work/shashwat.singh/Prospects-of-LGWs/unlens/injection.hdf

[global]
instruments = H1 V1 L1 I1 K1
mass1_ref = 30.000000004227577
mass2_ref = 30.00000000588851
minchirp = 26.116416903287007
maxchirp = 26.116616903287007
mincov = 11422664923.557634
maxcov = 1142266492355.7634
