
[data]
trigger-time = 1349204245.4302073
injection-file = /work/shashwat.singh/Prospects-of-LGWs/unlens/injection.hdf

[global]
instruments = H1 V1 L1 I1 K1
mass1_ref = 30.000000003919165
mass2_ref = 30.000000001232554
minchirp = 26.11641690112614
maxchirp = 26.11661690112614
mincov = 3683378108.3186007
maxcov = 368337810831.86005
