
[data]
trigger-time = 1248918725.337226
injection-file = /work/shashwat.singh/Prospects-of-LGWs/unlens/injection.hdf

[global]
instruments = H1 V1 L1 I1 K1
mass1_ref = 30.000000007872114
mass2_ref = 30.000000006529056
minchirp = 26.1164169051522
maxchirp = 26.1166169051522
mincov = 7776041340.308649
maxcov = 777604134030.8649
