
[data]
trigger-time = 1591869413.6839292
injection-file = /work/shashwat.singh/Prospects-of-LGWs/unlens/injection.hdf

[global]
instruments = H1 V1 L1 I1 K1
mass1_ref = 30.000000003262922
mass2_ref = 30.000000004679308
minchirp = 26.11641690234078
maxchirp = 26.11661690234078
mincov = 3713778159.711286
maxcov = 371377815971.1286
