
[data]
trigger-time = 1254294391.5705707
injection-file = /work/shashwat.singh/Prospects-of-LGWs/unlens/injection.hdf

[global]
instruments = H1 V1 L1 I1 K1
mass1_ref = 30.00000000396275
mass2_ref = 30.00000000315799
minchirp = 26.116416901983207
maxchirp = 26.116616901983207
mincov = 21488428679.984764
maxcov = 2148842867998.4766
