
[data]
trigger-time = 1185182397.5979817
injection-file = /work/shashwat.singh/Prospects-of-LGWs/unlens/injection.hdf

[global]
instruments = H1 V1 L1 I1 K1
mass1_ref = 30.00000000473313
mass2_ref = 30.000000005139267
minchirp = 26.116416903180937
maxchirp = 26.116616903180937
mincov = 80243252626.96913
maxcov = 8024325262696.913
