
[data]
trigger-time = 1899701132.0135484
injection-file = /work/shashwat.singh/Prospects-of-LGWs/unlens/injection.hdf

[global]
instruments = H1 V1 L1 I1 K1
mass1_ref = 30.000000001107246
mass2_ref = 30.000000009191588
minchirp = 26.116416903366552
maxchirp = 26.116616903366552
mincov = 27603117254.836475
maxcov = 2760311725483.6475
