
[data]
trigger-time = 1349847269.950432
injection-file = /work/shashwat.singh/Prospects-of-LGWs/unlens/injection.hdf

[global]
instruments = H1 V1 L1 I1 K1
mass1_ref = 30.0000000002431
mass2_ref = 30.000000005015412
minchirp = 26.116416901172624
maxchirp = 26.116616901172623
mincov = 15220812566.014584
maxcov = 1522081256601.4585
