
[data]
trigger-time = 1737042696.4372907
injection-file = /work/shashwat.singh/Prospects-of-LGWs/unlens/injection.hdf

[global]
instruments = H1 V1 L1 I1 K1
mass1_ref = 30.000000008929785
mass2_ref = 30.000000008491906
minchirp = 26.116416906466956
maxchirp = 26.116616906466955
mincov = 19090189658.68459
maxcov = 1909018965868.459
