
[data]
trigger-time = 1834314562.4462585
injection-file = /work/shashwat.singh/Prospects-of-LGWs/unlens/injection.hdf

[global]
instruments = H1 V1 L1 I1 K1
mass1_ref = 30.0000000043732
mass2_ref = 30.000000003684754
minchirp = 26.11641690239115
maxchirp = 26.11661690239115
mincov = 310923356.3967158
maxcov = 31092335639.671585
