
[data]
trigger-time = 1295906366.07877
injection-file = /work/shashwat.singh/Prospects-of-LGWs/unlens/injection.hdf

[global]
instruments = H1 V1 L1 I1 K1
mass1_ref = 30.00000000126675
mass2_ref = 30.000000008857334
minchirp = 26.11641690329049
maxchirp = 26.11661690329049
mincov = 28714767756.89384
maxcov = 2871476775689.3843
