
[data]
trigger-time = 1361759313.0971913
injection-file = /work/shashwat.singh/Prospects-of-LGWs/unlens/injection.hdf

[global]
instruments = H1 V1 L1 I1 K1
mass1_ref = 30.00000000787074
mass2_ref = 30.000000009084516
minchirp = 26.11641690626393
maxchirp = 26.11661690626393
mincov = 8370343505.341962
maxcov = 837034350534.1962
