
[data]
trigger-time = 1831173112.3028936
injection-file = /work/shashwat.singh/Prospects-of-LGWs/unlens/injection.hdf

[global]
instruments = H1 V1 L1 I1 K1
mass1_ref = 30.00000000317509
mass2_ref = 30.000000000612605
minchirp = 26.116416900532414
maxchirp = 26.116616900532414
mincov = 3582064226.490303
maxcov = 358206422649.0303
