
[data]
trigger-time = 1621521502.6051881
injection-file = /work/shashwat.singh/Prospects-of-LGWs/unlens/injection.hdf

[global]
instruments = H1 V1 L1 I1 K1
mass1_ref = 30.000000007041773
mass2_ref = 30.00000000542157
minchirp = 26.11641690430871
maxchirp = 26.11661690430871
mincov = 11335853713.169727
maxcov = 1133585371316.973
