
[data]
trigger-time = 1865469626.0159547
injection-file = /work/shashwat.singh/Prospects-of-LGWs/unlens/injection.hdf

[global]
instruments = H1 V1 L1 I1 K1
mass1_ref = 30.000000007182532
mass2_ref = 30.000000005857046
minchirp = 26.116416904559532
maxchirp = 26.11661690455953
mincov = 133113403785.50716
maxcov = 13311340378550.715
