
[data]
trigger-time = 1521648337.8012457
injection-file = /work/shashwat.singh/Prospects-of-LGWs/unlens/injection.hdf

[global]
instruments = H1 V1 L1 I1 K1
mass1_ref = 30.000000008735302
mass2_ref = 30.000000002356927
minchirp = 26.116416903711897
maxchirp = 26.116616903711897
mincov = 52976186.46113971
maxcov = 5297618646.113971
