
[data]
trigger-time = 1075117500.068972
injection-file = /work/shashwat.singh/Prospects-of-LGWs/unlens/injection.hdf

[global]
instruments = H1 V1 L1 I1 K1
mass1_ref = 30.000000004606026
mass2_ref = 30.000000007361717
minchirp = 26.116416904092986
maxchirp = 26.116616904092986
mincov = 36834741438.10106
maxcov = 3683474143810.1064
