
[data]
trigger-time = 1314180174.6392822
injection-file = /work/shashwat.singh/Prospects-of-LGWs/unlens/injection.hdf

[global]
instruments = H1 V1 L1 I1 K1
mass1_ref = 30.000000004867765
mass2_ref = 30.000000000224954
minchirp = 26.11641690110046
maxchirp = 26.11661690110046
mincov = 42419015837.040825
maxcov = 4241901583704.0825
