
[data]
trigger-time = 1050288722.140466
injection-file = /work/shashwat.singh/Prospects-of-LGWs/unlens/injection.hdf

[global]
instruments = H1 V1 L1 I1 K1
mass1_ref = 30.00000000845447
mass2_ref = 30.000000008234377
minchirp = 26.11641690614797
maxchirp = 26.116616906147968
mincov = 9053425119.785456
maxcov = 905342511978.5455
