
[data]
trigger-time = 1290580103.5104356
injection-file = /work/shashwat.singh/Prospects-of-LGWs/unlens/injection.hdf

[global]
instruments = H1 V1 L1 I1 K1
mass1_ref = 30.000000002802285
mass2_ref = 30.00000000942962
minchirp = 26.11641690420797
maxchirp = 26.11661690420797
mincov = 15663647831.25824
maxcov = 1566364783125.824
