
[data]
trigger-time = 1815009367.2132754
injection-file = /work/shashwat.singh/Prospects-of-LGWs/unlens/injection.hdf

[global]
instruments = H1 V1 L1 I1 K1
mass1_ref = 30.000000008717684
mass2_ref = 30.000000000575625
minchirp = 26.116416902928872
maxchirp = 26.11661690292887
mincov = 24560194543.852303
maxcov = 2456019454385.23
