
[data]
trigger-time = 1799062826.3452249
injection-file = /work/shashwat.singh/Prospects-of-LGWs/unlens/injection.hdf

[global]
instruments = H1 V1 L1 I1 K1
mass1_ref = 30.000000007882004
mass2_ref = 30.00000000867144
minchirp = 26.11641690608903
maxchirp = 26.11661690608903
mincov = 390465858.76895916
maxcov = 39046585876.89591
