
[data]
trigger-time = 1631930494.347319
injection-file = /work/shashwat.singh/Prospects-of-LGWs/unlens/injection.hdf

[global]
instruments = H1 V1 L1 I1 K1
mass1_ref = 30.00000000328537
mass2_ref = 30.000000003330644
minchirp = 26.11641690176351
maxchirp = 26.11661690176351
mincov = 25576843172.100697
maxcov = 2557684317210.0693
