
[data]
trigger-time = 1978986217.673851
injection-file = /work/shashwat.singh/Prospects-of-LGWs/unlens/injection.hdf

[global]
instruments = C1 C2
mass1_ref = 30.000000004038373
mass2_ref = 30.00000000613683
minchirp = 26.11641690331274
maxchirp = 26.11661690331274
mincov = 33463815657.24518
maxcov = 3346381565724.5176
