
[data]
trigger-time = 1150828140.5357199
injection-file = /work/shashwat.singh/Prospects-of-LGWs/unlens/injection.hdf

[global]
instruments = C1 C2
mass1_ref = 30.000000007280594
mass2_ref = 30.000000005366644
minchirp = 26.116416904388753
maxchirp = 26.116616904388753
mincov = 76314684302.49037
maxcov = 7631468430249.037
