
[data]
trigger-time = 1664890974.237249
injection-file = /work/shashwat.singh/Prospects-of-LGWs/unlens/injection.hdf

[global]
instruments = C1 C2
mass1_ref = 30.000000004541185
mass2_ref = 30.000000007122896
minchirp = 26.11641690396081
maxchirp = 26.11661690396081
mincov = 175316856756.36774
maxcov = 17531685675636.775
