
[data]
trigger-time = 1672660083.070754
injection-file = /work/shashwat.singh/Prospects-of-LGWs/unlens/injection.hdf

[global]
instruments = C1 C2
mass1_ref = 30.00000000842438
mass2_ref = 30.000000008932023
minchirp = 26.116416906438538
maxchirp = 26.116616906438537
mincov = 112432316671.58179
maxcov = 11243231667158.18
