
[data]
trigger-time = 1237804407.7285495
injection-file = /work/shashwat.singh/Prospects-of-LGWs/unlens/injection.hdf

[global]
instruments = C1 C2
mass1_ref = 30.00000000496659
mass2_ref = 30.00000000761155
minchirp = 26.11641690435868
maxchirp = 26.11661690435868
mincov = 129743264921.36052
maxcov = 12974326492136.053
