
[data]
trigger-time = 1202530504.8122764
injection-file = /work/shashwat.singh/Prospects-of-LGWs/unlens/injection.hdf

[global]
instruments = C1 C2
mass1_ref = 30.000000003707612
mass2_ref = 30.000000001565244
minchirp = 26.11641690117887
maxchirp = 26.11661690117887
mincov = 157612335932.26935
maxcov = 15761233593226.936
