
[data]
trigger-time = 1457165083.779426
injection-file = /work/shashwat.singh/Prospects-of-LGWs/unlens/injection.hdf

[global]
instruments = C1 C2
mass1_ref = 30.000000001004654
mass2_ref = 30.00000000246477
minchirp = 26.11641690039388
maxchirp = 26.11661690039388
mincov = 481738104.4759954
maxcov = 48173810447.59955
