
[data]
trigger-time = 1862862291.9572682
injection-file = /work/shashwat.singh/Prospects-of-LGWs/unlens/injection.hdf

[global]
instruments = C1 C2
mass1_ref = 30.000000004997684
mass2_ref = 30.000000007441454
minchirp = 26.116416904298173
maxchirp = 26.116616904298173
mincov = 150755840853.03714
maxcov = 15075584085303.713
