
[data]
trigger-time = 1802115290.974611
injection-file = /work/shashwat.singh/Prospects-of-LGWs/unlens/injection.hdf

[global]
instruments = C1 C2
mass1_ref = 30.000000002876174
mass2_ref = 30.000000001707104
minchirp = 26.11641690087871
maxchirp = 26.11661690087871
mincov = 36050358413.7412
maxcov = 3605035841374.1206
