
[data]
trigger-time = 1051387211.6366425
injection-file = /work/shashwat.singh/Prospects-of-LGWs/unlens/injection.hdf

[global]
instruments = C1 C2
mass1_ref = 30.000000007675155
mass2_ref = 30.000000004389413
minchirp = 26.116416904135132
maxchirp = 26.11661690413513
mincov = 41912936501.8256
maxcov = 4191293650182.5596
