
[data]
trigger-time = 1221316273.3739116
injection-file = /work/shashwat.singh/Prospects-of-LGWs/unlens/injection.hdf

[global]
instruments = C1 C2
mass1_ref = 30.00000000460703
mass2_ref = 30.000000008672263
minchirp = 26.116416904663875
maxchirp = 26.116616904663875
mincov = 124884823845.00253
maxcov = 12488482384500.254
