
[data]
trigger-time = 1000617915.425744
injection-file = /work/shashwat.singh/Prospects-of-LGWs/unlens/injection.hdf

[global]
instruments = C1 C2
mass1_ref = 30.00000000374933
mass2_ref = 30.00000000147517
minchirp = 26.11641690115782
maxchirp = 26.11661690115782
mincov = 163787239815.84283
maxcov = 16378723981584.285
