
[data]
trigger-time = 1124887493.1941056
injection-file = /work/shashwat.singh/Prospects-of-LGWs/unlens/injection.hdf

[global]
instruments = C1 C2
mass1_ref = 30.00000000694534
mass2_ref = 30.000000002581977
minchirp = 26.116416903030732
maxchirp = 26.11661690303073
mincov = 132200037443.37387
maxcov = 13220003744337.387
