
[data]
trigger-time = 1662506912.553039
injection-file = /work/shashwat.singh/Prospects-of-LGWs/unlens/injection.hdf

[global]
instruments = C1 C2
mass1_ref = 30.000000001970502
mass2_ref = 30.000000006240725
minchirp = 26.11641690245787
maxchirp = 26.11661690245787
mincov = 153282782732.54166
maxcov = 15328278273254.164
