
[data]
trigger-time = 1846291607.9388769
injection-file = /work/shashwat.singh/Prospects-of-LGWs/unlens/injection.hdf

[global]
instruments = C1 C2
mass1_ref = 30.000000009296752
mass2_ref = 30.000000004656062
minchirp = 26.11641690495704
maxchirp = 26.116616904957038
mincov = 18663832193.234142
maxcov = 1866383219323.4143
