
[data]
trigger-time = 1146050717.7330484
injection-file = /work/shashwat.singh/Prospects-of-LGWs/unlens/injection.hdf

[global]
instruments = C1 C2
mass1_ref = 30.00000000947062
mass2_ref = 30.00000000735081
minchirp = 26.11641690620568
maxchirp = 26.116616906205678
mincov = 116835066469.3291
maxcov = 11683506646932.91
