
[data]
trigger-time = 1344734589.141804
injection-file = /work/shashwat.singh/Prospects-of-LGWs/unlens/injection.hdf

[global]
instruments = C1 C2
mass1_ref = 30.000000009770687
mass2_ref = 30.000000004175366
minchirp = 26.116416904954093
maxchirp = 26.116616904954093
mincov = 177468616972.61304
maxcov = 17746861697261.305
