
[data]
trigger-time = 1548588097.6441612
injection-file = /work/shashwat.singh/Prospects-of-LGWs/unlens/injection.hdf

[global]
instruments = C1 C2
mass1_ref = 30.000000004584574
mass2_ref = 30.00000000424569
minchirp = 26.11641690272732
maxchirp = 26.11661690272732
mincov = 94115602994.58575
maxcov = 9411560299458.576
