
[data]
trigger-time = 1147620192.2852976
injection-file = /home/ss/Prospects-of-LGWs/unlens/injection.hdf

[global]
instruments = C1
mass1_ref = 30.000000005103317
mass2_ref = 30.000000007182372
minchirp = 26.116416904231382
maxchirp = 26.116616904231382
mincov = 12152322120.340715
maxcov = 1215232212034.0715
