
[data]
trigger-time = 1900178806.5052729
injection-file = /work/shashwat.singh/Prospects-of-LGWs/unlens/injection.hdf

[global]
instruments = C1 C2
mass1_ref = 30.00000000789115
mass2_ref = 30.000000008811636
minchirp = 26.116416906154033
maxchirp = 26.116616906154032
mincov = 121319614763.58443
maxcov = 12131961476358.441
