
[data]
trigger-time = 1778602728.099411
injection-file = /work/shashwat.singh/Prospects-of-LGWs/unlens/injection.hdf

[global]
instruments = C1 C2
mass1_ref = 30.000000007638718
mass2_ref = 30.000000000717232
minchirp = 26.116416902520864
maxchirp = 26.116616902520864
mincov = 9113651805.204872
maxcov = 911365180520.4872
