
[data]
trigger-time = 1952653951.5293646
injection-file = /work/shashwat.singh/Prospects-of-LGWs/unlens/injection.hdf

[global]
instruments = C1 C2
mass1_ref = 30.000000003863104
mass2_ref = 30.00000000514983
minchirp = 26.116416902806833
maxchirp = 26.116616902806832
mincov = 4781921016.307169
maxcov = 478192101630.7169
