
[data]
trigger-time = 1809060957.3198957
injection-file = /work/shashwat.singh/Prospects-of-LGWs/unlens/injection.hdf

[global]
instruments = C1 C2
mass1_ref = 30.000000003714952
mass2_ref = 30.000000000998035
minchirp = 26.11641690093517
maxchirp = 26.11661690093517
mincov = 13517245211.900625
maxcov = 1351724521190.0625
