
[data]
trigger-time = 1288484090.5009317
injection-file = /work/shashwat.singh/Prospects-of-LGWs/unlens/injection.hdf

[global]
instruments = C1 C2
mass1_ref = 30.00000000236721
mass2_ref = 30.00000000988442
minchirp = 26.116416904216557
maxchirp = 26.116616904216556
mincov = 75154589330.28749
maxcov = 7515458933028.749
