
[data]
trigger-time = 1042395073.7418175
injection-file = /work/shashwat.singh/Prospects-of-LGWs/unlens/injection.hdf

[global]
instruments = C1 C2
mass1_ref = 30.000000001180837
mass2_ref = 30.00000000298324
minchirp = 26.116416900696244
maxchirp = 26.116616900696243
mincov = 96965780633.2437
maxcov = 9696578063324.371
