
[data]
trigger-time = 1458094889.9857213
injection-file = /work/shashwat.singh/Prospects-of-LGWs/unlens/injection.hdf

[global]
instruments = C1 C2
mass1_ref = 30.000000003913886
mass2_ref = 30.00000000005501
minchirp = 26.116416900611284
maxchirp = 26.116616900611284
mincov = 22997963909.012833
maxcov = 2299796390901.283
