
[data]
trigger-time = 1102690041.862502
injection-file = /work/shashwat.singh/Prospects-of-LGWs/unlens/injection.hdf

[global]
instruments = C1 C2
mass1_ref = 30.000000000267757
mass2_ref = 30.000000006584678
minchirp = 26.116416901866423
maxchirp = 26.116616901866422
mincov = 12426471483.463215
maxcov = 1242647148346.3215
