
[data]
trigger-time = 1516887102.7562528
injection-file = /work/shashwat.singh/Prospects-of-LGWs/unlens/injection.hdf

[global]
instruments = C1 C2
mass1_ref = 30.000000001545878
mass2_ref = 30.00000000241556
minchirp = 26.11641690060804
maxchirp = 26.11661690060804
mincov = 159900879184.4383
maxcov = 15990087918443.83
