
[data]
trigger-time = 1094545320.3118281
injection-file = /work/shashwat.singh/Prospects-of-LGWs/unlens/injection.hdf

[global]
instruments = C1 C2
mass1_ref = 30.00000000821129
mass2_ref = 30.00000000443883
minchirp = 26.11641690439001
maxchirp = 26.11661690439001
mincov = 72708883356.3964
maxcov = 7270888335639.639
