
[data]
trigger-time = 1542205474.0514834
injection-file = /work/shashwat.singh/Prospects-of-LGWs/unlens/injection.hdf

[global]
instruments = C1 C2
mass1_ref = 30.000000004120885
mass2_ref = 30.000000002458645
minchirp = 26.116416901747634
maxchirp = 26.116616901747634
mincov = 34856039934.478485
maxcov = 3485603993447.8486
