
[data]
trigger-time = 1573477922.6861188
injection-file = /work/shashwat.singh/Prospects-of-LGWs/unlens/injection.hdf

[global]
instruments = C1 C2
mass1_ref = 30.000000003810495
mass2_ref = 30.000000003854694
minchirp = 26.116416902220195
maxchirp = 26.116616902220194
mincov = 144460189993.4789
maxcov = 14446018999347.89
