
[data]
trigger-time = 1741372243.878035
injection-file = /work/shashwat.singh/Prospects-of-LGWs/unlens/injection.hdf

[global]
instruments = C1 C2
mass1_ref = 30.000000009713453
mass2_ref = 30.00000000319537
minchirp = 26.116416904502618
maxchirp = 26.116616904502617
mincov = 68593988297.97308
maxcov = 6859398829797.309
