
[data]
trigger-time = 1716081206.7318058
injection-file = /work/shashwat.singh/Prospects-of-LGWs/unlens/injection.hdf

[global]
instruments = C1 C2
mass1_ref = 30.000000007898265
mass2_ref = 30.000000006597844
minchirp = 26.11641690519352
maxchirp = 26.11661690519352
mincov = 19632941805.451946
maxcov = 1963294180545.1948
