
[data]
trigger-time = 1615284292.4492176
injection-file = /work/shashwat.singh/Prospects-of-LGWs/unlens/injection.hdf

[global]
instruments = C1 C2
mass1_ref = 30.000000001044736
mass2_ref = 30.000000006149143
minchirp = 26.116416902015043
maxchirp = 26.116616902015043
mincov = 91881388746.69006
maxcov = 9188138874669.006
