
[data]
trigger-time = 1846655717.2970505
injection-file = /work/shashwat.singh/Prospects-of-LGWs/unlens/injection.hdf

[global]
instruments = C1 C2
mass1_ref = 30.00000000787945
mass2_ref = 30.000000000771752
minchirp = 26.116416902649377
maxchirp = 26.116616902649376
mincov = 788113207.3380256
maxcov = 78811320733.80255
