
[data]
trigger-time = 1218915667.6853049
injection-file = /work/shashwat.singh/Prospects-of-LGWs/unlens/injection.hdf

[global]
instruments = C1 C2
mass1_ref = 30.000000004566733
mass2_ref = 30.000000002171586
minchirp = 26.11641690181675
maxchirp = 26.116616901816748
mincov = 81587298122.45538
maxcov = 8158729812245.538
