
[data]
trigger-time = 1307086778.014687
injection-file = /work/shashwat.singh/Prospects-of-LGWs/unlens/injection.hdf

[global]
instruments = C1 C2
mass1_ref = 30.00000000693768
mass2_ref = 30.000000003527642
minchirp = 26.11641690343902
maxchirp = 26.11661690343902
mincov = 178216568016.17303
maxcov = 17821656801617.305
