
[data]
trigger-time = 1025927516.4004724
injection-file = /work/shashwat.singh/Prospects-of-LGWs/unlens/injection.hdf

[global]
instruments = C1 C2
mass1_ref = 30.00000000483126
mass2_ref = 30.000000008308454
minchirp = 26.11641690460312
maxchirp = 26.11661690460312
mincov = 137260740032.4
maxcov = 13726074003240.0
