
[data]
trigger-time = 1073120116.9670916
injection-file = /work/shashwat.singh/Prospects-of-LGWs/unlens/injection.hdf

[global]
instruments = C1 C2
mass1_ref = 30.000000006547694
mass2_ref = 30.000000007324402
minchirp = 26.116416904921905
maxchirp = 26.116616904921905
mincov = 162053608127.75638
maxcov = 16205360812775.637
