
[data]
trigger-time = 1990193200.955933
injection-file = /work/shashwat.singh/Prospects-of-LGWs/unlens/injection.hdf

[global]
instruments = C1 C2
mass1_ref = 30.000000006958317
mass2_ref = 30.00000000697992
minchirp = 26.116416904950697
maxchirp = 26.116616904950696
mincov = 116610344.40291491
maxcov = 11661034440.29149
