
[data]
trigger-time = 1303543918.6891198
injection-file = /work/shashwat.singh/Prospects-of-LGWs/unlens/injection.hdf

[global]
instruments = C1 C2
mass1_ref = 30.000000000035076
mass2_ref = 30.000000003038803
minchirp = 26.116416900221708
maxchirp = 26.116616900221707
mincov = 24393750090.561058
maxcov = 2439375009056.106
