
[data]
trigger-time = 1404340438.3139725
injection-file = /work/shashwat.singh/Prospects-of-LGWs/unlens/injection.hdf

[global]
instruments = C1 C2
mass1_ref = 30.000000004221043
mass2_ref = 30.000000004663924
minchirp = 26.11641690275113
maxchirp = 26.11661690275113
mincov = 137647603187.13812
maxcov = 13764760318713.81
