
[data]
trigger-time = 1228152474.637611
injection-file = /work/shashwat.singh/Prospects-of-LGWs/unlens/injection.hdf

[global]
instruments = C1 C2
mass1_ref = 30.000000008613473
mass2_ref = 30.00000000596229
minchirp = 26.116416905228192
maxchirp = 26.11661690522819
mincov = 120265397846.27303
maxcov = 12026539784627.303
