
[data]
trigger-time = 1987333290.7594738
injection-file = /work/shashwat.singh/Prospects-of-LGWs/unlens/injection.hdf

[global]
instruments = C1 C2
mass1_ref = 30.000000006852215
mass2_ref = 30.000000006838516
minchirp = 26.11641690484296
maxchirp = 26.11661690484296
mincov = 11905252494.897913
maxcov = 1190525249489.7913
