
[data]
trigger-time = 1702837273.833409
injection-file = /work/shashwat.singh/Prospects-of-LGWs/unlens/injection.hdf

[global]
instruments = C1 C2
mass1_ref = 30.00000000993754
mass2_ref = 30.00000000191929
minchirp = 26.11641690404471
maxchirp = 26.116616904044708
mincov = 130724205584.14233
maxcov = 13072420558414.234
