
[data]
trigger-time = 1709687533.9659886
injection-file = /work/shashwat.singh/Prospects-of-LGWs/unlens/injection.hdf

[global]
instruments = C1 C2
mass1_ref = 30.000000005784695
mass2_ref = 30.00000000251086
minchirp = 26.116416902494574
maxchirp = 26.116616902494574
mincov = 58487385263.032936
maxcov = 5848738526303.293
