
[data]
trigger-time = 1303542504.3558373
injection-file = /work/shashwat.singh/Prospects-of-LGWs/unlens/injection.hdf

[global]
instruments = C1 C2
mass1_ref = 30.00000000187068
mass2_ref = 30.000000003676227
minchirp = 26.116416901298155
maxchirp = 26.116616901298155
mincov = 785287613.2849323
maxcov = 78528761328.49323
