
[data]
trigger-time = 1843263378.0597997
injection-file = /work/shashwat.singh/Prospects-of-LGWs/unlens/injection.hdf

[global]
instruments = C1 C2
mass1_ref = 30.000000007785935
mass2_ref = 30.000000007683685
minchirp = 26.116416905617267
maxchirp = 26.116616905617267
mincov = 142153042919.22562
maxcov = 14215304291922.56
