
[data]
trigger-time = 1070854462.0472498
injection-file = /work/shashwat.singh/Prospects-of-LGWs/unlens/injection.hdf

[global]
instruments = C1 C2
mass1_ref = 30.000000000766537
mass2_ref = 30.000000005722793
minchirp = 26.11641690170837
maxchirp = 26.11661690170837
mincov = 19734247986.35924
maxcov = 1973424798635.924
