
[data]
trigger-time = 1418463019.7807727
injection-file = /work/shashwat.singh/Prospects-of-LGWs/unlens/injection.hdf

[global]
instruments = C1 C2
mass1_ref = 30.000000005609877
mass2_ref = 30.000000005652034
minchirp = 26.116416903785755
maxchirp = 26.116616903785754
mincov = 124452930213.74854
maxcov = 12445293021374.854
