
[data]
trigger-time = 1655942132.625508
injection-file = /work/shashwat.singh/Prospects-of-LGWs/unlens/injection.hdf

[global]
instruments = C1 C2
mass1_ref = 30.000000009405003
mass2_ref = 30.000000001729155
minchirp = 26.11641690373015
maxchirp = 26.11661690373015
mincov = 156021419666.2051
maxcov = 15602141966620.51
