
[data]
trigger-time = 1276307787.807627
injection-file = /work/shashwat.singh/Prospects-of-LGWs/unlens/injection.hdf

[global]
instruments = C1 C2
mass1_ref = 30.00000000160041
mass2_ref = 30.0000000019361
minchirp = 26.11641690042308
maxchirp = 26.11661690042308
mincov = 154747204177.51706
maxcov = 15474720417751.707
