
[data]
trigger-time = 1127837105.678776
injection-file = /work/shashwat.singh/Prospects-of-LGWs/unlens/injection.hdf

[global]
instruments = C1 C2
mass1_ref = 30.000000008259917
mass2_ref = 30.0000000038646
minchirp = 26.116416904161227
maxchirp = 26.116616904161226
mincov = 30221489933.809937
maxcov = 3022148993380.9937
