
[data]
trigger-time = 1745517181.672573
injection-file = /work/shashwat.singh/Prospects-of-LGWs/unlens/injection.hdf

[global]
instruments = C1 C2
mass1_ref = 30.000000008162488
mass2_ref = 30.00000000468043
minchirp = 26.11641690447393
maxchirp = 26.11661690447393
mincov = 25903421313.078663
maxcov = 2590342131307.866
