
[data]
trigger-time = 1546517457.4003077
injection-file = /work/shashwat.singh/Prospects-of-LGWs/unlens/injection.hdf

[global]
instruments = C1 C2
mass1_ref = 30.00000000764016
mass2_ref = 30.00000000305281
minchirp = 26.11641690353811
maxchirp = 26.11661690353811
mincov = 47626678186.99928
maxcov = 4762667818699.929
