
[data]
trigger-time = 1073072522.7074083
injection-file = /work/shashwat.singh/Prospects-of-LGWs/unlens/injection.hdf

[global]
instruments = C1 C2
mass1_ref = 30.000000002651927
mass2_ref = 30.000000009285273
minchirp = 26.116416904079692
maxchirp = 26.11661690407969
mincov = 33888876000.819134
maxcov = 3388887600081.9136
