
[data]
trigger-time = 1572427050.963024
injection-file = /work/shashwat.singh/Prospects-of-LGWs/unlens/injection.hdf

[global]
instruments = C1 C2
mass1_ref = 30.0000000001772
mass2_ref = 30.000000005158622
minchirp = 26.116416901206275
maxchirp = 26.116616901206275
mincov = 100018590901.39255
maxcov = 10001859090139.254
