
[data]
trigger-time = 1182110447.7885053
injection-file = /work/shashwat.singh/Prospects-of-LGWs/unlens/injection.hdf

[global]
instruments = C1 C2
mass1_ref = 30.00000000697276
mass2_ref = 30.00000000179213
minchirp = 26.116416902698862
maxchirp = 26.116616902698862
mincov = 164048427578.15076
maxcov = 16404842757815.076
