
[data]
trigger-time = 1235575782.2673879
injection-file = /work/shashwat.singh/Prospects-of-LGWs/unlens/injection.hdf

[global]
instruments = C1 C2
mass1_ref = 30.000000000475858
mass2_ref = 30.000000000715076
minchirp = 26.116416899402108
maxchirp = 26.116616899402107
mincov = 70776100250.63254
maxcov = 7077610025063.253
