
[data]
trigger-time = 1449313049.8406482
injection-file = /work/shashwat.singh/Prospects-of-LGWs/unlens/injection.hdf

[global]
instruments = C1 C2
mass1_ref = 30.000000007617007
mass2_ref = 30.000000002426916
minchirp = 26.116416903255594
maxchirp = 26.116616903255593
mincov = 120264251938.29642
maxcov = 12026425193829.64
