
[data]
trigger-time = 1067484019.9858973
injection-file = /work/shashwat.singh/Prospects-of-LGWs/unlens/injection.hdf

[global]
instruments = C1 C2
mass1_ref = 30.00000000613637
mass2_ref = 30.00000000090363
minchirp = 26.116416901948064
maxchirp = 26.116616901948063
mincov = 122499778722.0841
maxcov = 12249977872208.41
