
[data]
trigger-time = 1292737076.3493972
injection-file = /work/shashwat.singh/Prospects-of-LGWs/unlens/injection.hdf

[global]
instruments = C1 C2
mass1_ref = 30.000000000064563
mass2_ref = 30.000000003412623
minchirp = 26.116416900397258
maxchirp = 26.116616900397258
mincov = 75232920685.23679
maxcov = 7523292068523.678
