
[data]
trigger-time = 1002092818.542645
injection-file = /work/shashwat.singh/Prospects-of-LGWs/unlens/injection.hdf

[global]
instruments = C1 C2
mass1_ref = 30.00000000246166
mass2_ref = 30.000000003627804
minchirp = 26.11641690153432
maxchirp = 26.116616901534318
mincov = 114526800842.59634
maxcov = 11452680084259.633
