
[data]
trigger-time = 1550511413.7879257
injection-file = /work/shashwat.singh/Prospects-of-LGWs/unlens/injection.hdf

[global]
instruments = C1 C2
mass1_ref = 30.000000006163273
mass2_ref = 30.00000000128281
minchirp = 26.11641690212482
maxchirp = 26.116616902124818
mincov = 118997960066.21463
maxcov = 11899796006621.463
