
[data]
trigger-time = 1602870945.9501898
injection-file = /work/shashwat.singh/Prospects-of-LGWs/unlens/injection.hdf

[global]
instruments = C1 C2
mass1_ref = 30.000000001319275
mass2_ref = 30.000000001083027
minchirp = 26.116416899929387
maxchirp = 26.116616899929387
mincov = 136265743648.16687
maxcov = 13626574364816.688
