
[data]
trigger-time = 1316267553.326726
injection-file = /work/shashwat.singh/Prospects-of-LGWs/unlens/injection.hdf

[global]
instruments = C1 C2
mass1_ref = 30.000000003720633
mass2_ref = 30.000000006219253
minchirp = 26.11641690321031
maxchirp = 26.11661690321031
mincov = 167241281497.38
maxcov = 16724128149738.0
