
[data]
trigger-time = 1895260852.074726
injection-file = /work/shashwat.singh/Prospects-of-LGWs/unlens/injection.hdf

[global]
instruments = C1 C2
mass1_ref = 30.00000000205855
mass2_ref = 30.000000008369017
minchirp = 26.116416903422586
maxchirp = 26.116616903422585
mincov = 1003209602.0509233
maxcov = 100320960205.09233
