
[data]
trigger-time = 1224740327.9423194
injection-file = /work/shashwat.singh/Prospects-of-LGWs/unlens/injection.hdf

[global]
instruments = C1 C2
mass1_ref = 30.000000008817842
mass2_ref = 30.00000000460805
minchirp = 26.116416904727686
maxchirp = 26.116616904727685
mincov = 175972560146.91534
maxcov = 17597256014691.535
