
[data]
trigger-time = 1036776179.3899277
injection-file = /work/shashwat.singh/Prospects-of-LGWs/unlens/injection.hdf

[global]
instruments = C1 C2
mass1_ref = 30.00000000337958
mass2_ref = 30.00000000924322
minchirp = 26.116416904378116
maxchirp = 26.116616904378116
mincov = 22786014040.294178
maxcov = 2278601404029.418
