
[data]
trigger-time = 1496719306.4973803
injection-file = /work/shashwat.singh/Prospects-of-LGWs/unlens/injection.hdf

[global]
instruments = C1 C2
mass1_ref = 30.000000004801553
mass2_ref = 30.000000007787325
minchirp = 26.11641690436335
maxchirp = 26.11661690436335
mincov = 179181925558.997
maxcov = 17918192555899.7
