
[data]
trigger-time = 1536519020.917236
injection-file = /work/shashwat.singh/Prospects-of-LGWs/unlens/injection.hdf

[global]
instruments = C1 C2
mass1_ref = 30.000000007000867
mass2_ref = 30.000000008425605
minchirp = 26.116416905598488
maxchirp = 26.116616905598487
mincov = 11601021240.621815
maxcov = 1160102124062.1816
