
[data]
trigger-time = 1499447846.3887596
injection-file = /work/shashwat.singh/Prospects-of-LGWs/unlens/injection.hdf

[global]
instruments = C1 C2
mass1_ref = 30.000000005064813
mass2_ref = 30.000000002507228
minchirp = 26.116416902179648
maxchirp = 26.116616902179647
mincov = 15985845534.478207
maxcov = 1598584553447.8208
