
[data]
trigger-time = 1187494895.6728342
injection-file = /work/shashwat.singh/Prospects-of-LGWs/unlens/injection.hdf

[global]
instruments = C1 C2
mass1_ref = 30.000000008739473
mass2_ref = 30.000000002674586
minchirp = 26.11641690385198
maxchirp = 26.11661690385198
mincov = 7489714942.519594
maxcov = 748971494251.9594
