
[data]
trigger-time = 1079254340.435106
injection-file = /work/shashwat.singh/Prospects-of-LGWs/unlens/injection.hdf

[global]
instruments = C1 C2
mass1_ref = 30.00000000889674
mass2_ref = 30.000000006700088
minchirp = 26.11641690567264
maxchirp = 26.11661690567264
mincov = 82711360858.99707
maxcov = 8271136085899.707
