
[data]
trigger-time = 1723114872.2330966
injection-file = /work/shashwat.singh/Prospects-of-LGWs/unlens/injection.hdf

[global]
instruments = C1 C2
mass1_ref = 30.000000001115076
mass2_ref = 30.000000009610854
minchirp = 26.116416903552455
maxchirp = 26.116616903552455
mincov = 125814919035.91577
maxcov = 12581491903591.578
