
[data]
trigger-time = 1544988771.1778748
injection-file = /work/shashwat.singh/Prospects-of-LGWs/unlens/injection.hdf

[global]
instruments = C1 C2
mass1_ref = 30.000000006127642
mass2_ref = 30.000000004357634
minchirp = 26.116416903447707
maxchirp = 26.116616903447706
mincov = 153878091504.09592
maxcov = 15387809150409.592
