
[data]
trigger-time = 1824400542.6205165
injection-file = /work/shashwat.singh/Prospects-of-LGWs/unlens/injection.hdf

[global]
instruments = C1 C2
mass1_ref = 30.000000002609504
mass2_ref = 30.000000001535433
minchirp = 26.116416900687913
maxchirp = 26.116616900687912
mincov = 105247989275.77072
maxcov = 10524798927577.072
