
[data]
trigger-time = 1408513866.9045286
injection-file = /work/shashwat.singh/Prospects-of-LGWs/unlens/injection.hdf

[global]
instruments = C1 C2
mass1_ref = 30.000000001608065
mass2_ref = 30.00000000804954
minchirp = 26.11641690308744
maxchirp = 26.11661690308744
mincov = 122180346555.16138
maxcov = 12218034655516.137
