
[data]
trigger-time = 1996617799.7128716
injection-file = /work/shashwat.singh/Prospects-of-LGWs/unlens/injection.hdf

[global]
instruments = C1 C2
mass1_ref = 30.000000008860017
mass2_ref = 30.000000006463782
minchirp = 26.116416905553795
maxchirp = 26.116616905553794
mincov = 81565329962.44466
maxcov = 8156532996244.465
