
[data]
trigger-time = 1445341559.8666577
injection-file = /work/shashwat.singh/Prospects-of-LGWs/unlens/injection.hdf

[global]
instruments = C1 C2
mass1_ref = 30.000000006763308
mass2_ref = 30.00000000339661
minchirp = 26.11641690330609
maxchirp = 26.116616903306088
mincov = 163235357559.65094
maxcov = 16323535755965.096
