
[data]
trigger-time = 1510139877.6724577
injection-file = /work/shashwat.singh/Prospects-of-LGWs/unlens/injection.hdf

[global]
instruments = C1 C2
mass1_ref = 30.000000009252766
mass2_ref = 30.000000001460023
minchirp = 26.116416903546735
maxchirp = 26.116616903546735
mincov = 151969173646.40463
maxcov = 15196917364640.465
