
[data]
trigger-time = 1549387686.9890804
injection-file = /work/shashwat.singh/Prospects-of-LGWs/unlens/injection.hdf

[global]
instruments = C1 C2
mass1_ref = 30.000000009161738
mass2_ref = 30.00000000780633
minchirp = 26.116416906269507
maxchirp = 26.116616906269506
mincov = 139323618402.77603
maxcov = 13932361840277.602
