
[data]
trigger-time = 1750692015.5980215
injection-file = /work/shashwat.singh/Prospects-of-LGWs/unlens/injection.hdf

[global]
instruments = C1 C2
mass1_ref = 30.00000000856732
mass2_ref = 30.00000000759817
minchirp = 26.116416905920165
maxchirp = 26.116616905920164
mincov = 70286911197.0419
maxcov = 7028691119704.189
