
[data]
trigger-time = 1601387885.3102162
injection-file = /work/shashwat.singh/Prospects-of-LGWs/unlens/injection.hdf

[global]
instruments = C1 C2
mass1_ref = 30.00000000038852
mass2_ref = 30.000000005104997
minchirp = 26.116416901274917
maxchirp = 26.116616901274917
mincov = 102425826076.85977
maxcov = 10242582607685.979
