
[data]
trigger-time = 1069354395.598505
injection-file = /work/shashwat.singh/Prospects-of-LGWs/unlens/injection.hdf

[global]
instruments = C1 C2
mass1_ref = 30.000000009228444
mass2_ref = 30.00000000067623
minchirp = 26.116416903194985
maxchirp = 26.116616903194984
mincov = 119242234118.95593
maxcov = 11924223411895.594
