
[data]
trigger-time = 1373602870.225158
injection-file = /work/shashwat.singh/Prospects-of-LGWs/unlens/injection.hdf

[global]
instruments = C1 C2
mass1_ref = 30.00000000821627
mass2_ref = 30.00000000937536
minchirp = 26.116416906540927
maxchirp = 26.116616906540926
mincov = 24473415281.935184
maxcov = 2447341528193.5186
