
[data]
trigger-time = 1673354672.6629257
injection-file = /work/shashwat.singh/Prospects-of-LGWs/unlens/injection.hdf

[global]
instruments = C1 C2
mass1_ref = 30.00000000828464
mass2_ref = 30.00000000105045
minchirp = 26.11641690294706
maxchirp = 26.116616902947058
mincov = 178938146298.50012
maxcov = 17893814629850.01
