
[data]
trigger-time = 1558520139.096307
injection-file = /work/shashwat.singh/Prospects-of-LGWs/unlens/injection.hdf

[global]
instruments = C1 C2
mass1_ref = 30.00000000171091
mass2_ref = 30.000000000872042
minchirp = 26.11641690000802
maxchirp = 26.11661690000802
mincov = 174078230943.57565
maxcov = 17407823094357.566
