
[data]
trigger-time = 1030168253.5993972
injection-file = /work/shashwat.singh/Prospects-of-LGWs/unlens/injection.hdf

[global]
instruments = C1 C2
mass1_ref = 30.00000000595922
mass2_ref = 30.000000001443066
minchirp = 26.116416902105755
maxchirp = 26.116616902105754
mincov = 19404147966.25642
maxcov = 1940414796625.642
