
[data]
trigger-time = 1133834258.154256
injection-file = /work/shashwat.singh/Prospects-of-LGWs/unlens/injection.hdf

[global]
instruments = C1 C2
mass1_ref = 30.000000007506802
mass2_ref = 30.000000004782805
minchirp = 26.116416904233088
maxchirp = 26.116616904233087
mincov = 93622230694.84767
maxcov = 9362223069484.768
