
[data]
trigger-time = 1826401334.8951693
injection-file = /work/shashwat.singh/Prospects-of-LGWs/unlens/injection.hdf

[global]
instruments = C1 C2
mass1_ref = 30.000000003617696
mass2_ref = 30.00000000697742
minchirp = 26.116416903495516
maxchirp = 26.116616903495515
mincov = 48181779239.017525
maxcov = 4818177923901.752
