
[data]
trigger-time = 1122863271.6602666
injection-file = /work/shashwat.singh/Prospects-of-LGWs/unlens/injection.hdf

[global]
instruments = C1 C2
mass1_ref = 30.000000005430838
mass2_ref = 30.000000005576485
minchirp = 26.11641690367494
maxchirp = 26.116616903674938
mincov = 118847913202.5344
maxcov = 11884791320253.44
