
[data]
trigger-time = 1484550845.8602135
injection-file = /work/shashwat.singh/Prospects-of-LGWs/unlens/injection.hdf

[global]
instruments = C1 C2
mass1_ref = 30.000000008569277
mass2_ref = 30.000000006839784
minchirp = 26.11641690559091
maxchirp = 26.11661690559091
mincov = 5101198130.047266
maxcov = 510119813004.7266
