
[data]
trigger-time = 1767549810.3783555
injection-file = /work/shashwat.singh/Prospects-of-LGWs/unlens/injection.hdf

[global]
instruments = C1 C2
mass1_ref = 30.00000000643405
mass2_ref = 30.00000000483758
minchirp = 26.116416903789986
maxchirp = 26.116616903789986
mincov = 100204843464.80692
maxcov = 10020484346480.691
