
[data]
trigger-time = 1220655649.8302531
injection-file = /work/shashwat.singh/Prospects-of-LGWs/unlens/injection.hdf

[global]
instruments = C1 C2
mass1_ref = 30.000000003645663
mass2_ref = 30.000000004286818
minchirp = 26.11641690233654
maxchirp = 26.11661690233654
mincov = 81789938671.14774
maxcov = 8178993867114.774
