
[data]
trigger-time = 1694776135.7820656
injection-file = /work/shashwat.singh/Prospects-of-LGWs/unlens/injection.hdf

[global]
instruments = C1 C2
mass1_ref = 30.000000009679148
mass2_ref = 30.000000006515467
minchirp = 26.11641690593284
maxchirp = 26.11661690593284
mincov = 154570578981.0237
maxcov = 15457057898102.371
