
[data]
trigger-time = 1896649674.9342036
injection-file = /work/shashwat.singh/Prospects-of-LGWs/unlens/injection.hdf

[global]
instruments = C1 C2
mass1_ref = 30.000000009032245
mass2_ref = 30.00000000902318
minchirp = 26.116416906742803
maxchirp = 26.116616906742802
mincov = 136919607922.35698
maxcov = 13691960792235.7
