
[data]
trigger-time = 1365073537.3524785
injection-file = /work/shashwat.singh/Prospects-of-LGWs/unlens/injection.hdf

[global]
instruments = C1 C2
mass1_ref = 30.000000008149215
mass2_ref = 30.00000000032021
minchirp = 26.116416902570258
maxchirp = 26.116616902570257
mincov = 17397878030.982582
maxcov = 1739787803098.2583
