
[data]
trigger-time = 1420973462.1996522
injection-file = /work/shashwat.singh/Prospects-of-LGWs/unlens/injection.hdf

[global]
instruments = C1 C2
mass1_ref = 30.000000002961457
mass2_ref = 30.000000002709136
minchirp = 26.116416901351993
maxchirp = 26.116616901351993
mincov = 1576394220.0205827
maxcov = 157639422002.05826
