
[data]
trigger-time = 1102812480.36017
injection-file = /work/shashwat.singh/Prospects-of-LGWs/unlens/injection.hdf

[global]
instruments = C1 C2
mass1_ref = 30.000000000548646
mass2_ref = 30.000000007422663
minchirp = 26.11641690235344
maxchirp = 26.11661690235344
mincov = 135916282941.08601
maxcov = 13591628294108.602
