
[data]
trigger-time = 1340193944.165936
injection-file = /work/shashwat.singh/Prospects-of-LGWs/unlens/injection.hdf

[global]
instruments = C1 C2
mass1_ref = 30.000000006141203
mass2_ref = 30.00000000200216
minchirp = 26.116416902428327
maxchirp = 26.116616902428326
mincov = 36894736835.26326
maxcov = 3689473683526.3257
