
[data]
trigger-time = 1152400073.560638
injection-file = /work/shashwat.singh/Prospects-of-LGWs/unlens/injection.hdf

[global]
instruments = C1 C2
mass1_ref = 30.0000000012754
mass2_ref = 30.0000000078189
minchirp = 26.11641690284225
maxchirp = 26.11661690284225
mincov = 17922113507.49774
maxcov = 1792211350749.7742
