
[data]
trigger-time = 1102462572.0505688
injection-file = /work/shashwat.singh/Prospects-of-LGWs/unlens/injection.hdf

[global]
instruments = C1 C2
mass1_ref = 30.000000001083567
mass2_ref = 30.000000004515975
minchirp = 26.116416901321067
maxchirp = 26.116616901321066
mincov = 37764688762.037094
maxcov = 3776468876203.71
