
[data]
trigger-time = 1103723242.28562
injection-file = /work/shashwat.singh/Prospects-of-LGWs/unlens/injection.hdf

[global]
instruments = C1 C2
mass1_ref = 30.000000005379317
mass2_ref = 30.00000000870954
minchirp = 26.11641690501626
maxchirp = 26.116616905016258
mincov = 26747981901.090355
maxcov = 2674798190109.035
