
[data]
trigger-time = 1507177514.8198109
injection-file = /work/shashwat.singh/Prospects-of-LGWs/unlens/injection.hdf

[global]
instruments = C1 C2
mass1_ref = 30.0000000003895
mass2_ref = 30.000000004396377
minchirp = 26.1164169009669
maxchirp = 26.1166169009669
mincov = 74084296953.60713
maxcov = 7408429695360.713
