
[data]
trigger-time = 1657239992.030984
injection-file = /work/shashwat.singh/Prospects-of-LGWs/unlens/injection.hdf

[global]
instruments = C1 C2
mass1_ref = 30.000000006736425
mass2_ref = 30.000000003993925
minchirp = 26.11641690355438
maxchirp = 26.11661690355438
mincov = 162227170556.47464
maxcov = 16222717055647.463
