
[data]
trigger-time = 1166276253.2915373
injection-file = /work/shashwat.singh/Prospects-of-LGWs/unlens/injection.hdf

[global]
instruments = C1 C2
mass1_ref = 30.000000004001883
mass2_ref = 30.00000000736977
minchirp = 26.116416903833525
maxchirp = 26.116616903833524
mincov = 2243325135.2234635
maxcov = 224332513522.34634
