
[data]
trigger-time = 1619595248.7652638
injection-file = /work/shashwat.singh/Prospects-of-LGWs/unlens/injection.hdf

[global]
instruments = C1 C2
mass1_ref = 30.00000000503568
mass2_ref = 30.00000000189118
minchirp = 26.116416901898816
maxchirp = 26.116616901898816
mincov = 109160164915.37091
maxcov = 10916016491537.092
