
[data]
trigger-time = 1696277220.8992648
injection-file = /work/shashwat.singh/Prospects-of-LGWs/unlens/injection.hdf

[global]
instruments = C1 C2
mass1_ref = 30.00000000747745
mass2_ref = 30.000000004133856
minchirp = 26.11641690393784
maxchirp = 26.11661690393784
mincov = 133739467967.12158
maxcov = 13373946796712.158
