
[data]
trigger-time = 1141938617.1629868
injection-file = /work/shashwat.singh/Prospects-of-LGWs/unlens/injection.hdf

[global]
instruments = C1 C2
mass1_ref = 30.000000000175998
mass2_ref = 30.000000006586138
minchirp = 26.116416901827115
maxchirp = 26.116616901827115
mincov = 108012306579.99117
maxcov = 10801230657999.117
