
[data]
trigger-time = 1761688601.6403081
injection-file = /work/shashwat.singh/Prospects-of-LGWs/unlens/injection.hdf

[global]
instruments = C1 C2
mass1_ref = 30.000000009937335
mass2_ref = 30.00000000905653
minchirp = 26.116416907151283
maxchirp = 26.116616907151283
mincov = 152210359308.58713
maxcov = 15221035930858.713
