
[data]
trigger-time = 1564009205.4258919
injection-file = /work/shashwat.singh/Prospects-of-LGWs/unlens/injection.hdf

[global]
instruments = C1 C2
mass1_ref = 30.000000004013454
mass2_ref = 30.000000004000132
minchirp = 26.11641690237184
maxchirp = 26.116616902371838
mincov = 81528988981.55252
maxcov = 8152898898155.253
