
[data]
trigger-time = 1211558768.9788132
injection-file = /work/shashwat.singh/Prospects-of-LGWs/unlens/injection.hdf

[global]
instruments = C1 C2
mass1_ref = 30.000000002985832
mass2_ref = 30.000000003256872
minchirp = 26.11641690160102
maxchirp = 26.11661690160102
mincov = 12106791394.657215
maxcov = 1210679139465.7217
