
[data]
trigger-time = 1560319979.169395
injection-file = /work/shashwat.singh/Prospects-of-LGWs/unlens/injection.hdf

[global]
instruments = C1 C2
mass1_ref = 30.00000000197392
mass2_ref = 30.00000000154098
minchirp = 26.11641690041367
maxchirp = 26.11661690041367
mincov = 107308717383.93356
maxcov = 10730871738393.357
