
[data]
trigger-time = 1681091000.6923795
injection-file = /work/shashwat.singh/Prospects-of-LGWs/unlens/injection.hdf

[global]
instruments = C1 C2
mass1_ref = 30.000000006650954
mass2_ref = 30.000000008957596
minchirp = 26.116416905677738
maxchirp = 26.116616905677738
mincov = 162930181668.74713
maxcov = 16293018166874.715
