
[data]
trigger-time = 1354809852.8220315
injection-file = /work/shashwat.singh/Prospects-of-LGWs/unlens/injection.hdf

[global]
instruments = C1 C2
mass1_ref = 30.000000008713357
mass2_ref = 30.00000000005262
minchirp = 26.11641690269934
maxchirp = 26.116616902699338
mincov = 134529099904.3251
maxcov = 13452909990432.51
