
[data]
trigger-time = 1356996548.048424
injection-file = /work/shashwat.singh/Prospects-of-LGWs/unlens/injection.hdf

[global]
instruments = C1 C2
mass1_ref = 30.000000002846853
mass2_ref = 30.000000007346017
minchirp = 26.116416903320427
maxchirp = 26.116616903320427
mincov = 83267319459.46553
maxcov = 8326731945946.553
