
[data]
trigger-time = 1167337284.1077492
injection-file = /work/shashwat.singh/Prospects-of-LGWs/unlens/injection.hdf

[global]
instruments = C1 C2
mass1_ref = 30.000000006786653
mass2_ref = 30.000000001975213
minchirp = 26.116416902697548
maxchirp = 26.116616902697547
mincov = 134761949657.04514
maxcov = 13476194965704.514
