
[data]
trigger-time = 1167181436.0967264
injection-file = /work/shashwat.singh/Prospects-of-LGWs/unlens/injection.hdf

[global]
instruments = C1 C2
mass1_ref = 30.000000004748486
mass2_ref = 30.00000000956655
minchirp = 26.116416905114704
maxchirp = 26.116616905114704
mincov = 6771183034.681356
maxcov = 677118303468.1357
