
[data]
trigger-time = 1968241201.0785751
injection-file = /work/shashwat.singh/Prospects-of-LGWs/unlens/injection.hdf

[global]
instruments = C1 C2
mass1_ref = 30.000000002704198
mass2_ref = 30.000000009985296
minchirp = 26.11641690440715
maxchirp = 26.11661690440715
mincov = 84197233459.14589
maxcov = 8419723345914.589
