
[data]
trigger-time = 1779632894.4535582
injection-file = /work/shashwat.singh/Prospects-of-LGWs/unlens/injection.hdf

[global]
instruments = C1 C2
mass1_ref = 30.00000000912342
mass2_ref = 30.000000000028415
minchirp = 26.11641690286729
maxchirp = 26.11661690286729
mincov = 62279532552.84939
maxcov = 6227953255284.939
