
[data]
trigger-time = 1502457529.0895336
injection-file = /work/shashwat.singh/Prospects-of-LGWs/unlens/injection.hdf

[global]
instruments = C1 C2
mass1_ref = 30.00000000983258
mass2_ref = 30.00000000967767
minchirp = 26.116416907376056
maxchirp = 26.116616907376056
mincov = 11175234971.486423
maxcov = 1117523497148.6423
