
[data]
trigger-time = 1823442514.5749464
injection-file = /work/shashwat.singh/Prospects-of-LGWs/unlens/injection.hdf

[global]
instruments = C1 C2
mass1_ref = 30.000000005863264
mass2_ref = 30.000000008736173
minchirp = 26.1164169052385
maxchirp = 26.116616905238498
mincov = 94292873764.41074
maxcov = 9429287376441.074
