
[data]
trigger-time = 1387883590.756104
injection-file = /work/shashwat.singh/Prospects-of-LGWs/unlens/injection.hdf

[global]
instruments = C1 C2
mass1_ref = 30.000000009608414
mass2_ref = 30.000000005237084
minchirp = 26.116416905345602
maxchirp = 26.1166169053456
mincov = 289272239.54807264
maxcov = 28927223954.807262
