
[data]
trigger-time = 1748369493.9228458
injection-file = /work/shashwat.singh/Prospects-of-LGWs/unlens/injection.hdf

[global]
instruments = C1 C2
mass1_ref = 30.000000009465598
mass2_ref = 30.000000006293142
minchirp = 26.116416905743115
maxchirp = 26.116616905743115
mincov = 27971297710.303123
maxcov = 2797129771030.3125
