
[data]
trigger-time = 1540338056.8206646
injection-file = /work/shashwat.singh/Prospects-of-LGWs/unlens/injection.hdf

[global]
instruments = C1 C2
mass1_ref = 30.000000003579576
mass2_ref = 30.000000003295643
minchirp = 26.116416901876338
maxchirp = 26.116616901876338
mincov = 153262852987.57404
maxcov = 15326285298757.404
