
[data]
trigger-time = 1117214439.1818764
injection-file = /work/shashwat.singh/Prospects-of-LGWs/unlens/injection.hdf

[global]
instruments = C1 C2
mass1_ref = 30.000000001465946
mass2_ref = 30.000000006576872
minchirp = 26.116416902384564
maxchirp = 26.116616902384564
mincov = 64145491178.62196
maxcov = 6414549117862.196
