
[data]
trigger-time = 1759366355.3533716
injection-file = /work/shashwat.singh/Prospects-of-LGWs/unlens/injection.hdf

[global]
instruments = C1 C2
mass1_ref = 30.00000000916681
mass2_ref = 30.000000000438387
minchirp = 26.116416903064632
maxchirp = 26.11661690306463
mincov = 37559746732.1245
maxcov = 3755974673212.449
