
[data]
trigger-time = 1965223056.7956128
injection-file = /work/shashwat.singh/Prospects-of-LGWs/unlens/injection.hdf

[global]
instruments = C1 C2
mass1_ref = 30.0000000073549
mass2_ref = 30.000000009035645
minchirp = 26.116416906018124
maxchirp = 26.116616906018123
mincov = 82266110227.65471
maxcov = 8226611022765.471
