
[data]
trigger-time = 1209398929.0677135
injection-file = /work/shashwat.singh/Prospects-of-LGWs/unlens/injection.hdf

[global]
instruments = C1 C2
mass1_ref = 30.000000006864553
mass2_ref = 30.000000008764378
minchirp = 26.116416905686613
maxchirp = 26.116616905686612
mincov = 341056106.02191633
maxcov = 34105610602.191635
