
[data]
trigger-time = 1069117689.152611
injection-file = /work/shashwat.singh/Prospects-of-LGWs/unlens/injection.hdf

[global]
instruments = C1 C2
mass1_ref = 30.000000003231786
mass2_ref = 30.000000008032877
minchirp = 26.116416903786956
maxchirp = 26.116616903786955
mincov = 13343458847.920267
maxcov = 1334345884792.0266
