
[data]
trigger-time = 1770267860.0699134
injection-file = /work/shashwat.singh/Prospects-of-LGWs/unlens/injection.hdf

[global]
instruments = C1 C2
mass1_ref = 30.00000000383726
mass2_ref = 30.000000002348365
minchirp = 26.116416901576176
maxchirp = 26.116616901576176
mincov = 155216889011.8638
maxcov = 15521688901186.379
