
[data]
trigger-time = 1072028032.9816484
injection-file = /work/shashwat.singh/Prospects-of-LGWs/unlens/injection.hdf

[global]
instruments = C1 C2
mass1_ref = 30.00000000076215
mass2_ref = 30.00000000116978
minchirp = 26.116416899724644
maxchirp = 26.116616899724644
mincov = 134519876324.95866
maxcov = 13451987632495.867
