
[data]
trigger-time = 1728312620.5246816
injection-file = /work/shashwat.singh/Prospects-of-LGWs/unlens/injection.hdf

[global]
instruments = C1 C2
mass1_ref = 30.000000000694925
mass2_ref = 30.000000000983945
minchirp = 26.116416899614496
maxchirp = 26.116616899614495
mincov = 77959707037.43288
maxcov = 7795970703743.287
