
[data]
trigger-time = 1957962935.4094882
injection-file = /work/shashwat.singh/Prospects-of-LGWs/unlens/injection.hdf

[global]
instruments = C1 C2
mass1_ref = 30.000000007083823
mass2_ref = 30.000000009556185
minchirp = 26.11641690612671
maxchirp = 26.11661690612671
mincov = 54534397247.12508
maxcov = 5453439724712.508
