
[data]
trigger-time = 1550813432.983023
injection-file = /work/shashwat.singh/Prospects-of-LGWs/unlens/injection.hdf

[global]
instruments = C1 C2
mass1_ref = 30.00000000029989
mass2_ref = 30.000000000685088
minchirp = 26.116416899312462
maxchirp = 26.11661689931246
mincov = 12851423243.543552
maxcov = 1285142324354.3552
