
[data]
trigger-time = 1519024380.24085
injection-file = /work/shashwat.singh/Prospects-of-LGWs/unlens/injection.hdf

[global]
instruments = C1 C2
mass1_ref = 30.000000008686314
mass2_ref = 30.000000006753737
minchirp = 26.116416905604396
maxchirp = 26.116616905604396
mincov = 162380878928.23727
maxcov = 16238087892823.729
