
[data]
trigger-time = 1628122908.6766825
injection-file = /work/shashwat.singh/Prospects-of-LGWs/unlens/injection.hdf

[global]
instruments = C1 C2
mass1_ref = 30.00000000511206
mass2_ref = 30.000000006686843
minchirp = 26.116416904019495
maxchirp = 26.116616904019494
mincov = 107522728686.16888
maxcov = 10752272868616.889
