
[data]
trigger-time = 1936948322.9875736
injection-file = /work/shashwat.singh/Prospects-of-LGWs/unlens/injection.hdf

[global]
instruments = C1 C2
mass1_ref = 30.000000009621207
mass2_ref = 30.000000008617874
minchirp = 26.116416906822746
maxchirp = 26.116616906822745
mincov = 12756572240.70332
maxcov = 1275657224070.332
