
[data]
trigger-time = 1689619936.3339922
injection-file = /work/shashwat.singh/Prospects-of-LGWs/unlens/injection.hdf

[global]
instruments = C1 C2
mass1_ref = 30.00000000795011
mass2_ref = 30.000000001955193
minchirp = 26.116416903195258
maxchirp = 26.116616903195258
mincov = 175276148.4031183
maxcov = 17527614840.31183
