
[data]
trigger-time = 1192765847.3559115
injection-file = /work/shashwat.singh/Prospects-of-LGWs/unlens/injection.hdf

[global]
instruments = C1 C2
mass1_ref = 30.000000003837485
mass2_ref = 30.000000007527106
minchirp = 26.116416903830448
maxchirp = 26.116616903830447
mincov = 142432261246.2842
maxcov = 14243226124628.42
