
[data]
trigger-time = 1271268368.767871
injection-file = /work/shashwat.singh/Prospects-of-LGWs/unlens/injection.hdf

[global]
instruments = C1 C2
mass1_ref = 30.00000000389827
mass2_ref = 30.000000006721184
minchirp = 26.11641690350611
maxchirp = 26.11661690350611
mincov = 20407435693.17891
maxcov = 2040743569317.8909
