
[data]
trigger-time = 1146702721.4451423
injection-file = /work/shashwat.singh/Prospects-of-LGWs/unlens/injection.hdf

[global]
instruments = C1 C2
mass1_ref = 30.000000003015625
mass2_ref = 30.000000005393268
minchirp = 26.11641690254391
maxchirp = 26.11661690254391
mincov = 19304460069.961155
maxcov = 1930446006996.1155
