
[data]
trigger-time = 1739902042.03027
injection-file = /work/shashwat.singh/Prospects-of-LGWs/unlens/injection.hdf

[global]
instruments = C1 C2
mass1_ref = 30.00000000496626
mass2_ref = 30.00000000583506
minchirp = 26.11641690358527
maxchirp = 26.11661690358527
mincov = 87657715574.33702
maxcov = 8765771557433.702
