
[data]
trigger-time = 1461598615.9031515
injection-file = /work/shashwat.singh/Prospects-of-LGWs/unlens/injection.hdf

[global]
instruments = C1 C2
mass1_ref = 30.00000000561672
mass2_ref = 30.00000000296007
minchirp = 26.11641690261699
maxchirp = 26.11661690261699
mincov = 93981068820.41135
maxcov = 9398106882041.135
