
[data]
trigger-time = 1455492861.516017
injection-file = /work/shashwat.singh/Prospects-of-LGWs/unlens/injection.hdf

[global]
instruments = C1 C2
mass1_ref = 30.0000000022348
mass2_ref = 30.00000000228108
minchirp = 26.116416900849377
maxchirp = 26.116616900849376
mincov = 159368880465.8189
maxcov = 15936888046581.893
