
[data]
trigger-time = 1474325110.0154088
injection-file = /work/shashwat.singh/Prospects-of-LGWs/unlens/injection.hdf

[global]
instruments = C1 C2
mass1_ref = 30.00000000780285
mass2_ref = 30.0000000015168
minchirp = 26.116416902940337
maxchirp = 26.116616902940336
mincov = 32242894074.407112
maxcov = 3224289407440.711
