
[data]
trigger-time = 1276371025.1224442
injection-file = /work/shashwat.singh/Prospects-of-LGWs/unlens/injection.hdf

[global]
instruments = C1 C2
mass1_ref = 30.00000000506
mass2_ref = 30.000000007710778
minchirp = 26.116416904442527
maxchirp = 26.116616904442527
mincov = 125097865478.80745
maxcov = 12509786547880.744
