
[data]
trigger-time = 1496863865.8783536
injection-file = /work/shashwat.singh/Prospects-of-LGWs/unlens/injection.hdf

[global]
instruments = C1 C2
mass1_ref = 30.000000003082093
mass2_ref = 30.000000003251383
minchirp = 26.11641690164053
maxchirp = 26.11661690164053
mincov = 76266177736.70082
maxcov = 7626617773670.082
