
[data]
trigger-time = 1354257854.5076585
injection-file = /work/shashwat.singh/Prospects-of-LGWs/unlens/injection.hdf

[global]
instruments = C1 C2
mass1_ref = 30.000000009249714
mass2_ref = 30.000000006143008
minchirp = 26.116416905583794
maxchirp = 26.116616905583793
mincov = 52756860040.7718
maxcov = 5275686004077.18
