
[data]
trigger-time = 1003939559.8785433
injection-file = /work/shashwat.singh/Prospects-of-LGWs/unlens/injection.hdf

[global]
instruments = C1 C2
mass1_ref = 30.00000000508324
mass2_ref = 30.000000004592575
minchirp = 26.116416903095367
maxchirp = 26.116616903095366
mincov = 126347666380.03572
maxcov = 12634766638003.572
