
[data]
trigger-time = 1329432857.2153249
injection-file = /work/shashwat.singh/Prospects-of-LGWs/unlens/injection.hdf

[global]
instruments = C1 C2
mass1_ref = 30.00000000227096
mass2_ref = 30.00000000996251
minchirp = 26.116416904208652
maxchirp = 26.11661690420865
mincov = 6967925880.442194
maxcov = 696792588044.2194
