
[data]
trigger-time = 1255534100.6351726
injection-file = /work/shashwat.singh/Prospects-of-LGWs/unlens/injection.hdf

[global]
instruments = C1 C2
mass1_ref = 30.00000000706936
mass2_ref = 30.000000007429502
minchirp = 26.116416905194722
maxchirp = 26.11661690519472
mincov = 72364020064.73996
maxcov = 7236402006473.995
