
[data]
trigger-time = 1753172483.0280623
injection-file = /work/shashwat.singh/Prospects-of-LGWs/unlens/injection.hdf

[global]
instruments = C1 C2
mass1_ref = 30.000000005931078
mass2_ref = 30.00000000092523
minchirp = 26.116416901868106
maxchirp = 26.116616901868106
mincov = 68629882232.777306
maxcov = 6862988223277.73
