
[data]
trigger-time = 1261557692.1363523
injection-file = /work/shashwat.singh/Prospects-of-LGWs/unlens/injection.hdf

[global]
instruments = C1 C2
mass1_ref = 30.000000004959674
mass2_ref = 30.000000002552028
minchirp = 26.116416902153382
maxchirp = 26.116616902153382
mincov = 155319801434.65253
maxcov = 15531980143465.254
