
[data]
trigger-time = 1572113010.528814
injection-file = /work/shashwat.singh/Prospects-of-LGWs/unlens/injection.hdf

[global]
instruments = C1 C2
mass1_ref = 30.000000009776944
mass2_ref = 30.00000000921571
minchirp = 26.116416907150757
maxchirp = 26.116616907150757
mincov = 1545764.3128200932
maxcov = 154576431.2820093
