
[data]
trigger-time = 1467432132.6229904
injection-file = /work/shashwat.singh/Prospects-of-LGWs/unlens/injection.hdf

[global]
instruments = C1 C2
mass1_ref = 30.00000000526014
mass2_ref = 30.000000009497217
minchirp = 26.11641690530724
maxchirp = 26.11661690530724
mincov = 176106373995.3231
maxcov = 17610637399532.31
