
[data]
trigger-time = 1416667687.455957
injection-file = /work/shashwat.singh/Prospects-of-LGWs/unlens/injection.hdf

[global]
instruments = C1 C2
mass1_ref = 30.00000000562369
mass2_ref = 30.000000003395005
minchirp = 26.116416902809338
maxchirp = 26.116616902809337
mincov = 121210096909.64873
maxcov = 12121009690964.873
