
[data]
trigger-time = 1186664750.3809183
injection-file = /work/shashwat.singh/Prospects-of-LGWs/unlens/injection.hdf

[global]
instruments = C1 C2
mass1_ref = 30.00000000226005
mass2_ref = 30.000000004170687
minchirp = 26.116416901682864
maxchirp = 26.116616901682864
mincov = 171920332203.37308
maxcov = 17192033220337.307
