
[data]
trigger-time = 1185057170.3696609
injection-file = /work/shashwat.singh/Prospects-of-LGWs/unlens/injection.hdf

[global]
instruments = C1 C2
mass1_ref = 30.00000000521702
mass2_ref = 30.000000001102357
minchirp = 26.116416901634395
maxchirp = 26.116616901634394
mincov = 87128458356.4024
maxcov = 8712845835640.24
