
[data]
trigger-time = 1916094162.7642589
injection-file = /work/shashwat.singh/Prospects-of-LGWs/unlens/injection.hdf

[global]
instruments = C1 C2
mass1_ref = 30.000000008175796
mass2_ref = 30.000000001542144
minchirp = 26.116416903113706
maxchirp = 26.116616903113705
mincov = 160771684019.4037
maxcov = 16077168401940.37
