
[data]
trigger-time = 1585422667.9081159
injection-file = /work/shashwat.singh/Prospects-of-LGWs/unlens/injection.hdf

[global]
instruments = C1 C2
mass1_ref = 30.000000000411898
mass2_ref = 30.00000000073013
minchirp = 26.11641689938082
maxchirp = 26.11661689938082
mincov = 101213531119.81502
maxcov = 10121353111981.502
