
[data]
trigger-time = 1766424560.5119748
injection-file = /work/shashwat.singh/Prospects-of-LGWs/unlens/injection.hdf

[global]
instruments = C1 C2
mass1_ref = 30.000000008572364
mass2_ref = 30.000000006930307
minchirp = 26.116416905631652
maxchirp = 26.116616905631652
mincov = 40574930816.80733
maxcov = 4057493081680.733
