
[data]
trigger-time = 1851389101.4118905
injection-file = /work/shashwat.singh/Prospects-of-LGWs/unlens/injection.hdf

[global]
instruments = C1 C2
mass1_ref = 30.00000000614338
mass2_ref = 30.00000000650723
minchirp = 26.11641690439022
maxchirp = 26.11661690439022
mincov = 100178555707.46335
maxcov = 10017855570746.336
