
[data]
trigger-time = 1346589709.9595842
injection-file = /work/shashwat.singh/Prospects-of-LGWs/unlens/injection.hdf

[global]
instruments = C1 C2
mass1_ref = 30.00000000630741
mass2_ref = 30.000000007319905
minchirp = 26.116416904815356
maxchirp = 26.116616904815356
mincov = 157295017867.2668
maxcov = 15729501786726.682
