
[data]
trigger-time = 1400368927.6206517
injection-file = /work/shashwat.singh/Prospects-of-LGWs/unlens/injection.hdf

[global]
instruments = C1 C2
mass1_ref = 30.000000005024756
mass2_ref = 30.000000008775405
minchirp = 26.116416904890592
maxchirp = 26.11661690489059
mincov = 137985746269.22913
maxcov = 13798574626922.912
