
[data]
trigger-time = 1652410326.0366478
injection-file = /work/shashwat.singh/Prospects-of-LGWs/unlens/injection.hdf

[global]
instruments = C1 C2
mass1_ref = 30.000000001693714
mass2_ref = 30.00000000761411
minchirp = 26.11641690293519
maxchirp = 26.11661690293519
mincov = 137604011203.608
maxcov = 13760401120360.8
