
[data]
trigger-time = 1398946562.3940446
injection-file = /work/shashwat.singh/Prospects-of-LGWs/unlens/injection.hdf

[global]
instruments = C1 C2
mass1_ref = 30.00000000715569
mass2_ref = 30.000000004393293
minchirp = 26.11641690391071
maxchirp = 26.11661690391071
mincov = 56885013121.32389
maxcov = 5688501312132.389
