
[data]
trigger-time = 1040047760.5559183
injection-file = /work/shashwat.singh/Prospects-of-LGWs/unlens/injection.hdf

[global]
instruments = C1 C2
mass1_ref = 30.000000003965088
mass2_ref = 30.000000001352923
minchirp = 26.116416901198523
maxchirp = 26.116616901198523
mincov = 6987604846.903316
maxcov = 698760484690.3315
