
[data]
trigger-time = 1631278375.9875166
injection-file = /work/shashwat.singh/Prospects-of-LGWs/unlens/injection.hdf

[global]
instruments = C1 C2
mass1_ref = 30.000000006475812
mass2_ref = 30.00000000723803
minchirp = 26.116416904853022
maxchirp = 26.11661690485302
mincov = 137737816317.314
maxcov = 13773781631731.398
