
[data]
trigger-time = 1679985117.2094026
injection-file = /work/shashwat.singh/Prospects-of-LGWs/unlens/injection.hdf

[global]
instruments = C1 C2
mass1_ref = 30.000000004401315
mass2_ref = 30.00000000490715
minchirp = 26.11641690293547
maxchirp = 26.11661690293547
mincov = 122168295438.35739
maxcov = 12216829543835.74
