
[data]
trigger-time = 1597350166.6107764
injection-file = /work/shashwat.singh/Prospects-of-LGWs/unlens/injection.hdf

[global]
instruments = C1 C2
mass1_ref = 30.000000004531493
mass2_ref = 30.000000001973994
minchirp = 26.1164169017154
maxchirp = 26.1166169017154
mincov = 62301392520.88219
maxcov = 6230139252088.219
