
[data]
trigger-time = 1269315346.6237233
injection-file = /work/shashwat.singh/Prospects-of-LGWs/unlens/injection.hdf

[global]
instruments = C1 C2
mass1_ref = 30.000000006063253
mass2_ref = 30.000000004313254
minchirp = 26.116416903400363
maxchirp = 26.116616903400363
mincov = 141638095300.08282
maxcov = 14163809530008.281
