
[data]
trigger-time = 1601249872.6737475
injection-file = /work/shashwat.singh/Prospects-of-LGWs/unlens/injection.hdf

[global]
instruments = C1 C2
mass1_ref = 30.000000000013824
mass2_ref = 30.000000002114735
minchirp = 26.116416899810233
maxchirp = 26.116616899810232
mincov = 93073399812.84837
maxcov = 9307339981284.838
