
[data]
trigger-time = 1087233667.1237
injection-file = /work/shashwat.singh/Prospects-of-LGWs/unlens/injection.hdf

[global]
instruments = C1 C2
mass1_ref = 30.00000000290497
mass2_ref = 30.000000000564444
minchirp = 26.116416900393872
maxchirp = 26.116616900393872
mincov = 70472333888.6972
maxcov = 7047233388869.721
