
[data]
trigger-time = 1796241647.2638996
injection-file = /work/shashwat.singh/Prospects-of-LGWs/unlens/injection.hdf

[global]
instruments = C1 C2
mass1_ref = 30.000000000441403
mass2_ref = 30.000000009338258
minchirp = 26.116416903140568
maxchirp = 26.116616903140567
mincov = 1385834681.5376823
maxcov = 138583468153.76825
