
[data]
trigger-time = 1827274781.4511683
injection-file = /work/shashwat.singh/Prospects-of-LGWs/unlens/injection.hdf

[global]
instruments = C1 C2
mass1_ref = 30.000000002442956
mass2_ref = 30.0000000024194
minchirp = 26.11641690100019
maxchirp = 26.11661690100019
mincov = 107271972121.95065
maxcov = 10727197212195.066
