
[data]
trigger-time = 1859089319.288064
injection-file = /work/shashwat.singh/Prospects-of-LGWs/unlens/injection.hdf

[global]
instruments = C1 C2
mass1_ref = 30.00000000039171
mass2_ref = 30.00000000463934
minchirp = 26.116416901073617
maxchirp = 26.116616901073616
mincov = 138668307186.0931
maxcov = 13866830718609.312
