
[data]
trigger-time = 1505165225.4396222
injection-file = /work/shashwat.singh/Prospects-of-LGWs/unlens/injection.hdf

[global]
instruments = C1 C2
mass1_ref = 30.00000000083593
mass2_ref = 30.000000001750845
minchirp = 26.116416900009682
maxchirp = 26.11661690000968
mincov = 36563678586.289276
maxcov = 3656367858628.9277
