
[data]
trigger-time = 1819865730.7906756
injection-file = /work/shashwat.singh/Prospects-of-LGWs/unlens/injection.hdf

[global]
instruments = C1 C2
mass1_ref = 30.0000000066537
mass2_ref = 30.00000000261855
minchirp = 26.116416902919706
maxchirp = 26.116616902919706
mincov = 161994744481.64502
maxcov = 16199474448164.502
