
[data]
trigger-time = 1042740740.0568823
injection-file = /work/shashwat.singh/Prospects-of-LGWs/unlens/injection.hdf

[global]
instruments = C1 C2
mass1_ref = 30.00000000279874
mass2_ref = 30.000000002163826
minchirp = 26.116416901043806
maxchirp = 26.116616901043805
mincov = 127601755976.96078
maxcov = 12760175597696.078
