
[data]
trigger-time = 1512774148.0687752
injection-file = /work/shashwat.singh/Prospects-of-LGWs/unlens/injection.hdf

[global]
instruments = C1 C2
mass1_ref = 30.000000001618716
mass2_ref = 30.000000004679883
minchirp = 26.11641690162535
maxchirp = 26.11661690162535
mincov = 84793316257.91937
maxcov = 8479331625791.9375
