
[data]
trigger-time = 1484073130.014119
injection-file = /work/shashwat.singh/Prospects-of-LGWs/unlens/injection.hdf

[global]
instruments = C1 C2
mass1_ref = 30.000000006856393
mass2_ref = 30.000000003440615
minchirp = 26.116416903365756
maxchirp = 26.116616903365756
mincov = 111032455474.7613
maxcov = 11103245547476.13
