
[data]
trigger-time = 1825279054.965158
injection-file = /work/shashwat.singh/Prospects-of-LGWs/unlens/injection.hdf

[global]
instruments = C1 C2
mass1_ref = 30.000000008394558
mass2_ref = 30.000000007205905
minchirp = 26.11641690567422
maxchirp = 26.11661690567422
mincov = 152524098189.00204
maxcov = 15252409818900.205
