
[data]
trigger-time = 1052663087.0157183
injection-file = /work/shashwat.singh/Prospects-of-LGWs/unlens/injection.hdf

[global]
instruments = C1 C2
mass1_ref = 30.000000004334705
mass2_ref = 30.00000000741257
minchirp = 26.116416903997024
maxchirp = 26.116616903997024
mincov = 153224555677.46582
maxcov = 15322455567746.582
