
[data]
trigger-time = 1574791537.4942951
injection-file = /work/shashwat.singh/Prospects-of-LGWs/unlens/injection.hdf

[global]
instruments = C1 C2
mass1_ref = 30.000000009037397
mass2_ref = 30.000000000320696
minchirp = 26.116416902957074
maxchirp = 26.116616902957073
mincov = 73315325664.08109
maxcov = 7331532566408.107
