
[data]
trigger-time = 1401794196.0808046
injection-file = /work/shashwat.singh/Prospects-of-LGWs/unlens/injection.hdf

[global]
instruments = C1 C2
mass1_ref = 30.000000009796096
mass2_ref = 30.000000006924175
minchirp = 26.116416906161646
maxchirp = 26.116616906161646
mincov = 172460631356.9969
maxcov = 17246063135699.69
