
[data]
trigger-time = 1029669196.4296272
injection-file = /work/shashwat.singh/Prospects-of-LGWs/unlens/injection.hdf

[global]
instruments = C1 C2
mass1_ref = 30.000000001646306
mass2_ref = 30.00000000702667
minchirp = 26.116416902658855
maxchirp = 26.116616902658855
mincov = 167395486556.83243
maxcov = 16739548655683.242
