
[data]
trigger-time = 1880923368.4074478
injection-file = /work/shashwat.singh/Prospects-of-LGWs/unlens/injection.hdf

[global]
instruments = C1 C2
mass1_ref = 30.000000008423637
mass2_ref = 30.00000000594338
minchirp = 26.11641690513733
maxchirp = 26.11661690513733
mincov = 134099152413.8879
maxcov = 13409915241388.79
