
[data]
trigger-time = 1950527625.458241
injection-file = /work/shashwat.singh/Prospects-of-LGWs/unlens/injection.hdf

[global]
instruments = C1 C2
mass1_ref = 30.000000002026933
mass2_ref = 30.00000000056766
minchirp = 26.116416900013085
maxchirp = 26.116616900013085
mincov = 179665959861.73074
maxcov = 17966595986173.074
