
[data]
trigger-time = 1866702142.5626287
injection-file = /work/shashwat.singh/Prospects-of-LGWs/unlens/injection.hdf

[global]
instruments = C1 C2
mass1_ref = 30.000000002830433
mass2_ref = 30.000000009862262
minchirp = 26.116416904408542
maxchirp = 26.11661690440854
mincov = 7921942289.261656
maxcov = 792194228926.1656
