
[data]
trigger-time = 1422689410.916965
injection-file = /work/shashwat.singh/Prospects-of-LGWs/unlens/injection.hdf

[global]
instruments = C1 C2
mass1_ref = 30.000000005703477
mass2_ref = 30.000000004623
minchirp = 26.116416903378585
maxchirp = 26.116616903378585
mincov = 17865276448.206615
maxcov = 1786527644820.6616
