
[data]
trigger-time = 1710025052.4509807
injection-file = /work/shashwat.singh/Prospects-of-LGWs/unlens/injection.hdf

[global]
instruments = C1 C2
mass1_ref = 30.000000007902194
mass2_ref = 30.000000007558818
minchirp = 26.11641690561352
maxchirp = 26.11661690561352
mincov = 156928331535.71713
maxcov = 15692833153571.715
