
[data]
trigger-time = 1938195402.4759154
injection-file = /work/shashwat.singh/Prospects-of-LGWs/unlens/injection.hdf

[global]
instruments = C1 C2
mass1_ref = 30.000000005049806
mass2_ref = 30.00000000944741
minchirp = 26.116416905194004
maxchirp = 26.116616905194004
mincov = 44544440579.57344
maxcov = 4454444057957.345
