
[data]
trigger-time = 1598414684.350494
injection-file = /work/shashwat.singh/Prospects-of-LGWs/unlens/injection.hdf

[global]
instruments = C1 C2
mass1_ref = 30.000000000347207
mass2_ref = 30.0000000092748
minchirp = 26.116416903071947
maxchirp = 26.116616903071947
mincov = 24049204403.427975
maxcov = 2404920440342.7974
