
[data]
trigger-time = 1172804950.514418
injection-file = /work/shashwat.singh/Prospects-of-LGWs/unlens/injection.hdf

[global]
instruments = C1 C2
mass1_ref = 30.00000000140015
mass2_ref = 30.000000007941303
minchirp = 26.116416902949826
maxchirp = 26.116616902949826
mincov = 67611445644.810165
maxcov = 6761144564481.017
