
[data]
trigger-time = 1443117439.141072
injection-file = /work/shashwat.singh/Prospects-of-LGWs/unlens/injection.hdf

[global]
instruments = C1 C2
mass1_ref = 30.000000000650715
mass2_ref = 30.000000006579697
minchirp = 26.116416902030945
maxchirp = 26.116616902030945
mincov = 41791571550.966446
maxcov = 4179157155096.645
