
[data]
trigger-time = 1745731462.0415874
injection-file = /work/shashwat.singh/Prospects-of-LGWs/unlens/injection.hdf

[global]
instruments = C1 C2
mass1_ref = 30.000000003763823
mass2_ref = 30.000000009788515
minchirp = 26.11641690478272
maxchirp = 26.11661690478272
mincov = 67826279616.27004
maxcov = 6782627961627.004
