
[data]
trigger-time = 1165410469.4616125
injection-file = /work/shashwat.singh/Prospects-of-LGWs/unlens/injection.hdf

[global]
instruments = C1 C2
mass1_ref = 30.00000000789237
mass2_ref = 30.000000000715595
minchirp = 26.11641690263056
maxchirp = 26.11661690263056
mincov = 29862619252.70918
maxcov = 2986261925270.918
