
[data]
trigger-time = 1850324193.9159384
injection-file = /work/shashwat.singh/Prospects-of-LGWs/unlens/injection.hdf

[global]
instruments = C1 C2
mass1_ref = 30.000000001686608
mass2_ref = 30.00000000598775
minchirp = 26.116416902224184
maxchirp = 26.116616902224184
mincov = 65128970766.18547
maxcov = 6512897076618.547
