
[data]
trigger-time = 1353545003.62018
injection-file = /work/shashwat.singh/Prospects-of-LGWs/unlens/injection.hdf

[global]
instruments = C1 C2
mass1_ref = 30.000000008190362
mass2_ref = 30.000000004415156
minchirp = 26.116416904370595
maxchirp = 26.116616904370595
mincov = 133080277193.61247
maxcov = 13308027719361.248
