
[data]
trigger-time = 1492114632.9176488
injection-file = /work/shashwat.singh/Prospects-of-LGWs/unlens/injection.hdf

[global]
instruments = C1 C2
mass1_ref = 30.000000008396565
mass2_ref = 30.000000000932054
minchirp = 26.116416902944245
maxchirp = 26.116616902944244
mincov = 137323280623.00656
maxcov = 13732328062300.656
