
[data]
trigger-time = 1119342961.7275987
injection-file = /work/shashwat.singh/Prospects-of-LGWs/unlens/injection.hdf

[global]
instruments = C1 C2
mass1_ref = 30.000000009496404
mass2_ref = 30.00000000530428
minchirp = 26.116416905326094
maxchirp = 26.116616905326094
mincov = 7229481948.415665
maxcov = 722948194841.5664
