
[data]
trigger-time = 1823953222.458709
injection-file = /work/shashwat.singh/Prospects-of-LGWs/unlens/injection.hdf

[global]
instruments = C1 C2
mass1_ref = 30.00000000518253
mass2_ref = 30.00000000648189
minchirp = 26.11641690396096
maxchirp = 26.11661690396096
mincov = 164472019232.1441
maxcov = 16447201923214.412
