
[data]
trigger-time = 1345367305.2695384
injection-file = /work/shashwat.singh/Prospects-of-LGWs/unlens/injection.hdf

[global]
instruments = C1 C2
mass1_ref = 30.000000002452005
mass2_ref = 30.00000000192313
minchirp = 26.116416900788114
maxchirp = 26.116616900788113
mincov = 82816951088.24155
maxcov = 8281695108824.154
