
[data]
trigger-time = 1748604050.3368318
injection-file = /work/shashwat.singh/Prospects-of-LGWs/unlens/injection.hdf

[global]
instruments = C1 C2
mass1_ref = 30.000000002767386
mass2_ref = 30.000000002865956
minchirp = 26.116416901335782
maxchirp = 26.11661690133578
mincov = 136645521013.24777
maxcov = 13664552101324.777
