
[data]
trigger-time = 1214452111.5107102
injection-file = /work/shashwat.singh/Prospects-of-LGWs/unlens/injection.hdf

[global]
instruments = C1 C2
mass1_ref = 30.000000001803553
mass2_ref = 30.000000005526807
minchirp = 26.11641690207445
maxchirp = 26.11661690207445
mincov = 29050495211.241882
maxcov = 2905049521124.1885
