
[data]
trigger-time = 1641175456.949039
injection-file = /work/shashwat.singh/Prospects-of-LGWs/unlens/injection.hdf

[global]
instruments = C1 C2
mass1_ref = 30.000000006778503
mass2_ref = 30.00000000477215
minchirp = 26.11641690391144
maxchirp = 26.11661690391144
mincov = 125420986104.10434
maxcov = 12542098610410.434
