
[data]
trigger-time = 1391926068.0741618
injection-file = /work/shashwat.singh/Prospects-of-LGWs/unlens/injection.hdf

[global]
instruments = C1 C2
mass1_ref = 30.000000008271176
mass2_ref = 30.000000006307236
minchirp = 26.116416905229347
maxchirp = 26.116616905229346
mincov = 115566874611.41426
maxcov = 11556687461141.426
