
[data]
trigger-time = 1819634734.2520764
injection-file = /work/shashwat.singh/Prospects-of-LGWs/unlens/injection.hdf

[global]
instruments = C1 C2
mass1_ref = 30.00000000860858
mass2_ref = 30.00000000187524
minchirp = 26.116416903447075
maxchirp = 26.116616903447074
mincov = 9139466312.58331
maxcov = 913946631258.331
