
[data]
trigger-time = 1307296648.948048
injection-file = /work/shashwat.singh/Prospects-of-LGWs/unlens/injection.hdf

[global]
instruments = C1 C2
mass1_ref = 30.00000000723539
mass2_ref = 30.00000000135445
minchirp = 26.11641690262267
maxchirp = 26.11661690262267
mincov = 145186780605.00345
maxcov = 14518678060500.344
