
[data]
trigger-time = 1784913871.5007906
injection-file = /work/shashwat.singh/Prospects-of-LGWs/unlens/injection.hdf

[global]
instruments = C1 C2
mass1_ref = 30.000000004883564
mass2_ref = 30.00000000889595
minchirp = 26.116416904881604
maxchirp = 26.116616904881603
mincov = 70282717990.33287
maxcov = 7028271799033.287
