
[data]
trigger-time = 1214158859.0248985
injection-file = /work/shashwat.singh/Prospects-of-LGWs/unlens/injection.hdf

[global]
instruments = C1 C2
mass1_ref = 30.00000000343696
mass2_ref = 30.000000007881315
minchirp = 26.11641690381029
maxchirp = 26.11661690381029
mincov = 149286617854.4101
maxcov = 14928661785441.008
