
[data]
trigger-time = 1827630418.5605335
injection-file = /work/shashwat.singh/Prospects-of-LGWs/unlens/injection.hdf

[global]
instruments = C1 C2
mass1_ref = 30.00000000531295
mass2_ref = 30.00000000795636
minchirp = 26.116416904659527
maxchirp = 26.116616904659526
mincov = 109105949225.66666
maxcov = 10910594922566.666
