
[data]
trigger-time = 1852502200.3644288
injection-file = /work/shashwat.singh/Prospects-of-LGWs/unlens/injection.hdf

[global]
instruments = C1 C2
mass1_ref = 30.00000000235157
mass2_ref = 30.00000000490673
minchirp = 26.11641690204308
maxchirp = 26.11661690204308
mincov = 135058293140.53362
maxcov = 13505829314053.361
