
[data]
trigger-time = 1872525208.8817868
injection-file = /work/shashwat.singh/Prospects-of-LGWs/unlens/injection.hdf

[global]
instruments = C1 C2
mass1_ref = 30.00000000287896
mass2_ref = 30.00000000760908
minchirp = 26.116416903448908
maxchirp = 26.116616903448907
mincov = 86988727700.00421
maxcov = 8698872770000.421
