
[data]
trigger-time = 1845584778.9342666
injection-file = /work/shashwat.singh/Prospects-of-LGWs/unlens/injection.hdf

[global]
instruments = C1 C2
mass1_ref = 30.000000003999123
mass2_ref = 30.00000000044082
minchirp = 26.116416900816322
maxchirp = 26.11661690081632
mincov = 18729105702.777794
maxcov = 1872910570277.7793
