
[data]
trigger-time = 1661976929.986606
injection-file = /work/shashwat.singh/Prospects-of-LGWs/unlens/injection.hdf

[global]
instruments = C1 C2
mass1_ref = 30.00000000546243
mass2_ref = 30.000000003902628
minchirp = 26.116416902960104
maxchirp = 26.116616902960104
mincov = 107830835714.89865
maxcov = 10783083571489.865
