
[data]
trigger-time = 1862492494.1457357
injection-file = /work/shashwat.singh/Prospects-of-LGWs/unlens/injection.hdf

[global]
instruments = C1 C2
mass1_ref = 30.000000003659274
mass2_ref = 30.00000000012222
minchirp = 26.116416900529714
maxchirp = 26.116616900529714
mincov = 139954424054.76962
maxcov = 13995442405476.963
