
[data]
trigger-time = 1846663099.090563
injection-file = /work/shashwat.singh/Prospects-of-LGWs/unlens/injection.hdf

[global]
instruments = C1 C2
mass1_ref = 30.00000000052554
mass2_ref = 30.000000006738365
minchirp = 26.116416902045522
maxchirp = 26.11661690204552
mincov = 417869913.16395384
maxcov = 41786991316.395386
