
[data]
trigger-time = 1425006493.3605902
injection-file = /work/shashwat.singh/Prospects-of-LGWs/unlens/injection.hdf

[global]
instruments = C1 C2
mass1_ref = 30.000000001900478
mass2_ref = 30.000000001365162
minchirp = 26.116416900305175
maxchirp = 26.116616900305175
mincov = 152227936946.87714
maxcov = 15222793694687.713
