
[data]
trigger-time = 1907611582.8251839
injection-file = /work/shashwat.singh/Prospects-of-LGWs/unlens/injection.hdf

[global]
instruments = C1 C2
mass1_ref = 30.000000007269218
mass2_ref = 30.000000009181694
minchirp = 26.1164169060444
maxchirp = 26.1166169060444
mincov = 102326940770.99957
maxcov = 10232694077099.957
