
[data]
trigger-time = 1906403872.9711394
injection-file = /work/shashwat.singh/Prospects-of-LGWs/unlens/injection.hdf

[global]
instruments = C1 C2
mass1_ref = 30.00000000027915
mass2_ref = 30.00000000853765
minchirp = 26.11641690272146
maxchirp = 26.11661690272146
mincov = 3194750078.326562
maxcov = 319475007832.6562
