
[data]
trigger-time = 1676012968.393992
injection-file = /work/shashwat.singh/Prospects-of-LGWs/unlens/injection.hdf

[global]
instruments = C1 C2
mass1_ref = 30.000000005569852
mass2_ref = 30.00000000557852
minchirp = 26.116416903736337
maxchirp = 26.116616903736336
mincov = 5443300070.360613
maxcov = 544330007036.06134
