
[data]
trigger-time = 1921556697.6330538
injection-file = /work/shashwat.singh/Prospects-of-LGWs/unlens/injection.hdf

[global]
instruments = C1 C2
mass1_ref = 30.00000000188175
mass2_ref = 30.000000005744177
minchirp = 26.116416902203103
maxchirp = 26.116616902203102
mincov = 5733179906.10892
maxcov = 573317990610.8921
