
[data]
trigger-time = 1683013029.556581
injection-file = /work/shashwat.singh/Prospects-of-LGWs/unlens/injection.hdf

[global]
instruments = C1 C2
mass1_ref = 30.00000000194838
mass2_ref = 30.000000002754692
minchirp = 26.116416900930858
maxchirp = 26.116616900930858
mincov = 125531319346.58086
maxcov = 12553131934658.086
