
[data]
trigger-time = 1554206636.663787
injection-file = /work/shashwat.singh/Prospects-of-LGWs/unlens/injection.hdf

[global]
instruments = C1 C2
mass1_ref = 30.00000000698467
mass2_ref = 30.000000005622613
minchirp = 26.116416904371366
maxchirp = 26.116616904371366
mincov = 40044574252.632774
maxcov = 4004457425263.2773
