
[data]
trigger-time = 1228635818.024814
injection-file = /work/shashwat.singh/Prospects-of-LGWs/unlens/injection.hdf

[global]
instruments = C1 C2
mass1_ref = 30.000000006829637
mass2_ref = 30.00000000865156
minchirp = 26.11641690562231
maxchirp = 26.11661690562231
mincov = 80404364807.5957
maxcov = 8040436480759.57
