
[data]
trigger-time = 1579544459.7906299
injection-file = /work/shashwat.singh/Prospects-of-LGWs/unlens/injection.hdf

[global]
instruments = C1 C2
mass1_ref = 30.000000004341146
mass2_ref = 30.00000000595452
minchirp = 26.116416903365174
maxchirp = 26.116616903365173
mincov = 34369547472.57075
maxcov = 3436954747257.0747
