
[data]
trigger-time = 1366743761.7249298
injection-file = /work/shashwat.singh/Prospects-of-LGWs/unlens/injection.hdf

[global]
instruments = C1 C2
mass1_ref = 30.000000001383942
mass2_ref = 30.000000009253306
minchirp = 26.116416903513855
maxchirp = 26.116616903513854
mincov = 48950015205.9131
maxcov = 4895001520591.31
