
[data]
trigger-time = 1332217702.0206354
injection-file = /work/shashwat.singh/Prospects-of-LGWs/unlens/injection.hdf

[global]
instruments = C1 C2
mass1_ref = 30.000000009099455
mass2_ref = 30.000000001687887
minchirp = 26.11641690357919
maxchirp = 26.11661690357919
mincov = 110020716698.83989
maxcov = 11002071669883.988
