
[data]
trigger-time = 1628652273.9562273
injection-file = /work/shashwat.singh/Prospects-of-LGWs/unlens/injection.hdf

[global]
instruments = C1 C2
mass1_ref = 30.0000000028904
mass2_ref = 30.000000004729877
minchirp = 26.116416902200644
maxchirp = 26.116616902200644
mincov = 92630435002.62717
maxcov = 9263043500262.717
