
[data]
trigger-time = 1146177494.2562423
injection-file = /work/shashwat.singh/Prospects-of-LGWs/unlens/injection.hdf

[global]
instruments = C1 C2
mass1_ref = 30.000000008198572
mass2_ref = 30.000000009668636
minchirp = 26.116416906660877
maxchirp = 26.116616906660877
mincov = 155790081590.36713
maxcov = 15579008159036.715
