
[data]
trigger-time = 1516618287.3838015
injection-file = /work/shashwat.singh/Prospects-of-LGWs/unlens/injection.hdf

[global]
instruments = C1 C2
mass1_ref = 30.00000000289762
mass2_ref = 30.00000000821312
minchirp = 26.116416903719955
maxchirp = 26.116616903719954
mincov = 135284443998.23502
maxcov = 13528444399823.5
