
[data]
trigger-time = 1862742656.6099477
injection-file = /work/shashwat.singh/Prospects-of-LGWs/unlens/injection.hdf

[global]
instruments = C1 C2
mass1_ref = 30.000000009557183
mass2_ref = 30.000000005688285
minchirp = 26.1164169055197
maxchirp = 26.1166169055197
mincov = 98824507779.288
maxcov = 9882450777928.8
