
[data]
trigger-time = 1544971384.2140052
injection-file = /work/shashwat.singh/Prospects-of-LGWs/unlens/injection.hdf

[global]
instruments = C1 C2
mass1_ref = 30.000000001521606
mass2_ref = 30.000000002826653
minchirp = 26.116416900776414
maxchirp = 26.116616900776414
mincov = 66158874141.815956
maxcov = 6615887414181.596
