
[data]
trigger-time = 1115016763.8469288
injection-file = /work/shashwat.singh/Prospects-of-LGWs/unlens/injection.hdf

[global]
instruments = C1 C2
mass1_ref = 30.00000000822919
mass2_ref = 30.000000006876242
minchirp = 26.116416905458742
maxchirp = 26.11661690545874
mincov = 169829538352.30838
maxcov = 16982953835230.838
