
[data]
trigger-time = 1601901802.1614552
injection-file = /work/shashwat.singh/Prospects-of-LGWs/unlens/injection.hdf

[global]
instruments = C1 C2
mass1_ref = 30.000000000927017
mass2_ref = 30.00000000997066
minchirp = 26.116416903627215
maxchirp = 26.116616903627214
mincov = 163167150768.09085
maxcov = 16316715076809.084
