
[data]
trigger-time = 1458750525.3777566
injection-file = /work/shashwat.singh/Prospects-of-LGWs/unlens/injection.hdf

[global]
instruments = C1 C2
mass1_ref = 30.00000000699521
mass2_ref = 30.00000000857528
minchirp = 26.116416905661175
maxchirp = 26.116616905661175
mincov = 62291288570.05292
maxcov = 6229128857005.292
