
[data]
trigger-time = 1932874735.7776008
injection-file = /work/shashwat.singh/Prospects-of-LGWs/unlens/injection.hdf

[global]
instruments = C1 C2
mass1_ref = 30.000000004448395
mass2_ref = 30.00000000686896
minchirp = 26.11641690380989
maxchirp = 26.116616903809888
mincov = 76346752957.57446
maxcov = 7634675295757.446
