
[data]
trigger-time = 1268495827.87336
injection-file = /work/shashwat.singh/Prospects-of-LGWs/unlens/injection.hdf

[global]
instruments = C1 C2
mass1_ref = 30.000000007233698
mass2_ref = 30.00000000922031
minchirp = 26.116416906045746
maxchirp = 26.116616906045746
mincov = 38960807131.30875
maxcov = 3896080713130.8745
