
[data]
trigger-time = 1341510074.3544006
injection-file = /work/shashwat.singh/Prospects-of-LGWs/unlens/injection.hdf

[global]
instruments = C1 C2
mass1_ref = 30.00000000213689
mass2_ref = 30.00000000051786
minchirp = 26.116416900039273
maxchirp = 26.116616900039272
mincov = 12987276054.409357
maxcov = 1298727605440.9355
