
[data]
trigger-time = 1348231187.3721159
injection-file = /work/shashwat.singh/Prospects-of-LGWs/unlens/injection.hdf

[global]
instruments = C1 C2
mass1_ref = 30.000000001253312
mass2_ref = 30.000000007815594
minchirp = 26.116416902831194
maxchirp = 26.116616902831193
mincov = 88460680865.15213
maxcov = 8846068086515.213
