
[data]
trigger-time = 1771853062.9970794
injection-file = /work/shashwat.singh/Prospects-of-LGWs/unlens/injection.hdf

[global]
instruments = C1 C2
mass1_ref = 30.000000006422106
mass2_ref = 30.000000006231
minchirp = 26.11641690439131
maxchirp = 26.11661690439131
mincov = 127210605264.1014
maxcov = 12721060526410.139
