
[data]
trigger-time = 1407542113.4698884
injection-file = /work/shashwat.singh/Prospects-of-LGWs/unlens/injection.hdf

[global]
instruments = C1 C2
mass1_ref = 30.000000004884924
mass2_ref = 30.00000000914485
minchirp = 26.116416904990537
maxchirp = 26.116616904990536
mincov = 175504056082.6241
maxcov = 17550405608262.412
