
[data]
trigger-time = 1295432458.0677552
injection-file = /work/shashwat.singh/Prospects-of-LGWs/unlens/injection.hdf

[global]
instruments = C1 C2
mass1_ref = 30.000000001915303
mass2_ref = 30.000000000327805
minchirp = 26.116416899860095
maxchirp = 26.116616899860094
mincov = 84152033340.74995
maxcov = 8415203334074.995
