
[data]
trigger-time = 1007815357.5290401
injection-file = /work/shashwat.singh/Prospects-of-LGWs/unlens/injection.hdf

[global]
instruments = C1 C2
mass1_ref = 30.00000000736785
mass2_ref = 30.000000008581576
minchirp = 26.116416905826114
maxchirp = 26.116616905826113
mincov = 174661533279.4495
maxcov = 17466153327944.95
