
[data]
trigger-time = 1899046696.7243514
injection-file = /work/shashwat.singh/Prospects-of-LGWs/unlens/injection.hdf

[global]
instruments = C1 C2
mass1_ref = 30.00000000246844
mass2_ref = 30.000000007940486
minchirp = 26.11641690341447
maxchirp = 26.11661690341447
mincov = 135430897988.8977
maxcov = 13543089798889.77
