
[data]
trigger-time = 1754468912.1152573
injection-file = /work/shashwat.singh/Prospects-of-LGWs/unlens/injection.hdf

[global]
instruments = C1 C2
mass1_ref = 30.00000000261353
mass2_ref = 30.000000000238664
minchirp = 26.116416900125216
maxchirp = 26.116616900125216
mincov = 45931378387.66688
maxcov = 4593137838766.6875
