
[data]
trigger-time = 1941725705.7805233
injection-file = /work/shashwat.singh/Prospects-of-LGWs/unlens/injection.hdf

[global]
instruments = C1 C2
mass1_ref = 30.00000000799531
mass2_ref = 30.000000003743033
minchirp = 26.116416903993134
maxchirp = 26.116616903993133
mincov = 74322310451.81833
maxcov = 7432231045181.834
