
[data]
trigger-time = 1320401522.8922384
injection-file = /work/shashwat.singh/Prospects-of-LGWs/unlens/injection.hdf

[global]
instruments = C1 C2
mass1_ref = 30.000000009354693
mass2_ref = 30.00000000950482
minchirp = 26.116416907092805
maxchirp = 26.116616907092805
mincov = 46875248630.48105
maxcov = 4687524863048.1045
