
[data]
trigger-time = 1386692428.835465
injection-file = /work/shashwat.singh/Prospects-of-LGWs/unlens/injection.hdf

[global]
instruments = C1 C2
mass1_ref = 30.00000000689586
mass2_ref = 30.000000003154003
minchirp = 26.116416903258184
maxchirp = 26.116616903258183
mincov = 789630088.6555277
maxcov = 78963008865.55276
