
[data]
trigger-time = 1086136892.8273935
injection-file = /work/shashwat.singh/Prospects-of-LGWs/unlens/injection.hdf

[global]
instruments = C1 C2
mass1_ref = 30.000000000250463
mass2_ref = 30.0000000039492
minchirp = 26.116416900711734
maxchirp = 26.116616900711733
mincov = 103885460364.99646
maxcov = 10388546036499.646
