
[data]
trigger-time = 1076803470.9396749
injection-file = /work/shashwat.singh/Prospects-of-LGWs/unlens/injection.hdf

[global]
instruments = C1 C2
mass1_ref = 30.00000000833281
mass2_ref = 30.00000000444905
minchirp = 26.11641690444735
maxchirp = 26.11661690444735
mincov = 63614993205.89209
maxcov = 6361499320589.209
