
[data]
trigger-time = 1181411582.6787932
injection-file = /work/shashwat.singh/Prospects-of-LGWs/unlens/injection.hdf

[global]
instruments = C1 C2
mass1_ref = 30.00000000281445
mass2_ref = 30.000000006781978
minchirp = 26.116416903060813
maxchirp = 26.116616903060812
mincov = 72921541360.19177
maxcov = 7292154136019.178
