
[data]
trigger-time = 1592719797.1214254
injection-file = /work/shashwat.singh/Prospects-of-LGWs/unlens/injection.hdf

[global]
instruments = C1 C2
mass1_ref = 30.000000009436526
mass2_ref = 30.000000005369806
minchirp = 26.116416905328553
maxchirp = 26.116616905328552
mincov = 133658722261.97195
maxcov = 13365872226197.195
