
[data]
trigger-time = 1030082353.6595458
injection-file = /work/shashwat.singh/Prospects-of-LGWs/unlens/injection.hdf

[global]
instruments = C1 C2
mass1_ref = 30.000000005287806
mass2_ref = 30.00000000550458
minchirp = 26.116416903581385
maxchirp = 26.116616903581384
mincov = 173470566969.24393
maxcov = 17347056696924.393
