
[data]
trigger-time = 1462541490.6073945
injection-file = /work/shashwat.singh/Prospects-of-LGWs/unlens/injection.hdf

[global]
instruments = C1 C2
mass1_ref = 30.000000000795612
mass2_ref = 30.000000000773248
minchirp = 26.116416899566612
maxchirp = 26.116616899566612
mincov = 36993637607.108864
maxcov = 3699363760710.886
