
[data]
trigger-time = 1186919395.8253107
injection-file = /work/shashwat.singh/Prospects-of-LGWs/unlens/injection.hdf

[global]
instruments = C1 C2
mass1_ref = 30.000000003632383
mass2_ref = 30.00000000727385
minchirp = 26.116416903630938
maxchirp = 26.116616903630938
mincov = 58557870163.66679
maxcov = 5855787016366.679
