
[data]
trigger-time = 1969096002.7045293
injection-file = /work/shashwat.singh/Prospects-of-LGWs/unlens/injection.hdf

[global]
instruments = C1 C2
mass1_ref = 30.000000008891924
mass2_ref = 30.00000000812374
minchirp = 26.116416906290222
maxchirp = 26.116616906290222
mincov = 21628494644.07971
maxcov = 2162849464407.971
