
[data]
trigger-time = 1942294666.8376546
injection-file = /work/shashwat.singh/Prospects-of-LGWs/unlens/injection.hdf

[global]
instruments = C1 C2
mass1_ref = 30.000000008108653
mass2_ref = 30.0000000042111
minchirp = 26.116416904246208
maxchirp = 26.116616904246207
mincov = 145997880787.28738
maxcov = 14599788078728.738
