
[data]
trigger-time = 1511653043.2175999
injection-file = /work/shashwat.singh/Prospects-of-LGWs/unlens/injection.hdf

[global]
instruments = C1 C2
mass1_ref = 30.000000008939523
mass2_ref = 30.00000000377974
minchirp = 26.116416904420106
maxchirp = 26.116616904420106
mincov = 57982799254.43931
maxcov = 5798279925443.931
