
[data]
trigger-time = 1313799374.7001371
injection-file = /work/shashwat.singh/Prospects-of-LGWs/unlens/injection.hdf

[global]
instruments = C1 C2
mass1_ref = 30.000000008340717
mass2_ref = 30.00000000673082
minchirp = 26.11641690544399
maxchirp = 26.11661690544399
mincov = 47939419257.31449
maxcov = 4793941925731.449
