
[data]
trigger-time = 1405963187.0092402
injection-file = /work/shashwat.singh/Prospects-of-LGWs/unlens/injection.hdf

[global]
instruments = C1 C2
mass1_ref = 30.00000000573323
mass2_ref = 30.000000009004737
minchirp = 26.1164169052988
maxchirp = 26.116616905298798
mincov = 70671362841.73715
maxcov = 7067136284173.716
