
[data]
trigger-time = 1369692070.5038333
injection-file = /work/shashwat.singh/Prospects-of-LGWs/unlens/injection.hdf

[global]
instruments = C1 C2
mass1_ref = 30.00000000757751
mass2_ref = 30.00000000980565
minchirp = 26.116416906450183
maxchirp = 26.116616906450183
mincov = 91834881863.06644
maxcov = 9183488186306.643
