
[data]
trigger-time = 1637307799.0272837
injection-file = /work/shashwat.singh/Prospects-of-LGWs/unlens/injection.hdf

[global]
instruments = C1 C2
mass1_ref = 30.000000005107253
mass2_ref = 30.000000003592156
minchirp = 26.116416902670363
maxchirp = 26.116616902670362
mincov = 89719876803.78365
maxcov = 8971987680378.363
