
[data]
trigger-time = 1136268414.9095647
injection-file = /work/shashwat.singh/Prospects-of-LGWs/unlens/injection.hdf

[global]
instruments = C1 C2
mass1_ref = 30.000000006712494
mass2_ref = 30.000000004452026
minchirp = 26.116416903743364
maxchirp = 26.116616903743363
mincov = 151657427277.04572
maxcov = 15165742727704.57
