
[data]
trigger-time = 1060749137.0818962
injection-file = /work/shashwat.singh/Prospects-of-LGWs/unlens/injection.hdf

[global]
instruments = C1 C2
mass1_ref = 30.000000002643915
mass2_ref = 30.00000000086763
minchirp = 26.11641690041221
maxchirp = 26.11661690041221
mincov = 97102035510.72232
maxcov = 9710203551072.232
