
[data]
trigger-time = 1703311994.984321
injection-file = /work/shashwat.singh/Prospects-of-LGWs/unlens/injection.hdf

[global]
instruments = C1 C2
mass1_ref = 30.000000009236313
mass2_ref = 30.000000002242004
minchirp = 26.11641690387995
maxchirp = 26.11661690387995
mincov = 105816929427.85092
maxcov = 10581692942785.092
