
[data]
trigger-time = 1150044092.3093169
injection-file = /work/shashwat.singh/Prospects-of-LGWs/unlens/injection.hdf

[global]
instruments = C1 C2
mass1_ref = 30.00000000956423
mass2_ref = 30.000000001778634
minchirp = 26.11641690382099
maxchirp = 26.11661690382099
mincov = 141166953260.45
maxcov = 14116695326045.002
