
[data]
trigger-time = 1793291832.9361854
injection-file = /work/shashwat.singh/Prospects-of-LGWs/unlens/injection.hdf

[global]
instruments = C1 C2
mass1_ref = 30.000000008298684
mass2_ref = 30.000000004804118
minchirp = 26.11641690458705
maxchirp = 26.11661690458705
mincov = 130009160643.31699
maxcov = 13000916064331.7
