
[data]
trigger-time = 1774700388.5914545
injection-file = /work/shashwat.singh/Prospects-of-LGWs/unlens/injection.hdf

[global]
instruments = C1 C2
mass1_ref = 30.000000007702962
mass2_ref = 30.000000000488857
minchirp = 26.11641690244942
maxchirp = 26.11661690244942
mincov = 5193786843.622412
maxcov = 519378684362.24115
