
[data]
trigger-time = 1562205998.243517
injection-file = /work/shashwat.singh/Prospects-of-LGWs/unlens/injection.hdf

[global]
instruments = C1 C2
mass1_ref = 30.000000007083827
mass2_ref = 30.000000000052115
minchirp = 26.116416901989826
maxchirp = 26.116616901989826
mincov = 142302952193.22418
maxcov = 14230295219322.418
