
[data]
trigger-time = 1438756311.5732055
injection-file = /work/shashwat.singh/Prospects-of-LGWs/unlens/injection.hdf

[global]
instruments = C1 C2
mass1_ref = 30.00000000380638
mass2_ref = 30.00000000936999
minchirp = 26.116416904619076
maxchirp = 26.116616904619075
mincov = 159477149222.5284
maxcov = 15947714922252.842
