
[data]
trigger-time = 1873076743.975312
injection-file = /work/shashwat.singh/Prospects-of-LGWs/unlens/injection.hdf

[global]
instruments = C1 C2
mass1_ref = 30.00000000390624
mass2_ref = 30.000000007891867
minchirp = 26.116416904019147
maxchirp = 26.116616904019146
mincov = 3915457473.158487
maxcov = 391545747315.8487
