
[data]
trigger-time = 1101229261.5786345
injection-file = /work/shashwat.singh/Prospects-of-LGWs/unlens/injection.hdf

[global]
instruments = C1 C2
mass1_ref = 30.000000003899014
mass2_ref = 30.000000000381675
minchirp = 26.116416900747005
maxchirp = 26.116616900747005
mincov = 12768310827.973265
maxcov = 1276831082797.3264
