
[data]
trigger-time = 1786790899.0790777
injection-file = /work/shashwat.singh/Prospects-of-LGWs/unlens/injection.hdf

[global]
instruments = C1 C2
mass1_ref = 30.000000001378787
mass2_ref = 30.00000000730742
minchirp = 26.116416902664614
maxchirp = 26.116616902664614
mincov = 5399646199.285933
maxcov = 539964619928.5932
