
[data]
trigger-time = 1010300526.2528884
injection-file = /work/shashwat.singh/Prospects-of-LGWs/unlens/injection.hdf

[global]
instruments = C1 C2
mass1_ref = 30.000000001712145
mass2_ref = 30.00000000090098
minchirp = 26.11641690002115
maxchirp = 26.11661690002115
mincov = 64755318494.478004
maxcov = 6475531849447.801
