
[data]
trigger-time = 1924422794.229531
injection-file = /work/shashwat.singh/Prospects-of-LGWs/unlens/injection.hdf

[global]
instruments = C1 C2
mass1_ref = 30.000000006377856
mass2_ref = 30.00000000052873
minchirp = 26.11641690188999
maxchirp = 26.11661690188999
mincov = 17914243015.592865
maxcov = 1791424301559.2866
