
[data]
trigger-time = 1775228159.2390256
injection-file = /work/shashwat.singh/Prospects-of-LGWs/unlens/injection.hdf

[global]
instruments = C1 C2
mass1_ref = 30.000000001713225
mass2_ref = 30.000000005458883
minchirp = 26.116416902005568
maxchirp = 26.116616902005568
mincov = 60890732804.654945
maxcov = 6089073280465.494
