
[data]
trigger-time = 1001336248.5635437
injection-file = /work/shashwat.singh/Prospects-of-LGWs/unlens/injection.hdf

[global]
instruments = C1 C2
mass1_ref = 30.000000001900123
mass2_ref = 30.00000000683984
minchirp = 26.116416902688016
maxchirp = 26.116616902688016
mincov = 73458680912.16458
maxcov = 7345868091216.459
