
[data]
trigger-time = 1488779126.9904406
injection-file = /work/shashwat.singh/Prospects-of-LGWs/unlens/injection.hdf

[global]
instruments = C1 C2
mass1_ref = 30.000000001624848
mass2_ref = 30.00000000691454
minchirp = 26.116416902600708
maxchirp = 26.116616902600708
mincov = 108544792757.68456
maxcov = 10854479275768.455
