
[data]
trigger-time = 1797932888.1532264
injection-file = /work/shashwat.singh/Prospects-of-LGWs/unlens/injection.hdf

[global]
instruments = C1 C2
mass1_ref = 30.000000005802406
mass2_ref = 30.000000001106343
minchirp = 26.116416901890933
maxchirp = 26.116616901890932
mincov = 60289790138.29706
maxcov = 6028979013829.706
