
[data]
trigger-time = 1864898465.0833023
injection-file = /work/shashwat.singh/Prospects-of-LGWs/unlens/injection.hdf

[global]
instruments = C1 C2
mass1_ref = 30.000000000484217
mass2_ref = 30.000000005484427
minchirp = 26.116416901481728
maxchirp = 26.116616901481727
mincov = 281421472.6958686
maxcov = 28142147269.58686
