
[data]
trigger-time = 1223313166.48075
injection-file = /work/shashwat.singh/Prospects-of-LGWs/unlens/injection.hdf

[global]
instruments = C1 C2
mass1_ref = 30.000000001445635
mass2_ref = 30.000000005753535
minchirp = 26.116416902017345
maxchirp = 26.116616902017345
mincov = 152454164136.02423
maxcov = 15245416413602.424
