
[data]
trigger-time = 1742570541.1980062
injection-file = /work/shashwat.singh/Prospects-of-LGWs/unlens/injection.hdf

[global]
instruments = C1 C2
mass1_ref = 30.000000006232145
mass2_ref = 30.000000007478242
minchirp = 26.11641690485152
maxchirp = 26.11661690485152
mincov = 125457571069.23514
maxcov = 12545757106923.514
