
[data]
trigger-time = 1332427223.0792797
injection-file = /work/shashwat.singh/Prospects-of-LGWs/unlens/injection.hdf

[global]
instruments = C1 C2
mass1_ref = 30.00000000588715
mass2_ref = 30.000000006665307
minchirp = 26.116416904347496
maxchirp = 26.116616904347495
mincov = 127267238177.3715
maxcov = 12726723817737.15
