
[data]
trigger-time = 1813423781.1193383
injection-file = /work/shashwat.singh/Prospects-of-LGWs/unlens/injection.hdf

[global]
instruments = C1 C2
mass1_ref = 30.000000001027438
mass2_ref = 30.00000000251276
minchirp = 26.116416900424685
maxchirp = 26.116616900424685
mincov = 3322400777.065462
maxcov = 332240077706.5462
