
[data]
trigger-time = 1991086564.4964812
injection-file = /work/shashwat.singh/Prospects-of-LGWs/unlens/injection.hdf

[global]
instruments = C1 C2
mass1_ref = 30.0000000059263
mass2_ref = 30.000000006273524
minchirp = 26.116416904194004
maxchirp = 26.116616904194004
mincov = 12804306897.341263
maxcov = 1280430689734.1262
