
[data]
trigger-time = 1924266792.9169383
injection-file = /work/shashwat.singh/Prospects-of-LGWs/unlens/injection.hdf

[global]
instruments = C1 C2
mass1_ref = 30.000000003439293
mass2_ref = 30.00000000833361
minchirp = 26.11641690400818
maxchirp = 26.11661690400818
mincov = 115806217832.98099
maxcov = 11580621783298.098
