
[data]
trigger-time = 1981035442.1929235
injection-file = /work/shashwat.singh/Prospects-of-LGWs/unlens/injection.hdf

[global]
instruments = C1 C2
mass1_ref = 30.000000005648
mass2_ref = 30.00000000087183
minchirp = 26.116416901721646
maxchirp = 26.116616901721645
mincov = 84589542780.5062
maxcov = 8458954278050.62
