
[data]
trigger-time = 1837230327.9711685
injection-file = /work/shashwat.singh/Prospects-of-LGWs/unlens/injection.hdf

[global]
instruments = C1 C2
mass1_ref = 30.000000009551478
mass2_ref = 30.000000009998917
minchirp = 26.11641690739353
maxchirp = 26.116616907393528
mincov = 119546611914.09021
maxcov = 11954661191409.021
