
[data]
trigger-time = 1994800667.9773312
injection-file = /work/shashwat.singh/Prospects-of-LGWs/unlens/injection.hdf

[global]
instruments = C1 C2
mass1_ref = 30.000000000402707
mass2_ref = 30.000000007449653
minchirp = 26.116416902301665
maxchirp = 26.116616902301665
mincov = 116166462608.19675
maxcov = 11616646260819.676
