
[data]
trigger-time = 1813506965.8503714
injection-file = /work/shashwat.singh/Prospects-of-LGWs/unlens/injection.hdf

[global]
instruments = C1 C2
mass1_ref = 30.000000001341757
mass2_ref = 30.0000000062111
minchirp = 26.116416902171295
maxchirp = 26.116616902171295
mincov = 20622949982.68006
maxcov = 2062294998268.0059
