
[data]
trigger-time = 1412981677.546589
injection-file = /work/shashwat.singh/Prospects-of-LGWs/unlens/injection.hdf

[global]
instruments = C1 C2
mass1_ref = 30.000000005967827
mass2_ref = 30.00000000605247
minchirp = 26.116416904115866
maxchirp = 26.116616904115865
mincov = 142012505916.00397
maxcov = 14201250591600.398
