
[data]
trigger-time = 1083999205.4320385
injection-file = /work/shashwat.singh/Prospects-of-LGWs/unlens/injection.hdf

[global]
instruments = C1 C2
mass1_ref = 30.000000006447912
mass2_ref = 30.00000000936184
minchirp = 26.11641690576532
maxchirp = 26.11661690576532
mincov = 70901470716.94061
maxcov = 7090147071694.062
