
[data]
trigger-time = 1666198541.077914
injection-file = /work/shashwat.singh/Prospects-of-LGWs/unlens/injection.hdf

[global]
instruments = C1 C2
mass1_ref = 30.0000000046044
mass2_ref = 30.000000002471083
minchirp = 26.116416901963508
maxchirp = 26.116616901963507
mincov = 19927274063.126328
maxcov = 1992727406312.6328
