
[data]
trigger-time = 1752254896.660106
injection-file = /work/shashwat.singh/Prospects-of-LGWs/unlens/injection.hdf

[global]
instruments = C1 C2
mass1_ref = 30.000000007297356
mass2_ref = 30.000000000148162
minchirp = 26.116416902124577
maxchirp = 26.116616902124576
mincov = 5792472335.891071
maxcov = 579247233589.1072
