
[data]
trigger-time = 1857196249.0881734
injection-file = /work/shashwat.singh/Prospects-of-LGWs/unlens/injection.hdf

[global]
instruments = C1 C2
mass1_ref = 30.00000000437207
mass2_ref = 30.000000009435553
minchirp = 26.11641690489384
maxchirp = 26.11661690489384
mincov = 85580949543.1756
maxcov = 8558094954317.56
