
[data]
trigger-time = 1877627901.164013
injection-file = /work/shashwat.singh/Prospects-of-LGWs/unlens/injection.hdf

[global]
instruments = C1 C2
mass1_ref = 30.000000007233524
mass2_ref = 30.000000005214147
minchirp = 26.116416904301886
maxchirp = 26.116616904301885
mincov = 118220410600.60788
maxcov = 11822041060060.79
