
[data]
trigger-time = 1247090930.0256097
injection-file = /work/shashwat.singh/Prospects-of-LGWs/unlens/injection.hdf

[global]
instruments = C1 C2
mass1_ref = 30.000000009708188
mass2_ref = 30.000000009466206
minchirp = 26.116416907229862
maxchirp = 26.11661690722986
mincov = 73741753895.53566
maxcov = 7374175389553.565
