
[data]
trigger-time = 1832046709.184342
injection-file = /work/shashwat.singh/Prospects-of-LGWs/unlens/injection.hdf

[global]
instruments = C1 C2
mass1_ref = 30.00000000210272
mass2_ref = 30.000000002943064
minchirp = 26.11641690108003
maxchirp = 26.11661690108003
mincov = 2415342282.3369164
maxcov = 241534228233.69165
