
[data]
trigger-time = 1436564855.7939856
injection-file = /work/shashwat.singh/Prospects-of-LGWs/unlens/injection.hdf

[global]
instruments = C1 C2
mass1_ref = 30.000000005700635
mass2_ref = 30.000000000117243
minchirp = 26.116416901416105
maxchirp = 26.116616901416105
mincov = 5361948678.51588
maxcov = 536194867851.588
