
[data]
trigger-time = 1925280845.9522076
injection-file = /work/shashwat.singh/Prospects-of-LGWs/unlens/injection.hdf

[global]
instruments = C1 C2
mass1_ref = 30.000000005662088
mass2_ref = 30.000000004608783
minchirp = 26.11641690335438
maxchirp = 26.11661690335438
mincov = 141712800259.59775
maxcov = 14171280025959.775
