
[data]
trigger-time = 1934845256.9494956
injection-file = /work/shashwat.singh/Prospects-of-LGWs/unlens/injection.hdf

[global]
instruments = C1 C2
mass1_ref = 30.000000007334762
mass2_ref = 30.00000000347893
minchirp = 26.116416903590657
maxchirp = 26.116616903590657
mincov = 48310046214.824745
maxcov = 4831004621482.475
