
[data]
trigger-time = 1292772725.9983175
injection-file = /work/shashwat.singh/Prospects-of-LGWs/unlens/injection.hdf

[global]
instruments = C1 C2
mass1_ref = 30.000000001750518
mass2_ref = 30.000000003349356
minchirp = 26.116416901103573
maxchirp = 26.116616901103573
mincov = 172191877242.36023
maxcov = 17219187724236.023
