
[data]
trigger-time = 1203423805.1052222
injection-file = /work/shashwat.singh/Prospects-of-LGWs/unlens/injection.hdf

[global]
instruments = C1 C2
mass1_ref = 30.000000008355258
mass2_ref = 30.000000009972407
minchirp = 26.116416906861303
maxchirp = 26.116616906861303
mincov = 133406748429.81242
maxcov = 13340674842981.242
