
[data]
trigger-time = 1345235383.4955962
injection-file = /work/shashwat.singh/Prospects-of-LGWs/unlens/injection.hdf

[global]
instruments = C1 C2
mass1_ref = 30.000000003992547
mass2_ref = 30.00000000106937
minchirp = 26.116416901087053
maxchirp = 26.116616901087053
mincov = 101665271213.23352
maxcov = 10166527121323.352
