
[data]
trigger-time = 1234662022.4096785
injection-file = /work/shashwat.singh/Prospects-of-LGWs/unlens/injection.hdf

[global]
instruments = C1 C2
mass1_ref = 30.000000001015998
mass2_ref = 30.000000007178013
minchirp = 26.11641690245037
maxchirp = 26.11661690245037
mincov = 42920505576.41936
maxcov = 4292050557641.9355
