
[data]
trigger-time = 1259657334.0145335
injection-file = /work/shashwat.singh/Prospects-of-LGWs/unlens/injection.hdf

[global]
instruments = C1 C2
mass1_ref = 30.000000005477435
mass2_ref = 30.00000000247436
minchirp = 26.116416902344945
maxchirp = 26.116616902344944
mincov = 58640500783.953285
maxcov = 5864050078395.328
