
[data]
trigger-time = 1432015001.1168292
injection-file = /work/shashwat.singh/Prospects-of-LGWs/unlens/injection.hdf

[global]
instruments = C1 C2
mass1_ref = 30.00000000620724
mass2_ref = 30.00000000567768
minchirp = 26.116416904056937
maxchirp = 26.116616904056936
mincov = 134257806909.65616
maxcov = 13425780690965.615
