
[data]
trigger-time = 1458597678.1536427
injection-file = /work/shashwat.singh/Prospects-of-LGWs/unlens/injection.hdf

[global]
instruments = C1 C2
mass1_ref = 30.000000001679386
mass2_ref = 30.00000000495293
minchirp = 26.11641690177061
maxchirp = 26.11661690177061
mincov = 145316095484.46048
maxcov = 14531609548446.047
