
[data]
trigger-time = 1552083187.5121088
injection-file = /work/shashwat.singh/Prospects-of-LGWs/unlens/injection.hdf

[global]
instruments = C1 C2
mass1_ref = 30.000000000000043
mass2_ref = 30.000000000389583
minchirp = 26.11641689905332
maxchirp = 26.11661689905332
mincov = 101557962912.52238
maxcov = 10155796291252.238
