
[data]
trigger-time = 1127347340.3196697
injection-file = /work/shashwat.singh/Prospects-of-LGWs/unlens/injection.hdf

[global]
instruments = C1 C2
mass1_ref = 30.000000005504297
mass2_ref = 30.00000000833729
minchirp = 26.11641690490863
maxchirp = 26.11661690490863
mincov = 79248899723.90567
maxcov = 7924889972390.567
