
[data]
trigger-time = 1282399566.7362244
injection-file = /work/shashwat.singh/Prospects-of-LGWs/unlens/injection.hdf

[global]
instruments = C1 C2
mass1_ref = 30.000000002783267
mass2_ref = 30.000000006163184
minchirp = 26.116416902777893
maxchirp = 26.116616902777892
mincov = 103541607375.64262
maxcov = 10354160737564.262
