
[data]
trigger-time = 1322445773.0124805
injection-file = /work/shashwat.singh/Prospects-of-LGWs/unlens/injection.hdf

[global]
instruments = C1 C2
mass1_ref = 30.000000005821896
mass2_ref = 30.000000007804985
minchirp = 26.116416904815168
maxchirp = 26.116616904815167
mincov = 71774409326.84818
maxcov = 7177440932684.818
