
[data]
trigger-time = 1463820197.7410145
injection-file = /work/shashwat.singh/Prospects-of-LGWs/unlens/injection.hdf

[global]
instruments = C1 C2
mass1_ref = 30.00000000600294
mass2_ref = 30.00000000518325
minchirp = 26.116416903752796
maxchirp = 26.116616903752796
mincov = 168113626337.8681
maxcov = 16811362633786.812
