
[data]
trigger-time = 1805399669.1354752
injection-file = /work/shashwat.singh/Prospects-of-LGWs/unlens/injection.hdf

[global]
instruments = C1 C2
mass1_ref = 30.00000000646745
mass2_ref = 30.000000007950067
minchirp = 26.116416905159312
maxchirp = 26.11661690515931
mincov = 111964891547.85791
maxcov = 11196489154785.791
