
[data]
trigger-time = 1031331602.4584255
injection-file = /work/shashwat.singh/Prospects-of-LGWs/unlens/injection.hdf

[global]
instruments = C1 C2
mass1_ref = 30.00000000629919
mass2_ref = 30.000000008837002
minchirp = 26.116416905472136
maxchirp = 26.116616905472135
mincov = 175305868149.66644
maxcov = 17530586814966.643
