
[data]
trigger-time = 1302080862.092654
injection-file = /work/shashwat.singh/Prospects-of-LGWs/unlens/injection.hdf

[global]
instruments = C1 C2
mass1_ref = 30.00000000066278
mass2_ref = 30.000000008064394
minchirp = 26.11641690268245
maxchirp = 26.11661690268245
mincov = 18655680432.632175
maxcov = 1865568043263.2175
