
[data]
trigger-time = 1556504377.2146602
injection-file = /work/shashwat.singh/Prospects-of-LGWs/unlens/injection.hdf

[global]
instruments = C1 C2
mass1_ref = 30.00000000139228
mass2_ref = 30.000000008085454
minchirp = 26.11641690300915
maxchirp = 26.11661690300915
mincov = 3911059287.651694
maxcov = 391105928765.1694
