
[data]
trigger-time = 1294531424.932468
injection-file = /work/shashwat.singh/Prospects-of-LGWs/unlens/injection.hdf

[global]
instruments = C1 C2
mass1_ref = 30.00000000257898
mass2_ref = 30.000000009821658
minchirp = 26.116416904281415
maxchirp = 26.116616904281415
mincov = 137032885371.18277
maxcov = 13703288537118.277
