
[data]
trigger-time = 1937829201.2445505
injection-file = /work/shashwat.singh/Prospects-of-LGWs/unlens/injection.hdf

[global]
instruments = C1 C2
mass1_ref = 30.0000000088121
mass2_ref = 30.000000002229626
minchirp = 26.116416903689917
maxchirp = 26.116616903689916
mincov = 139880399554.28107
maxcov = 13988039955428.105
