
[data]
trigger-time = 1285094084.6432104
injection-file = /work/shashwat.singh/Prospects-of-LGWs/unlens/injection.hdf

[global]
instruments = C1 C2
mass1_ref = 30.00000000284379
mass2_ref = 30.00000000216473
minchirp = 26.11641690106381
maxchirp = 26.11661690106381
mincov = 62282124622.42515
maxcov = 6228212462242.515
