
[data]
trigger-time = 1955139711.9896445
injection-file = /work/shashwat.singh/Prospects-of-LGWs/unlens/injection.hdf

[global]
instruments = C1 C2
mass1_ref = 30.000000006383342
mass2_ref = 30.00000000491687
minchirp = 26.116416903802428
maxchirp = 26.116616903802427
mincov = 133967600596.48764
maxcov = 13396760059648.766
