
[data]
trigger-time = 1883168184.791953
injection-file = /work/shashwat.singh/Prospects-of-LGWs/unlens/injection.hdf

[global]
instruments = C1 C2
mass1_ref = 30.00000000620251
mass2_ref = 30.000000005588323
minchirp = 26.11641690401598
maxchirp = 26.11661690401598
mincov = 56624176387.24028
maxcov = 5662417638724.028
