
[data]
trigger-time = 1257941713.136233
injection-file = /work/shashwat.singh/Prospects-of-LGWs/unlens/injection.hdf

[global]
instruments = C1 C2
mass1_ref = 30.00000000429654
mass2_ref = 30.000000008168378
minchirp = 26.116416904309393
maxchirp = 26.116616904309392
mincov = 4597481624.990847
maxcov = 459748162499.0847
