
[data]
trigger-time = 1089947218.8990514
injection-file = /work/shashwat.singh/Prospects-of-LGWs/unlens/injection.hdf

[global]
instruments = C1 C2
mass1_ref = 30.000000003678778
mass2_ref = 30.000000009240196
minchirp = 26.116416904507034
maxchirp = 26.116616904507033
mincov = 152379012676.97382
maxcov = 15237901267697.38
