
[data]
trigger-time = 1070475483.5745296
injection-file = /work/shashwat.singh/Prospects-of-LGWs/unlens/injection.hdf

[global]
instruments = C1 C2
mass1_ref = 30.00000000197999
mass2_ref = 30.00000000936886
minchirp = 26.1164169038236
maxchirp = 26.116616903823598
mincov = 13206220575.262835
maxcov = 1320622057526.2834
