
[data]
trigger-time = 1164076152.453157
injection-file = /work/shashwat.singh/Prospects-of-LGWs/unlens/injection.hdf

[global]
instruments = C1 C2
mass1_ref = 30.00000000739381
mass2_ref = 30.0000000008984
minchirp = 26.116416902493118
maxchirp = 26.116616902493117
mincov = 95381812689.52652
maxcov = 9538181268952.652
