
[data]
trigger-time = 1080823065.4791608
injection-file = /work/shashwat.singh/Prospects-of-LGWs/unlens/injection.hdf

[global]
instruments = C1 C2
mass1_ref = 30.000000009311442
mass2_ref = 30.00000000691029
minchirp = 26.116416905944643
maxchirp = 26.116616905944642
mincov = 116918182012.10342
maxcov = 11691818201210.342
