
[data]
trigger-time = 1437387723.834677
injection-file = /work/shashwat.singh/Prospects-of-LGWs/unlens/injection.hdf

[global]
instruments = C1 C2
mass1_ref = 30.000000001613227
mass2_ref = 30.00000000065861
minchirp = 26.116416899872597
maxchirp = 26.116616899872596
mincov = 23098555186.48393
maxcov = 2309855518648.393
