
[data]
trigger-time = 1823032102.3953266
injection-file = /work/shashwat.singh/Prospects-of-LGWs/unlens/injection.hdf

[global]
instruments = C1 C2
mass1_ref = 30.000000001945338
mass2_ref = 30.000000006671463
minchirp = 26.116416902634406
maxchirp = 26.116616902634405
mincov = 9397074409.85316
maxcov = 939707440985.3162
