
[data]
trigger-time = 1118248734.08929
injection-file = /work/shashwat.singh/Prospects-of-LGWs/unlens/injection.hdf

[global]
instruments = C1 C2
mass1_ref = 30.000000005170566
mass2_ref = 30.000000005715076
minchirp = 26.116416903621975
maxchirp = 26.116616903621974
mincov = 141137288150.27975
maxcov = 14113728815027.977
