
[data]
trigger-time = 1334312587.8033366
injection-file = /work/shashwat.singh/Prospects-of-LGWs/unlens/injection.hdf

[global]
instruments = C1 C2
mass1_ref = 30.000000006980255
mass2_ref = 30.000000009484953
minchirp = 26.11641690605062
maxchirp = 26.11661690605062
mincov = 1261241709.4717536
maxcov = 126124170947.17537
