
[data]
trigger-time = 1770244823.8611307
injection-file = /work/shashwat.singh/Prospects-of-LGWs/unlens/injection.hdf

[global]
instruments = C1 C2
mass1_ref = 30.000000003320388
mass2_ref = 30.00000000915723
minchirp = 26.11641690431492
maxchirp = 26.11661690431492
mincov = 1055818651.208312
maxcov = 105581865120.8312
