
[data]
trigger-time = 1446442294.2047572
injection-file = /work/shashwat.singh/Prospects-of-LGWs/unlens/injection.hdf

[global]
instruments = C1 C2
mass1_ref = 30.000000004816794
mass2_ref = 30.000000006189513
minchirp = 26.116416903674498
maxchirp = 26.116616903674498
mincov = 859260054.6426723
maxcov = 85926005464.26724
