
[data]
trigger-time = 1349861656.53369
injection-file = /work/shashwat.singh/Prospects-of-LGWs/unlens/injection.hdf

[global]
instruments = C1 C2
mass1_ref = 30.000000001880593
mass2_ref = 30.000000003522892
minchirp = 26.116416901235727
maxchirp = 26.116616901235727
mincov = 134733653864.18896
maxcov = 13473365386418.896
