
[data]
trigger-time = 1212191602.8125823
injection-file = /work/shashwat.singh/Prospects-of-LGWs/unlens/injection.hdf

[global]
instruments = C1 C2
mass1_ref = 30.000000002276465
mass2_ref = 30.00000000230154
minchirp = 26.116416900876416
maxchirp = 26.116616900876416
mincov = 116508964659.50989
maxcov = 11650896465950.988
