
[data]
trigger-time = 1862799350.1553028
injection-file = /work/shashwat.singh/Prospects-of-LGWs/unlens/injection.hdf

[global]
instruments = C1 C2
mass1_ref = 30.000000008301896
mass2_ref = 30.00000000535456
minchirp = 26.116416904828043
maxchirp = 26.116616904828042
mincov = 160036993234.10297
maxcov = 16003699323410.295
