
[data]
trigger-time = 1013793418.5641536
injection-file = /work/shashwat.singh/Prospects-of-LGWs/unlens/injection.hdf

[global]
instruments = C1 C2
mass1_ref = 30.00000000097005
mass2_ref = 30.0000000051778
minchirp = 26.11641690155973
maxchirp = 26.11661690155973
mincov = 92155608435.70782
maxcov = 9215560843570.783
