
[data]
trigger-time = 1380967202.0921235
injection-file = /work/shashwat.singh/Prospects-of-LGWs/unlens/injection.hdf

[global]
instruments = C1 C2
mass1_ref = 30.000000007418954
mass2_ref = 30.00000000128809
minchirp = 26.116416902673688
maxchirp = 26.116616902673687
mincov = 34363336571.40275
maxcov = 3436333657140.2744
