
[data]
trigger-time = 1758084289.8676934
injection-file = /work/shashwat.singh/Prospects-of-LGWs/unlens/injection.hdf

[global]
instruments = C1 C2
mass1_ref = 30.00000000196371
mass2_ref = 30.00000000618527
minchirp = 26.116416902430775
maxchirp = 26.116616902430774
mincov = 34123573027.772163
maxcov = 3412357302777.2163
