
[data]
trigger-time = 1386821358.458671
injection-file = /work/shashwat.singh/Prospects-of-LGWs/unlens/injection.hdf

[global]
instruments = C1 C2
mass1_ref = 30.000000005989786
mass2_ref = 30.000000001034874
minchirp = 26.116416901941385
maxchirp = 26.116616901941384
mincov = 156768555836.18805
maxcov = 15676855583618.807
