
[data]
trigger-time = 1453477707.931504
injection-file = /work/shashwat.singh/Prospects-of-LGWs/unlens/injection.hdf

[global]
instruments = C1 C2
mass1_ref = 30.000000007835318
mass2_ref = 30.000000008131543
minchirp = 26.116416905833706
maxchirp = 26.116616905833705
mincov = 125943956238.26541
maxcov = 12594395623826.541
