
[data]
trigger-time = 1819400015.419024
injection-file = /work/shashwat.singh/Prospects-of-LGWs/unlens/injection.hdf

[global]
instruments = C1 C2
mass1_ref = 30.000000006959574
mass2_ref = 30.000000009572094
minchirp = 26.116416906079554
maxchirp = 26.116616906079553
mincov = 124242339044.22055
maxcov = 12424233904422.055
