
[data]
trigger-time = 1707529548.7009158
injection-file = /work/shashwat.singh/Prospects-of-LGWs/unlens/injection.hdf

[global]
instruments = C1 C2
mass1_ref = 30.00000000769739
mass2_ref = 30.00000000649752
minchirp = 26.11641690506242
maxchirp = 26.11661690506242
mincov = 169383254432.3874
maxcov = 16938325443238.74
