
[data]
trigger-time = 1868159444.2835236
injection-file = /work/shashwat.singh/Prospects-of-LGWs/unlens/injection.hdf

[global]
instruments = C1 C2
mass1_ref = 30.000000009429797
mass2_ref = 30.00000000477607
minchirp = 26.116416905067187
maxchirp = 26.116616905067186
mincov = 28131750246.592316
maxcov = 2813175024659.2314
