
[data]
trigger-time = 1555109555.3924212
injection-file = /work/shashwat.singh/Prospects-of-LGWs/unlens/injection.hdf

[global]
instruments = C1 C2
mass1_ref = 30.000000004398736
mass2_ref = 30.00000000421356
minchirp = 26.116416902632444
maxchirp = 26.116616902632444
mincov = 745624027.9082503
maxcov = 74562402790.82503
