
[data]
trigger-time = 1038031717.5628577
injection-file = /work/shashwat.singh/Prospects-of-LGWs/unlens/injection.hdf

[global]
instruments = C1 C2
mass1_ref = 30.000000009099843
mass2_ref = 30.000000006920036
minchirp = 26.116416905856784
maxchirp = 26.116616905856784
mincov = 37017512299.953476
maxcov = 3701751229995.3477
