
[data]
trigger-time = 1082133913.7169785
injection-file = /work/shashwat.singh/Prospects-of-LGWs/unlens/injection.hdf

[global]
instruments = C1 C2
mass1_ref = 30.000000003862116
mass2_ref = 30.00000000684769
minchirp = 26.11641690354544
maxchirp = 26.116616903545438
mincov = 49885556125.73619
maxcov = 4988555612573.619
