
[data]
trigger-time = 1403780533.7691333
injection-file = /work/shashwat.singh/Prospects-of-LGWs/unlens/injection.hdf

[global]
instruments = C1 C2
mass1_ref = 30.000000007155197
mass2_ref = 30.00000000227441
minchirp = 26.116416902988203
maxchirp = 26.116616902988202
mincov = 143903596152.4144
maxcov = 14390359615241.441
