
[data]
trigger-time = 1782459701.0086515
injection-file = /work/shashwat.singh/Prospects-of-LGWs/unlens/injection.hdf

[global]
instruments = C1 C2
mass1_ref = 30.00000000305783
mass2_ref = 30.00000000816424
minchirp = 26.116416903768414
maxchirp = 26.116616903768413
mincov = 25578834548.078537
maxcov = 2557883454807.8535
