
[data]
trigger-time = 1692191765.1845045
injection-file = /work/shashwat.singh/Prospects-of-LGWs/unlens/injection.hdf

[global]
instruments = C1 C2
mass1_ref = 30.000000001953154
mass2_ref = 30.000000003463413
minchirp = 26.116416901241422
maxchirp = 26.11661690124142
mincov = 94397995514.31161
maxcov = 9439799551431.16
