
[data]
trigger-time = 1501712591.3659542
injection-file = /work/shashwat.singh/Prospects-of-LGWs/unlens/injection.hdf

[global]
instruments = C1 C2
mass1_ref = 30.000000000389164
mass2_ref = 30.000000005824674
minchirp = 26.116416901588455
maxchirp = 26.116616901588454
mincov = 166094712768.27655
maxcov = 16609471276827.654
