
[data]
trigger-time = 1065762526.9179108
injection-file = /work/shashwat.singh/Prospects-of-LGWs/unlens/injection.hdf

[global]
instruments = C1 C2
mass1_ref = 30.00000000413761
mass2_ref = 30.000000007232487
minchirp = 26.116416903832846
maxchirp = 26.116616903832846
mincov = 132247711332.8936
maxcov = 13224771133289.36
