
[data]
trigger-time = 1152769480.6677964
injection-file = /work/shashwat.singh/Prospects-of-LGWs/unlens/injection.hdf

[global]
instruments = C1 C2
mass1_ref = 30.000000002621377
mass2_ref = 30.000000000755982
minchirp = 26.116416900353805
maxchirp = 26.116616900353804
mincov = 31317351028.598682
maxcov = 3131735102859.868
