
[data]
trigger-time = 1170770702.8971853
injection-file = /work/shashwat.singh/Prospects-of-LGWs/unlens/injection.hdf

[global]
instruments = C1 C2
mass1_ref = 30.000000004345356
mass2_ref = 30.000000003406825
minchirp = 26.11641690225806
maxchirp = 26.11661690225806
mincov = 83041360004.6835
maxcov = 8304136000468.35
