
[data]
trigger-time = 1036226773.1462888
injection-file = /work/shashwat.singh/Prospects-of-LGWs/unlens/injection.hdf

[global]
instruments = C1 C2
mass1_ref = 30.000000008682957
mass2_ref = 30.00000000694632
minchirp = 26.116416905686762
maxchirp = 26.11661690568676
mincov = 126550910685.16093
maxcov = 12655091068516.094
