
[data]
trigger-time = 1892850071.6816077
injection-file = /work/shashwat.singh/Prospects-of-LGWs/unlens/injection.hdf

[global]
instruments = C1 C2
mass1_ref = 30.00000000534723
mass2_ref = 30.000000008516558
minchirp = 26.11641690491829
maxchirp = 26.11661690491829
mincov = 176155089722.68402
maxcov = 17615508972268.402
