
[data]
trigger-time = 1707018755.9872432
injection-file = /work/shashwat.singh/Prospects-of-LGWs/unlens/injection.hdf

[global]
instruments = C1 C2
mass1_ref = 30.000000001865065
mass2_ref = 30.00000000585049
minchirp = 26.116416902242115
maxchirp = 26.116616902242114
mincov = 132181847334.99496
maxcov = 13218184733499.496
