
[data]
trigger-time = 1032702282.8591777
injection-file = /work/shashwat.singh/Prospects-of-LGWs/unlens/injection.hdf

[global]
instruments = C1 C2
mass1_ref = 30.00000000980766
mass2_ref = 30.00000000715143
minchirp = 26.1164169062656
maxchirp = 26.116616906265598
mincov = 176644549980.44803
maxcov = 17664454998044.8
