
[data]
trigger-time = 1208704403.932023
injection-file = /work/shashwat.singh/Prospects-of-LGWs/unlens/injection.hdf

[global]
instruments = C1 C2
mass1_ref = 30.00000000471203
mass2_ref = 30.000000008473386
minchirp = 26.116416904623012
maxchirp = 26.11661690462301
mincov = 159988032149.5338
maxcov = 15998803214953.38
