
[data]
trigger-time = 1400098445.1477473
injection-file = /work/shashwat.singh/Prospects-of-LGWs/unlens/injection.hdf

[global]
instruments = C1 C2
mass1_ref = 30.00000000581803
mass2_ref = 30.000000009736866
minchirp = 26.116416905654386
maxchirp = 26.116616905654386
mincov = 178939410240.05234
maxcov = 17893941024005.234
