
[data]
trigger-time = 1350986982.4995613
injection-file = /work/shashwat.singh/Prospects-of-LGWs/unlens/injection.hdf

[global]
instruments = C1 C2
mass1_ref = 30.000000004484516
mass2_ref = 30.00000000743369
minchirp = 26.116416904071425
maxchirp = 26.116616904071424
mincov = 167434097925.57327
maxcov = 16743409792557.326
