
[data]
trigger-time = 1393064323.5724065
injection-file = /work/shashwat.singh/Prospects-of-LGWs/unlens/injection.hdf

[global]
instruments = C1 C2
mass1_ref = 30.000000004668482
mass2_ref = 30.000000007744852
minchirp = 26.116416904286943
maxchirp = 26.116616904286943
mincov = 77667907532.87141
maxcov = 7766790753287.141
