
[data]
trigger-time = 1441360883.6388612
injection-file = /work/shashwat.singh/Prospects-of-LGWs/unlens/injection.hdf

[global]
instruments = C1 C2
mass1_ref = 30.00000000661612
mass2_ref = 30.00000000199144
minchirp = 26.116416902630384
maxchirp = 26.116616902630383
mincov = 110542741932.99753
maxcov = 11054274193299.754
