
[data]
trigger-time = 1205946427.8246334
injection-file = /work/shashwat.singh/Prospects-of-LGWs/unlens/injection.hdf

[global]
instruments = C1 C2
mass1_ref = 30.00000000434438
mass2_ref = 30.000000004511335
minchirp = 26.116416902738397
maxchirp = 26.116616902738397
mincov = 164181458064.20895
maxcov = 16418145806420.896
