
[data]
trigger-time = 1102896036.3520236
injection-file = /work/shashwat.singh/Prospects-of-LGWs/unlens/injection.hdf

[global]
instruments = C1 C2
mass1_ref = 30.0000000044173
mass2_ref = 30.0000000073731
minchirp = 26.116416904015793
maxchirp = 26.116616904015792
mincov = 81996830.9701108
maxcov = 8199683097.01108
