
[data]
trigger-time = 1024157426.9289201
injection-file = /work/shashwat.singh/Prospects-of-LGWs/unlens/injection.hdf

[global]
instruments = C1 C2
mass1_ref = 30.000000000510806
mass2_ref = 30.00000000324364
minchirp = 26.11641690051794
maxchirp = 26.11661690051794
mincov = 122549289796.96603
maxcov = 12254928979696.604
