
[data]
trigger-time = 1271061433.274467
injection-file = /work/shashwat.singh/Prospects-of-LGWs/unlens/injection.hdf

[global]
instruments = C1 C2
mass1_ref = 30.000000005236735
mass2_ref = 30.000000008088787
minchirp = 26.116416904683994
maxchirp = 26.116616904683994
mincov = 84263161113.11234
maxcov = 8426316111311.232
