
[data]
trigger-time = 1849338100.1942325
injection-file = /work/shashwat.singh/Prospects-of-LGWs/unlens/injection.hdf

[global]
instruments = C1 C2
mass1_ref = 30.000000001031324
mass2_ref = 30.00000000895868
minchirp = 26.116416903232125
maxchirp = 26.116616903232124
mincov = 28789353828.800854
maxcov = 2878935382880.0854
