
[data]
trigger-time = 1844507473.6309738
injection-file = /work/shashwat.singh/Prospects-of-LGWs/unlens/injection.hdf

[global]
instruments = C1 C2
mass1_ref = 30.000000007511737
mass2_ref = 30.000000006242523
minchirp = 26.116416904870615
maxchirp = 26.116616904870614
mincov = 148927412920.75974
maxcov = 14892741292075.975
