
[data]
trigger-time = 1024601185.5624149
injection-file = /work/shashwat.singh/Prospects-of-LGWs/unlens/injection.hdf

[global]
instruments = C1 C2
mass1_ref = 30.000000009378848
mass2_ref = 30.000000004445408
minchirp = 26.11641690490108
maxchirp = 26.11661690490108
mincov = 26151040176.926624
maxcov = 2615104017692.662
