
[data]
trigger-time = 1527414022.7322462
injection-file = /work/shashwat.singh/Prospects-of-LGWs/unlens/injection.hdf

[global]
instruments = C1 C2
mass1_ref = 30.000000004583317
mass2_ref = 30.00000000345068
minchirp = 26.116416902380724
maxchirp = 26.116616902380724
mincov = 177219514873.53586
maxcov = 17721951487353.586
