
[data]
trigger-time = 1233116270.7226243
injection-file = /work/shashwat.singh/Prospects-of-LGWs/unlens/injection.hdf

[global]
instruments = C1 C2
mass1_ref = 30.00000000092552
mass2_ref = 30.000000009659807
minchirp = 26.116416903491256
maxchirp = 26.116616903491256
mincov = 10972613393.893435
maxcov = 1097261339389.3434
