
[data]
trigger-time = 1328852456.686441
injection-file = /work/shashwat.singh/Prospects-of-LGWs/unlens/injection.hdf

[global]
instruments = C1 C2
mass1_ref = 30.000000007928275
mass2_ref = 30.00000000983897
minchirp = 26.116416906617367
maxchirp = 26.116616906617367
mincov = 166429599664.1611
maxcov = 16642959966416.111
