
[data]
trigger-time = 1372096868.9708457
injection-file = /work/shashwat.singh/Prospects-of-LGWs/unlens/injection.hdf

[global]
instruments = C1 C2
mass1_ref = 30.000000008651345
mass2_ref = 30.0000000051025
minchirp = 26.116416904870434
maxchirp = 26.116616904870433
mincov = 41387933063.65776
maxcov = 4138793306365.776
