
[data]
trigger-time = 1446383158.1064181
injection-file = /work/shashwat.singh/Prospects-of-LGWs/unlens/injection.hdf

[global]
instruments = C1 C2
mass1_ref = 30.00000000292199
mass2_ref = 30.000000001035318
minchirp = 26.116416900606243
maxchirp = 26.116616900606243
mincov = 169132869141.63882
maxcov = 16913286914163.883
