
[data]
trigger-time = 1314759839.7391186
injection-file = /work/shashwat.singh/Prospects-of-LGWs/unlens/injection.hdf

[global]
instruments = C1 C2
mass1_ref = 30.000000008047845
mass2_ref = 30.000000007266337
minchirp = 26.11641690554961
maxchirp = 26.11661690554961
mincov = 132954553079.36035
maxcov = 13295455307936.035
