
[data]
trigger-time = 1137206992.4537568
injection-file = /work/shashwat.singh/Prospects-of-LGWs/unlens/injection.hdf

[global]
instruments = C1 C2
mass1_ref = 30.000000003215252
mass2_ref = 30.000000000732193
minchirp = 26.11641690060195
maxchirp = 26.11661690060195
mincov = 119170585221.65031
maxcov = 11917058522165.031
