
[data]
trigger-time = 1621893719.9509225
injection-file = /work/shashwat.singh/Prospects-of-LGWs/unlens/injection.hdf

[global]
instruments = C1 C2
mass1_ref = 30.000000004142315
mass2_ref = 30.000000001964047
minchirp = 26.116416901541673
maxchirp = 26.116616901541672
mincov = 154737200138.03107
maxcov = 15473720013803.107
