
[data]
trigger-time = 1219002288.1310592
injection-file = /work/shashwat.singh/Prospects-of-LGWs/unlens/injection.hdf

[global]
instruments = C1 C2
mass1_ref = 30.000000005630618
mass2_ref = 30.000000000481666
minchirp = 26.11641690154425
maxchirp = 26.11661690154425
mincov = 147240393096.65573
maxcov = 14724039309665.574
