
[data]
trigger-time = 1963363832.4713578
injection-file = /work/shashwat.singh/Prospects-of-LGWs/unlens/injection.hdf

[global]
instruments = C1 C2
mass1_ref = 30.000000009391915
mass2_ref = 30.0000000000889
minchirp = 26.11641690301049
maxchirp = 26.116616903010488
mincov = 9819834821.146275
maxcov = 981983482114.6276
