
[data]
trigger-time = 1834856708.139966
injection-file = /work/shashwat.singh/Prospects-of-LGWs/unlens/injection.hdf

[global]
instruments = C1 C2
mass1_ref = 30.00000000325738
mass2_ref = 30.000000001036163
minchirp = 26.1164169007526
maxchirp = 26.1166169007526
mincov = 111118338193.38107
maxcov = 11111833819338.107
