
[data]
trigger-time = 1622978014.031418
injection-file = /work/shashwat.singh/Prospects-of-LGWs/unlens/injection.hdf

[global]
instruments = C1 C2
mass1_ref = 30.00000000099353
mass2_ref = 30.000000006638096
minchirp = 26.116416902205582
maxchirp = 26.116616902205582
mincov = 178204411635.5356
maxcov = 17820441163553.562
