
[data]
trigger-time = 1891788405.6763854
injection-file = /work/shashwat.singh/Prospects-of-LGWs/unlens/injection.hdf

[global]
instruments = C1 C2
mass1_ref = 30.000000000020624
mass2_ref = 30.00000000429016
minchirp = 26.1164169007601
maxchirp = 26.1166169007601
mincov = 163180081164.67035
maxcov = 16318008116467.035
