
[data]
trigger-time = 1651729660.0471067
injection-file = /work/shashwat.singh/Prospects-of-LGWs/unlens/injection.hdf

[global]
instruments = C1 C2
mass1_ref = 30.00000000828758
mass2_ref = 30.000000007568914
minchirp = 26.116416905785663
maxchirp = 26.116616905785662
mincov = 11915073329.936892
maxcov = 1191507332993.6892
