
[data]
trigger-time = 1518704625.0519185
injection-file = /work/shashwat.singh/Prospects-of-LGWs/unlens/injection.hdf

[global]
instruments = C1 C2
mass1_ref = 30.00000000822592
mass2_ref = 30.00000000544842
minchirp = 26.116416904835827
maxchirp = 26.116616904835826
mincov = 8196990989.179998
maxcov = 819699098917.9999
