
[data]
trigger-time = 1899742549.5064554
injection-file = /work/shashwat.singh/Prospects-of-LGWs/unlens/injection.hdf

[global]
instruments = C1 C2
mass1_ref = 30.00000000129739
mass2_ref = 30.000000007873837
minchirp = 26.116416902875734
maxchirp = 26.116616902875734
mincov = 162929595012.64798
maxcov = 16292959501264.797
