
[data]
trigger-time = 1897018903.3936749
injection-file = /work/shashwat.singh/Prospects-of-LGWs/unlens/injection.hdf

[global]
instruments = C1 C2
mass1_ref = 30.000000001998725
mass2_ref = 30.000000001922782
minchirp = 26.116416900590657
maxchirp = 26.116616900590657
mincov = 57551363569.24275
maxcov = 5755136356924.275
