
[data]
trigger-time = 1433593988.8729248
injection-file = /work/shashwat.singh/Prospects-of-LGWs/unlens/injection.hdf

[global]
instruments = C1 C2
mass1_ref = 30.00000000131508
mass2_ref = 30.000000005849216
minchirp = 26.116416902002165
maxchirp = 26.116616902002164
mincov = 5183778.379061097
maxcov = 518377837.90610975
