
[data]
trigger-time = 1373423838.9367185
injection-file = /work/shashwat.singh/Prospects-of-LGWs/unlens/injection.hdf

[global]
instruments = C1 C2
mass1_ref = 30.00000000638081
mass2_ref = 30.000000004623935
minchirp = 26.116416903673816
maxchirp = 26.116616903673815
mincov = 92127202693.5948
maxcov = 9212720269359.48
