
[data]
trigger-time = 1586502590.3018482
injection-file = /work/shashwat.singh/Prospects-of-LGWs/unlens/injection.hdf

[global]
instruments = C1 C2
mass1_ref = 30.000000009813053
mass2_ref = 30.000000002022247
minchirp = 26.11641690403534
maxchirp = 26.11661690403534
mincov = 9605100240.881119
maxcov = 960510024088.1118
