
[data]
trigger-time = 1294472423.5522652
injection-file = /work/shashwat.singh/Prospects-of-LGWs/unlens/injection.hdf

[global]
instruments = C1 C2
mass1_ref = 30.000000004519684
mass2_ref = 30.000000004179174
minchirp = 26.116416902670125
maxchirp = 26.116616902670124
mincov = 137411357379.94951
maxcov = 13741135737994.951
