
[data]
trigger-time = 1112594098.2890413
injection-file = /work/shashwat.singh/Prospects-of-LGWs/unlens/injection.hdf

[global]
instruments = C1 C2
mass1_ref = 30.0000000000211
mass2_ref = 30.000000000593815
minchirp = 26.116416899151382
maxchirp = 26.11661689915138
mincov = 149113387786.4693
maxcov = 14911338778646.93
