
[data]
trigger-time = 1176173559.8246136
injection-file = /work/shashwat.singh/Prospects-of-LGWs/unlens/injection.hdf

[global]
instruments = C1 C2
mass1_ref = 30.000000002970694
mass2_ref = 30.0000000066536
minchirp = 26.116416903072942
maxchirp = 26.11661690307294
mincov = 8727420194.242561
maxcov = 872742019424.2561
