
[data]
trigger-time = 1591595715.4600606
injection-file = /work/shashwat.singh/Prospects-of-LGWs/unlens/injection.hdf

[global]
instruments = C1 C2
mass1_ref = 30.000000009542266
mass2_ref = 30.000000005760327
minchirp = 26.116416905544565
maxchirp = 26.116616905544564
mincov = 23244958405.11321
maxcov = 2324495840511.321
