
[data]
trigger-time = 1275104667.0313034
injection-file = /work/shashwat.singh/Prospects-of-LGWs/unlens/injection.hdf

[global]
instruments = C1 C2
mass1_ref = 30.000000002099824
mass2_ref = 30.00000000789221
minchirp = 26.11641690323301
maxchirp = 26.11661690323301
mincov = 21605987656.52123
maxcov = 2160598765652.1228
