
[data]
trigger-time = 1395094828.0033522
injection-file = /work/shashwat.singh/Prospects-of-LGWs/unlens/injection.hdf

[global]
instruments = C1 C2
mass1_ref = 30.00000000989144
mass2_ref = 30.000000007253494
minchirp = 26.11641690634649
maxchirp = 26.11661690634649
mincov = 127536098958.41464
maxcov = 12753609895841.465
