
[data]
trigger-time = 1736627306.4033122
injection-file = /work/shashwat.singh/Prospects-of-LGWs/unlens/injection.hdf

[global]
instruments = C1 C2
mass1_ref = 30.00000000620461
mass2_ref = 30.000000006946056
minchirp = 26.116416904607885
maxchirp = 26.116616904607884
mincov = 169967671093.60358
maxcov = 16996767109360.355
