
[data]
trigger-time = 1605470538.033048
injection-file = /work/shashwat.singh/Prospects-of-LGWs/unlens/injection.hdf

[global]
instruments = C1 C2
mass1_ref = 30.000000007254663
mass2_ref = 30.0000000076548
minchirp = 26.11641690537345
maxchirp = 26.116616905373448
mincov = 44601672497.058395
maxcov = 4460167249705.839
