
[data]
trigger-time = 1687443287.140411
injection-file = /work/shashwat.singh/Prospects-of-LGWs/unlens/injection.hdf

[global]
instruments = C1 C2
mass1_ref = 30.000000000676888
mass2_ref = 30.000000007384454
minchirp = 26.116416902392626
maxchirp = 26.116616902392625
mincov = 30619347092.85899
maxcov = 3061934709285.899
