
[data]
trigger-time = 1036154615.3703896
injection-file = /work/shashwat.singh/Prospects-of-LGWs/unlens/injection.hdf

[global]
instruments = C1 C2
mass1_ref = 30.000000007584823
mass2_ref = 30.000000008412552
minchirp = 26.11641690584699
maxchirp = 26.11661690584699
mincov = 148917388799.97348
maxcov = 14891738879997.348
