
[data]
trigger-time = 1849542270.875413
injection-file = /work/shashwat.singh/Prospects-of-LGWs/unlens/injection.hdf

[global]
instruments = C1 C2
mass1_ref = 30.000000008027328
mass2_ref = 30.000000007358658
minchirp = 26.116416905580863
maxchirp = 26.116616905580862
mincov = 60455873481.04266
maxcov = 6045587348104.267
