
[data]
trigger-time = 1997354849.8677
injection-file = /work/shashwat.singh/Prospects-of-LGWs/unlens/injection.hdf

[global]
instruments = C1 C2
mass1_ref = 30.00000000395236
mass2_ref = 30.00000000193127
minchirp = 26.116416901444722
maxchirp = 26.116616901444722
mincov = 119652751739.92844
maxcov = 11965275173992.844
