
[data]
trigger-time = 1891822374.9913168
injection-file = /work/shashwat.singh/Prospects-of-LGWs/unlens/injection.hdf

[global]
instruments = C1 C2
mass1_ref = 30.00000000536112
mass2_ref = 30.00000000701194
minchirp = 26.116416904269414
maxchirp = 26.116616904269414
mincov = 121734885350.47385
maxcov = 12173488535047.385
