
[data]
trigger-time = 1112826373.766959
injection-file = /work/shashwat.singh/Prospects-of-LGWs/unlens/injection.hdf

[global]
instruments = C1 C2
mass1_ref = 30.000000003429935
mass2_ref = 30.000000004302382
minchirp = 26.116416902249412
maxchirp = 26.11661690224941
mincov = 80449491468.6616
maxcov = 8044949146866.161
