
[data]
trigger-time = 1481273904.132004
injection-file = /work/shashwat.singh/Prospects-of-LGWs/unlens/injection.hdf

[global]
instruments = C1 C2
mass1_ref = 30.000000006487205
mass2_ref = 30.00000000598958
minchirp = 26.116416904314562
maxchirp = 26.11661690431456
mincov = 3352960.8008251493
maxcov = 335296080.08251494
