
[data]
trigger-time = 1234441272.4947882
injection-file = /work/shashwat.singh/Prospects-of-LGWs/unlens/injection.hdf

[global]
instruments = C1 C2
mass1_ref = 30.000000000585686
mass2_ref = 30.000000007574943
minchirp = 26.116416902435844
maxchirp = 26.116616902435844
mincov = 89628103440.51207
maxcov = 8962810344051.207
