
[data]
trigger-time = 1232099690.6294568
injection-file = /work/shashwat.singh/Prospects-of-LGWs/unlens/injection.hdf

[global]
instruments = C1 C2
mass1_ref = 30.000000005525255
mass2_ref = 30.00000000615726
minchirp = 26.116416903968833
maxchirp = 26.116616903968833
mincov = 71245292.47430655
maxcov = 7124529247.430655
