
[data]
trigger-time = 1048628006.2634056
injection-file = /home/ss/Prospects-of-LGWs/unlens/injection.hdf

[global]
instruments = C1
mass1_ref = 30.00000000449515
mass2_ref = 30.000000006788355
minchirp = 26.116416903795155
maxchirp = 26.116616903795155
mincov = 14655837728.115656
maxcov = 1465583772811.5654
