
[data]
trigger-time = 1449332362.288476
injection-file = /work/shashwat.singh/Prospects-of-LGWs/unlens/injection.hdf

[global]
instruments = C1 C2
mass1_ref = 30.00000000481438
mass2_ref = 30.000000003111325
minchirp = 26.116416902333587
maxchirp = 26.116616902333586
mincov = 165079732034.29495
maxcov = 16507973203429.494
