
[data]
trigger-time = 1262419117.8706791
injection-file = /work/shashwat.singh/Prospects-of-LGWs/unlens/injection.hdf

[global]
instruments = C1 C2
mass1_ref = 30.000000009126776
mass2_ref = 30.000000002528065
minchirp = 26.11641690395679
maxchirp = 26.11661690395679
mincov = 116481921545.9779
maxcov = 11648192154597.791
