
[data]
trigger-time = 1414373455.5644634
injection-file = /work/shashwat.singh/Prospects-of-LGWs/unlens/injection.hdf

[global]
instruments = C1 C2
mass1_ref = 30.000000004156213
mass2_ref = 30.00000000689206
minchirp = 26.116416903692762
maxchirp = 26.116616903692762
mincov = 159719506401.10663
maxcov = 15971950640110.664
