
[data]
trigger-time = 1299800208.9053767
injection-file = /work/shashwat.singh/Prospects-of-LGWs/unlens/injection.hdf

[global]
instruments = C1 C2
mass1_ref = 30.00000000665358
mass2_ref = 30.000000007630195
minchirp = 26.1164169051011
maxchirp = 26.1166169051011
mincov = 28002999.214063443
maxcov = 2800299921.4063444
