
[data]
trigger-time = 1072781728.3546832
injection-file = /work/shashwat.singh/Prospects-of-LGWs/unlens/injection.hdf

[global]
instruments = C1 C2
mass1_ref = 30.000000000678977
mass2_ref = 30.00000000980988
minchirp = 26.116416903449267
maxchirp = 26.116616903449266
mincov = 131164270019.36801
maxcov = 13116427001936.8
