
[data]
trigger-time = 1548630290.7500536
injection-file = /work/shashwat.singh/Prospects-of-LGWs/unlens/injection.hdf

[global]
instruments = C1 C2
mass1_ref = 30.00000000836355
mass2_ref = 30.00000000226305
minchirp = 26.11641690350922
maxchirp = 26.116616903509218
mincov = 152237877683.80853
maxcov = 15223787768380.855
