
[data]
trigger-time = 1995331688.0431767
injection-file = /work/shashwat.singh/Prospects-of-LGWs/unlens/injection.hdf

[global]
instruments = C1 C2
mass1_ref = 30.000000007951517
mass2_ref = 30.000000005724008
minchirp = 26.116416904836342
maxchirp = 26.11661690483634
mincov = 19436153311.539326
maxcov = 1943615331153.9326
