
[data]
trigger-time = 1481174552.4261723
injection-file = /work/shashwat.singh/Prospects-of-LGWs/unlens/injection.hdf

[global]
instruments = C1 C2
mass1_ref = 30.00000000438723
mass2_ref = 30.000000008470373
minchirp = 26.11641690448032
maxchirp = 26.11661690448032
mincov = 50154112022.59775
maxcov = 5015411202259.774
