
[data]
trigger-time = 1729070910.6098368
injection-file = /work/shashwat.singh/Prospects-of-LGWs/unlens/injection.hdf

[global]
instruments = C1 C2
mass1_ref = 30.00000000589913
mass2_ref = 30.000000008035403
minchirp = 26.11641690494908
maxchirp = 26.11661690494908
mincov = 60491134361.690636
maxcov = 6049113436169.063
