
[data]
trigger-time = 1625595510.8744078
injection-file = /work/shashwat.singh/Prospects-of-LGWs/unlens/injection.hdf

[global]
instruments = C1 C2
mass1_ref = 30.000000000888235
mass2_ref = 30.000000005939928
minchirp = 26.116416901855857
maxchirp = 26.116616901855856
mincov = 139990744191.33237
maxcov = 13999074419133.238
