
[data]
trigger-time = 1707311163.1820526
injection-file = /work/shashwat.singh/Prospects-of-LGWs/unlens/injection.hdf

[global]
instruments = C1 C2
mass1_ref = 30.000000007220343
mass2_ref = 30.000000001883322
minchirp = 26.116416902846325
maxchirp = 26.116616902846324
mincov = 101051174667.43124
maxcov = 10105117466743.125
