
[data]
trigger-time = 1111647367.1783457
injection-file = /work/shashwat.singh/Prospects-of-LGWs/unlens/injection.hdf

[global]
instruments = C1 C2
mass1_ref = 30.000000000937217
mass2_ref = 30.000000006698908
minchirp = 26.11641690220754
maxchirp = 26.11661690220754
mincov = 147725097271.21088
maxcov = 14772509727121.086
