
[data]
trigger-time = 1320717748.247062
injection-file = /work/shashwat.singh/Prospects-of-LGWs/unlens/injection.hdf

[global]
instruments = C1 C2
mass1_ref = 30.000000003415355
mass2_ref = 30.000000001772936
minchirp = 26.11641690114206
maxchirp = 26.11661690114206
mincov = 46227433570.38873
maxcov = 4622743357038.873
