
[data]
trigger-time = 1717069959.3376188
injection-file = /work/shashwat.singh/Prospects-of-LGWs/unlens/injection.hdf

[global]
instruments = C1 C2
mass1_ref = 30.000000007095505
mass2_ref = 30.000000007835997
minchirp = 26.116416905383037
maxchirp = 26.116616905383037
mincov = 15868043223.496937
maxcov = 1586804322349.6936
