
[data]
trigger-time = 1481830237.1515555
injection-file = /work/shashwat.singh/Prospects-of-LGWs/unlens/injection.hdf

[global]
instruments = C1 C2
mass1_ref = 30.0000000000227
mass2_ref = 30.000000003771323
minchirp = 26.116416900535167
maxchirp = 26.116616900535167
mincov = 99658421878.18079
maxcov = 9965842187818.078
