
[data]
trigger-time = 1460798952.4665203
injection-file = /work/shashwat.singh/Prospects-of-LGWs/unlens/injection.hdf

[global]
instruments = C1 C2
mass1_ref = 30.000000004504525
mass2_ref = 30.000000009762054
minchirp = 26.116416905093615
maxchirp = 26.116616905093615
mincov = 42728991.9725051
maxcov = 4272899197.2505097
