
[data]
trigger-time = 1388993993.4668684
injection-file = /work/shashwat.singh/Prospects-of-LGWs/unlens/injection.hdf

[global]
instruments = C1 C2
mass1_ref = 30.000000000686548
mass2_ref = 30.000000005134616
minchirp = 26.116416901417534
maxchirp = 26.116616901417533
mincov = 106973452024.06749
maxcov = 10697345202406.75
