
[data]
trigger-time = 1551814092.4115818
injection-file = /work/shashwat.singh/Prospects-of-LGWs/unlens/injection.hdf

[global]
instruments = C1 C2
mass1_ref = 30.00000000528011
mass2_ref = 30.000000005789982
minchirp = 26.116416903702262
maxchirp = 26.116616903702262
mincov = 140114105309.63824
maxcov = 14011410530963.826
