
[data]
trigger-time = 1861523360.2736704
injection-file = /work/shashwat.singh/Prospects-of-LGWs/unlens/injection.hdf

[global]
instruments = C1 C2
mass1_ref = 30.000000004618492
mass2_ref = 30.00000000490801
minchirp = 26.116416903030373
maxchirp = 26.116616903030373
mincov = 73114358687.73901
maxcov = 7311435868773.901
