
[data]
trigger-time = 1323202897.4415436
injection-file = /work/shashwat.singh/Prospects-of-LGWs/unlens/injection.hdf

[global]
instruments = C1 C2
mass1_ref = 30.00000000441256
mass2_ref = 30.000000007245916
minchirp = 26.11641690395837
maxchirp = 26.11661690395837
mincov = 114001171414.6038
maxcov = 11400117141460.38
