
[data]
trigger-time = 1068334389.5412949
injection-file = /work/shashwat.singh/Prospects-of-LGWs/unlens/injection.hdf

[global]
instruments = C1 C2
mass1_ref = 30.00000000534707
mass2_ref = 30.000000009710483
minchirp = 26.116416905437905
maxchirp = 26.116616905437905
mincov = 37750432666.8726
maxcov = 3775043266687.26
