
[data]
trigger-time = 1221460790.491817
injection-file = /work/shashwat.singh/Prospects-of-LGWs/unlens/injection.hdf

[global]
instruments = C1 C2
mass1_ref = 30.000000009543818
mass2_ref = 30.000000006164676
minchirp = 26.116416905721245
maxchirp = 26.116616905721244
mincov = 147908015521.9533
maxcov = 14790801552195.332
