
[data]
trigger-time = 1576078656.1568666
injection-file = /work/shashwat.singh/Prospects-of-LGWs/unlens/injection.hdf

[global]
instruments = C1 C2
mass1_ref = 30.000000001388397
mass2_ref = 30.000000009873478
minchirp = 26.11641690378574
maxchirp = 26.11661690378574
mincov = 86504679038.97449
maxcov = 8650467903897.449
