
[data]
trigger-time = 1338785262.6774418
injection-file = /work/shashwat.singh/Prospects-of-LGWs/unlens/injection.hdf

[global]
instruments = C1 C2
mass1_ref = 30.000000004712057
mass2_ref = 30.000000001818382
minchirp = 26.116416901726264
maxchirp = 26.116616901726264
mincov = 165653674454.57507
maxcov = 16565367445457.508
