
[data]
trigger-time = 1640146152.5127618
injection-file = /work/shashwat.singh/Prospects-of-LGWs/unlens/injection.hdf

[global]
instruments = C1 C2
mass1_ref = 30.000000000521066
mass2_ref = 30.00000000338537
minchirp = 26.1164169005841
maxchirp = 26.1166169005841
mincov = 79016654349.6531
maxcov = 7901665434965.312
