
[data]
trigger-time = 1336640708.139742
injection-file = /work/shashwat.singh/Prospects-of-LGWs/unlens/injection.hdf

[global]
instruments = C1 C2
mass1_ref = 30.000000002993698
mass2_ref = 30.000000008861704
minchirp = 26.11641690404409
maxchirp = 26.11661690404409
mincov = 135997702991.35344
maxcov = 13599770299135.344
