
[data]
trigger-time = 1443859056.645797
injection-file = /work/shashwat.singh/Prospects-of-LGWs/unlens/injection.hdf

[global]
instruments = C1 C2
mass1_ref = 30.000000009002186
mass2_ref = 30.00000000925186
minchirp = 26.116416906829258
maxchirp = 26.116616906829258
mincov = 162530942941.8272
maxcov = 16253094294182.723
