
[data]
trigger-time = 1128550399.6480973
injection-file = /work/shashwat.singh/Prospects-of-LGWs/unlens/injection.hdf

[global]
instruments = C1 C2
mass1_ref = 30.000000003724182
mass2_ref = 30.00000000691931
minchirp = 26.116416903516576
maxchirp = 26.116616903516576
mincov = 43828565837.26542
maxcov = 4382856583726.542
