
[data]
trigger-time = 1803102188.003662
injection-file = /work/shashwat.singh/Prospects-of-LGWs/unlens/injection.hdf

[global]
instruments = C1 C2
mass1_ref = 30.000000000513605
mass2_ref = 30.000000004576954
minchirp = 26.11641690109952
maxchirp = 26.11661690109952
mincov = 58432304089.25826
maxcov = 5843230408925.826
