
[data]
trigger-time = 1542664158.5293727
injection-file = /work/shashwat.singh/Prospects-of-LGWs/unlens/injection.hdf

[global]
instruments = C1 C2
mass1_ref = 30.000000000347622
mass2_ref = 30.000000003633513
minchirp = 26.116416900616613
maxchirp = 26.116616900616613
mincov = 65476205126.87511
maxcov = 6547620512687.511
