
[data]
trigger-time = 1477047922.0783746
injection-file = /work/shashwat.singh/Prospects-of-LGWs/unlens/injection.hdf

[global]
instruments = C1 C2
mass1_ref = 30.00000000543126
mass2_ref = 30.000000005600803
minchirp = 26.11641690368571
maxchirp = 26.11661690368571
mincov = 128943316959.83752
maxcov = 12894331695983.752
