
[data]
trigger-time = 1836040574.714467
injection-file = /work/shashwat.singh/Prospects-of-LGWs/unlens/injection.hdf

[global]
instruments = C1 C2
mass1_ref = 30.000000003812705
mass2_ref = 30.00000000703725
minchirp = 26.116416903606442
maxchirp = 26.11661690360644
mincov = 114785884579.71977
maxcov = 11478588457971.977
