
[data]
trigger-time = 1234625907.6726494
injection-file = /work/shashwat.singh/Prospects-of-LGWs/unlens/injection.hdf

[global]
instruments = C1 C2
mass1_ref = 30.000000000436977
mass2_ref = 30.000000008901377
minchirp = 26.11641690294848
maxchirp = 26.11661690294848
mincov = 100545630817.34085
maxcov = 10054563081734.084
