
[data]
trigger-time = 1787571424.5013542
injection-file = /work/shashwat.singh/Prospects-of-LGWs/unlens/injection.hdf

[global]
instruments = C1 C2
mass1_ref = 30.000000006423488
mass2_ref = 30.00000000292967
minchirp = 26.116416902954924
maxchirp = 26.116616902954924
mincov = 39766137725.18771
maxcov = 3976613772518.7715
