
[data]
trigger-time = 1218491792.3701513
injection-file = /work/shashwat.singh/Prospects-of-LGWs/unlens/injection.hdf

[global]
instruments = C1 C2
mass1_ref = 30.00000000765847
mass2_ref = 30.000000003765773
minchirp = 26.11641690385642
maxchirp = 26.116616903856418
mincov = 131983247648.15044
maxcov = 13198324764815.043
