
[data]
trigger-time = 1757584934.0293055
injection-file = /work/shashwat.singh/Prospects-of-LGWs/unlens/injection.hdf

[global]
instruments = C1 C2
mass1_ref = 30.000000008233265
mass2_ref = 30.00000000086499
minchirp = 26.11641690284397
maxchirp = 26.11661690284397
mincov = 142103015355.30356
maxcov = 14210301535530.355
