
[data]
trigger-time = 1970845336.9319782
injection-file = /work/shashwat.singh/Prospects-of-LGWs/unlens/injection.hdf

[global]
instruments = C1 C2
mass1_ref = 30.000000006398405
mass2_ref = 30.000000007226028
minchirp = 26.116416904814102
maxchirp = 26.1166169048141
mincov = 171830088391.76132
maxcov = 17183008839176.133
