
[data]
trigger-time = 1776809570.5964656
injection-file = /work/shashwat.singh/Prospects-of-LGWs/unlens/injection.hdf

[global]
instruments = C1 C2
mass1_ref = 30.00000000101353
mass2_ref = 30.00000000038403
minchirp = 26.116416899492048
maxchirp = 26.116616899492048
mincov = 170828725221.59204
maxcov = 17082872522159.203
