
[data]
trigger-time = 1189530844.5459788
injection-file = /work/shashwat.singh/Prospects-of-LGWs/unlens/injection.hdf

[global]
instruments = C1 C2
mass1_ref = 30.000000009599468
mass2_ref = 30.000000000727216
minchirp = 26.116416903378674
maxchirp = 26.116616903378674
mincov = 158643114862.9247
maxcov = 15864311486292.47
