
[data]
trigger-time = 1228144041.8700871
injection-file = /work/shashwat.singh/Prospects-of-LGWs/unlens/injection.hdf

[global]
instruments = C1 C2
mass1_ref = 30.0000000085022
mass2_ref = 30.00000000868044
minchirp = 26.116416906362904
maxchirp = 26.116616906362903
mincov = 6339056543.472887
maxcov = 633905654347.2887
