
[data]
trigger-time = 1899121306.726975
injection-file = /work/shashwat.singh/Prospects-of-LGWs/unlens/injection.hdf

[global]
instruments = C1 C2
mass1_ref = 30.000000004476636
mass2_ref = 30.00000000075658
minchirp = 26.116416901161614
maxchirp = 26.116616901161613
mincov = 74152846323.7491
maxcov = 7415284632374.91
