
[data]
trigger-time = 1776722525.8558226
injection-file = /work/shashwat.singh/Prospects-of-LGWs/unlens/injection.hdf

[global]
instruments = C1 C2
mass1_ref = 30.00000000665149
mass2_ref = 30.000000008735483
minchirp = 26.116416905581293
maxchirp = 26.116616905581292
mincov = 129219042336.44646
maxcov = 12921904233644.646
