
[data]
trigger-time = 1998869017.8597116
injection-file = /work/shashwat.singh/Prospects-of-LGWs/unlens/injection.hdf

[global]
instruments = C1 C2
mass1_ref = 30.000000007753787
mass2_ref = 30.000000006866838
minchirp = 26.11641690524772
maxchirp = 26.11661690524772
mincov = 82533798880.31674
maxcov = 8253379888031.674
