
[data]
trigger-time = 1766361016.7418818
injection-file = /work/shashwat.singh/Prospects-of-LGWs/unlens/injection.hdf

[global]
instruments = C1 C2
mass1_ref = 30.00000000600772
mass2_ref = 30.000000006539945
minchirp = 26.116416904345414
maxchirp = 26.116616904345413
mincov = 105967099407.24991
maxcov = 10596709940724.99
