
[data]
trigger-time = 1160492540.2328846
injection-file = /work/shashwat.singh/Prospects-of-LGWs/unlens/injection.hdf

[global]
instruments = C1 C2
mass1_ref = 30.0000000059342
mass2_ref = 30.000000000613504
minchirp = 26.11641690173378
maxchirp = 26.116616901733778
mincov = 161479318728.88992
maxcov = 16147931872888.992
