
[data]
trigger-time = 1467799453.4657161
injection-file = /work/shashwat.singh/Prospects-of-LGWs/unlens/injection.hdf

[global]
instruments = C1 C2
mass1_ref = 30.00000000005644
mass2_ref = 30.00000000842778
minchirp = 26.116416902576695
maxchirp = 26.116616902576695
mincov = 53480212414.094666
maxcov = 5348021241409.467
