
[data]
trigger-time = 1896554157.8227344
injection-file = /work/shashwat.singh/Prospects-of-LGWs/unlens/injection.hdf

[global]
instruments = C1 C2
mass1_ref = 30.000000002897476
mass2_ref = 30.000000000568015
minchirp = 26.116416900392164
maxchirp = 26.116616900392163
mincov = 174267901668.19507
maxcov = 17426790166819.508
