
[data]
trigger-time = 1043401588.0214226
injection-file = /work/shashwat.singh/Prospects-of-LGWs/unlens/injection.hdf

[global]
instruments = C1 C2
mass1_ref = 30.000000008113567
mass2_ref = 30.000000001497174
minchirp = 26.116416903067044
maxchirp = 26.116616903067044
mincov = 71495601175.75272
maxcov = 7149560117575.271
