
[data]
trigger-time = 1467678588.7158203
injection-file = /work/shashwat.singh/Prospects-of-LGWs/unlens/injection.hdf

[global]
instruments = C1 C2
mass1_ref = 30.000000009227094
mass2_ref = 30.00000000148793
minchirp = 26.11641690354771
maxchirp = 26.11661690354771
mincov = 123006178952.16519
maxcov = 12300617895216.52
