
[data]
trigger-time = 1213532293.390592
injection-file = /work/shashwat.singh/Prospects-of-LGWs/unlens/injection.hdf

[global]
instruments = C1 C2
mass1_ref = 30.000000000006363
mass2_ref = 30.000000009675084
minchirp = 26.11641690309782
maxchirp = 26.11661690309782
mincov = 3537096369.111721
maxcov = 353709636911.1721
