
[data]
trigger-time = 1584356958.7387824
injection-file = /work/shashwat.singh/Prospects-of-LGWs/unlens/injection.hdf

[global]
instruments = C1 C2
mass1_ref = 30.000000007216187
mass2_ref = 30.00000000595307
minchirp = 26.116416904615974
maxchirp = 26.116616904615974
mincov = 119627062255.94707
maxcov = 11962706225594.707
