
[data]
trigger-time = 1588767296.595069
injection-file = /work/shashwat.singh/Prospects-of-LGWs/unlens/injection.hdf

[global]
instruments = C1 C2
mass1_ref = 30.000000000754326
mass2_ref = 30.000000000500194
minchirp = 26.116416899429787
maxchirp = 26.116616899429786
mincov = 126207459649.0301
maxcov = 12620745964903.01
