
[data]
trigger-time = 1656313643.8994913
injection-file = /work/shashwat.singh/Prospects-of-LGWs/unlens/injection.hdf

[global]
instruments = C1 C2
mass1_ref = 30.000000008725383
mass2_ref = 30.000000009932016
minchirp = 26.11641690700483
maxchirp = 26.11661690700483
mincov = 69721309166.50806
maxcov = 6972130916650.806
