
[data]
trigger-time = 1050963543.0514601
injection-file = /work/shashwat.singh/Prospects-of-LGWs/unlens/injection.hdf

[global]
instruments = C1 C2
mass1_ref = 30.00000000347295
mass2_ref = 30.00000000947823
minchirp = 26.116416904521053
maxchirp = 26.116616904521052
mincov = 164395275729.04553
maxcov = 16439527572904.553
