
[data]
trigger-time = 1323329602.3112435
injection-file = /work/shashwat.singh/Prospects-of-LGWs/unlens/injection.hdf

[global]
instruments = C1 C2
mass1_ref = 30.000000008724925
mass2_ref = 30.000000009845536
minchirp = 26.116416906966986
maxchirp = 26.116616906966986
mincov = 162718872650.12048
maxcov = 16271887265012.049
