
[data]
trigger-time = 1961617952.4396224
injection-file = /work/shashwat.singh/Prospects-of-LGWs/unlens/injection.hdf

[global]
instruments = C1 C2
mass1_ref = 30.000000000550294
mass2_ref = 30.000000002779277
minchirp = 26.116416900333007
maxchirp = 26.116616900333007
mincov = 73945410272.62926
maxcov = 7394541027262.926
