
[data]
trigger-time = 1513755003.1571603
injection-file = /work/shashwat.singh/Prospects-of-LGWs/unlens/injection.hdf

[global]
instruments = C1 C2
mass1_ref = 30.00000000487673
mass2_ref = 30.00000000047726
minchirp = 26.116416901214183
maxchirp = 26.116616901214183
mincov = 83010728631.57932
maxcov = 8301072863157.932
