
[data]
trigger-time = 1466593810.3983827
injection-file = /work/shashwat.singh/Prospects-of-LGWs/unlens/injection.hdf

[global]
instruments = C1 C2
mass1_ref = 30.00000000867964
mass2_ref = 30.000000003847347
minchirp = 26.116416904336415
maxchirp = 26.116616904336414
mincov = 83992694099.59491
maxcov = 8399269409959.491
