
[data]
trigger-time = 1117073106.6257665
injection-file = /work/shashwat.singh/Prospects-of-LGWs/unlens/injection.hdf

[global]
instruments = C1 C2
mass1_ref = 30.00000000517421
mass2_ref = 30.000000003769486
minchirp = 26.116416902776695
maxchirp = 26.116616902776695
mincov = 153024461283.8932
maxcov = 15302446128389.318
