
[data]
trigger-time = 1260904512.2653875
injection-file = /work/shashwat.singh/Prospects-of-LGWs/unlens/injection.hdf

[global]
instruments = C1 C2
mass1_ref = 30.000000001629164
mass2_ref = 30.00000000061711
minchirp = 26.116416899861473
maxchirp = 26.116616899861473
mincov = 119496477248.16594
maxcov = 11949647724816.594
