
[data]
trigger-time = 1467562994.4236689
injection-file = /work/shashwat.singh/Prospects-of-LGWs/unlens/injection.hdf

[global]
instruments = C1 C2
mass1_ref = 30.000000009149367
mass2_ref = 30.000000002376616
minchirp = 26.1164169039007
maxchirp = 26.1166169039007
mincov = 66952738802.04675
maxcov = 6695273880204.676
