
[data]
trigger-time = 1526688812.9439492
injection-file = /work/shashwat.singh/Prospects-of-LGWs/unlens/injection.hdf

[global]
instruments = C1 C2
mass1_ref = 30.000000008232398
mass2_ref = 30.000000008397492
minchirp = 26.116416906122303
maxchirp = 26.116616906122303
mincov = 52531107027.779526
maxcov = 5253110702777.953
