
[data]
trigger-time = 1444020053.1806586
injection-file = /work/shashwat.singh/Prospects-of-LGWs/unlens/injection.hdf

[global]
instruments = C1 C2
mass1_ref = 30.000000003974822
mass2_ref = 30.00000000231304
minchirp = 26.116416901620674
maxchirp = 26.116616901620674
mincov = 133890280171.25674
maxcov = 13389028017125.674
