
[data]
trigger-time = 1300537828.1649718
injection-file = /work/shashwat.singh/Prospects-of-LGWs/unlens/injection.hdf

[global]
instruments = C1 C2
mass1_ref = 30.000000006415572
mass2_ref = 30.00000000106863
minchirp = 26.116416902141413
maxchirp = 26.116616902141413
mincov = 59580017976.47811
maxcov = 5958001797647.812
