
[data]
trigger-time = 1806522090.000784
injection-file = /work/shashwat.singh/Prospects-of-LGWs/unlens/injection.hdf

[global]
instruments = C1 C2
mass1_ref = 30.000000008098137
mass2_ref = 30.000000006338585
minchirp = 26.11641690516767
maxchirp = 26.11661690516767
mincov = 56703003936.7607
maxcov = 5670300393676.069
