
[data]
trigger-time = 1793827935.0848966
injection-file = /work/shashwat.singh/Prospects-of-LGWs/unlens/injection.hdf

[global]
instruments = C1 C2
mass1_ref = 30.000000004922725
mass2_ref = 30.00000000334163
minchirp = 26.116416902480996
maxchirp = 26.116616902480995
mincov = 130657620985.05098
maxcov = 13065762098505.098
