
[data]
trigger-time = 1394348830.8764966
injection-file = /work/shashwat.singh/Prospects-of-LGWs/unlens/injection.hdf

[global]
instruments = C1 C2
mass1_ref = 30.00000000681627
mass2_ref = 30.000000003192945
minchirp = 26.116416903240488
maxchirp = 26.116616903240487
mincov = 84793377896.47632
maxcov = 8479337789647.632
