
[data]
trigger-time = 1915824890.451029
injection-file = /work/shashwat.singh/Prospects-of-LGWs/unlens/injection.hdf

[global]
instruments = C1 C2
mass1_ref = 30.000000004157336
mass2_ref = 30.00000000236264
minchirp = 26.11641690172171
maxchirp = 26.11661690172171
mincov = 36691488031.943
maxcov = 3669148803194.3
