
[data]
trigger-time = 1657746712.5747643
injection-file = /work/shashwat.singh/Prospects-of-LGWs/unlens/injection.hdf

[global]
instruments = C1 C2
mass1_ref = 30.000000003749903
mass2_ref = 30.000000006551005
minchirp = 26.116416903367455
maxchirp = 26.116616903367454
mincov = 20688000239.498226
maxcov = 2068800023949.8228
