
[data]
trigger-time = 1823400767.2113829
injection-file = /work/shashwat.singh/Prospects-of-LGWs/unlens/injection.hdf

[global]
instruments = C1 C2
mass1_ref = 30.000000009417736
mass2_ref = 30.00000000299705
minchirp = 26.116416904287576
maxchirp = 26.116616904287575
mincov = 130940443030.04684
maxcov = 13094044303004.686
