
[data]
trigger-time = 1952664269.1693015
injection-file = /work/shashwat.singh/Prospects-of-LGWs/unlens/injection.hdf

[global]
instruments = C1 C2
mass1_ref = 30.000000000858876
mass2_ref = 30.000000006515886
minchirp = 26.11641690209378
maxchirp = 26.116616902093778
mincov = 25692920979.28089
maxcov = 2569292097928.0894
