
[data]
trigger-time = 1941167507.1211433
injection-file = /work/shashwat.singh/Prospects-of-LGWs/unlens/injection.hdf

[global]
instruments = C1 C2
mass1_ref = 30.00000000325475
mass2_ref = 30.000000003518714
minchirp = 26.116416901832046
maxchirp = 26.116616901832046
mincov = 21337157722.959873
maxcov = 2133715772295.9873
