
[data]
trigger-time = 1680871924.926611
injection-file = /work/shashwat.singh/Prospects-of-LGWs/unlens/injection.hdf

[global]
instruments = C1 C2
mass1_ref = 30.00000000499255
mass2_ref = 30.000000009118548
minchirp = 26.11641690502594
maxchirp = 26.11661690502594
mincov = 142471476712.96295
maxcov = 14247147671296.297
