
[data]
trigger-time = 1297448578.744628
injection-file = /work/shashwat.singh/Prospects-of-LGWs/unlens/injection.hdf

[global]
instruments = C1 C2
mass1_ref = 30.00000000245533
mass2_ref = 30.000000007778457
minchirp = 26.11641690333824
maxchirp = 26.11661690333824
mincov = 93023261188.76709
maxcov = 9302326118876.709
