
[data]
trigger-time = 1613033581.2492762
injection-file = /work/shashwat.singh/Prospects-of-LGWs/unlens/injection.hdf

[global]
instruments = C1 C2
mass1_ref = 30.000000000533127
mass2_ref = 30.00000000638422
minchirp = 26.116416901894674
maxchirp = 26.116616901894673
mincov = 146855927415.88467
maxcov = 14685592741588.467
