
[data]
trigger-time = 1910357767.4593801
injection-file = /work/shashwat.singh/Prospects-of-LGWs/unlens/injection.hdf

[global]
instruments = C1 C2
mass1_ref = 30.00000000913773
mass2_ref = 30.000000002425846
minchirp = 26.11641690391706
maxchirp = 26.11661690391706
mincov = 24156465620.674442
maxcov = 2415646562067.4443
