
[data]
trigger-time = 1866843366.6380858
injection-file = /work/shashwat.singh/Prospects-of-LGWs/unlens/injection.hdf

[global]
instruments = C1 C2
mass1_ref = 30.000000007983687
mass2_ref = 30.00000000720069
minchirp = 26.116416905493107
maxchirp = 26.116616905493107
mincov = 83895336780.63698
maxcov = 8389533678063.697
