
[data]
trigger-time = 1485133547.5412753
injection-file = /work/shashwat.singh/Prospects-of-LGWs/unlens/injection.hdf

[global]
instruments = C1 C2
mass1_ref = 30.000000009380418
mass2_ref = 30.00000000408821
minchirp = 26.116416904746284
maxchirp = 26.116616904746284
mincov = 68018682931.429504
maxcov = 6801868293142.95
