
[data]
trigger-time = 1099396970.8789365
injection-file = /work/shashwat.singh/Prospects-of-LGWs/unlens/injection.hdf

[global]
instruments = C1 C2
mass1_ref = 30.00000000448799
mass2_ref = 30.00000000640132
minchirp = 26.11641690362357
maxchirp = 26.11661690362357
mincov = 5470005741.265988
maxcov = 547000574126.5988
