
[data]
trigger-time = 1477468168.1989732
injection-file = /work/shashwat.singh/Prospects-of-LGWs/unlens/injection.hdf

[global]
instruments = C1 C2
mass1_ref = 30.000000005680064
mass2_ref = 30.00000000241232
minchirp = 26.11641690240614
maxchirp = 26.11661690240614
mincov = 73321441964.87106
maxcov = 7332144196487.107
