
[data]
trigger-time = 1623122657.8025231
injection-file = /work/shashwat.singh/Prospects-of-LGWs/unlens/injection.hdf

[global]
instruments = C1 C2
mass1_ref = 30.000000001742105
mass2_ref = 30.000000006668152
minchirp = 26.116416902544504
maxchirp = 26.116616902544504
mincov = 122799816254.41626
maxcov = 12279981625441.625
