
[data]
trigger-time = 1135612154.802348
injection-file = /work/shashwat.singh/Prospects-of-LGWs/unlens/injection.hdf

[global]
instruments = C1 C2
mass1_ref = 30.000000003117883
mass2_ref = 30.000000009086545
minchirp = 26.116416904196008
maxchirp = 26.116616904196007
mincov = 131864356596.01653
maxcov = 13186435659601.652
