
[data]
trigger-time = 1257510977.4689615
injection-file = /work/shashwat.singh/Prospects-of-LGWs/unlens/injection.hdf

[global]
instruments = C1 C2
mass1_ref = 30.000000006011813
mass2_ref = 30.000000003864653
minchirp = 26.116416903182706
maxchirp = 26.116616903182706
mincov = 26155449345.935516
maxcov = 2615544934593.552
