
[data]
trigger-time = 1474856794.4699068
injection-file = /work/shashwat.singh/Prospects-of-LGWs/unlens/injection.hdf

[global]
instruments = C1 C2
mass1_ref = 30.000000005775647
mass2_ref = 30.000000008820386
minchirp = 26.116416905237017
maxchirp = 26.116616905237017
mincov = 122149420984.38635
maxcov = 12214942098438.635
