
[data]
trigger-time = 1180644863.0124936
injection-file = /work/shashwat.singh/Prospects-of-LGWs/unlens/injection.hdf

[global]
instruments = C1 C2
mass1_ref = 30.000000007597908
mass2_ref = 30.000000008056126
minchirp = 26.11641690569754
maxchirp = 26.11661690569754
mincov = 77732594700.47527
maxcov = 7773259470047.527
