
[data]
trigger-time = 1210361352.327214
injection-file = /work/shashwat.singh/Prospects-of-LGWs/unlens/injection.hdf

[global]
instruments = C1 C2
mass1_ref = 30.00000000937439
mass2_ref = 30.000000006995247
minchirp = 26.116416906009025
maxchirp = 26.116616906009025
mincov = 124905174128.76782
maxcov = 12490517412876.781
