
[data]
trigger-time = 1217039094.4253283
injection-file = /work/shashwat.singh/Prospects-of-LGWs/unlens/injection.hdf

[global]
instruments = C1 C2
mass1_ref = 30.000000008443926
mass2_ref = 30.000000009313617
minchirp = 26.116416906613143
maxchirp = 26.116616906613142
mincov = 12443326922.348309
maxcov = 1244332692234.831
