
[data]
trigger-time = 1944045642.7752657
injection-file = /work/shashwat.singh/Prospects-of-LGWs/unlens/injection.hdf

[global]
instruments = C1 C2
mass1_ref = 30.00000000328291
mass2_ref = 30.00000000827839
minchirp = 26.116416903916072
maxchirp = 26.11661690391607
mincov = 92363.511813884
maxcov = 9236351.1813884
