
[data]
trigger-time = 1303939357.0621345
injection-file = /work/shashwat.singh/Prospects-of-LGWs/unlens/injection.hdf

[global]
instruments = C1 C2
mass1_ref = 30.0000000045998
mass2_ref = 30.0000000062061
minchirp = 26.116416903587268
maxchirp = 26.116616903587268
mincov = 89518976308.7418
maxcov = 8951897630874.182
