
[data]
trigger-time = 1901978192.2480128
injection-file = /work/shashwat.singh/Prospects-of-LGWs/unlens/injection.hdf

[global]
instruments = C1 C2
mass1_ref = 30.00000000684896
mass2_ref = 30.000000001573543
minchirp = 26.116416902549833
maxchirp = 26.116616902549833
mincov = 108514960514.804
maxcov = 10851496051480.4
