
[data]
trigger-time = 1277906298.3347716
injection-file = /work/shashwat.singh/Prospects-of-LGWs/unlens/injection.hdf

[global]
instruments = C1 C2
mass1_ref = 30.00000000851268
mass2_ref = 30.00000000532941
minchirp = 26.116416904908842
maxchirp = 26.11661690490884
mincov = 66910224233.163376
maxcov = 6691022423316.338
