
[data]
trigger-time = 1816705569.7454076
injection-file = /work/shashwat.singh/Prospects-of-LGWs/unlens/injection.hdf

[global]
instruments = C1 C2
mass1_ref = 30.000000008599944
mass2_ref = 30.00000000342335
minchirp = 26.116416904117166
maxchirp = 26.116616904117166
mincov = 44581164643.13021
maxcov = 4458116464313.021
