
[data]
trigger-time = 1645530376.320918
injection-file = /work/shashwat.singh/Prospects-of-LGWs/unlens/injection.hdf

[global]
instruments = C1 C2
mass1_ref = 30.00000000866014
mass2_ref = 30.00000000664144
minchirp = 26.116416905544124
maxchirp = 26.116616905544124
mincov = 152628448712.22656
maxcov = 15262844871222.656
