
[data]
trigger-time = 1022742278.7907883
injection-file = /work/shashwat.singh/Prospects-of-LGWs/unlens/injection.hdf

[global]
instruments = C1 C2
mass1_ref = 30.00000000670566
mass2_ref = 30.000000003403088
minchirp = 26.116416903283813
maxchirp = 26.116616903283813
mincov = 132677982138.2614
maxcov = 13267798213826.14
