
[data]
trigger-time = 1714182847.2066703
injection-file = /work/shashwat.singh/Prospects-of-LGWs/unlens/injection.hdf

[global]
instruments = C1 C2
mass1_ref = 30.00000000892375
mass2_ref = 30.000000007937423
minchirp = 26.116416906222977
maxchirp = 26.116616906222976
mincov = 151341146507.79037
maxcov = 15134114650779.04
