
[data]
trigger-time = 1303312605.2458441
injection-file = /work/shashwat.singh/Prospects-of-LGWs/unlens/injection.hdf

[global]
instruments = C1 C2
mass1_ref = 30.00000000310829
mass2_ref = 30.000000007855093
minchirp = 26.116416903655814
maxchirp = 26.116616903655814
mincov = 154242195641.137
maxcov = 15424219564113.7
