
[data]
trigger-time = 1640322545.7480178
injection-file = /work/shashwat.singh/Prospects-of-LGWs/unlens/injection.hdf

[global]
instruments = C1 C2
mass1_ref = 30.00000000148861
mass2_ref = 30.000000006967007
minchirp = 26.116416902564243
maxchirp = 26.116616902564243
mincov = 27579327662.854073
maxcov = 2757932766285.407
