
[data]
trigger-time = 1311340651.182149
injection-file = /work/shashwat.singh/Prospects-of-LGWs/unlens/injection.hdf

[global]
instruments = C1 C2
mass1_ref = 30.00000000088296
mass2_ref = 30.000000001469285
minchirp = 26.1164168999076
maxchirp = 26.116616899907598
mincov = 70166942163.73825
maxcov = 7016694216373.824
