
[data]
trigger-time = 1854033409.9057727
injection-file = /work/shashwat.singh/Prospects-of-LGWs/unlens/injection.hdf

[global]
instruments = C1 C2
mass1_ref = 30.000000001374058
mass2_ref = 30.00000000825761
minchirp = 26.11641690307615
maxchirp = 26.11661690307615
mincov = 61761658593.87858
maxcov = 6176165859387.857
