
[data]
trigger-time = 1664201413.741785
injection-file = /work/shashwat.singh/Prospects-of-LGWs/unlens/injection.hdf

[global]
instruments = C1 C2
mass1_ref = 30.000000005809362
mass2_ref = 30.000000006642985
minchirp = 26.11641690430392
maxchirp = 26.11661690430392
mincov = 166556816679.97443
maxcov = 16655681667997.443
