
[data]
trigger-time = 1986962560.9487672
injection-file = /work/shashwat.singh/Prospects-of-LGWs/unlens/injection.hdf

[global]
instruments = C1 C2
mass1_ref = 30.000000009778226
mass2_ref = 30.0000000026343
minchirp = 26.11641690428659
maxchirp = 26.11661690428659
mincov = 33191449169.01773
maxcov = 3319144916901.773
