
[data]
trigger-time = 1679694576.4863029
injection-file = /work/shashwat.singh/Prospects-of-LGWs/unlens/injection.hdf

[global]
instruments = C1 C2
mass1_ref = 30.00000000950934
mass2_ref = 30.000000000126043
minchirp = 26.11641690307777
maxchirp = 26.11661690307777
mincov = 134449394303.35925
maxcov = 13444939430335.926
