
[data]
trigger-time = 1111868734.2471397
injection-file = /work/shashwat.singh/Prospects-of-LGWs/unlens/injection.hdf

[global]
instruments = C1 C2
mass1_ref = 30.00000000748941
mass2_ref = 30.000000001033243
minchirp = 26.116416902593425
maxchirp = 26.116616902593424
mincov = 84545122362.28513
maxcov = 8454512236228.512
