
[data]
trigger-time = 1076009750.740087
injection-file = /work/shashwat.singh/Prospects-of-LGWs/unlens/injection.hdf

[global]
instruments = C1 C2
mass1_ref = 30.00000000834176
mass2_ref = 30.00000000563311
minchirp = 26.116416904966638
maxchirp = 26.116616904966637
mincov = 162358271130.60965
maxcov = 16235827113060.965
