
[data]
trigger-time = 1343026738.8288548
injection-file = /work/shashwat.singh/Prospects-of-LGWs/unlens/injection.hdf

[global]
instruments = C1 C2
mass1_ref = 30.000000002837393
mass2_ref = 30.000000007779946
minchirp = 26.11641690350519
maxchirp = 26.11661690350519
mincov = 89723356070.998
maxcov = 8972335607099.8
