
[data]
trigger-time = 1899682807.5383227
injection-file = /work/shashwat.singh/Prospects-of-LGWs/unlens/injection.hdf

[global]
instruments = C1 C2
mass1_ref = 30.000000003280174
mass2_ref = 30.000000005548966
minchirp = 26.11641690272683
maxchirp = 26.11661690272683
mincov = 26131675443.480244
maxcov = 2613167544348.0244
