
[data]
trigger-time = 1557117467.31629
injection-file = /work/shashwat.singh/Prospects-of-LGWs/unlens/injection.hdf

[global]
instruments = C1 C2
mass1_ref = 30.00000000146462
mass2_ref = 30.000000008281326
minchirp = 26.116416903125895
maxchirp = 26.116616903125895
mincov = 166585629260.92926
maxcov = 16658562926092.928
