
[data]
trigger-time = 1002299265.6472952
injection-file = /work/shashwat.singh/Prospects-of-LGWs/unlens/injection.hdf

[global]
instruments = C1 C2
mass1_ref = 30.000000003384077
mass2_ref = 30.00000000671798
minchirp = 26.1164169032809
maxchirp = 26.1166169032809
mincov = 108580528481.49635
maxcov = 10858052848149.635
