
[data]
trigger-time = 1382560408.714056
injection-file = /work/shashwat.singh/Prospects-of-LGWs/unlens/injection.hdf

[global]
instruments = C1 C2
mass1_ref = 30.000000003975284
mass2_ref = 30.00000000867488
minchirp = 26.11641690439003
maxchirp = 26.11661690439003
mincov = 98817501626.22812
maxcov = 9881750162622.812
