
[data]
trigger-time = 1529771003.5214605
injection-file = /work/shashwat.singh/Prospects-of-LGWs/unlens/injection.hdf

[global]
instruments = C1 C2
mass1_ref = 30.000000009744923
mass2_ref = 30.00000000094849
minchirp = 26.1164169035383
maxchirp = 26.1166169035383
mincov = 62428045541.55371
maxcov = 6242804554155.371
