
[data]
trigger-time = 1149981168.845537
injection-file = /work/shashwat.singh/Prospects-of-LGWs/unlens/injection.hdf

[global]
instruments = C1 C2
mass1_ref = 30.000000005664024
mass2_ref = 30.000000004605564
minchirp = 26.116416903353823
maxchirp = 26.116616903353822
mincov = 125175162307.61336
maxcov = 12517516230761.336
