
[data]
trigger-time = 1890468995.6268277
injection-file = /work/shashwat.singh/Prospects-of-LGWs/unlens/injection.hdf

[global]
instruments = C1 C2
mass1_ref = 30.000000003463775
mass2_ref = 30.000000009354956
minchirp = 26.1164169044634
maxchirp = 26.1166169044634
mincov = 1928356486.3395302
maxcov = 192835648633.953
