
[data]
trigger-time = 1600984707.9960804
injection-file = /work/shashwat.singh/Prospects-of-LGWs/unlens/injection.hdf

[global]
instruments = C1 C2
mass1_ref = 30.000000005537128
mass2_ref = 30.00000000463099
minchirp = 26.116416903309656
maxchirp = 26.116616903309655
mincov = 19911706626.26681
maxcov = 1991170662626.6812
