
[data]
trigger-time = 1066101546.1769738
injection-file = /work/shashwat.singh/Prospects-of-LGWs/unlens/injection.hdf

[global]
instruments = C1 C2
mass1_ref = 30.000000008133274
mass2_ref = 30.000000000504016
minchirp = 26.116416902643323
maxchirp = 26.116616902643322
mincov = 98660692017.09369
maxcov = 9866069201709.37
