
[data]
trigger-time = 1206770889.7402306
injection-file = /work/shashwat.singh/Prospects-of-LGWs/unlens/injection.hdf

[global]
instruments = C1 C2
mass1_ref = 30.000000007884847
mass2_ref = 30.000000003533213
minchirp = 26.11641690385372
maxchirp = 26.11661690385372
mincov = 160298076838.0945
maxcov = 16029807683809.451
