
[data]
trigger-time = 1013842118.6957415
injection-file = /work/shashwat.singh/Prospects-of-LGWs/unlens/injection.hdf

[global]
instruments = C1 C2
mass1_ref = 30.000000002636845
mass2_ref = 30.00000000644599
minchirp = 26.11641690283726
maxchirp = 26.116616902837258
mincov = 126561650993.11914
maxcov = 12656165099311.914
