
[data]
trigger-time = 1147455406.6368802
injection-file = /work/shashwat.singh/Prospects-of-LGWs/unlens/injection.hdf

[global]
instruments = C1 C2
mass1_ref = 30.000000001489063
mass2_ref = 30.000000000003325
minchirp = 26.116416899533323
maxchirp = 26.116616899533323
mincov = 48234739720.457924
maxcov = 4823473972045.792
