
[data]
trigger-time = 1640724356.36333
injection-file = /work/shashwat.singh/Prospects-of-LGWs/unlens/injection.hdf

[global]
instruments = C1 C2
mass1_ref = 30.000000002652133
mass2_ref = 30.000000007909254
minchirp = 26.116416903480836
maxchirp = 26.116616903480836
mincov = 155807458101.29874
maxcov = 15580745810129.873
