
[data]
trigger-time = 1499114938.2717624
injection-file = /work/shashwat.singh/Prospects-of-LGWs/unlens/injection.hdf

[global]
instruments = C1 C2
mass1_ref = 30.000000001846086
mass2_ref = 30.000000006973256
minchirp = 26.116416902722566
maxchirp = 26.116616902722566
mincov = 101083706210.04695
maxcov = 10108370621004.695
