
[data]
trigger-time = 1545633623.350018
injection-file = /work/shashwat.singh/Prospects-of-LGWs/unlens/injection.hdf

[global]
instruments = C1 C2
mass1_ref = 30.000000008006634
mass2_ref = 30.000000004329063
minchirp = 26.116416904253146
maxchirp = 26.116616904253146
mincov = 105921392231.26459
maxcov = 10592139223126.459
