
[data]
trigger-time = 1364679133.5246978
injection-file = /work/shashwat.singh/Prospects-of-LGWs/unlens/injection.hdf

[global]
instruments = C1 C2
mass1_ref = 30.000000008365483
mass2_ref = 30.000000007067133
minchirp = 26.116416905601163
maxchirp = 26.116616905601163
mincov = 139722976333.96088
maxcov = 13972297633396.086
