
[data]
trigger-time = 1298780187.6113458
injection-file = /work/shashwat.singh/Prospects-of-LGWs/unlens/injection.hdf

[global]
instruments = C1 C2
mass1_ref = 30.000000003298485
mass2_ref = 30.00000000854839
minchirp = 26.116416904040378
maxchirp = 26.116616904040377
mincov = 61296703442.92064
maxcov = 6129670344292.064
