
[data]
trigger-time = 1514841675.0701437
injection-file = /work/shashwat.singh/Prospects-of-LGWs/unlens/injection.hdf

[global]
instruments = C1 C2
mass1_ref = 30.000000003529966
mass2_ref = 30.000000005082985
minchirp = 26.11641690263273
maxchirp = 26.116616902632728
mincov = 49127346404.28589
maxcov = 4912734640428.589
