
[data]
trigger-time = 1700034492.2784672
injection-file = /work/shashwat.singh/Prospects-of-LGWs/unlens/injection.hdf

[global]
instruments = C1 C2
mass1_ref = 30.000000009725447
mass2_ref = 30.000000005457718
minchirp = 26.11641690549258
maxchirp = 26.11661690549258
mincov = 45962240786.03992
maxcov = 4596224078603.992
