
[data]
trigger-time = 1068097273.53795
injection-file = /home/ss/Prospects-of-LGWs/unlens/injection.hdf

[global]
instruments = C1
mass1_ref = 30.000000008030074
mass2_ref = 30.000000002179085
minchirp = 26.11641690332752
maxchirp = 26.116616903327518
mincov = 16063956058.551193
maxcov = 1606395605855.1194
