
[data]
trigger-time = 1892409224.1420782
injection-file = /work/shashwat.singh/Prospects-of-LGWs/unlens/injection.hdf

[global]
instruments = C1 C2
mass1_ref = 30.000000007484662
mass2_ref = 30.00000000245498
minchirp = 26.116416903210204
maxchirp = 26.116616903210204
mincov = 128992019793.13492
maxcov = 12899201979313.492
