
[data]
trigger-time = 1667139968.0047045
injection-file = /work/shashwat.singh/Prospects-of-LGWs/unlens/injection.hdf

[global]
instruments = C1 C2
mass1_ref = 30.000000002431968
mass2_ref = 30.000000008427428
minchirp = 26.11641690361055
maxchirp = 26.11661690361055
mincov = 47274839899.954636
maxcov = 4727483989995.464
