
[data]
trigger-time = 1367142404.7680283
injection-file = /work/shashwat.singh/Prospects-of-LGWs/unlens/injection.hdf

[global]
instruments = C1 C2
mass1_ref = 30.000000008170474
mass2_ref = 30.000000006238114
minchirp = 26.116416905155425
maxchirp = 26.116616905155425
mincov = 62270684985.10266
maxcov = 6227068498510.266
