
[data]
trigger-time = 1453899112.5757046
injection-file = /work/shashwat.singh/Prospects-of-LGWs/unlens/injection.hdf

[global]
instruments = C1 C2
mass1_ref = 30.000000008626913
mass2_ref = 30.000000000781274
minchirp = 26.116416902978873
maxchirp = 26.116616902978873
mincov = 19938900630.906113
maxcov = 1993890063090.6113
