
[data]
trigger-time = 1024409921.4426256
injection-file = /work/shashwat.singh/Prospects-of-LGWs/unlens/injection.hdf

[global]
instruments = C1 C2
mass1_ref = 30.00000000779097
mass2_ref = 30.00000000048993
minchirp = 26.116416902488194
maxchirp = 26.116616902488193
mincov = 63190797939.7579
maxcov = 6319079793975.79
