
[data]
trigger-time = 1942954000.4995592
injection-file = /work/shashwat.singh/Prospects-of-LGWs/unlens/injection.hdf

[global]
instruments = C1 C2
mass1_ref = 30.000000003177956
mass2_ref = 30.000000007861587
minchirp = 26.116416903688965
maxchirp = 26.116616903688964
mincov = 153318140697.46988
maxcov = 15331814069746.988
