
[data]
trigger-time = 1063662648.639618
injection-file = /work/shashwat.singh/Prospects-of-LGWs/unlens/injection.hdf

[global]
instruments = C1 C2
mass1_ref = 30.000000006354963
mass2_ref = 30.000000004364193
minchirp = 26.116416903549506
maxchirp = 26.116616903549506
mincov = 116601888050.42624
maxcov = 11660188805042.625
