
[data]
trigger-time = 1371724066.4695911
injection-file = /work/shashwat.singh/Prospects-of-LGWs/unlens/injection.hdf

[global]
instruments = C1 C2
mass1_ref = 30.00000000274467
mass2_ref = 30.000000001103874
minchirp = 26.116416900558903
maxchirp = 26.116616900558903
mincov = 54667362335.77096
maxcov = 5466736233577.096
