
[data]
trigger-time = 1372937919.7060814
injection-file = /work/shashwat.singh/Prospects-of-LGWs/unlens/injection.hdf

[global]
instruments = C1 C2
mass1_ref = 30.0000000045184
mass2_ref = 30.000000008350767
minchirp = 26.116416904485355
maxchirp = 26.116616904485355
mincov = 18315877514.622856
maxcov = 1831587751462.2856
