
[data]
trigger-time = 1736522313.6860523
injection-file = /work/shashwat.singh/Prospects-of-LGWs/unlens/injection.hdf

[global]
instruments = C1 C2
mass1_ref = 30.000000009962132
mass2_ref = 30.000000006450662
minchirp = 26.11641690602781
maxchirp = 26.116616906027808
mincov = 10003663927.960705
maxcov = 1000366392796.0704
