
[data]
trigger-time = 1012764281.684555
injection-file = /work/shashwat.singh/Prospects-of-LGWs/unlens/injection.hdf

[global]
instruments = C1 C2
mass1_ref = 30.000000000314596
mass2_ref = 30.00000000939344
minchirp = 26.11641690310939
maxchirp = 26.11661690310939
mincov = 145463140912.30493
maxcov = 14546314091230.492
