
[data]
trigger-time = 1356466991.8595302
injection-file = /work/shashwat.singh/Prospects-of-LGWs/unlens/injection.hdf

[global]
instruments = C1 C2
mass1_ref = 30.000000008963468
mass2_ref = 30.000000001454666
minchirp = 26.11641690341848
maxchirp = 26.11661690341848
mincov = 150961604622.1352
maxcov = 15096160462213.518
