
[data]
trigger-time = 1985210603.097246
injection-file = /work/shashwat.singh/Prospects-of-LGWs/unlens/injection.hdf

[global]
instruments = C1 C2
mass1_ref = 30.000000004107882
mass2_ref = 30.00000000707562
minchirp = 26.116416903751627
maxchirp = 26.116616903751627
mincov = 9819865078.606394
maxcov = 981986507860.6394
