
[data]
trigger-time = 1064281034.6478177
injection-file = /work/shashwat.singh/Prospects-of-LGWs/unlens/injection.hdf

[global]
instruments = C1 C2
mass1_ref = 30.000000008641756
mass2_ref = 30.0000000068115
minchirp = 26.116416905610144
maxchirp = 26.116616905610144
mincov = 30051472414.050346
maxcov = 3005147241405.0347
