
[data]
trigger-time = 1270477688.8663242
injection-file = /work/shashwat.singh/Prospects-of-LGWs/unlens/injection.hdf

[global]
instruments = C1 C2
mass1_ref = 30.00000000374306
mass2_ref = 30.000000008082726
minchirp = 26.116416904031198
maxchirp = 26.116616904031197
mincov = 61099957577.06155
maxcov = 6109995757706.154
