
[data]
trigger-time = 1201338399.0124052
injection-file = /work/shashwat.singh/Prospects-of-LGWs/unlens/injection.hdf

[global]
instruments = C1 C2
mass1_ref = 30.000000003947196
mass2_ref = 30.00000000171497
minchirp = 26.116416901348323
maxchirp = 26.116616901348323
mincov = 153760502319.0564
maxcov = 15376050231905.64
