
[data]
trigger-time = 1054377930.6496794
injection-file = /work/shashwat.singh/Prospects-of-LGWs/unlens/injection.hdf

[global]
instruments = C1 C2
mass1_ref = 30.00000000960609
mass2_ref = 30.000000007288563
minchirp = 26.11641690623755
maxchirp = 26.11661690623755
mincov = 52504362169.48242
maxcov = 5250436216948.242
