
[data]
trigger-time = 1301029621.7403011
injection-file = /work/shashwat.singh/Prospects-of-LGWs/unlens/injection.hdf

[global]
instruments = C1 C2
mass1_ref = 30.000000003175614
mass2_ref = 30.000000004586006
minchirp = 26.116416902262166
maxchirp = 26.116616902262166
mincov = 103930948021.69412
maxcov = 10393094802169.412
