
[data]
trigger-time = 1146466360.8482237
injection-file = /work/shashwat.singh/Prospects-of-LGWs/unlens/injection.hdf

[global]
instruments = C1 C2
mass1_ref = 30.000000002268205
mass2_ref = 30.000000005327134
minchirp = 26.116416902189787
maxchirp = 26.116616902189786
mincov = 20878360653.639732
maxcov = 2087836065363.9731
