
[data]
trigger-time = 1840889677.9183931
injection-file = /work/shashwat.singh/Prospects-of-LGWs/unlens/injection.hdf

[global]
instruments = C1 C2
mass1_ref = 30.000000000341487
mass2_ref = 30.000000006738535
minchirp = 26.116416901965483
maxchirp = 26.116616901965482
mincov = 20209215542.373013
maxcov = 2020921554237.3013
