
[data]
trigger-time = 1962696896.1498146
injection-file = /work/shashwat.singh/Prospects-of-LGWs/unlens/injection.hdf

[global]
instruments = C1 C2
mass1_ref = 30.00000000021389
mass2_ref = 30.000000002835833
minchirp = 26.116416900211195
maxchirp = 26.116616900211195
mincov = 75047948.97041367
maxcov = 7504794897.041368
