
[data]
trigger-time = 1376255150.6708632
injection-file = /work/shashwat.singh/Prospects-of-LGWs/unlens/injection.hdf

[global]
instruments = C1 C2
mass1_ref = 30.00000000044996
mass2_ref = 30.00000000415785
minchirp = 26.11641690088939
maxchirp = 26.11661690088939
mincov = 104918294467.3755
maxcov = 10491829446737.55
