
[data]
trigger-time = 1146369319.544948
injection-file = /work/shashwat.singh/Prospects-of-LGWs/unlens/injection.hdf

[global]
instruments = C1 C2
mass1_ref = 30.00000000814744
mass2_ref = 30.000000002358128
minchirp = 26.11641690345654
maxchirp = 26.11661690345654
mincov = 63731255607.62461
maxcov = 6373125560762.461
