
[data]
trigger-time = 1671141456.9562745
injection-file = /work/shashwat.singh/Prospects-of-LGWs/unlens/injection.hdf

[global]
instruments = C1 C2
mass1_ref = 30.000000006478274
mass2_ref = 30.000000000153065
minchirp = 26.116416901770183
maxchirp = 26.116616901770183
mincov = 146146605915.70453
maxcov = 14614660591570.453
