
[data]
trigger-time = 1709091701.3303542
injection-file = /work/shashwat.singh/Prospects-of-LGWs/unlens/injection.hdf

[global]
instruments = C1 C2
mass1_ref = 30.000000007516945
mass2_ref = 30.00000000423115
minchirp = 26.116416903997383
maxchirp = 26.116616903997382
mincov = 5878158039.44156
maxcov = 587815803944.156
