
[data]
trigger-time = 1725325236.4599268
injection-file = /work/shashwat.singh/Prospects-of-LGWs/unlens/injection.hdf

[global]
instruments = C1 C2
mass1_ref = 30.00000000209068
mass2_ref = 30.00000000279503
minchirp = 26.116416901010354
maxchirp = 26.116616901010353
mincov = 38797401064.46002
maxcov = 3879740106446.002
