
[data]
trigger-time = 1603244296.0953727
injection-file = /work/shashwat.singh/Prospects-of-LGWs/unlens/injection.hdf

[global]
instruments = C1 C2
mass1_ref = 30.000000003575902
mass2_ref = 30.000000002015657
minchirp = 26.116416901317592
maxchirp = 26.11661690131759
mincov = 33799746886.05913
maxcov = 3379974688605.913
