
[data]
trigger-time = 1656615654.5534358
injection-file = /work/shashwat.singh/Prospects-of-LGWs/unlens/injection.hdf

[global]
instruments = C1 C2
mass1_ref = 30.00000000866699
mass2_ref = 30.00000000057086
minchirp = 26.11641690290473
maxchirp = 26.11661690290473
mincov = 12259.953652814658
maxcov = 1225995.3652814657
