
[data]
trigger-time = 1389637851.5944455
injection-file = /work/shashwat.singh/Prospects-of-LGWs/unlens/injection.hdf

[global]
instruments = C1 C2
mass1_ref = 30.000000009229872
mass2_ref = 30.000000009497136
minchirp = 26.116416907035127
maxchirp = 26.116616907035127
mincov = 89590980381.97948
maxcov = 8959098038197.947
