
[data]
trigger-time = 1468180823.4154913
injection-file = /work/shashwat.singh/Prospects-of-LGWs/unlens/injection.hdf

[global]
instruments = C1 C2
mass1_ref = 30.000000008480896
mass2_ref = 30.00000000326476
minchirp = 26.116416903996317
maxchirp = 26.116616903996317
mincov = 818099082.2033874
maxcov = 81809908220.33873
