
[data]
trigger-time = 1344722749.0088654
injection-file = /work/shashwat.singh/Prospects-of-LGWs/unlens/injection.hdf

[global]
instruments = C1 C2
mass1_ref = 30.00000000950429
mass2_ref = 30.00000000651937
minchirp = 26.11641690585843
maxchirp = 26.11661690585843
mincov = 51660014605.163445
maxcov = 5166001460516.345
