
[data]
trigger-time = 1169002913.0276353
injection-file = /work/shashwat.singh/Prospects-of-LGWs/unlens/injection.hdf

[global]
instruments = C1 C2
mass1_ref = 30.000000004744344
mass2_ref = 30.000000000672557
minchirp = 26.116416901241568
maxchirp = 26.116616901241567
mincov = 8384494106.170146
maxcov = 838449410617.0146
