
[data]
trigger-time = 1758712163.8694863
injection-file = /work/shashwat.singh/Prospects-of-LGWs/unlens/injection.hdf

[global]
instruments = C1 C2
mass1_ref = 30.0000000002196
mass2_ref = 30.000000003421846
minchirp = 26.116416900468757
maxchirp = 26.116616900468756
mincov = 128670479977.19661
maxcov = 12867047997719.66
