
[data]
trigger-time = 1954793630.29039
injection-file = /work/shashwat.singh/Prospects-of-LGWs/unlens/injection.hdf

[global]
instruments = C1 C2
mass1_ref = 30.00000000617486
mass2_ref = 30.00000000590834
minchirp = 26.116416904143243
maxchirp = 26.116616904143243
mincov = 127781383055.13025
maxcov = 12778138305513.025
