
[data]
trigger-time = 1282481317.0750043
injection-file = /work/shashwat.singh/Prospects-of-LGWs/unlens/injection.hdf

[global]
instruments = C1 C2
mass1_ref = 30.00000000173363
mass2_ref = 30.000000006193854
minchirp = 26.11641690233436
maxchirp = 26.11661690233436
mincov = 132212403025.4523
maxcov = 13221240302545.23
