
[data]
trigger-time = 1468190725.2218955
injection-file = /work/shashwat.singh/Prospects-of-LGWs/unlens/injection.hdf

[global]
instruments = C1 C2
mass1_ref = 30.000000007182578
mass2_ref = 30.000000000754806
minchirp = 26.116416902338674
maxchirp = 26.116616902338674
mincov = 153440112163.2152
maxcov = 15344011216321.521
