
[data]
trigger-time = 1387510478.7966518
injection-file = /work/shashwat.singh/Prospects-of-LGWs/unlens/injection.hdf

[global]
instruments = C1 C2
mass1_ref = 30.000000002666802
mass2_ref = 30.000000004289664
minchirp = 26.116416901911702
maxchirp = 26.1166169019117
mincov = 123239851847.43973
maxcov = 12323985184743.973
