
[data]
trigger-time = 1980063323.1140928
injection-file = /work/shashwat.singh/Prospects-of-LGWs/unlens/injection.hdf

[global]
instruments = C1 C2
mass1_ref = 30.000000008666593
mass2_ref = 30.000000003781256
minchirp = 26.116416904301964
maxchirp = 26.116616904301964
mincov = 134807254534.9668
maxcov = 13480725453496.68
