
[data]
trigger-time = 1344200739.257815
injection-file = /work/shashwat.singh/Prospects-of-LGWs/unlens/injection.hdf

[global]
instruments = C1 C2
mass1_ref = 30.00000000801403
mass2_ref = 30.000000001376527
minchirp = 26.116416902971203
maxchirp = 26.116616902971202
mincov = 4007898574.139103
maxcov = 400789857413.9103
