
[data]
trigger-time = 1432543307.959768
injection-file = /work/shashwat.singh/Prospects-of-LGWs/unlens/injection.hdf

[global]
instruments = C1 C2
mass1_ref = 30.000000003111296
mass2_ref = 30.000000006875954
minchirp = 26.116416903230924
maxchirp = 26.116616903230923
mincov = 117819557801.78
maxcov = 11781955780178.0
