
[data]
trigger-time = 1144871949.5698602
injection-file = /work/shashwat.singh/Prospects-of-LGWs/unlens/injection.hdf

[global]
instruments = C1 C2
mass1_ref = 30.000000008466376
mass2_ref = 30.00000000245354
minchirp = 26.116416903636896
maxchirp = 26.116616903636896
mincov = 117110366869.61682
maxcov = 11711036686961.682
