
[data]
trigger-time = 1793416673.1123142
injection-file = /work/shashwat.singh/Prospects-of-LGWs/unlens/injection.hdf

[global]
instruments = C1 C2
mass1_ref = 30.000000000377238
mass2_ref = 30.000000004180126
minchirp = 26.11641690086743
maxchirp = 26.11661690086743
mincov = 91509265747.74716
maxcov = 9150926574774.717
