
[data]
trigger-time = 1389206711.5801425
injection-file = /work/shashwat.singh/Prospects-of-LGWs/unlens/injection.hdf

[global]
instruments = C1 C2
mass1_ref = 30.000000005903534
mass2_ref = 30.00000000528077
minchirp = 26.116416903751976
maxchirp = 26.116616903751975
mincov = 411730891.81311315
maxcov = 41173089181.31132
