
[data]
trigger-time = 1752389159.9775078
injection-file = /work/shashwat.singh/Prospects-of-LGWs/unlens/injection.hdf

[global]
instruments = C1 C2
mass1_ref = 30.00000000311354
mass2_ref = 30.000000005096606
minchirp = 26.1164169024574
maxchirp = 26.116616902457398
mincov = 101423578165.97325
maxcov = 10142357816597.326
