
[data]
trigger-time = 1983456080.8853335
injection-file = /work/shashwat.singh/Prospects-of-LGWs/unlens/injection.hdf

[global]
instruments = C1 C2
mass1_ref = 30.000000006584525
mass2_ref = 30.000000004061377
minchirp = 26.116416903517624
maxchirp = 26.116616903517624
mincov = 102117373738.42807
maxcov = 10211737373842.807
