
[data]
trigger-time = 1497678685.8278365
injection-file = /work/shashwat.singh/Prospects-of-LGWs/unlens/injection.hdf

[global]
instruments = C1 C2
mass1_ref = 30.000000008968176
mass2_ref = 30.000000000615128
minchirp = 26.1164169030551
maxchirp = 26.1166169030551
mincov = 28510134575.209522
maxcov = 2851013457520.952
