
[data]
trigger-time = 1399596740.2296016
injection-file = /work/shashwat.singh/Prospects-of-LGWs/unlens/injection.hdf

[global]
instruments = C1 C2
mass1_ref = 30.00000000603214
mass2_ref = 30.000000009589765
minchirp = 26.116416905683554
maxchirp = 26.116616905683554
mincov = 5129327103.002473
maxcov = 512932710300.24725
