
[data]
trigger-time = 1274872399.237228
injection-file = /work/shashwat.singh/Prospects-of-LGWs/unlens/injection.hdf

[global]
instruments = C1 C2
mass1_ref = 30.000000000027235
mass2_ref = 30.000000003038604
minchirp = 26.11641690021821
maxchirp = 26.116616900218208
mincov = 3575893858.1273193
maxcov = 357589385812.73193
