
[data]
trigger-time = 1647176942.563953
injection-file = /work/shashwat.singh/Prospects-of-LGWs/unlens/injection.hdf

[global]
instruments = C1 C2
mass1_ref = 30.00000000205071
mass2_ref = 30.000000006429474
minchirp = 26.11641690257494
maxchirp = 26.11661690257494
mincov = 148502920015.3043
maxcov = 14850292001530.43
