
[data]
trigger-time = 1468742991.3527868
injection-file = /work/shashwat.singh/Prospects-of-LGWs/unlens/injection.hdf

[global]
instruments = C1 C2
mass1_ref = 30.00000000293117
mass2_ref = 30.000000002992763
minchirp = 26.116416901462266
maxchirp = 26.116616901462265
mincov = 148962694159.10312
maxcov = 14896269415910.312
