
[data]
trigger-time = 1719732979.15381
injection-file = /work/shashwat.singh/Prospects-of-LGWs/unlens/injection.hdf

[global]
instruments = C1 C2
mass1_ref = 30.00000000042752
mass2_ref = 30.00000000373596
minchirp = 26.116416900695985
maxchirp = 26.116616900695984
mincov = 79151378916.5051
maxcov = 7915137891650.509
