
[data]
trigger-time = 1225568311.0024633
injection-file = /work/shashwat.singh/Prospects-of-LGWs/unlens/injection.hdf

[global]
instruments = C1 C2
mass1_ref = 30.000000003808058
mass2_ref = 30.000000000486164
minchirp = 26.116416900752892
maxchirp = 26.11661690075289
mincov = 2482991359.0280704
maxcov = 248299135902.80704
