
[data]
trigger-time = 1596629122.3870583
injection-file = /work/shashwat.singh/Prospects-of-LGWs/unlens/injection.hdf

[global]
instruments = C1 C2
mass1_ref = 30.0000000013971
mass2_ref = 30.00000000200591
minchirp = 26.11641690036497
maxchirp = 26.11661690036497
mincov = 159913580065.39703
maxcov = 15991358006539.705
