
[data]
trigger-time = 1322547665.8037505
injection-file = /work/shashwat.singh/Prospects-of-LGWs/unlens/injection.hdf

[global]
instruments = C1 C2
mass1_ref = 30.00000000878804
mass2_ref = 30.000000007665115
minchirp = 26.116416906045377
maxchirp = 26.116616906045376
mincov = 463941487.66612566
maxcov = 46394148766.612564
