
[data]
trigger-time = 1507682177.011788
injection-file = /work/shashwat.singh/Prospects-of-LGWs/unlens/injection.hdf

[global]
instruments = C1 C2
mass1_ref = 30.00000000950844
mass2_ref = 30.000000008742475
minchirp = 26.116416906827897
maxchirp = 26.116616906827897
mincov = 136411438734.52673
maxcov = 13641143873452.674
