
[data]
trigger-time = 1470524443.5831757
injection-file = /work/shashwat.singh/Prospects-of-LGWs/unlens/injection.hdf

[global]
instruments = C1 C2
mass1_ref = 30.00000000036767
mass2_ref = 30.000000004957585
minchirp = 26.116416901201674
maxchirp = 26.116616901201674
mincov = 132148863645.6099
maxcov = 13214886364560.988
