
[data]
trigger-time = 1557716971.938789
injection-file = /work/shashwat.singh/Prospects-of-LGWs/unlens/injection.hdf

[global]
instruments = C1 C2
mass1_ref = 30.00000000566015
mass2_ref = 30.000000002303842
minchirp = 26.116416902350256
maxchirp = 26.116616902350255
mincov = 117474023199.04314
maxcov = 11747402319904.314
