
[data]
trigger-time = 1473674824.111929
injection-file = /work/shashwat.singh/Prospects-of-LGWs/unlens/injection.hdf

[global]
instruments = C1 C2
mass1_ref = 30.000000002762373
mass2_ref = 30.000000009485422
minchirp = 26.116416904214887
maxchirp = 26.116616904214887
mincov = 79935054457.72478
maxcov = 7993505445772.479
