
[data]
trigger-time = 1644123352.3379116
injection-file = /work/shashwat.singh/Prospects-of-LGWs/unlens/injection.hdf

[global]
instruments = C1 C2
mass1_ref = 30.000000000770765
mass2_ref = 30.000000001222542
minchirp = 26.11641689975136
maxchirp = 26.11661689975136
mincov = 155718143072.06787
maxcov = 15571814307206.787
