
[data]
trigger-time = 1509112386.8076503
injection-file = /work/shashwat.singh/Prospects-of-LGWs/unlens/injection.hdf

[global]
instruments = C1 C2
mass1_ref = 30.000000007132805
mass2_ref = 30.00000000440278
minchirp = 26.116416903904877
maxchirp = 26.116616903904877
mincov = 18895617.095944945
maxcov = 1889561709.5944943
