
[data]
trigger-time = 1194839939.9402454
injection-file = /work/shashwat.singh/Prospects-of-LGWs/unlens/injection.hdf

[global]
instruments = C1 C2
mass1_ref = 30.000000005648193
mass2_ref = 30.00000000109663
minchirp = 26.11641690181958
maxchirp = 26.11661690181958
mincov = 106946755834.74149
maxcov = 10694675583474.148
