
[data]
trigger-time = 1733288843.6074362
injection-file = /work/shashwat.singh/Prospects-of-LGWs/unlens/injection.hdf

[global]
instruments = C1 C2
mass1_ref = 30.000000009909712
mass2_ref = 30.000000009853046
minchirp = 26.116416907485963
maxchirp = 26.116616907485962
mincov = 124020935686.61938
maxcov = 12402093568661.938
