
[data]
trigger-time = 1444783130.807348
injection-file = /work/shashwat.singh/Prospects-of-LGWs/unlens/injection.hdf

[global]
instruments = C1 C2
mass1_ref = 30.000000000359375
mass2_ref = 30.00000000293057
minchirp = 26.11641690031576
maxchirp = 26.11661690031576
mincov = 77404825891.89316
maxcov = 7740482589189.315
