
[data]
trigger-time = 1303316570.327469
injection-file = /work/shashwat.singh/Prospects-of-LGWs/unlens/injection.hdf

[global]
instruments = C1 C2
mass1_ref = 30.00000000312896
mass2_ref = 30.000000001797858
minchirp = 26.116416901028245
maxchirp = 26.116616901028245
mincov = 172895438400.3793
maxcov = 17289543840037.93
