
[data]
trigger-time = 1320686840.0670326
injection-file = /work/shashwat.singh/Prospects-of-LGWs/unlens/injection.hdf

[global]
instruments = C1 C2
mass1_ref = 30.000000009715386
mass2_ref = 30.000000003469193
minchirp = 26.116416904622643
maxchirp = 26.116616904622642
mincov = 111452277199.52817
maxcov = 11145227719952.816
