
[data]
trigger-time = 1220382860.2707744
injection-file = /work/shashwat.singh/Prospects-of-LGWs/unlens/injection.hdf

[global]
instruments = C1 C2
mass1_ref = 30.000000008699356
mass2_ref = 30.000000004858837
minchirp = 26.11641690478527
maxchirp = 26.11661690478527
mincov = 8156206967.219998
maxcov = 815620696721.9998
