
[data]
trigger-time = 1150543799.493615
injection-file = /work/shashwat.singh/Prospects-of-LGWs/unlens/injection.hdf

[global]
instruments = C1 C2
mass1_ref = 30.000000009682736
mass2_ref = 30.000000009131192
minchirp = 26.116416907072963
maxchirp = 26.116616907072963
mincov = 59879211105.091125
maxcov = 5987921110509.112
