
[data]
trigger-time = 1976109027.8339348
injection-file = /work/shashwat.singh/Prospects-of-LGWs/unlens/injection.hdf

[global]
instruments = C1 C2
mass1_ref = 30.000000003306745
mass2_ref = 30.00000000493443
minchirp = 26.116416902470906
maxchirp = 26.116616902470906
mincov = 65134243622.34044
maxcov = 6513424362234.044
