
[data]
trigger-time = 1837100761.0729535
injection-file = /work/shashwat.singh/Prospects-of-LGWs/unlens/injection.hdf

[global]
instruments = C1 C2
mass1_ref = 30.000000006190938
mass2_ref = 30.000000006837737
minchirp = 26.116416904554786
maxchirp = 26.116616904554785
mincov = 173025966060.36557
maxcov = 17302596606036.559
