
[data]
trigger-time = 1134591245.5455668
injection-file = /work/shashwat.singh/Prospects-of-LGWs/unlens/injection.hdf

[global]
instruments = C1 C2
mass1_ref = 30.000000001289532
mass2_ref = 30.00000000166745
minchirp = 26.116416900170826
maxchirp = 26.116616900170825
mincov = 104980575920.62753
maxcov = 10498057592062.752
