
[data]
trigger-time = 1823317903.822311
injection-file = /work/shashwat.singh/Prospects-of-LGWs/unlens/injection.hdf

[global]
instruments = C1 C2
mass1_ref = 30.000000008735597
mass2_ref = 30.000000004891792
minchirp = 26.116416904815388
maxchirp = 26.116616904815388
mincov = 173422784067.42303
maxcov = 17342278406742.303
