
[data]
trigger-time = 1926795779.9266882
injection-file = /work/shashwat.singh/Prospects-of-LGWs/unlens/injection.hdf

[global]
instruments = C1 C2
mass1_ref = 30.00000000524907
mass2_ref = 30.000000001824557
minchirp = 26.116416901962697
maxchirp = 26.116616901962697
mincov = 96465396700.76057
maxcov = 9646539670076.057
