
[data]
trigger-time = 1468830337.4688447
injection-file = /work/shashwat.singh/Prospects-of-LGWs/unlens/injection.hdf

[global]
instruments = C1 C2
mass1_ref = 30.000000000610946
mass2_ref = 30.00000000985507
minchirp = 26.116416903439323
maxchirp = 26.116616903439322
mincov = 55100008249.958206
maxcov = 5510000824995.82
