
[data]
trigger-time = 1462336233.0141387
injection-file = /work/shashwat.singh/Prospects-of-LGWs/unlens/injection.hdf

[global]
instruments = C1 C2
mass1_ref = 30.000000000187672
mass2_ref = 30.000000001450818
minchirp = 26.116416899596917
maxchirp = 26.116616899596917
mincov = 24080626946.07238
maxcov = 2408062694607.2383
