
[data]
trigger-time = 1448925760.566111
injection-file = /work/shashwat.singh/Prospects-of-LGWs/unlens/injection.hdf

[global]
instruments = C1 C2
mass1_ref = 30.000000001304223
mass2_ref = 30.000000000705
minchirp = 26.11641689975829
maxchirp = 26.116616899758288
mincov = 162405236108.8103
maxcov = 16240523610881.031
