
[data]
trigger-time = 1747381134.4015641
injection-file = /work/shashwat.singh/Prospects-of-LGWs/unlens/injection.hdf

[global]
instruments = C1 C2
mass1_ref = 30.000000009745218
mass2_ref = 30.000000001305533
minchirp = 26.116416903693842
maxchirp = 26.116616903693842
mincov = 4953470060.646748
maxcov = 495347006064.67474
