
[data]
trigger-time = 1553408607.9997737
injection-file = /work/shashwat.singh/Prospects-of-LGWs/unlens/injection.hdf

[global]
instruments = C1 C2
mass1_ref = 30.00000000656694
mass2_ref = 30.00000000394697
minchirp = 26.11641690346017
maxchirp = 26.11661690346017
mincov = 141203968354.06876
maxcov = 14120396835406.875
