
[data]
trigger-time = 1400136470.8822534
injection-file = /work/shashwat.singh/Prospects-of-LGWs/unlens/injection.hdf

[global]
instruments = C1 C2
mass1_ref = 30.000000007020933
mass2_ref = 30.000000009877006
minchirp = 26.11641690623898
maxchirp = 26.11661690623898
mincov = 99178890034.54327
maxcov = 9917889003454.328
