
[data]
trigger-time = 1698141221.0778356
injection-file = /work/shashwat.singh/Prospects-of-LGWs/unlens/injection.hdf

[global]
instruments = C1 C2
mass1_ref = 30.000000002617828
mass2_ref = 30.000000009119958
minchirp = 26.116416903992892
maxchirp = 26.11661690399289
mincov = 168679379129.3377
maxcov = 16867937912933.771
