
[data]
trigger-time = 1364332216.3557823
injection-file = /work/shashwat.singh/Prospects-of-LGWs/unlens/injection.hdf

[global]
instruments = C1 C2
mass1_ref = 30.000000007348564
mass2_ref = 30.000000004674007
minchirp = 26.116416904116853
maxchirp = 26.116616904116853
mincov = 156393829349.12848
maxcov = 15639382934912.848
