
[data]
trigger-time = 1046387716.7952725
injection-file = /work/shashwat.singh/Prospects-of-LGWs/unlens/injection.hdf

[global]
instruments = C1 C2
mass1_ref = 30.000000008597617
mass2_ref = 30.000000009933363
minchirp = 26.1164169069498
maxchirp = 26.1166169069498
mincov = 56348451003.17971
maxcov = 5634845100317.971
