
[data]
trigger-time = 1970493754.304419
injection-file = /work/shashwat.singh/Prospects-of-LGWs/unlens/injection.hdf

[global]
instruments = C1 C2
mass1_ref = 30.000000004676302
mass2_ref = 30.00000000032311
minchirp = 26.116416901059843
maxchirp = 26.116616901059842
mincov = 88120145340.0883
maxcov = 8812014534008.83
