
[data]
trigger-time = 1140193482.0033457
injection-file = /work/shashwat.singh/Prospects-of-LGWs/unlens/injection.hdf

[global]
instruments = C1 C2
mass1_ref = 30.000000003217377
mass2_ref = 30.000000005156526
minchirp = 26.116416902528677
maxchirp = 26.116616902528676
mincov = 172783685397.76456
maxcov = 17278368539776.455
