
[data]
trigger-time = 1349183998.1634212
injection-file = /work/shashwat.singh/Prospects-of-LGWs/unlens/injection.hdf

[global]
instruments = C1 C2
mass1_ref = 30.00000000365348
mass2_ref = 30.00000000931234
minchirp = 26.116416904527426
maxchirp = 26.116616904527426
mincov = 55720252422.513084
maxcov = 5572025242251.309
