
[data]
trigger-time = 1776068441.3261695
injection-file = /work/shashwat.singh/Prospects-of-LGWs/unlens/injection.hdf

[global]
instruments = C1 C2
mass1_ref = 30.00000000260186
mass2_ref = 30.00000000745866
minchirp = 26.11641690326282
maxchirp = 26.11661690326282
mincov = 219857584.30358005
maxcov = 21985758430.358006
