
[data]
trigger-time = 1422328812.8354406
injection-file = /work/shashwat.singh/Prospects-of-LGWs/unlens/injection.hdf

[global]
instruments = C1 C2
mass1_ref = 30.00000000749205
mass2_ref = 30.00000000592987
minchirp = 26.116416904725956
maxchirp = 26.116616904725955
mincov = 88319384031.66666
maxcov = 8831938403166.664
