
[data]
trigger-time = 1959877032.9769883
injection-file = /work/shashwat.singh/Prospects-of-LGWs/unlens/injection.hdf

[global]
instruments = C1 C2
mass1_ref = 30.000000008363383
mass2_ref = 30.000000008743395
minchirp = 26.11641690632988
maxchirp = 26.11661690632988
mincov = 172719189450.96948
maxcov = 17271918945096.95
