
[data]
trigger-time = 1396773574.450428
injection-file = /work/shashwat.singh/Prospects-of-LGWs/unlens/injection.hdf

[global]
instruments = C1 C2
mass1_ref = 30.000000005980493
mass2_ref = 30.000000002675204
minchirp = 26.116416902651334
maxchirp = 26.116616902651334
mincov = 173987587728.5026
maxcov = 17398758772850.258
