
[data]
trigger-time = 1419751344.7997851
injection-file = /work/shashwat.singh/Prospects-of-LGWs/unlens/injection.hdf

[global]
instruments = C1 C2
mass1_ref = 30.000000002429775
mass2_ref = 30.000000004685994
minchirp = 26.116416901981044
maxchirp = 26.116616901981043
mincov = 700350831.0261961
maxcov = 70035083102.61961
