
[data]
trigger-time = 1694852329.5797663
injection-file = /work/shashwat.singh/Prospects-of-LGWs/unlens/injection.hdf

[global]
instruments = C1 C2
mass1_ref = 30.000000006223484
mass2_ref = 30.00000000207621
minchirp = 26.116416902496375
maxchirp = 26.116616902496375
mincov = 135976225180.88615
maxcov = 13597622518088.615
