
[data]
trigger-time = 1573785629.4853067
injection-file = /work/shashwat.singh/Prospects-of-LGWs/unlens/injection.hdf

[global]
instruments = C1 C2
mass1_ref = 30.000000004632888
mass2_ref = 30.000000000486324
minchirp = 26.11641690111199
maxchirp = 26.11661690111199
mincov = 9759619042.712845
maxcov = 975961904271.2844
