
[data]
trigger-time = 1995007537.2104607
injection-file = /work/shashwat.singh/Prospects-of-LGWs/unlens/injection.hdf

[global]
instruments = C1 C2
mass1_ref = 30.00000000248902
mass2_ref = 30.00000000330813
minchirp = 26.116416901407078
maxchirp = 26.116616901407077
mincov = 124745370162.03012
maxcov = 12474537016203.012
