
[data]
trigger-time = 1527594073.5828443
injection-file = /work/shashwat.singh/Prospects-of-LGWs/unlens/injection.hdf

[global]
instruments = C1 C2
mass1_ref = 30.000000007229726
mass2_ref = 30.000000009322147
minchirp = 26.116416906088347
maxchirp = 26.116616906088346
mincov = 144608535509.82657
maxcov = 14460853550982.656
