
[data]
trigger-time = 1539175726.8713036
injection-file = /work/shashwat.singh/Prospects-of-LGWs/unlens/injection.hdf

[global]
instruments = C1 C2
mass1_ref = 30.00000000285641
mass2_ref = 30.000000009619338
minchirp = 26.11641690431411
maxchirp = 26.11661690431411
mincov = 135185627958.34709
maxcov = 13518562795834.709
