
[data]
trigger-time = 1276151357.4701371
injection-file = /work/shashwat.singh/Prospects-of-LGWs/unlens/injection.hdf

[global]
instruments = C1 C2
mass1_ref = 30.000000008112163
mass2_ref = 30.000000002894705
minchirp = 26.116416903674743
maxchirp = 26.116616903674743
mincov = 158349951564.2381
maxcov = 15834995156423.809
