
[data]
trigger-time = 1838557961.2618432
injection-file = /work/shashwat.singh/Prospects-of-LGWs/unlens/injection.hdf

[global]
instruments = C1 C2
mass1_ref = 30.00000000627002
mass2_ref = 30.00000000411216
minchirp = 26.11641690340283
maxchirp = 26.11661690340283
mincov = 80739755783.75719
maxcov = 8073975578375.719
