
[data]
trigger-time = 1157915902.0545073
injection-file = /work/shashwat.singh/Prospects-of-LGWs/unlens/injection.hdf

[global]
instruments = C1 C2
mass1_ref = 30.000000008691035
mass2_ref = 30.000000007883283
minchirp = 26.116416906098117
maxchirp = 26.116616906098116
mincov = 108343746258.68721
maxcov = 10834374625868.72
