
[data]
trigger-time = 1065687265.8826714
injection-file = /work/shashwat.singh/Prospects-of-LGWs/unlens/injection.hdf

[global]
instruments = C1 C2
mass1_ref = 30.000000004145065
mass2_ref = 30.000000000585423
minchirp = 26.116416900942788
maxchirp = 26.116616900942788
mincov = 19532192301.112362
maxcov = 1953219230111.2363
