
[data]
trigger-time = 1402410741.824139
injection-file = /work/shashwat.singh/Prospects-of-LGWs/unlens/injection.hdf

[global]
instruments = C1 C2
mass1_ref = 30.000000001646665
mass2_ref = 30.00000000285059
minchirp = 26.116416900841266
maxchirp = 26.116616900841265
mincov = 156298005016.44736
maxcov = 15629800501644.736
