
[data]
trigger-time = 1891963771.3802967
injection-file = /work/shashwat.singh/Prospects-of-LGWs/unlens/injection.hdf

[global]
instruments = C1 C2
mass1_ref = 30.000000009271552
mass2_ref = 30.000000009107975
minchirp = 26.11641690688388
maxchirp = 26.11661690688388
mincov = 109739171935.74167
maxcov = 10973917193574.166
