
[data]
trigger-time = 1178239677.8044972
injection-file = /work/shashwat.singh/Prospects-of-LGWs/unlens/injection.hdf

[global]
instruments = C1 C2
mass1_ref = 30.000000002544887
mass2_ref = 30.00000000418433
minchirp = 26.116416901812787
maxchirp = 26.116616901812787
mincov = 163326924112.4045
maxcov = 16332692411240.451
