
[data]
trigger-time = 1218769349.1795368
injection-file = /home/ss/Prospects-of-LGWs/unlens/injection.hdf

[global]
instruments = C1
mass1_ref = 30.00000000800852
mass2_ref = 30.000000002725262
minchirp = 26.116416903555876
maxchirp = 26.116616903555876
mincov = 60559584.66502231
maxcov = 6055958466.502232
