
[data]
trigger-time = 1049923140.1024503
injection-file = /work/shashwat.singh/Prospects-of-LGWs/unlens/injection.hdf

[global]
instruments = C1 C2
mass1_ref = 30.000000000727926
mass2_ref = 30.00000000015869
minchirp = 26.116416899269645
maxchirp = 26.116616899269644
mincov = 134847791422.79985
maxcov = 13484779142279.984
