
[data]
trigger-time = 1786134086.631518
injection-file = /work/shashwat.singh/Prospects-of-LGWs/unlens/injection.hdf

[global]
instruments = C1 C2
mass1_ref = 30.00000000356794
mass2_ref = 30.00000000813136
minchirp = 26.11641690397614
maxchirp = 26.11661690397614
mincov = 6842211386.272839
maxcov = 684221138627.2838
