
[data]
trigger-time = 1235932765.4977715
injection-file = /work/shashwat.singh/Prospects-of-LGWs/unlens/injection.hdf

[global]
instruments = C1 C2
mass1_ref = 30.0000000087114
mass2_ref = 30.000000000599368
minchirp = 26.11641690293647
maxchirp = 26.11661690293647
mincov = 84509088651.57103
maxcov = 8450908865157.104
