
[data]
trigger-time = 1717797058.769259
injection-file = /work/shashwat.singh/Prospects-of-LGWs/unlens/injection.hdf

[global]
instruments = C1 C2
mass1_ref = 30.000000006236476
mass2_ref = 30.000000005463846
minchirp = 26.116416903976585
maxchirp = 26.116616903976585
mincov = 83550100407.52652
maxcov = 8355010040752.651
