
[data]
trigger-time = 1366078677.8641617
injection-file = /work/shashwat.singh/Prospects-of-LGWs/unlens/injection.hdf

[global]
instruments = C1 C2
mass1_ref = 30.00000000620739
mass2_ref = 30.000000004878558
minchirp = 26.116416903709165
maxchirp = 26.116616903709165
mincov = 111868477224.20923
maxcov = 11186847722420.922
