
[data]
trigger-time = 1560429876.4079003
injection-file = /work/shashwat.singh/Prospects-of-LGWs/unlens/injection.hdf

[global]
instruments = C1 C2
mass1_ref = 30.000000001294147
mass2_ref = 30.000000006354558
minchirp = 26.116416902213018
maxchirp = 26.116616902213018
mincov = 32641884128.209393
maxcov = 3264188412820.9395
