
[data]
trigger-time = 1735215503.1178732
injection-file = /work/shashwat.singh/Prospects-of-LGWs/unlens/injection.hdf

[global]
instruments = C1 C2
mass1_ref = 30.000000003756835
mass2_ref = 30.00000000244771
minchirp = 26.116416901584408
maxchirp = 26.116616901584408
mincov = 32803454760.45437
maxcov = 3280345476045.437
