
[data]
trigger-time = 1436811719.0439582
injection-file = /work/shashwat.singh/Prospects-of-LGWs/unlens/injection.hdf

[global]
instruments = C1 C2
mass1_ref = 30.000000005141423
mass2_ref = 30.000000006822695
minchirp = 26.11641690409141
maxchirp = 26.11661690409141
mincov = 220420056.11472163
maxcov = 22042005611.472164
