
[data]
trigger-time = 1113114891.0223255
injection-file = /work/shashwat.singh/Prospects-of-LGWs/unlens/injection.hdf

[global]
instruments = C1 C2
mass1_ref = 30.00000000664186
mass2_ref = 30.00000000444411
minchirp = 26.116416903709172
maxchirp = 26.116616903709172
mincov = 73320269546.35246
maxcov = 7332026954635.246
