
[data]
trigger-time = 1120916643.8142087
injection-file = /work/shashwat.singh/Prospects-of-LGWs/unlens/injection.hdf

[global]
instruments = C1 C2
mass1_ref = 30.00000000175374
mass2_ref = 30.00000000623411
minchirp = 26.116416902360637
maxchirp = 26.116616902360636
mincov = 118486333325.99417
maxcov = 11848633332599.416
