
[data]
trigger-time = 1765697049.9749846
injection-file = /work/shashwat.singh/Prospects-of-LGWs/unlens/injection.hdf

[global]
instruments = C1 C2
mass1_ref = 30.000000003985406
mass2_ref = 30.000000008162203
minchirp = 26.116416904171277
maxchirp = 26.116616904171277
mincov = 108833286666.72722
maxcov = 10883328666672.723
