
[data]
trigger-time = 1344894733.8675387
injection-file = /work/shashwat.singh/Prospects-of-LGWs/unlens/injection.hdf

[global]
instruments = C1 C2
mass1_ref = 30.000000003517606
mass2_ref = 30.000000004610776
minchirp = 26.116416902421808
maxchirp = 26.116616902421807
mincov = 121094443079.06636
maxcov = 12109444307906.637
