
[data]
trigger-time = 1982471930.6364937
injection-file = /work/shashwat.singh/Prospects-of-LGWs/unlens/injection.hdf

[global]
instruments = C1 C2
mass1_ref = 30.000000000237705
mass2_ref = 30.00000000777515
minchirp = 26.116416902371522
maxchirp = 26.116616902371522
mincov = 129997048243.32178
maxcov = 12999704824332.178
