
[data]
trigger-time = 1157722581.068466
injection-file = /work/shashwat.singh/Prospects-of-LGWs/unlens/injection.hdf

[global]
instruments = C1 C2
mass1_ref = 30.00000000188829
mass2_ref = 30.000000006884132
minchirp = 26.116416902702145
maxchirp = 26.116616902702145
mincov = 147706620079.37762
maxcov = 14770662007937.762
