
[data]
trigger-time = 1188009586.889898
injection-file = /work/shashwat.singh/Prospects-of-LGWs/unlens/injection.hdf

[global]
instruments = C1 C2
mass1_ref = 30.000000007984184
mass2_ref = 30.00000000150508
minchirp = 26.116416903014166
maxchirp = 26.116616903014165
mincov = 134435698516.41284
maxcov = 13443569851641.285
