
[data]
trigger-time = 1643350766.4199305
injection-file = /work/shashwat.singh/Prospects-of-LGWs/unlens/injection.hdf

[global]
instruments = C1 C2
mass1_ref = 30.000000002113598
mass2_ref = 30.000000002340652
minchirp = 26.11641690082255
maxchirp = 26.11661690082255
mincov = 158229549029.82
maxcov = 15822954902982.002
