
[data]
trigger-time = 1312138644.0036159
injection-file = /work/shashwat.singh/Prospects-of-LGWs/unlens/injection.hdf

[global]
instruments = C1 C2
mass1_ref = 30.00000000829381
mass2_ref = 30.000000004760935
minchirp = 26.116416904566133
maxchirp = 26.116616904566133
mincov = 76782223968.9435
maxcov = 7678222396894.35
