
[data]
trigger-time = 1068880682.4511359
injection-file = /work/shashwat.singh/Prospects-of-LGWs/unlens/injection.hdf

[global]
instruments = C1 C2
mass1_ref = 30.000000001044224
mass2_ref = 30.00000000427683
minchirp = 26.116416901199848
maxchirp = 26.116616901199848
mincov = 85070872497.33293
maxcov = 8507087249733.293
