
[data]
trigger-time = 1546135039.6364324
injection-file = /work/shashwat.singh/Prospects-of-LGWs/unlens/injection.hdf

[global]
instruments = C1 C2
mass1_ref = 30.000000001845095
mass2_ref = 30.000000003971913
minchirp = 26.116416901415725
maxchirp = 26.116616901415725
mincov = 40916.4358973675
maxcov = 4091643.58973675
