
[data]
trigger-time = 1210087720.1269464
injection-file = /work/shashwat.singh/Prospects-of-LGWs/unlens/injection.hdf

[global]
instruments = C1 C2
mass1_ref = 30.00000000061261
mass2_ref = 30.00000000916973
minchirp = 26.116416903141737
maxchirp = 26.116616903141736
mincov = 140678440230.17072
maxcov = 14067844023017.072
