
[data]
trigger-time = 1658878819.8117557
injection-file = /work/shashwat.singh/Prospects-of-LGWs/unlens/injection.hdf

[global]
instruments = C1 C2
mass1_ref = 30.000000005125194
mass2_ref = 30.00000000839874
minchirp = 26.116416904770357
maxchirp = 26.116616904770357
mincov = 123944235981.72366
maxcov = 12394423598172.365
