
[data]
trigger-time = 1481768259.9575198
injection-file = /work/shashwat.singh/Prospects-of-LGWs/unlens/injection.hdf

[global]
instruments = C1 C2
mass1_ref = 30.000000004699412
mass2_ref = 30.000000003854606
minchirp = 26.116416902607078
maxchirp = 26.116616902607078
mincov = 129851434138.95413
maxcov = 12985143413895.412
