
[data]
trigger-time = 1962868634.7967906
injection-file = /work/shashwat.singh/Prospects-of-LGWs/unlens/injection.hdf

[global]
instruments = C1 C2
mass1_ref = 30.000000008566342
mass2_ref = 30.00000000028399
minchirp = 26.116416902736056
maxchirp = 26.116616902736055
mincov = 72061767160.58774
maxcov = 7206176716058.773
