
[data]
trigger-time = 1522784275.4012563
injection-file = /work/shashwat.singh/Prospects-of-LGWs/unlens/injection.hdf

[global]
instruments = C1 C2
mass1_ref = 30.000000002200323
mass2_ref = 30.0000000051007
minchirp = 26.11641690206168
maxchirp = 26.11661690206168
mincov = 142298680543.0983
maxcov = 14229868054309.828
