
[data]
trigger-time = 1866757492.189527
injection-file = /work/shashwat.singh/Prospects-of-LGWs/unlens/injection.hdf

[global]
instruments = C1 C2
mass1_ref = 30.000000008761997
mass2_ref = 30.000000009547275
minchirp = 26.1164169068533
maxchirp = 26.1166169068533
mincov = 135550046287.58577
maxcov = 13555004628758.576
