
[data]
trigger-time = 1015482308.4067324
injection-file = /work/shashwat.singh/Prospects-of-LGWs/unlens/injection.hdf

[global]
instruments = C1 C2
mass1_ref = 30.000000000328146
mass2_ref = 30.000000005348483
minchirp = 26.116416901354622
maxchirp = 26.11661690135462
mincov = 145091200193.69672
maxcov = 14509120019369.67
