
[data]
trigger-time = 1419468594.8715284
injection-file = /work/shashwat.singh/Prospects-of-LGWs/unlens/injection.hdf

[global]
instruments = C1 C2
mass1_ref = 30.000000006284452
mass2_ref = 30.00000000195109
minchirp = 26.116416902468455
maxchirp = 26.116616902468454
mincov = 12217961448.527987
maxcov = 1221796144852.7986
