
[data]
trigger-time = 1927909636.1308465
injection-file = /work/shashwat.singh/Prospects-of-LGWs/unlens/injection.hdf

[global]
instruments = C1 C2
mass1_ref = 30.00000000415143
mass2_ref = 30.000000005065974
minchirp = 26.116416902895836
maxchirp = 26.116616902895835
mincov = 145340384465.88983
maxcov = 14534038446588.984
