
[data]
trigger-time = 1267252559.7007196
injection-file = /work/shashwat.singh/Prospects-of-LGWs/unlens/injection.hdf

[global]
instruments = C1 C2
mass1_ref = 30.000000009341246
mass2_ref = 30.00000000348407
minchirp = 26.116416904466266
maxchirp = 26.116616904466266
mincov = 155842469531.57452
maxcov = 15584246953157.453
