
[data]
trigger-time = 1210716333.6391006
injection-file = /work/shashwat.singh/Prospects-of-LGWs/unlens/injection.hdf

[global]
instruments = C1 C2
mass1_ref = 30.00000000629454
mass2_ref = 30.000000008890595
minchirp = 26.116416905493438
maxchirp = 26.116616905493437
mincov = 155056587103.609
maxcov = 15505658710360.9
