
[data]
trigger-time = 1887575973.219625
injection-file = /work/shashwat.singh/Prospects-of-LGWs/unlens/injection.hdf

[global]
instruments = C1 C2
mass1_ref = 30.000000000868077
mass2_ref = 30.00000000440143
minchirp = 26.11641690117741
maxchirp = 26.11661690117741
mincov = 123997491263.52913
maxcov = 12399749126352.912
