
[data]
trigger-time = 1107904657.3368177
injection-file = /work/shashwat.singh/Prospects-of-LGWs/unlens/injection.hdf

[global]
instruments = C1 C2
mass1_ref = 30.000000009409327
mass2_ref = 30.000000009425317
minchirp = 26.116416907081977
maxchirp = 26.116616907081976
mincov = 20316379240.18752
maxcov = 2031637924018.752
