
[data]
trigger-time = 1743306721.8538208
injection-file = /work/shashwat.singh/Prospects-of-LGWs/unlens/injection.hdf

[global]
instruments = C1 C2
mass1_ref = 30.0000000034677
mass2_ref = 30.000000000912017
minchirp = 26.11641690079011
maxchirp = 26.11661690079011
mincov = 132924115814.29756
maxcov = 13292411581429.756
