
[data]
trigger-time = 1843136415.8971846
injection-file = /work/shashwat.singh/Prospects-of-LGWs/unlens/injection.hdf

[global]
instruments = C1 C2
mass1_ref = 30.00000000346501
mass2_ref = 30.000000002828028
minchirp = 26.11641690162293
maxchirp = 26.11661690162293
mincov = 64229711293.26528
maxcov = 6422971129326.528
