
[data]
trigger-time = 1556163578.209026
injection-file = /work/shashwat.singh/Prospects-of-LGWs/unlens/injection.hdf

[global]
instruments = C1 C2
mass1_ref = 30.000000009988753
mass2_ref = 30.000000008334535
minchirp = 26.1164169068594
maxchirp = 26.1166169068594
mincov = 37651457795.05052
maxcov = 3765145779505.052
