
[data]
trigger-time = 1149887841.9669695
injection-file = /work/shashwat.singh/Prospects-of-LGWs/unlens/injection.hdf

[global]
instruments = C1 C2
mass1_ref = 30.00000000585034
mass2_ref = 30.000000002173017
minchirp = 26.11641690237609
maxchirp = 26.11661690237609
mincov = 20129717156.444843
maxcov = 2012971715644.4844
