
[data]
trigger-time = 1760075476.7659092
injection-file = /work/shashwat.singh/Prospects-of-LGWs/unlens/injection.hdf

[global]
instruments = C1 C2
mass1_ref = 30.000000005174385
mass2_ref = 30.00000000244088
minchirp = 26.116416902198463
maxchirp = 26.116616902198462
mincov = 154505895832.2486
maxcov = 15450589583224.861
