
[data]
trigger-time = 1772734990.132101
injection-file = /work/shashwat.singh/Prospects-of-LGWs/unlens/injection.hdf

[global]
instruments = C1 C2
mass1_ref = 30.0000000069299
mass2_ref = 30.000000000984897
minchirp = 26.116416902328837
maxchirp = 26.116616902328836
mincov = 172849791865.96625
maxcov = 17284979186596.625
