
[data]
trigger-time = 1722191646.5812593
injection-file = /work/shashwat.singh/Prospects-of-LGWs/unlens/injection.hdf

[global]
instruments = C1 C2
mass1_ref = 30.000000002494005
mass2_ref = 30.000000002823477
minchirp = 26.116416901198292
maxchirp = 26.11661690119829
mincov = 2191628109.942317
maxcov = 219162810994.23172
