
[data]
trigger-time = 1464549737.6544933
injection-file = /work/shashwat.singh/Prospects-of-LGWs/unlens/injection.hdf

[global]
instruments = C1 C2
mass1_ref = 30.000000005344898
mass2_ref = 30.00000000277556
minchirp = 26.116416902418358
maxchirp = 26.116616902418357
mincov = 111358313233.20036
maxcov = 11135831323320.037
