
[data]
trigger-time = 1725813588.231718
injection-file = /work/shashwat.singh/Prospects-of-LGWs/unlens/injection.hdf

[global]
instruments = C1 C2
mass1_ref = 30.000000008625477
mass2_ref = 30.00000000104183
minchirp = 26.116416903091665
maxchirp = 26.116616903091664
mincov = 121314843431.72647
maxcov = 12131484343172.646
