
[data]
trigger-time = 1580475288.2057662
injection-file = /work/shashwat.singh/Prospects-of-LGWs/unlens/injection.hdf

[global]
instruments = C1 C2
mass1_ref = 30.000000004393712
mass2_ref = 30.000000007816677
minchirp = 26.116416904198605
maxchirp = 26.116616904198604
mincov = 99035288385.59549
maxcov = 9903528838559.549
