
[data]
trigger-time = 1268304006.1197014
injection-file = /work/shashwat.singh/Prospects-of-LGWs/unlens/injection.hdf

[global]
instruments = C1 C2
mass1_ref = 30.00000000681944
mass2_ref = 30.00000000941602
minchirp = 26.11641690595062
maxchirp = 26.116616905950618
mincov = 122826042663.13225
maxcov = 12282604266313.225
