
[data]
trigger-time = 1038041494.9375122
injection-file = /work/shashwat.singh/Prospects-of-LGWs/unlens/injection.hdf

[global]
instruments = C1 C2
mass1_ref = 30.000000008175345
mass2_ref = 30.00000000417722
minchirp = 26.11641690426049
maxchirp = 26.11661690426049
mincov = 11769253.443354707
maxcov = 1176925344.3354707
