
[data]
trigger-time = 1822245035.6458192
injection-file = /work/shashwat.singh/Prospects-of-LGWs/unlens/injection.hdf

[global]
instruments = C1 C2
mass1_ref = 30.00000000338549
mass2_ref = 30.00000000905248
minchirp = 26.116416904297665
maxchirp = 26.116616904297665
mincov = 823338.874586407
maxcov = 82333887.4586407
