
[data]
trigger-time = 1720889524.4551926
injection-file = /work/shashwat.singh/Prospects-of-LGWs/unlens/injection.hdf

[global]
instruments = C1 C2
mass1_ref = 30.00000000981486
mass2_ref = 30.00000000229046
minchirp = 26.11641690415287
maxchirp = 26.11661690415287
mincov = 90261736935.27893
maxcov = 9026173693527.893
