
[data]
trigger-time = 1223171152.2721877
injection-file = /work/shashwat.singh/Prospects-of-LGWs/unlens/injection.hdf

[global]
instruments = C1 C2
mass1_ref = 30.00000000749568
mass2_ref = 30.000000009382628
minchirp = 26.116416906230434
maxchirp = 26.116616906230433
mincov = 7147852981.219862
maxcov = 714785298121.9862
