
[data]
trigger-time = 1857654604.7113113
injection-file = /work/shashwat.singh/Prospects-of-LGWs/unlens/injection.hdf

[global]
instruments = C1 C2
mass1_ref = 30.00000000303999
mass2_ref = 30.00000000082661
minchirp = 26.11641690056676
maxchirp = 26.11661690056676
mincov = 66832568001.460106
maxcov = 6683256800146.011
