
[data]
trigger-time = 1925657884.8433104
injection-file = /work/shashwat.singh/Prospects-of-LGWs/unlens/injection.hdf

[global]
instruments = C1 C2
mass1_ref = 30.00000000289653
mass2_ref = 30.000000005138403
minchirp = 26.116416902381133
maxchirp = 26.116616902381132
mincov = 28559294843.591408
maxcov = 2855929484359.1406
