
[data]
trigger-time = 1169266649.1169453
injection-file = /work/shashwat.singh/Prospects-of-LGWs/unlens/injection.hdf

[global]
instruments = C1 C2
mass1_ref = 30.00000000904087
mass2_ref = 30.00000000579717
minchirp = 26.116416905342355
maxchirp = 26.116616905342354
mincov = 128777868069.43066
maxcov = 12877786806943.066
