
[data]
trigger-time = 1878598168.420611
injection-file = /work/shashwat.singh/Prospects-of-LGWs/unlens/injection.hdf

[global]
instruments = C1 C2
mass1_ref = 30.000000008591392
mass2_ref = 30.000000008660344
minchirp = 26.116416906392978
maxchirp = 26.116616906392977
mincov = 151778546287.7452
maxcov = 15177854628774.521
