
[data]
trigger-time = 1662734768.4583726
injection-file = /work/shashwat.singh/Prospects-of-LGWs/unlens/injection.hdf

[global]
instruments = C1 C2
mass1_ref = 30.000000005993392
mass2_ref = 30.000000003320576
minchirp = 26.116416902937868
maxchirp = 26.116616902937867
mincov = 161942501761.64096
maxcov = 16194250176164.098
