
[data]
trigger-time = 1312035031.5558228
injection-file = /work/shashwat.singh/Prospects-of-LGWs/unlens/injection.hdf

[global]
instruments = C1 C2
mass1_ref = 30.000000008260823
mass2_ref = 30.00000000097681
minchirp = 26.11641690290464
maxchirp = 26.11661690290464
mincov = 12420754164.230152
maxcov = 1242075416423.0151
