
[data]
trigger-time = 1418139218.236974
injection-file = /work/shashwat.singh/Prospects-of-LGWs/unlens/injection.hdf

[global]
instruments = C1 C2
mass1_ref = 30.000000001082796
mass2_ref = 30.000000001436067
minchirp = 26.116416899980123
maxchirp = 26.116616899980123
mincov = 168784516989.20532
maxcov = 16878451698920.531
