
[data]
trigger-time = 1355434295.0393414
injection-file = /work/shashwat.singh/Prospects-of-LGWs/unlens/injection.hdf

[global]
instruments = C1 C2
mass1_ref = 30.000000003512742
mass2_ref = 30.000000008368588
minchirp = 26.11641690405537
maxchirp = 26.11661690405537
mincov = 25565163759.738842
maxcov = 2556516375973.8843
