
[data]
trigger-time = 1056432837.1976793
injection-file = /work/shashwat.singh/Prospects-of-LGWs/unlens/injection.hdf

[global]
instruments = C1 C2
mass1_ref = 30.000000002292
mass2_ref = 30.000000004663363
minchirp = 26.116416901911222
maxchirp = 26.11661690191122
mincov = 323794759.1739094
maxcov = 32379475917.39094
