
[data]
trigger-time = 1257339505.0309615
injection-file = /work/shashwat.singh/Prospects-of-LGWs/unlens/injection.hdf

[global]
instruments = C1 C2
mass1_ref = 30.000000000049788
mass2_ref = 30.000000003182
minchirp = 26.116416900290442
maxchirp = 26.116616900290442
mincov = 167485551766.4015
maxcov = 16748555176640.148
