
[data]
trigger-time = 1327812764.6832993
injection-file = /work/shashwat.singh/Prospects-of-LGWs/unlens/injection.hdf

[global]
instruments = C1 C2
mass1_ref = 30.000000005860592
mass2_ref = 30.00000000408032
minchirp = 26.11641690321076
maxchirp = 26.11661690321076
mincov = 101489590209.46944
maxcov = 10148959020946.943
