
[data]
trigger-time = 1622482586.7880323
injection-file = /work/shashwat.singh/Prospects-of-LGWs/unlens/injection.hdf

[global]
instruments = C1 C2
mass1_ref = 30.000000000496318
mass2_ref = 30.00000000187547
minchirp = 26.116416899916107
maxchirp = 26.116616899916107
mincov = 7613563396.601355
maxcov = 761356339660.1355
