
[data]
trigger-time = 1791017777.3043606
injection-file = /work/shashwat.singh/Prospects-of-LGWs/unlens/injection.hdf

[global]
instruments = C1 C2
mass1_ref = 30.000000009315258
mass2_ref = 30.00000000382273
minchirp = 26.116416904602367
maxchirp = 26.116616904602367
mincov = 65135791802.601234
maxcov = 6513579180260.123
