
[data]
trigger-time = 1051755843.9021792
injection-file = /work/shashwat.singh/Prospects-of-LGWs/unlens/injection.hdf

[global]
instruments = C1 C2
mass1_ref = 30.0000000020278
mass2_ref = 30.00000000778259
minchirp = 26.116416903153944
maxchirp = 26.116616903153943
mincov = 105908903434.19095
maxcov = 10590890343419.094
