
[data]
trigger-time = 1839635399.3299417
injection-file = /work/shashwat.singh/Prospects-of-LGWs/unlens/injection.hdf

[global]
instruments = C1 C2
mass1_ref = 30.00000000235829
mass2_ref = 30.000000005709694
minchirp = 26.116416902395517
maxchirp = 26.116616902395517
mincov = 74839350864.60603
maxcov = 7483935086460.604
