
[data]
trigger-time = 1026214340.3094403
injection-file = /work/shashwat.singh/Prospects-of-LGWs/unlens/injection.hdf

[global]
instruments = C1 C2
mass1_ref = 30.000000001979394
mass2_ref = 30.000000006701338
minchirp = 26.116416902662234
maxchirp = 26.116616902662233
mincov = 129978534735.24895
maxcov = 12997853473524.895
