
[data]
trigger-time = 1786695831.5916152
injection-file = /work/shashwat.singh/Prospects-of-LGWs/unlens/injection.hdf

[global]
instruments = C1 C2
mass1_ref = 30.000000006008197
mass2_ref = 30.000000006336204
minchirp = 26.116416904256937
maxchirp = 26.116616904256936
mincov = 17397662185.680126
maxcov = 1739766218568.0127
