
[data]
trigger-time = 1336672766.1861691
injection-file = /work/shashwat.singh/Prospects-of-LGWs/unlens/injection.hdf

[global]
instruments = C1 C2
mass1_ref = 30.0000000058691
mass2_ref = 30.000000004616876
minchirp = 26.11641690344801
maxchirp = 26.11661690344801
mincov = 79321969427.27718
maxcov = 7932196942727.717
