
[data]
trigger-time = 1729290074.096231
injection-file = /work/shashwat.singh/Prospects-of-LGWs/unlens/injection.hdf

[global]
instruments = C1 C2
mass1_ref = 30.000000001629818
mass2_ref = 30.000000004437656
minchirp = 26.116416901524744
maxchirp = 26.116616901524743
mincov = 164886954984.52737
maxcov = 16488695498452.736
