
[data]
trigger-time = 1497577015.5753093
injection-file = /work/shashwat.singh/Prospects-of-LGWs/unlens/injection.hdf

[global]
instruments = C1 C2
mass1_ref = 30.000000009862454
mass2_ref = 30.000000007782276
minchirp = 26.116416906564037
maxchirp = 26.116616906564037
mincov = 178416012901.73276
maxcov = 17841601290173.277
