
[data]
trigger-time = 1758843712.0583477
injection-file = /work/shashwat.singh/Prospects-of-LGWs/unlens/injection.hdf

[global]
instruments = C1 C2
mass1_ref = 30.000000002421896
mass2_ref = 30.00000000672957
minchirp = 26.116416902867133
maxchirp = 26.116616902867133
mincov = 119692411447.37381
maxcov = 11969241144737.38
