
[data]
trigger-time = 1027990113.4939462
injection-file = /work/shashwat.singh/Prospects-of-LGWs/unlens/injection.hdf

[global]
instruments = C1 C2
mass1_ref = 30.000000009347524
mass2_ref = 30.00000000937239
minchirp = 26.11641690703204
maxchirp = 26.11661690703204
mincov = 87042983419.0315
maxcov = 8704298341903.149
