
[data]
trigger-time = 1394112387.9921665
injection-file = /work/shashwat.singh/Prospects-of-LGWs/unlens/injection.hdf

[global]
instruments = C1 C2
mass1_ref = 30.00000000863046
mass2_ref = 30.000000004116433
minchirp = 26.116416904432132
maxchirp = 26.11661690443213
mincov = 104021407558.39143
maxcov = 10402140755839.143
