
[data]
trigger-time = 1699975389.137403
injection-file = /work/shashwat.singh/Prospects-of-LGWs/unlens/injection.hdf

[global]
instruments = C1 C2
mass1_ref = 30.000000002448516
mass2_ref = 30.000000009900983
minchirp = 26.116416904259157
maxchirp = 26.116616904259157
mincov = 170999491311.3938
maxcov = 17099949131139.379
