
[data]
trigger-time = 1039300304.100651
injection-file = /work/shashwat.singh/Prospects-of-LGWs/unlens/injection.hdf

[global]
instruments = C1 C2
mass1_ref = 30.00000000413556
mass2_ref = 30.00000000211217
minchirp = 26.116416901603206
maxchirp = 26.116616901603205
mincov = 146107691465.59766
maxcov = 14610769146559.766
