
[data]
trigger-time = 1314667701.431154
injection-file = /work/shashwat.singh/Prospects-of-LGWs/unlens/injection.hdf

[global]
instruments = C1 C2
mass1_ref = 30.000000004232422
mass2_ref = 30.000000004241848
minchirp = 26.116416902572364
maxchirp = 26.116616902572364
mincov = 115313011174.67215
maxcov = 11531301117467.215
