
[data]
trigger-time = 1523906109.3946793
injection-file = /work/shashwat.singh/Prospects-of-LGWs/unlens/injection.hdf

[global]
instruments = C1 C2
mass1_ref = 30.00000000360981
mass2_ref = 30.000000008616844
minchirp = 26.116416904205682
maxchirp = 26.11661690420568
mincov = 87324825004.59544
maxcov = 8732482500459.545
