
[data]
trigger-time = 1493092182.2952194
injection-file = /work/shashwat.singh/Prospects-of-LGWs/unlens/injection.hdf

[global]
instruments = C1 C2
mass1_ref = 30.00000000392219
mass2_ref = 30.00000000769582
minchirp = 26.11641690394076
maxchirp = 26.11661690394076
mincov = 183582258.20073652
maxcov = 18358225820.073654
