
[data]
trigger-time = 1526075888.996397
injection-file = /work/shashwat.singh/Prospects-of-LGWs/unlens/injection.hdf

[global]
instruments = C1 C2
mass1_ref = 30.000000009761205
mass2_ref = 30.00000000666744
minchirp = 26.11641690603471
maxchirp = 26.11661690603471
mincov = 106619903649.60556
maxcov = 10661990364960.555
