
[data]
trigger-time = 1032673701.2238011
injection-file = /work/shashwat.singh/Prospects-of-LGWs/unlens/injection.hdf

[global]
instruments = C1 C2
mass1_ref = 30.00000000460432
mass2_ref = 30.000000001101014
minchirp = 26.116416901367117
maxchirp = 26.116616901367117
mincov = 95000884067.09595
maxcov = 9500088406709.594
