
[data]
trigger-time = 1604766830.661623
injection-file = /work/shashwat.singh/Prospects-of-LGWs/unlens/injection.hdf

[global]
instruments = C1 C2
mass1_ref = 30.000000009170364
mass2_ref = 30.000000002978222
minchirp = 26.116416904171704
maxchirp = 26.116616904171703
mincov = 85483662.01269433
maxcov = 8548366201.269434
