
[data]
trigger-time = 1500291854.9499946
injection-file = /work/shashwat.singh/Prospects-of-LGWs/unlens/injection.hdf

[global]
instruments = C1 C2
mass1_ref = 30.000000004743118
mass2_ref = 30.0000000053158
minchirp = 26.116416903262124
maxchirp = 26.116616903262123
mincov = 45454705763.58498
maxcov = 4545470576358.497
