
[data]
trigger-time = 1853362530.6576278
injection-file = /work/shashwat.singh/Prospects-of-LGWs/unlens/injection.hdf

[global]
instruments = C1 C2
mass1_ref = 30.000000006703814
mass2_ref = 30.0000000076412
minchirp = 26.116416905127757
maxchirp = 26.116616905127756
mincov = 72930668254.3978
maxcov = 7293066825439.779
