
[data]
trigger-time = 1532616710.7177796
injection-file = /work/shashwat.singh/Prospects-of-LGWs/unlens/injection.hdf

[global]
instruments = C1 C2
mass1_ref = 30.000000006382734
mass2_ref = 30.000000009669737
minchirp = 26.11641690587097
maxchirp = 26.11661690587097
mincov = 144717390858.7747
maxcov = 14471739085877.469
