
[data]
trigger-time = 1509771906.1935775
injection-file = /work/shashwat.singh/Prospects-of-LGWs/unlens/injection.hdf

[global]
instruments = C1 C2
mass1_ref = 30.000000004693177
mass2_ref = 30.000000002986845
minchirp = 26.116416902226646
maxchirp = 26.116616902226646
mincov = 109901335174.7676
maxcov = 10990133517476.76
