
[data]
trigger-time = 1010426705.1636609
injection-file = /work/shashwat.singh/Prospects-of-LGWs/unlens/injection.hdf

[global]
instruments = C1 C2
mass1_ref = 30.000000003162302
mass2_ref = 30.00000000303915
minchirp = 26.116416901583065
maxchirp = 26.116616901583065
mincov = 111538181983.35849
maxcov = 11153818198335.85
