
[data]
trigger-time = 1947532600.265575
injection-file = /work/shashwat.singh/Prospects-of-LGWs/unlens/injection.hdf

[global]
instruments = C1 C2
mass1_ref = 30.000000004666393
mass2_ref = 30.000000005795858
minchirp = 26.116416903437685
maxchirp = 26.116616903437684
mincov = 117221961844.9771
maxcov = 11722196184497.71
