
[data]
trigger-time = 1676201771.7289426
injection-file = /work/shashwat.singh/Prospects-of-LGWs/unlens/injection.hdf

[global]
instruments = C1 C2
mass1_ref = 30.00000000129409
mass2_ref = 30.000000005596764
minchirp = 26.116416901883145
maxchirp = 26.116616901883145
mincov = 114299166264.17114
maxcov = 11429916626417.113
