
[data]
trigger-time = 1984497321.3688946
injection-file = /work/shashwat.singh/Prospects-of-LGWs/unlens/injection.hdf

[global]
instruments = C1 C2
mass1_ref = 30.000000006231865
mass2_ref = 30.00000000663228
minchirp = 26.11641690448317
maxchirp = 26.11661690448317
mincov = 160844241714.1344
maxcov = 16084424171413.44
