
[data]
trigger-time = 1876735923.0090904
injection-file = /work/shashwat.singh/Prospects-of-LGWs/unlens/injection.hdf

[global]
instruments = C1 C2
mass1_ref = 30.000000009920225
mass2_ref = 30.000000007768644
minchirp = 26.11641690658325
maxchirp = 26.11661690658325
mincov = 91608660466.31862
maxcov = 9160866046631.861
