
[data]
trigger-time = 1136991665.0792246
injection-file = /work/shashwat.singh/Prospects-of-LGWs/unlens/injection.hdf

[global]
instruments = C1 C2
mass1_ref = 30.000000009067755
mass2_ref = 30.000000002489355
minchirp = 26.11641690391425
maxchirp = 26.11661690391425
mincov = 90036646041.85612
maxcov = 9003664604185.613
