
[data]
trigger-time = 1321636416.676852
injection-file = /work/shashwat.singh/Prospects-of-LGWs/unlens/injection.hdf

[global]
instruments = C1 C2
mass1_ref = 30.000000009973114
mass2_ref = 30.000000000878334
minchirp = 26.116416903607092
maxchirp = 26.116616903607092
mincov = 148712223316.99124
maxcov = 14871222331699.123
