
[data]
trigger-time = 1773867299.6859975
injection-file = /work/shashwat.singh/Prospects-of-LGWs/unlens/injection.hdf

[global]
instruments = C1 C2
mass1_ref = 30.000000000923237
mass2_ref = 30.0000000074238
minchirp = 26.11641690251698
maxchirp = 26.11661690251698
mincov = 6644017991.3161745
maxcov = 664401799131.6174
