
[data]
trigger-time = 1865915941.3477933
injection-file = /work/shashwat.singh/Prospects-of-LGWs/unlens/injection.hdf

[global]
instruments = C1 C2
mass1_ref = 30.000000004057547
mass2_ref = 30.000000003480856
minchirp = 26.116416902165003
maxchirp = 26.116616902165003
mincov = 16702782040.217463
maxcov = 1670278204021.746
