
[data]
trigger-time = 1397472546.6951866
injection-file = /work/shashwat.singh/Prospects-of-LGWs/unlens/injection.hdf

[global]
instruments = C1 C2
mass1_ref = 30.00000000253222
mass2_ref = 30.00000000597121
minchirp = 26.11641690258506
maxchirp = 26.116616902585058
mincov = 12612791.076831613
maxcov = 1261279107.6831613
