
[data]
trigger-time = 1721058109.6040635
injection-file = /work/shashwat.singh/Prospects-of-LGWs/unlens/injection.hdf

[global]
instruments = C1 C2
mass1_ref = 30.000000008859057
mass2_ref = 30.000000003896787
minchirp = 26.11641690443603
maxchirp = 26.11661690443603
mincov = 29989024862.390667
maxcov = 2998902486239.067
