
[data]
trigger-time = 1347459298.0942693
injection-file = /work/shashwat.singh/Prospects-of-LGWs/unlens/injection.hdf

[global]
instruments = C1 C2
mass1_ref = 30.000000001272703
mass2_ref = 30.000000006772854
minchirp = 26.116416902385758
maxchirp = 26.116616902385758
mincov = 668642622.6534189
maxcov = 66864262265.34189
