
[data]
trigger-time = 1732225189.4078932
injection-file = /work/shashwat.singh/Prospects-of-LGWs/unlens/injection.hdf

[global]
instruments = C1 C2
mass1_ref = 30.000000006693195
mass2_ref = 30.00000000091771
minchirp = 26.116416902196566
maxchirp = 26.116616902196565
mincov = 95334016193.57079
maxcov = 9533401619357.078
