
[data]
trigger-time = 1206129041.0361056
injection-file = /work/shashwat.singh/Prospects-of-LGWs/unlens/injection.hdf

[global]
instruments = C1 C2
mass1_ref = 30.00000000859057
mass2_ref = 30.000000004536037
minchirp = 26.11641690459741
maxchirp = 26.11661690459741
mincov = 58181478753.64413
maxcov = 5818147875364.413
