
[data]
trigger-time = 1408351776.9475443
injection-file = /work/shashwat.singh/Prospects-of-LGWs/unlens/injection.hdf

[global]
instruments = C1 C2
mass1_ref = 30.000000008361354
mass2_ref = 30.000000001416293
minchirp = 26.116416903139694
maxchirp = 26.116616903139693
mincov = 47618462578.725296
maxcov = 4761846257872.53
