
[data]
trigger-time = 1019869246.6444051
injection-file = /work/shashwat.singh/Prospects-of-LGWs/unlens/injection.hdf

[global]
instruments = C1 C2
mass1_ref = 30.000000003944876
mass2_ref = 30.00000000606983
minchirp = 26.116416903242875
maxchirp = 26.116616903242875
mincov = 18118639281.64646
maxcov = 1811863928164.6462
