
[data]
trigger-time = 1804658454.4248044
injection-file = /work/shashwat.singh/Prospects-of-LGWs/unlens/injection.hdf

[global]
instruments = C1 C2
mass1_ref = 30.000000001069843
mass2_ref = 30.000000007745268
minchirp = 26.116416902720726
maxchirp = 26.116616902720725
mincov = 48891346981.674164
maxcov = 4889134698167.416
