
[data]
trigger-time = 1885636481.5484557
injection-file = /work/shashwat.singh/Prospects-of-LGWs/unlens/injection.hdf

[global]
instruments = C1 C2
mass1_ref = 30.00000000028894
mass2_ref = 30.00000000809578
minchirp = 26.116416902533384
maxchirp = 26.116616902533384
mincov = 118728044841.58557
maxcov = 11872804484158.557
