
[data]
trigger-time = 1685120693.883343
injection-file = /work/shashwat.singh/Prospects-of-LGWs/unlens/injection.hdf

[global]
instruments = C1 C2
mass1_ref = 30.0000000051161
mass2_ref = 30.00000000215645
minchirp = 26.116416902049288
maxchirp = 26.116616902049287
mincov = 7019339181.058812
maxcov = 701933918105.8812
