
[data]
trigger-time = 1402325569.103756
injection-file = /work/shashwat.singh/Prospects-of-LGWs/unlens/injection.hdf

[global]
instruments = C1 C2
mass1_ref = 30.00000000930715
mass2_ref = 30.000000003561286
minchirp = 26.11641690448504
maxchirp = 26.11661690448504
mincov = 178190914844.86935
maxcov = 17819091484486.938
