
[data]
trigger-time = 1128917174.2887802
injection-file = /work/shashwat.singh/Prospects-of-LGWs/unlens/injection.hdf

[global]
instruments = C1 C2
mass1_ref = 30.000000006481258
mass2_ref = 30.000000006838494
minchirp = 26.116416904681483
maxchirp = 26.116616904681482
mincov = 77130442090.46358
maxcov = 7713044209046.357
