
[data]
trigger-time = 1892095782.0300431
injection-file = /work/shashwat.singh/Prospects-of-LGWs/unlens/injection.hdf

[global]
instruments = C1 C2
mass1_ref = 30.0000000039438
mass2_ref = 30.000000003626145
minchirp = 26.116416902178734
maxchirp = 26.116616902178734
mincov = 120627898525.97139
maxcov = 12062789852597.139
