
[data]
trigger-time = 1900203283.7932649
injection-file = /work/shashwat.singh/Prospects-of-LGWs/unlens/injection.hdf

[global]
instruments = C1 C2
mass1_ref = 30.000000008601905
mass2_ref = 30.000000005944695
minchirp = 26.116416905215498
maxchirp = 26.116616905215498
mincov = 114900566437.80342
maxcov = 11490056643780.342
