
[data]
trigger-time = 1985651243.155652
injection-file = /work/shashwat.singh/Prospects-of-LGWs/unlens/injection.hdf

[global]
instruments = C1 C2
mass1_ref = 30.00000000868118
mass2_ref = 30.000000004943693
minchirp = 26.116416904814297
maxchirp = 26.116616904814297
mincov = 119021443399.1241
maxcov = 11902144339912.41
