
[data]
trigger-time = 1155544925.4069085
injection-file = /work/shashwat.singh/Prospects-of-LGWs/unlens/injection.hdf

[global]
instruments = C1 C2
mass1_ref = 30.000000002340713
mass2_ref = 30.00000000292659
minchirp = 26.11641690117645
maxchirp = 26.11661690117645
mincov = 375160502.02716684
maxcov = 37516050202.71668
