
[data]
trigger-time = 1223457648.023852
injection-file = /work/shashwat.singh/Prospects-of-LGWs/unlens/injection.hdf

[global]
instruments = C1 C2
mass1_ref = 30.000000002445642
mass2_ref = 30.000000003313204
minchirp = 26.11641690139041
maxchirp = 26.116616901390408
mincov = 37324463852.32671
maxcov = 3732446385232.6714
