
[data]
trigger-time = 1885612842.801394
injection-file = /work/shashwat.singh/Prospects-of-LGWs/unlens/injection.hdf

[global]
instruments = C1 C2
mass1_ref = 30.000000008764477
mass2_ref = 30.00000000970049
minchirp = 26.116416906921067
maxchirp = 26.116616906921067
mincov = 120880707851.91801
maxcov = 12088070785191.8
