
[data]
trigger-time = 1123559590.8766472
injection-file = /work/shashwat.singh/Prospects-of-LGWs/unlens/injection.hdf

[global]
instruments = C1 C2
mass1_ref = 30.000000001127088
mass2_ref = 30.00000000417712
minchirp = 26.116416901192515
maxchirp = 26.116616901192515
mincov = 164963980736.29047
maxcov = 16496398073629.045
