
[data]
trigger-time = 1741714903.0253706
injection-file = /work/shashwat.singh/Prospects-of-LGWs/unlens/injection.hdf

[global]
instruments = C1 C2
mass1_ref = 30.00000000890379
mass2_ref = 30.000000001496897
minchirp = 26.116416903410887
maxchirp = 26.116616903410886
mincov = 40375646463.76287
maxcov = 4037564646376.287
