
[data]
trigger-time = 1066355868.7252599
injection-file = /work/shashwat.singh/Prospects-of-LGWs/unlens/injection.hdf

[global]
instruments = C1 C2
mass1_ref = 30.00000000441595
mass2_ref = 30.000000004268852
minchirp = 26.116416902664003
maxchirp = 26.116616902664003
mincov = 44948995454.97008
maxcov = 4494899545497.008
