
[data]
trigger-time = 1998138015.3173904
injection-file = /work/shashwat.singh/Prospects-of-LGWs/unlens/injection.hdf

[global]
instruments = C1 C2
mass1_ref = 30.00000000156328
mass2_ref = 30.000000004899785
minchirp = 26.116416901696937
maxchirp = 26.116616901696936
mincov = 92975575724.99228
maxcov = 9297557572499.227
