
[data]
trigger-time = 1418330304.3929377
injection-file = /work/shashwat.singh/Prospects-of-LGWs/unlens/injection.hdf

[global]
instruments = C1 C2
mass1_ref = 30.00000000776084
mass2_ref = 30.0000000068111
minchirp = 26.11641690522653
maxchirp = 26.11661690522653
mincov = 146557213545.815
maxcov = 14655721354581.502
