
[data]
trigger-time = 1044234162.4798892
injection-file = /work/shashwat.singh/Prospects-of-LGWs/unlens/injection.hdf

[global]
instruments = C1 C2
mass1_ref = 30.00000000980436
mass2_ref = 30.00000000751056
minchirp = 26.116416906420483
maxchirp = 26.116616906420482
mincov = 70002236891.2047
maxcov = 7000223689120.47
