
[data]
trigger-time = 1031290666.1056429
injection-file = /work/shashwat.singh/Prospects-of-LGWs/unlens/injection.hdf

[global]
instruments = C1 C2
mass1_ref = 30.000000002246544
mass2_ref = 30.000000008335583
minchirp = 26.116416903489863
maxchirp = 26.116616903489863
mincov = 120317497552.46835
maxcov = 12031749755246.836
