
[data]
trigger-time = 1715449648.3988607
injection-file = /work/shashwat.singh/Prospects-of-LGWs/unlens/injection.hdf

[global]
instruments = C1 C2
mass1_ref = 30.000000008768914
mass2_ref = 30.000000008963443
minchirp = 26.116416906602183
maxchirp = 26.116616906602182
mincov = 79163586.41875103
maxcov = 7916358641.875104
