
[data]
trigger-time = 1812875702.1114874
injection-file = /work/shashwat.singh/Prospects-of-LGWs/unlens/injection.hdf

[global]
instruments = C1 C2
mass1_ref = 30.000000003026855
mass2_ref = 30.000000003599453
minchirp = 26.11641690176799
maxchirp = 26.11661690176799
mincov = 179792378375.2343
maxcov = 17979237837523.434
