
[data]
trigger-time = 1025550962.0041518
injection-file = /work/shashwat.singh/Prospects-of-LGWs/unlens/injection.hdf

[global]
instruments = C1 C2
mass1_ref = 30.00000000159257
mass2_ref = 30.00000000527804
minchirp = 26.116416901874334
maxchirp = 26.116616901874334
mincov = 24794674327.637062
maxcov = 2479467432763.706
