
[data]
trigger-time = 1464274606.4599283
injection-file = /work/shashwat.singh/Prospects-of-LGWs/unlens/injection.hdf

[global]
instruments = C1 C2
mass1_ref = 30.000000003172687
mass2_ref = 30.0000000023595
minchirp = 26.116416901291746
maxchirp = 26.116616901291746
mincov = 43129484003.3791
maxcov = 4312948400337.9097
