
[data]
trigger-time = 1939584623.1187496
injection-file = /work/shashwat.singh/Prospects-of-LGWs/unlens/injection.hdf

[global]
instruments = C1 C2
mass1_ref = 30.000000001119933
mass2_ref = 30.00000000358531
minchirp = 26.1164169009318
maxchirp = 26.1166169009318
mincov = 58507533318.71737
maxcov = 5850753331871.737
