
[data]
trigger-time = 1783652427.1943707
injection-file = /work/shashwat.singh/Prospects-of-LGWs/unlens/injection.hdf

[global]
instruments = C1 C2
mass1_ref = 30.00000000482218
mass2_ref = 30.000000001589676
minchirp = 26.116416901674643
maxchirp = 26.116616901674643
mincov = 2361539725.0523415
maxcov = 236153972505.23413
