
[data]
trigger-time = 1269402939.587478
injection-file = /work/shashwat.singh/Prospects-of-LGWs/unlens/injection.hdf

[global]
instruments = C1 C2
mass1_ref = 30.000000003259984
mass2_ref = 30.00000000896524
minchirp = 26.116416904205064
maxchirp = 26.116616904205063
mincov = 83795083616.3105
maxcov = 8379508361631.05
