
[data]
trigger-time = 1500428972.5834763
injection-file = /work/shashwat.singh/Prospects-of-LGWs/unlens/injection.hdf

[global]
instruments = C1 C2
mass1_ref = 30.00000000149041
mass2_ref = 30.000000001184077
minchirp = 26.116416900047863
maxchirp = 26.116616900047863
mincov = 63959236112.705734
maxcov = 6395923611270.574
