
[data]
trigger-time = 1448715789.9021783
injection-file = /work/shashwat.singh/Prospects-of-LGWs/unlens/injection.hdf

[global]
instruments = C1 C2
mass1_ref = 30.000000008865396
mass2_ref = 30.000000009217583
minchirp = 26.116416906754797
maxchirp = 26.116616906754796
mincov = 45857613710.396194
maxcov = 4585761371039.619
