
[data]
trigger-time = 1384001707.132287
injection-file = /work/shashwat.singh/Prospects-of-LGWs/unlens/injection.hdf

[global]
instruments = C1 C2
mass1_ref = 30.00000000701125
mass2_ref = 30.000000000022155
minchirp = 26.116416901945193
maxchirp = 26.116616901945193
mincov = 149212288983.56714
maxcov = 14921228898356.715
