
[data]
trigger-time = 1222511070.7252195
injection-file = /work/shashwat.singh/Prospects-of-LGWs/unlens/injection.hdf

[global]
instruments = C1 C2
mass1_ref = 30.000000009059622
mass2_ref = 30.000000001769497
minchirp = 26.116416903597372
maxchirp = 26.11661690359737
mincov = 55125170070.64317
maxcov = 5512517007064.317
