
[data]
trigger-time = 1506327620.094482
injection-file = /work/shashwat.singh/Prospects-of-LGWs/unlens/injection.hdf

[global]
instruments = C1 C2
mass1_ref = 30.000000001613103
mass2_ref = 30.000000008893192
minchirp = 26.116416903456855
maxchirp = 26.116616903456855
mincov = 100964196551.79764
maxcov = 10096419655179.764
