
[data]
trigger-time = 1409763167.4981132
injection-file = /work/shashwat.singh/Prospects-of-LGWs/unlens/injection.hdf

[global]
instruments = C1 C2
mass1_ref = 30.000000003962587
mass2_ref = 30.000000004596117
minchirp = 26.116416902609117
maxchirp = 26.116616902609117
mincov = 459157339.0089095
maxcov = 45915733900.89095
