
[data]
trigger-time = 1924787760.151154
injection-file = /work/shashwat.singh/Prospects-of-LGWs/unlens/injection.hdf

[global]
instruments = C1 C2
mass1_ref = 30.000000008217317
mass2_ref = 30.000000006862255
minchirp = 26.11641690544749
maxchirp = 26.11661690544749
mincov = 176760941563.344
maxcov = 17676094156334.4
