
[data]
trigger-time = 1465295659.048409
injection-file = /work/shashwat.singh/Prospects-of-LGWs/unlens/injection.hdf

[global]
instruments = C1 C2
mass1_ref = 30.000000007350398
mass2_ref = 30.000000000496073
minchirp = 26.116416902299097
maxchirp = 26.116616902299096
mincov = 99136623955.77045
maxcov = 9913662395577.045
