
[data]
trigger-time = 1468169176.9108133
injection-file = /work/shashwat.singh/Prospects-of-LGWs/unlens/injection.hdf

[global]
instruments = C1 C2
mass1_ref = 30.000000001416694
mass2_ref = 30.00000000150589
minchirp = 26.11641690015585
maxchirp = 26.11661690015585
mincov = 164120476527.68
maxcov = 16412047652767.998
