
[data]
trigger-time = 1218768810.7148268
injection-file = /work/shashwat.singh/Prospects-of-LGWs/unlens/injection.hdf

[global]
instruments = C1 C2
mass1_ref = 30.000000007512604
mass2_ref = 30.000000006988692
minchirp = 26.11641690519578
maxchirp = 26.11661690519578
mincov = 29419325889.86367
maxcov = 2941932588986.367
