
[data]
trigger-time = 1704717444.2209466
injection-file = /work/shashwat.singh/Prospects-of-LGWs/unlens/injection.hdf

[global]
instruments = C1 C2
mass1_ref = 30.000000003468244
mass2_ref = 30.000000001003286
minchirp = 26.11641690083007
maxchirp = 26.11661690083007
mincov = 143577257892.69366
maxcov = 14357725789269.365
