
[data]
trigger-time = 1972983371.0511267
injection-file = /work/shashwat.singh/Prospects-of-LGWs/unlens/injection.hdf

[global]
instruments = C1 C2
mass1_ref = 30.000000001940254
mass2_ref = 30.00000000838603
minchirp = 26.116416903378504
maxchirp = 26.116616903378503
mincov = 127368496020.32617
maxcov = 12736849602032.617
