
[data]
trigger-time = 1321438465.0798643
injection-file = /work/shashwat.singh/Prospects-of-LGWs/unlens/injection.hdf

[global]
instruments = C1 C2
mass1_ref = 30.00000000116023
mass2_ref = 30.000000002467516
minchirp = 26.11641690046279
maxchirp = 26.11661690046279
mincov = 152644310248.5445
maxcov = 15264431024854.45
