
[data]
trigger-time = 1463091957.416168
injection-file = /work/shashwat.singh/Prospects-of-LGWs/unlens/injection.hdf

[global]
instruments = C1 C2
mass1_ref = 30.00000000996028
mass2_ref = 30.00000000626708
minchirp = 26.116416905947094
maxchirp = 26.116616905947094
mincov = 83039929066.1529
maxcov = 8303992906615.289
