
[data]
trigger-time = 1616685246.0944147
injection-file = /work/shashwat.singh/Prospects-of-LGWs/unlens/injection.hdf

[global]
instruments = C1 C2
mass1_ref = 30.000000007683724
mass2_ref = 30.00000000263962
minchirp = 26.11641690337722
maxchirp = 26.11661690337722
mincov = 58567687727.328674
maxcov = 5856768772732.867
