
[data]
trigger-time = 1761170131.5040212
injection-file = /work/shashwat.singh/Prospects-of-LGWs/unlens/injection.hdf

[global]
instruments = C1 C2
mass1_ref = 30.000000008376155
mass2_ref = 30.00000000709478
minchirp = 26.11641690561784
maxchirp = 26.11661690561784
mincov = 154654861526.00146
maxcov = 15465486152600.146
