
[data]
trigger-time = 1145270612.3367786
injection-file = /work/shashwat.singh/Prospects-of-LGWs/unlens/injection.hdf

[global]
instruments = C1 C2
mass1_ref = 30.00000000795593
mass2_ref = 30.000000009794043
minchirp = 26.11641690660985
maxchirp = 26.11661690660985
mincov = 37994170147.02227
maxcov = 3799417014702.227
