
[data]
trigger-time = 1811542679.322473
injection-file = /work/shashwat.singh/Prospects-of-LGWs/unlens/injection.hdf

[global]
instruments = C1 C2
mass1_ref = 30.000000001222517
mass2_ref = 30.00000000514362
minchirp = 26.116416901654745
maxchirp = 26.116616901654744
mincov = 5584345126.847706
maxcov = 558434512684.7706
