
[data]
trigger-time = 1432940062.6758494
injection-file = /work/shashwat.singh/Prospects-of-LGWs/unlens/injection.hdf

[global]
instruments = C1 C2
mass1_ref = 30.00000000209491
mass2_ref = 30.000000008485877
minchirp = 26.11641690348928
maxchirp = 26.11661690348928
mincov = 165719761325.36627
maxcov = 16571976132536.625
