
[data]
trigger-time = 1293644787.8176334
injection-file = /work/shashwat.singh/Prospects-of-LGWs/unlens/injection.hdf

[global]
instruments = C1 C2
mass1_ref = 30.0000000040052
mass2_ref = 30.00000000065713
minchirp = 26.116416900913123
maxchirp = 26.116616900913122
mincov = 150930263591.52573
maxcov = 15093026359152.574
