
[data]
trigger-time = 1275466107.3039942
injection-file = /work/shashwat.singh/Prospects-of-LGWs/unlens/injection.hdf

[global]
instruments = C1 C2
mass1_ref = 30.00000000829025
mass2_ref = 30.000000001382418
minchirp = 26.116416903094
maxchirp = 26.116616903094
mincov = 94692065088.75479
maxcov = 9469206508875.48
