
[data]
trigger-time = 1135715525.663915
injection-file = /work/shashwat.singh/Prospects-of-LGWs/unlens/injection.hdf

[global]
instruments = C1 C2
mass1_ref = 30.0000000031415
mass2_ref = 30.00000000637349
minchirp = 26.116416903025364
maxchirp = 26.116616903025363
mincov = 29317020480.981373
maxcov = 2931702048098.137
