
[data]
trigger-time = 1263416456.1576204
injection-file = /work/shashwat.singh/Prospects-of-LGWs/unlens/injection.hdf

[global]
instruments = C1 C2
mass1_ref = 30.00000000321303
mass2_ref = 30.000000002684722
minchirp = 26.11641690145087
maxchirp = 26.11661690145087
mincov = 171525594073.26752
maxcov = 17152559407326.754
