
[data]
trigger-time = 1589205699.3254838
injection-file = /work/shashwat.singh/Prospects-of-LGWs/unlens/injection.hdf

[global]
instruments = C1 C2
mass1_ref = 30.000000009502813
mass2_ref = 30.000000003687486
minchirp = 26.116416904625137
maxchirp = 26.116616904625136
mincov = 114780421527.26639
maxcov = 11478042152726.639
