
[data]
trigger-time = 1939100045.431056
injection-file = /work/shashwat.singh/Prospects-of-LGWs/unlens/injection.hdf

[global]
instruments = C1 C2
mass1_ref = 30.000000007269723
mass2_ref = 30.00000000175187
minchirp = 26.1164169028106
maxchirp = 26.1166169028106
mincov = 101123318632.55995
maxcov = 10112331863255.994
