
[data]
trigger-time = 1667928568.2149463
injection-file = /work/shashwat.singh/Prospects-of-LGWs/unlens/injection.hdf

[global]
instruments = C1 C2
mass1_ref = 30.000000005482736
mass2_ref = 30.000000005832117
minchirp = 26.1164169038088
maxchirp = 26.1166169038088
mincov = 158705834269.40576
maxcov = 15870583426940.576
