
[data]
trigger-time = 1127561646.169766
injection-file = /work/shashwat.singh/Prospects-of-LGWs/unlens/injection.hdf

[global]
instruments = C1 C2
mass1_ref = 30.00000000837373
mass2_ref = 30.00000000110842
minchirp = 26.11641690301107
maxchirp = 26.11661690301107
mincov = 116029717190.45366
maxcov = 11602971719045.367
