
[data]
trigger-time = 1159232622.2730644
injection-file = /work/shashwat.singh/Prospects-of-LGWs/unlens/injection.hdf

[global]
instruments = C1 C2
mass1_ref = 30.000000008198707
mass2_ref = 30.000000007251966
minchirp = 26.11641690560902
maxchirp = 26.11661690560902
mincov = 71466186019.01106
maxcov = 7146618601901.105
