
[data]
trigger-time = 1458766397.9342034
injection-file = /work/shashwat.singh/Prospects-of-LGWs/unlens/injection.hdf

[global]
instruments = C1 C2
mass1_ref = 30.000000007043298
mass2_ref = 30.000000001459387
minchirp = 26.116416902584735
maxchirp = 26.116616902584735
mincov = 168639164917.13763
maxcov = 16863916491713.762
