
[data]
trigger-time = 1836596214.6213336
injection-file = /work/shashwat.singh/Prospects-of-LGWs/unlens/injection.hdf

[global]
instruments = C1 C2
mass1_ref = 30.000000000391474
mass2_ref = 30.000000007943697
minchirp = 26.11641690251182
maxchirp = 26.11661690251182
mincov = 62908640523.451584
maxcov = 6290864052345.158
