
[data]
trigger-time = 1443510004.1020558
injection-file = /work/shashwat.singh/Prospects-of-LGWs/unlens/injection.hdf

[global]
instruments = C1 C2
mass1_ref = 30.000000002229964
mass2_ref = 30.000000009868714
minchirp = 26.116416904149983
maxchirp = 26.116616904149982
mincov = 8771701735.202328
maxcov = 877170173520.2327
