
[data]
trigger-time = 1801573726.7109952
injection-file = /work/shashwat.singh/Prospects-of-LGWs/unlens/injection.hdf

[global]
instruments = C1 C2
mass1_ref = 30.00000000880289
mass2_ref = 30.000000001980265
minchirp = 26.116416903577363
maxchirp = 26.116616903577363
mincov = 40299740717.15988
maxcov = 4029974071715.9883
