
[data]
trigger-time = 1133685529.9615548
injection-file = /work/shashwat.singh/Prospects-of-LGWs/unlens/injection.hdf

[global]
instruments = C1 C2
mass1_ref = 30.000000009139004
mass2_ref = 30.00000000002964
minchirp = 26.116416902874608
maxchirp = 26.116616902874608
mincov = 138329801510.1833
maxcov = 13832980151018.328
