
[data]
trigger-time = 1913764028.28353
injection-file = /work/shashwat.singh/Prospects-of-LGWs/unlens/injection.hdf

[global]
instruments = C1 C2
mass1_ref = 30.000000003331234
mass2_ref = 30.000000001773667
minchirp = 26.11641690110576
maxchirp = 26.11661690110576
mincov = 127459995294.34348
maxcov = 12745999529434.348
