
[data]
trigger-time = 1208442929.74565
injection-file = /work/shashwat.singh/Prospects-of-LGWs/unlens/injection.hdf

[global]
instruments = C1 C2
mass1_ref = 30.000000006302166
mass2_ref = 30.00000000064809
minchirp = 26.116416901909
maxchirp = 26.116616901908998
mincov = 66685459955.43369
maxcov = 6668545995543.369
