
[data]
trigger-time = 1445261010.3631482
injection-file = /work/shashwat.singh/Prospects-of-LGWs/unlens/injection.hdf

[global]
instruments = C1 C2
mass1_ref = 30.000000005616574
mass2_ref = 30.000000004552888
minchirp = 26.116416903310242
maxchirp = 26.11661690331024
mincov = 89760596075.50699
maxcov = 8976059607550.7
