
[data]
trigger-time = 1657536798.2243755
injection-file = /work/shashwat.singh/Prospects-of-LGWs/unlens/injection.hdf

[global]
instruments = C1 C2
mass1_ref = 30.000000000415376
mass2_ref = 30.000000006092733
minchirp = 26.116416901716544
maxchirp = 26.116616901716544
mincov = 103047147130.82928
maxcov = 10304714713082.928
