
[data]
trigger-time = 1291515060.8942332
injection-file = /work/shashwat.singh/Prospects-of-LGWs/unlens/injection.hdf

[global]
instruments = C1 C2
mass1_ref = 30.000000002650076
mass2_ref = 30.00000000268002
minchirp = 26.116416901203785
maxchirp = 26.116616901203784
mincov = 107848478324.24565
maxcov = 10784847832424.566
