
[data]
trigger-time = 1502877928.585411
injection-file = /work/shashwat.singh/Prospects-of-LGWs/unlens/injection.hdf

[global]
instruments = C1 C2
mass1_ref = 30.00000000420513
mass2_ref = 30.000000009454673
minchirp = 26.1164169048295
maxchirp = 26.1166169048295
mincov = 30942999890.675133
maxcov = 3094299989067.5137
