
[data]
trigger-time = 1208318040.4897933
injection-file = /work/shashwat.singh/Prospects-of-LGWs/unlens/injection.hdf

[global]
instruments = C1 C2
mass1_ref = 30.00000000876215
mass2_ref = 30.000000005394842
minchirp = 26.116416905045913
maxchirp = 26.116616905045912
mincov = 76628995779.90837
maxcov = 7662899577990.838
