
[data]
trigger-time = 1388620553.649795
injection-file = /work/shashwat.singh/Prospects-of-LGWs/unlens/injection.hdf

[global]
instruments = C1 C2
mass1_ref = 30.000000005020485
mass2_ref = 30.000000009257995
minchirp = 26.116416905098795
maxchirp = 26.116616905098795
mincov = 11823275584.720173
maxcov = 1182327558472.017
