
[data]
trigger-time = 1978541173.6925492
injection-file = /work/shashwat.singh/Prospects-of-LGWs/unlens/injection.hdf

[global]
instruments = C1 C2
mass1_ref = 30.000000006269484
mass2_ref = 30.000000007960242
minchirp = 26.11641690507757
maxchirp = 26.11661690507757
mincov = 161563015415.33636
maxcov = 16156301541533.637
