
[data]
trigger-time = 1709454569.9013133
injection-file = /work/shashwat.singh/Prospects-of-LGWs/unlens/injection.hdf

[global]
instruments = C1 C2
mass1_ref = 30.000000000216122
mass2_ref = 30.000000006589218
minchirp = 26.116416901845923
maxchirp = 26.116616901845923
mincov = 8537345376.89897
maxcov = 853734537689.897
