
[data]
trigger-time = 1708526383.6357486
injection-file = /work/shashwat.singh/Prospects-of-LGWs/unlens/injection.hdf

[global]
instruments = C1 C2
mass1_ref = 30.000000004436494
mass2_ref = 30.00000000645327
minchirp = 26.11641690362377
maxchirp = 26.11661690362377
mincov = 112038330647.48006
maxcov = 11203833064748.006
