
[data]
trigger-time = 1945596955.7170482
injection-file = /work/shashwat.singh/Prospects-of-LGWs/unlens/injection.hdf

[global]
instruments = C1 C2
mass1_ref = 30.000000005579942
mass2_ref = 30.00000000249837
minchirp = 26.116416902400015
maxchirp = 26.116616902400015
mincov = 144070842913.0079
maxcov = 14407084291300.791
