
[data]
trigger-time = 1176171402.2650332
injection-file = /work/shashwat.singh/Prospects-of-LGWs/unlens/injection.hdf

[global]
instruments = C1 C2
mass1_ref = 30.00000000464594
mass2_ref = 30.000000002964175
minchirp = 26.116416902196217
maxchirp = 26.116616902196217
mincov = 778016481.0801599
maxcov = 77801648108.01599
