
[data]
trigger-time = 1905819421.5926769
injection-file = /work/shashwat.singh/Prospects-of-LGWs/unlens/injection.hdf

[global]
instruments = C1 C2
mass1_ref = 30.00000000803799
mass2_ref = 30.000000008798843
minchirp = 26.116416906212383
maxchirp = 26.116616906212382
mincov = 7528135996.347837
maxcov = 752813599634.7838
