
[data]
trigger-time = 1176687305.2481894
injection-file = /work/shashwat.singh/Prospects-of-LGWs/unlens/injection.hdf

[global]
instruments = C1 C2
mass1_ref = 30.000000004915652
mass2_ref = 30.000000009320086
minchirp = 26.11641690508019
maxchirp = 26.11661690508019
mincov = 618582134.4383585
maxcov = 61858213443.835846
