
[data]
trigger-time = 1667132527.5841546
injection-file = /work/shashwat.singh/Prospects-of-LGWs/unlens/injection.hdf

[global]
instruments = C1 C2
mass1_ref = 30.000000000009504
mass2_ref = 30.00000000518421
minchirp = 26.11641690114442
maxchirp = 26.11661690114442
mincov = 4655125945.03694
maxcov = 465512594503.6939
