
[data]
trigger-time = 1762011424.5147994
injection-file = /work/shashwat.singh/Prospects-of-LGWs/unlens/injection.hdf

[global]
instruments = C1 C2
mass1_ref = 30.00000000963753
mass2_ref = 30.00000000358636
minchirp = 26.11641690463976
maxchirp = 26.11661690463976
mincov = 140860676922.10843
maxcov = 14086067692210.842
