
[data]
trigger-time = 1863356773.8554416
injection-file = /work/shashwat.singh/Prospects-of-LGWs/unlens/injection.hdf

[global]
instruments = C1 C2
mass1_ref = 30.00000000370944
mass2_ref = 30.000000002212005
minchirp = 26.116416901461186
maxchirp = 26.116616901461185
mincov = 89345264708.4025
maxcov = 8934526470840.25
