
[data]
trigger-time = 1324837190.8526163
injection-file = /work/shashwat.singh/Prospects-of-LGWs/unlens/injection.hdf

[global]
instruments = C1 C2
mass1_ref = 30.000000000248818
mass2_ref = 30.000000003901732
minchirp = 26.116416900690357
maxchirp = 26.116616900690357
mincov = 98802337788.73143
maxcov = 9880233778873.143
