
[data]
trigger-time = 1537855422.2128193
injection-file = /work/shashwat.singh/Prospects-of-LGWs/unlens/injection.hdf

[global]
instruments = C1 C2
mass1_ref = 30.000000007867424
mass2_ref = 30.000000007100056
minchirp = 26.1164169053987
maxchirp = 26.1166169053987
mincov = 52860673242.77053
maxcov = 5286067324277.053
