
[data]
trigger-time = 1324846801.9716237
injection-file = /work/shashwat.singh/Prospects-of-LGWs/unlens/injection.hdf

[global]
instruments = C1 C2
mass1_ref = 30.00000000007807
mass2_ref = 30.00000000930582
minchirp = 26.1164169029683
maxchirp = 26.1166169029683
mincov = 32359383772.68158
maxcov = 3235938377268.158
