
[data]
trigger-time = 1066280764.9008565
injection-file = /work/shashwat.singh/Prospects-of-LGWs/unlens/injection.hdf

[global]
instruments = C1 C2
mass1_ref = 30.000000005153073
mass2_ref = 30.000000005877354
minchirp = 26.116416903684996
maxchirp = 26.116616903684996
mincov = 97918044901.5435
maxcov = 9791804490154.352
