
[data]
trigger-time = 1782823605.7080095
injection-file = /work/shashwat.singh/Prospects-of-LGWs/unlens/injection.hdf

[global]
instruments = C1 C2
mass1_ref = 30.00000000852044
mass2_ref = 30.00000000896672
minchirp = 26.116416906495452
maxchirp = 26.11661690649545
mincov = 4429589594.165706
maxcov = 442958959416.57056
