
[data]
trigger-time = 1915080985.1535993
injection-file = /work/shashwat.singh/Prospects-of-LGWs/unlens/injection.hdf

[global]
instruments = C1 C2
mass1_ref = 30.00000000533814
mass2_ref = 30.000000007048982
minchirp = 26.116416904275532
maxchirp = 26.11661690427553
mincov = 46271302008.28444
maxcov = 4627130200828.443
