
[data]
trigger-time = 1830554623.5291703
injection-file = /work/shashwat.singh/Prospects-of-LGWs/unlens/injection.hdf

[global]
instruments = C1 C2
mass1_ref = 30.000000007613288
mass2_ref = 30.00000000725099
minchirp = 26.116416905353777
maxchirp = 26.116616905353776
mincov = 78754529834.45583
maxcov = 7875452983445.582
