
[data]
trigger-time = 1386952312.1034298
injection-file = /work/shashwat.singh/Prospects-of-LGWs/unlens/injection.hdf

[global]
instruments = C1 C2
mass1_ref = 30.000000002852907
mass2_ref = 30.000000001223487
minchirp = 26.11641690065808
maxchirp = 26.11661690065808
mincov = 41880191267.81935
maxcov = 4188019126781.9346
