
[data]
trigger-time = 1507287062.6677835
injection-file = /work/shashwat.singh/Prospects-of-LGWs/unlens/injection.hdf

[global]
instruments = C1 C2
mass1_ref = 30.000000001172115
mass2_ref = 30.000000006423804
minchirp = 26.116416902190043
maxchirp = 26.116616902190042
mincov = 250066910.89018568
maxcov = 25006691089.01857
