
[data]
trigger-time = 1865072673.4348052
injection-file = /work/shashwat.singh/Prospects-of-LGWs/unlens/injection.hdf

[global]
instruments = C1 C2
mass1_ref = 30.000000006501182
mass2_ref = 30.000000009720292
minchirp = 26.116416905944533
maxchirp = 26.116616905944532
mincov = 49807036343.09566
maxcov = 4980703634309.566
