
[data]
trigger-time = 1421174112.5106921
injection-file = /work/shashwat.singh/Prospects-of-LGWs/unlens/injection.hdf

[global]
instruments = C1 C2
mass1_ref = 30.000000000803702
mass2_ref = 30.000000008083685
minchirp = 26.11641690275218
maxchirp = 26.11661690275218
mincov = 139650734360.54343
maxcov = 13965073436054.344
