
[data]
trigger-time = 1237754445.1436698
injection-file = /work/shashwat.singh/Prospects-of-LGWs/unlens/injection.hdf

[global]
instruments = C1 C2
mass1_ref = 30.000000000704986
mass2_ref = 30.000000003986408
minchirp = 26.11641690092577
maxchirp = 26.11661690092577
mincov = 160315339000.1839
maxcov = 16031533900018.39
