
[data]
trigger-time = 1272355196.0442867
injection-file = /work/shashwat.singh/Prospects-of-LGWs/unlens/injection.hdf

[global]
instruments = C1 C2
mass1_ref = 30.000000005365596
mass2_ref = 30.000000000816062
minchirp = 26.116416901574446
maxchirp = 26.116616901574446
mincov = 123048274177.18594
maxcov = 12304827417718.594
