
[data]
trigger-time = 1757404537.6915462
injection-file = /work/shashwat.singh/Prospects-of-LGWs/unlens/injection.hdf

[global]
instruments = C1 C2
mass1_ref = 30.000000005980752
mass2_ref = 30.000000003539927
minchirp = 26.11641690302784
maxchirp = 26.11661690302784
mincov = 51758073628.365654
maxcov = 5175807362836.565
