
[data]
trigger-time = 1515184477.0469017
injection-file = /work/shashwat.singh/Prospects-of-LGWs/unlens/injection.hdf

[global]
instruments = C1 C2
mass1_ref = 30.000000004486854
mass2_ref = 30.000000009503943
minchirp = 26.116416904973573
maxchirp = 26.116616904973572
mincov = 95059587161.25963
maxcov = 9505958716125.963
