
[data]
trigger-time = 1013229632.604717
injection-file = /work/shashwat.singh/Prospects-of-LGWs/unlens/injection.hdf

[global]
instruments = C1 C2
mass1_ref = 30.000000000080558
mass2_ref = 30.000000002394444
minchirp = 26.11641689996103
maxchirp = 26.11661689996103
mincov = 106956764248.39204
maxcov = 10695676424839.203
