
[data]
trigger-time = 1868006906.4080162
injection-file = /work/shashwat.singh/Prospects-of-LGWs/unlens/injection.hdf

[global]
instruments = C1 C2
mass1_ref = 30.0000000003943
mass2_ref = 30.00000000606015
minchirp = 26.11641690169319
maxchirp = 26.116616901693188
mincov = 145954150823.99316
maxcov = 14595415082399.316
