
[data]
trigger-time = 1654139272.0158012
injection-file = /work/shashwat.singh/Prospects-of-LGWs/unlens/injection.hdf

[global]
instruments = C1 C2
mass1_ref = 30.00000000416998
mass2_ref = 30.000000002700318
minchirp = 26.116416901874192
maxchirp = 26.116616901874192
mincov = 86950778298.08601
maxcov = 8695077829808.602
