
[data]
trigger-time = 1686459468.2893896
injection-file = /work/shashwat.singh/Prospects-of-LGWs/unlens/injection.hdf

[global]
instruments = C1 C2
mass1_ref = 30.000000009069414
mass2_ref = 30.00000000164299
minchirp = 26.11641690354657
maxchirp = 26.116616903546568
mincov = 72824206162.11159
maxcov = 7282420616211.158
