
[data]
trigger-time = 1298353196.6375577
injection-file = /work/shashwat.singh/Prospects-of-LGWs/unlens/injection.hdf

[global]
instruments = C1 C2
mass1_ref = 30.000000009531295
mass2_ref = 30.00000000018173
minchirp = 26.116416903111563
maxchirp = 26.116616903111563
mincov = 30908895190.40097
maxcov = 3090889519040.097
