
[data]
trigger-time = 1510587264.9036503
injection-file = /work/shashwat.singh/Prospects-of-LGWs/unlens/injection.hdf

[global]
instruments = C1 C2
mass1_ref = 30.000000002905047
mass2_ref = 30.000000001998426
minchirp = 26.116416901018088
maxchirp = 26.116616901018087
mincov = 12025731661.633429
maxcov = 1202573166163.3428
