
[data]
trigger-time = 1034553184.7582117
injection-file = /work/shashwat.singh/Prospects-of-LGWs/unlens/injection.hdf

[global]
instruments = C1 C2
mass1_ref = 30.000000003661032
mass2_ref = 30.00000000637511
minchirp = 26.11641690325221
maxchirp = 26.11661690325221
mincov = 15579815541.718517
maxcov = 1557981554171.8518
