
[data]
trigger-time = 1524453844.0313356
injection-file = /work/shashwat.singh/Prospects-of-LGWs/unlens/injection.hdf

[global]
instruments = C1 C2
mass1_ref = 30.000000002350934
mass2_ref = 30.000000008169323
minchirp = 26.116416903462934
maxchirp = 26.116616903462933
mincov = 38236240113.42526
maxcov = 3823624011342.5264
