
[data]
trigger-time = 1078099956.6594546
injection-file = /work/shashwat.singh/Prospects-of-LGWs/unlens/injection.hdf

[global]
instruments = C1 C2
mass1_ref = 30.000000006986827
mass2_ref = 30.00000000320468
minchirp = 26.116416903319834
maxchirp = 26.116616903319834
mincov = 30090032260.083427
maxcov = 3009003226008.343
