
[data]
trigger-time = 1518391049.8355172
injection-file = /work/shashwat.singh/Prospects-of-LGWs/unlens/injection.hdf

[global]
instruments = C1 C2
mass1_ref = 30.000000008641823
mass2_ref = 30.000000006028287
minchirp = 26.11641690526926
maxchirp = 26.11661690526926
mincov = 6476379824.884633
maxcov = 647637982488.4633
