
[data]
trigger-time = 1739822383.0402143
injection-file = /work/shashwat.singh/Prospects-of-LGWs/unlens/injection.hdf

[global]
instruments = C1 C2
mass1_ref = 30.000000008187303
mass2_ref = 30.000000005144834
minchirp = 26.116416904686876
maxchirp = 26.116616904686875
mincov = 60711272641.03369
maxcov = 6071127264103.369
