
[data]
trigger-time = 1093998754.2561827
injection-file = /work/shashwat.singh/Prospects-of-LGWs/unlens/injection.hdf

[global]
instruments = C1 C2
mass1_ref = 30.00000000878048
mass2_ref = 30.0000000063892
minchirp = 26.116416905486712
maxchirp = 26.116616905486712
mincov = 63307823248.64707
maxcov = 6330782324864.707
