
[data]
trigger-time = 1284975566.414328
injection-file = /work/shashwat.singh/Prospects-of-LGWs/unlens/injection.hdf

[global]
instruments = C1 C2
mass1_ref = 30.000000008903214
mass2_ref = 30.000000007623022
minchirp = 26.116416906077188
maxchirp = 26.116616906077187
mincov = 63602024083.312965
maxcov = 6360202408331.297
