
[data]
trigger-time = 1116539271.0885088
injection-file = /work/shashwat.singh/Prospects-of-LGWs/unlens/injection.hdf

[global]
instruments = C1 C2
mass1_ref = 30.000000001147654
mass2_ref = 30.00000000368338
minchirp = 26.116416900986554
maxchirp = 26.116616900986553
mincov = 42742488910.98534
maxcov = 4274248891098.533
