
[data]
trigger-time = 1019307448.574672
injection-file = /work/shashwat.singh/Prospects-of-LGWs/unlens/injection.hdf

[global]
instruments = C1 C2
mass1_ref = 30.000000000670987
mass2_ref = 30.000000004617558
minchirp = 26.116416901185698
maxchirp = 26.116616901185697
mincov = 60682290679.3988
maxcov = 6068229067939.881
