
[data]
trigger-time = 1357103869.5584178
injection-file = /work/shashwat.singh/Prospects-of-LGWs/unlens/injection.hdf

[global]
instruments = C1 C2
mass1_ref = 30.00000000741875
mass2_ref = 30.000000003236796
minchirp = 26.11641690352182
maxchirp = 26.11661690352182
mincov = 15979192861.20308
maxcov = 1597919286120.3079
