
[data]
trigger-time = 1844760246.9586458
injection-file = /work/shashwat.singh/Prospects-of-LGWs/unlens/injection.hdf

[global]
instruments = C1 C2
mass1_ref = 30.000000000218865
mass2_ref = 30.000000001467868
minchirp = 26.116416899617917
maxchirp = 26.116616899617917
mincov = 156201343666.88626
maxcov = 15620134366688.625
