
[data]
trigger-time = 1435817519.1144965
injection-file = /work/shashwat.singh/Prospects-of-LGWs/unlens/injection.hdf

[global]
instruments = C1 C2
mass1_ref = 30.000000005824962
mass2_ref = 30.000000000241496
minchirp = 26.116416901524303
maxchirp = 26.116616901524303
mincov = 66901683617.75503
maxcov = 6690168361775.503
