
[data]
trigger-time = 1464796616.9374876
injection-file = /work/shashwat.singh/Prospects-of-LGWs/unlens/injection.hdf

[global]
instruments = C1 C2
mass1_ref = 30.000000003612428
mass2_ref = 30.000000004599112
minchirp = 26.116416902458006
maxchirp = 26.116616902458006
mincov = 144476247033.75238
maxcov = 14447624703375.238
