
[data]
trigger-time = 1176921857.8713121
injection-file = /work/shashwat.singh/Prospects-of-LGWs/unlens/injection.hdf

[global]
instruments = C1 C2
mass1_ref = 30.00000000643226
mass2_ref = 30.000000004016538
minchirp = 26.11641690343183
maxchirp = 26.11661690343183
mincov = 119382746744.41154
maxcov = 11938274674441.154
