
[data]
trigger-time = 1478086278.9538083
injection-file = /work/shashwat.singh/Prospects-of-LGWs/unlens/injection.hdf

[global]
instruments = C1 C2
mass1_ref = 30.00000000587194
mass2_ref = 30.000000006016933
minchirp = 26.116416904058656
maxchirp = 26.116616904058656
mincov = 98373193159.86331
maxcov = 9837319315986.33
