
[data]
trigger-time = 1962310910.3774414
injection-file = /work/shashwat.singh/Prospects-of-LGWs/unlens/injection.hdf

[global]
instruments = C1 C2
mass1_ref = 30.000000005936958
mass2_ref = 30.000000001547328
minchirp = 26.11641690214145
maxchirp = 26.11661690214145
mincov = 25003460389.767662
maxcov = 2500346038976.7666
