
[data]
trigger-time = 1151808945.8819275
injection-file = /work/shashwat.singh/Prospects-of-LGWs/unlens/injection.hdf

[global]
instruments = C1 C2
mass1_ref = 30.000000001154735
mass2_ref = 30.000000008091142
minchirp = 26.116416902908227
maxchirp = 26.116616902908227
mincov = 164257352936.86804
maxcov = 16425735293686.805
