
[data]
trigger-time = 1381013060.930454
injection-file = /work/shashwat.singh/Prospects-of-LGWs/unlens/injection.hdf

[global]
instruments = C1 C2
mass1_ref = 30.000000000049184
mass2_ref = 30.0000000073986
minchirp = 26.11641690212556
maxchirp = 26.11661690212556
mincov = 107723948535.84969
maxcov = 10772394853584.969
