
[data]
trigger-time = 1227960329.2179961
injection-file = /work/shashwat.singh/Prospects-of-LGWs/unlens/injection.hdf

[global]
instruments = C1 C2
mass1_ref = 30.000000007938244
mass2_ref = 30.000000006627985
minchirp = 26.116416905224046
maxchirp = 26.116616905224046
mincov = 67554727418.42261
maxcov = 6755472741842.261
