
[data]
trigger-time = 1179472547.9002361
injection-file = /work/shashwat.singh/Prospects-of-LGWs/unlens/injection.hdf

[global]
instruments = C1 C2
mass1_ref = 30.00000000224654
mass2_ref = 30.000000002565358
minchirp = 26.116416900978226
maxchirp = 26.116616900978226
mincov = 162351233855.07425
maxcov = 16235123385507.424
