
[data]
trigger-time = 1205271693.719658
injection-file = /work/shashwat.singh/Prospects-of-LGWs/unlens/injection.hdf

[global]
instruments = C1 C2
mass1_ref = 30.000000002099657
mass2_ref = 30.000000004186276
minchirp = 26.116416901619836
maxchirp = 26.116616901619835
mincov = 107733943301.54034
maxcov = 10773394330154.035
