
[data]
trigger-time = 1609072192.219729
injection-file = /work/shashwat.singh/Prospects-of-LGWs/unlens/injection.hdf

[global]
instruments = C1 C2
mass1_ref = 30.000000009016226
mass2_ref = 30.000000007513595
minchirp = 26.116416906078747
maxchirp = 26.116616906078747
mincov = 157027478059.66382
maxcov = 15702747805966.383
