
[data]
trigger-time = 1068944937.3431816
injection-file = /work/shashwat.singh/Prospects-of-LGWs/unlens/injection.hdf

[global]
instruments = C1 C2
mass1_ref = 30.00000000368862
mass2_ref = 30.00000000383056
minchirp = 26.11641690215664
maxchirp = 26.11661690215664
mincov = 57085086370.36648
maxcov = 5708508637036.648
