
[data]
trigger-time = 1565164043.185226
injection-file = /work/shashwat.singh/Prospects-of-LGWs/unlens/injection.hdf

[global]
instruments = C1 C2
mass1_ref = 30.000000000875815
mass2_ref = 30.000000008138297
minchirp = 26.116416902807345
maxchirp = 26.116616902807344
mincov = 140140418330.10587
maxcov = 14014041833010.586
