
[data]
trigger-time = 1856148428.5018554
injection-file = /work/shashwat.singh/Prospects-of-LGWs/unlens/injection.hdf

[global]
instruments = C1 C2
mass1_ref = 30.00000000480512
mass2_ref = 30.000000005472934
minchirp = 26.116416903357507
maxchirp = 26.116616903357507
mincov = 1642688431.855509
maxcov = 164268843185.5509
