
[data]
trigger-time = 1273569851.0209625
injection-file = /work/shashwat.singh/Prospects-of-LGWs/unlens/injection.hdf

[global]
instruments = C1 C2
mass1_ref = 30.00000000707184
mass2_ref = 30.0000000039638
minchirp = 26.116416903687266
maxchirp = 26.116616903687266
mincov = 96737540650.24017
maxcov = 9673754065024.018
