
[data]
trigger-time = 1473348318.3285575
injection-file = /work/shashwat.singh/Prospects-of-LGWs/unlens/injection.hdf

[global]
instruments = C1 C2
mass1_ref = 30.000000008135732
mass2_ref = 30.000000006750682
minchirp = 26.116416905363412
maxchirp = 26.11661690536341
mincov = 32472953832.80019
maxcov = 3247295383280.019
