
[data]
trigger-time = 1631276087.5062451
injection-file = /work/shashwat.singh/Prospects-of-LGWs/unlens/injection.hdf

[global]
instruments = C1 C2
mass1_ref = 30.000000002302876
mass2_ref = 30.000000003305928
minchirp = 26.1164169013251
maxchirp = 26.1166169013251
mincov = 99118105916.574
maxcov = 9911810591657.4
