
[data]
trigger-time = 1141994730.0733764
injection-file = /work/shashwat.singh/Prospects-of-LGWs/unlens/injection.hdf

[global]
instruments = C1 C2
mass1_ref = 30.0000000062438
mass2_ref = 30.000000003058712
minchirp = 26.116416902932876
maxchirp = 26.116616902932876
mincov = 155189547930.46954
maxcov = 15518954793046.953
