
[data]
trigger-time = 1886652518.6550875
injection-file = /work/shashwat.singh/Prospects-of-LGWs/unlens/injection.hdf

[global]
instruments = C1 C2
mass1_ref = 30.00000000272931
mass2_ref = 30.000000006044516
minchirp = 26.116416902702753
maxchirp = 26.116616902702752
mincov = 113263203962.77425
maxcov = 11326320396277.424
