
[data]
trigger-time = 1708791692.6629562
injection-file = /work/shashwat.singh/Prospects-of-LGWs/unlens/injection.hdf

[global]
instruments = C1 C2
mass1_ref = 30.000000009340454
mass2_ref = 30.0000000022709
minchirp = 26.11641690393786
maxchirp = 26.11661690393786
mincov = 14851790519.789606
maxcov = 1485179051978.9604
