
[data]
trigger-time = 1638707017.279252
injection-file = /work/shashwat.singh/Prospects-of-LGWs/unlens/injection.hdf

[global]
instruments = C1 C2
mass1_ref = 30.00000000427481
mass2_ref = 30.000000001026024
minchirp = 26.116416901191045
maxchirp = 26.116616901191044
mincov = 179723384934.90714
maxcov = 17972338493490.71
