
[data]
trigger-time = 1821651580.8031487
injection-file = /work/shashwat.singh/Prospects-of-LGWs/unlens/injection.hdf

[global]
instruments = C1 C2
mass1_ref = 30.000000003814634
mass2_ref = 30.000000009002786
minchirp = 26.11641690446283
maxchirp = 26.11661690446283
mincov = 11261225003.374826
maxcov = 1126122500337.4827
