
[data]
trigger-time = 1676986337.4002514
injection-file = /work/shashwat.singh/Prospects-of-LGWs/unlens/injection.hdf

[global]
instruments = C1 C2
mass1_ref = 30.000000009946554
mass2_ref = 30.00000000205597
minchirp = 26.116416904108124
maxchirp = 26.116616904108124
mincov = 40202629351.77013
maxcov = 4020262935177.012
