
[data]
trigger-time = 1481632876.7878294
injection-file = /work/shashwat.singh/Prospects-of-LGWs/unlens/injection.hdf

[global]
instruments = C1 C2
mass1_ref = 30.00000000067099
mass2_ref = 30.000000000592962
minchirp = 26.116416899433894
maxchirp = 26.116616899433893
mincov = 136089060551.71465
maxcov = 13608906055171.465
