
[data]
trigger-time = 1607590125.3008523
injection-file = /work/shashwat.singh/Prospects-of-LGWs/unlens/injection.hdf

[global]
instruments = C1 C2
mass1_ref = 30.00000000759024
mass2_ref = 30.000000000307864
minchirp = 26.116416902321575
maxchirp = 26.116616902321574
mincov = 168433652869.48587
maxcov = 16843365286948.586
