
[data]
trigger-time = 1410657621.7748384
injection-file = /work/shashwat.singh/Prospects-of-LGWs/unlens/injection.hdf

[global]
instruments = C1 C2
mass1_ref = 30.00000000907493
mass2_ref = 30.000000007310593
minchirp = 26.11641690601594
maxchirp = 26.11661690601594
mincov = 67815792480.38049
maxcov = 6781579248038.049
