
[data]
trigger-time = 1010022623.9484252
injection-file = /work/shashwat.singh/Prospects-of-LGWs/unlens/injection.hdf

[global]
instruments = C1 C2
mass1_ref = 30.00000000419724
mass2_ref = 30.0000000073655
minchirp = 26.1164169039167
maxchirp = 26.1166169039167
mincov = 101297289128.20442
maxcov = 10129728912820.441
