
[data]
trigger-time = 1987152183.1467524
injection-file = /work/shashwat.singh/Prospects-of-LGWs/unlens/injection.hdf

[global]
instruments = C1 C2
mass1_ref = 30.000000002609376
mass2_ref = 30.000000005093057
minchirp = 26.116416902236402
maxchirp = 26.1166169022364
mincov = 174529876735.1976
maxcov = 17452987673519.762
