
[data]
trigger-time = 1941729877.1090302
injection-file = /work/shashwat.singh/Prospects-of-LGWs/unlens/injection.hdf

[global]
instruments = C1 C2
mass1_ref = 30.000000003735515
mass2_ref = 30.000000001966402
minchirp = 26.11641690136563
maxchirp = 26.116616901365628
mincov = 147442295279.06097
maxcov = 14744229527906.098
