
[data]
trigger-time = 1220813958.168591
injection-file = /work/shashwat.singh/Prospects-of-LGWs/unlens/injection.hdf

[global]
instruments = C1 C2
mass1_ref = 30.000000000693475
mass2_ref = 30.0000000004189
minchirp = 26.116416899367913
maxchirp = 26.116616899367912
mincov = 115925684056.4177
maxcov = 11592568405641.77
