
[data]
trigger-time = 1872555452.434422
injection-file = /work/shashwat.singh/Prospects-of-LGWs/unlens/injection.hdf

[global]
instruments = C1 C2
mass1_ref = 30.000000004366164
mass2_ref = 30.00000000540283
minchirp = 26.116416903135928
maxchirp = 26.116616903135927
mincov = 26186507171.032307
maxcov = 2618650717103.2305
