
[data]
trigger-time = 1981418650.5067563
injection-file = /work/shashwat.singh/Prospects-of-LGWs/unlens/injection.hdf

[global]
instruments = C1 C2
mass1_ref = 30.000000007665
mass2_ref = 30.00000000252122
minchirp = 26.116416903317532
maxchirp = 26.11661690331753
mincov = 82475629015.55153
maxcov = 8247562901555.152
