
[data]
trigger-time = 1281448828.572064
injection-file = /work/shashwat.singh/Prospects-of-LGWs/unlens/injection.hdf

[global]
instruments = C1 C2
mass1_ref = 30.00000000937938
mass2_ref = 30.000000001989623
minchirp = 26.11641690383237
maxchirp = 26.11661690383237
mincov = 117645395219.00859
maxcov = 11764539521900.86
