
[data]
trigger-time = 1047097541.7805567
injection-file = /work/shashwat.singh/Prospects-of-LGWs/unlens/injection.hdf

[global]
instruments = C1 C2
mass1_ref = 30.000000004156206
mass2_ref = 30.000000005093614
minchirp = 26.11641690290994
maxchirp = 26.11661690290994
mincov = 85268053127.04294
maxcov = 8526805312704.295
