
[data]
trigger-time = 1267160094.0274587
injection-file = /work/shashwat.singh/Prospects-of-LGWs/unlens/injection.hdf

[global]
instruments = C1 C2
mass1_ref = 30.000000002837798
mass2_ref = 30.000000006385076
minchirp = 26.116416902898212
maxchirp = 26.116616902898212
mincov = 37304636377.8162
maxcov = 3730463637781.62
