
[data]
trigger-time = 1653543142.8191135
injection-file = /work/shashwat.singh/Prospects-of-LGWs/unlens/injection.hdf

[global]
instruments = C1 C2
mass1_ref = 30.000000002041887
mass2_ref = 30.000000009326637
minchirp = 26.116416903832164
maxchirp = 26.116616903832163
mincov = 170345398521.78168
maxcov = 17034539852178.168
