
[data]
trigger-time = 1139033109.1052017
injection-file = /work/shashwat.singh/Prospects-of-LGWs/unlens/injection.hdf

[global]
instruments = C1 C2
mass1_ref = 30.000000002776062
mass2_ref = 30.000000008688897
minchirp = 26.11641690387414
maxchirp = 26.11661690387414
mincov = 36904068334.33391
maxcov = 3690406833433.391
