
[data]
trigger-time = 1563762496.7265186
injection-file = /work/shashwat.singh/Prospects-of-LGWs/unlens/injection.hdf

[global]
instruments = C1 C2
mass1_ref = 30.000000004640906
mass2_ref = 30.00000000619948
minchirp = 26.11641690360228
maxchirp = 26.116616903602278
mincov = 165506967636.05872
maxcov = 16550696763605.871
