
[data]
trigger-time = 1843730106.2449327
injection-file = /work/shashwat.singh/Prospects-of-LGWs/unlens/injection.hdf

[global]
instruments = C1 C2
mass1_ref = 30.000000002677837
mass2_ref = 30.000000003145292
minchirp = 26.116416901418386
maxchirp = 26.116616901418386
mincov = 119132707748.03049
maxcov = 11913270774803.049
