
[data]
trigger-time = 1372097064.0674207
injection-file = /work/shashwat.singh/Prospects-of-LGWs/unlens/injection.hdf

[global]
instruments = C1 C2
mass1_ref = 30.00000000331837
mass2_ref = 30.000000003959368
minchirp = 26.116416902051544
maxchirp = 26.116616902051543
mincov = 177855554300.31
maxcov = 17785555430031.0
