
[data]
trigger-time = 1740374586.7866209
injection-file = /work/shashwat.singh/Prospects-of-LGWs/unlens/injection.hdf

[global]
instruments = C1 C2
mass1_ref = 30.000000009528303
mass2_ref = 30.000000008567902
minchirp = 26.116416906760556
maxchirp = 26.116616906760555
mincov = 9147828659.21368
maxcov = 914782865921.3679
