
[data]
trigger-time = 1531280805.6919236
injection-file = /work/shashwat.singh/Prospects-of-LGWs/unlens/injection.hdf

[global]
instruments = C1 C2
mass1_ref = 30.000000000875144
mass2_ref = 30.00000000195757
minchirp = 26.116416900116736
maxchirp = 26.116616900116735
mincov = 163263294191.2342
maxcov = 16326329419123.42
