
[data]
trigger-time = 1193958363.7453587
injection-file = /work/shashwat.singh/Prospects-of-LGWs/unlens/injection.hdf

[global]
instruments = C1 C2
mass1_ref = 30.00000000089148
mass2_ref = 30.000000001155495
minchirp = 26.11641689977472
maxchirp = 26.11661689977472
mincov = 157353842003.2078
maxcov = 15735384200320.78
