
[data]
trigger-time = 1556085182.6078696
injection-file = /work/shashwat.singh/Prospects-of-LGWs/unlens/injection.hdf

[global]
instruments = C1 C2
mass1_ref = 30.000000005581022
mass2_ref = 30.000000004533998
minchirp = 26.116416903286545
maxchirp = 26.116616903286545
mincov = 110352117603.41672
maxcov = 11035211760341.672
