
[data]
trigger-time = 1812089697.3369057
injection-file = /work/shashwat.singh/Prospects-of-LGWs/unlens/injection.hdf

[global]
instruments = C1 C2
mass1_ref = 30.000000008252353
mass2_ref = 30.00000000422776
minchirp = 26.116416904316008
maxchirp = 26.116616904316007
mincov = 106853802723.24313
maxcov = 10685380272324.314
