
[data]
trigger-time = 1679524578.242085
injection-file = /work/shashwat.singh/Prospects-of-LGWs/unlens/injection.hdf

[global]
instruments = C1 C2
mass1_ref = 30.00000000321064
mass2_ref = 30.000000000096815
minchirp = 26.116416900323376
maxchirp = 26.116616900323375
mincov = 111256471828.95805
maxcov = 11125647182895.805
