
[data]
trigger-time = 1125482354.4371507
injection-file = /work/shashwat.singh/Prospects-of-LGWs/unlens/injection.hdf

[global]
instruments = C1 C2
mass1_ref = 30.000000006852694
mass2_ref = 30.000000009452112
minchirp = 26.116416905980806
maxchirp = 26.116616905980806
mincov = 101230133071.98857
maxcov = 10123013307198.857
