
[data]
trigger-time = 1341527297.3137877
injection-file = /work/shashwat.singh/Prospects-of-LGWs/unlens/injection.hdf

[global]
instruments = C1 C2
mass1_ref = 30.000000007377494
mass2_ref = 30.000000000118312
minchirp = 26.11641690214646
maxchirp = 26.11661690214646
mincov = 9411992039.865002
maxcov = 941199203986.5001
