
[data]
trigger-time = 1320981216.6106598
injection-file = /work/shashwat.singh/Prospects-of-LGWs/unlens/injection.hdf

[global]
instruments = C1 C2
mass1_ref = 30.000000001913055
mass2_ref = 30.000000008347776
minchirp = 26.11641690335001
maxchirp = 26.11661690335001
mincov = 135198762491.84525
maxcov = 13519876249184.523
