
[data]
trigger-time = 1412602390.9817405
injection-file = /work/shashwat.singh/Prospects-of-LGWs/unlens/injection.hdf

[global]
instruments = C1 C2
mass1_ref = 30.000000001629367
mass2_ref = 30.000000000466002
minchirp = 26.116416899795787
maxchirp = 26.116616899795787
mincov = 107955948588.05127
maxcov = 10795594858805.127
