
[data]
trigger-time = 1329992180.914706
injection-file = /work/shashwat.singh/Prospects-of-LGWs/unlens/injection.hdf

[global]
instruments = C1 C2
mass1_ref = 30.000000008762992
mass2_ref = 30.000000007739608
minchirp = 26.1164169060669
maxchirp = 26.1166169060669
mincov = 100556605268.85129
maxcov = 10055660526885.129
