
[data]
trigger-time = 1632895331.197077
injection-file = /work/shashwat.singh/Prospects-of-LGWs/unlens/injection.hdf

[global]
instruments = C1 C2
mass1_ref = 30.000000000136893
mass2_ref = 30.000000000955353
minchirp = 26.11641689935915
maxchirp = 26.11661689935915
mincov = 171978041210.53873
maxcov = 17197804121053.871
