
[data]
trigger-time = 1780942225.0084898
injection-file = /work/shashwat.singh/Prospects-of-LGWs/unlens/injection.hdf

[global]
instruments = C1 C2
mass1_ref = 30.00000000145908
mass2_ref = 30.00000000086529
minchirp = 26.116416899895466
maxchirp = 26.116616899895465
mincov = 14126707516.0265
maxcov = 1412670751602.6501
