
[data]
trigger-time = 1705762836.190344
injection-file = /work/shashwat.singh/Prospects-of-LGWs/unlens/injection.hdf

[global]
instruments = C1 C2
mass1_ref = 30.000000009967767
mass2_ref = 30.000000002526356
minchirp = 26.116416904322108
maxchirp = 26.116616904322107
mincov = 120886197357.73453
maxcov = 12088619735773.453
