
[data]
trigger-time = 1770897538.8642647
injection-file = /work/shashwat.singh/Prospects-of-LGWs/unlens/injection.hdf

[global]
instruments = C1 C2
mass1_ref = 30.00000000114511
mass2_ref = 30.000000009630618
minchirp = 26.116416903574134
maxchirp = 26.116616903574133
mincov = 51141010561.59606
maxcov = 5114101056159.606
