
[data]
trigger-time = 1595925459.058561
injection-file = /work/shashwat.singh/Prospects-of-LGWs/unlens/injection.hdf

[global]
instruments = C1 C2
mass1_ref = 30.00000000338818
mass2_ref = 30.000000001311047
minchirp = 26.116416900929185
maxchirp = 26.116616900929184
mincov = 25135378399.416054
maxcov = 2513537839941.6055
