
[data]
trigger-time = 1069876739.335428
injection-file = /work/shashwat.singh/Prospects-of-LGWs/unlens/injection.hdf

[global]
instruments = C1 C2
mass1_ref = 30.000000008439365
mass2_ref = 30.000000008099942
minchirp = 26.116416906082875
maxchirp = 26.116616906082875
mincov = 83260525899.42505
maxcov = 8326052589942.505
