
[data]
trigger-time = 1381752986.9472291
injection-file = /work/shashwat.singh/Prospects-of-LGWs/unlens/injection.hdf

[global]
instruments = C1 C2
mass1_ref = 30.000000006750568
mass2_ref = 30.000000000926633
minchirp = 26.11641690222542
maxchirp = 26.11661690222542
mincov = 29710996455.070824
maxcov = 2971099645507.0825
