
[data]
trigger-time = 1977780050.2364283
injection-file = /work/shashwat.singh/Prospects-of-LGWs/unlens/injection.hdf

[global]
instruments = C1 C2
mass1_ref = 30.000000001172342
mass2_ref = 30.000000007427534
minchirp = 26.116416902627037
maxchirp = 26.116616902627037
mincov = 81190701724.09589
maxcov = 8119070172409.589
