
[data]
trigger-time = 1090292941.4712365
injection-file = /work/shashwat.singh/Prospects-of-LGWs/unlens/injection.hdf

[global]
instruments = C1 C2
mass1_ref = 30.000000006529227
mass2_ref = 30.000000004971554
minchirp = 26.11641690388973
maxchirp = 26.116616903889728
mincov = 75144004892.70026
maxcov = 7514400489270.025
