
[data]
trigger-time = 1920772806.8786168
injection-file = /work/shashwat.singh/Prospects-of-LGWs/unlens/injection.hdf

[global]
instruments = C1 C2
mass1_ref = 30.000000003029907
mass2_ref = 30.000000009353474
minchirp = 26.116416904273905
maxchirp = 26.116616904273904
mincov = 12922209383.011688
maxcov = 1292220938301.169
