
[data]
trigger-time = 1750163358.9643989
injection-file = /work/shashwat.singh/Prospects-of-LGWs/unlens/injection.hdf

[global]
instruments = C1 C2
mass1_ref = 30.000000000882654
mass2_ref = 30.000000003571827
minchirp = 26.116416900822653
maxchirp = 26.116616900822653
mincov = 165093155397.52606
maxcov = 16509315539752.607
