
[data]
trigger-time = 1098156070.8354325
injection-file = /work/shashwat.singh/Prospects-of-LGWs/unlens/injection.hdf

[global]
instruments = C1 C2
mass1_ref = 30.000000006671396
mass2_ref = 30.00000000997379
minchirp = 26.11641690612896
maxchirp = 26.11661690612896
mincov = 102105354002.31516
maxcov = 10210535400231.516
