
[data]
trigger-time = 1580903119.152927
injection-file = /work/shashwat.singh/Prospects-of-LGWs/unlens/injection.hdf

[global]
instruments = C1 C2
mass1_ref = 30.00000000899093
mass2_ref = 30.00000000827816
minchirp = 26.116416906400534
maxchirp = 26.116616906400534
mincov = 101778619295.71716
maxcov = 10177861929571.717
