
[data]
trigger-time = 1803899779.400249
injection-file = /work/shashwat.singh/Prospects-of-LGWs/unlens/injection.hdf

[global]
instruments = C1 C2
mass1_ref = 30.000000005204832
mass2_ref = 30.000000001429093
minchirp = 26.11641690177131
maxchirp = 26.11661690177131
mincov = 159378415.81730023
maxcov = 15937841581.730022
