
[data]
trigger-time = 1327926573.4554229
injection-file = /work/shashwat.singh/Prospects-of-LGWs/unlens/injection.hdf

[global]
instruments = C1 C2
mass1_ref = 30.000000001508557
mass2_ref = 30.000000006202775
minchirp = 26.116416902240278
maxchirp = 26.116616902240278
mincov = 84169043762.57053
maxcov = 8416904376257.052
