
[data]
trigger-time = 1963095770.6763678
injection-file = /work/shashwat.singh/Prospects-of-LGWs/unlens/injection.hdf

[global]
instruments = C1 C2
mass1_ref = 30.000000009334833
mass2_ref = 30.000000003200515
minchirp = 26.116416904340053
maxchirp = 26.116616904340052
mincov = 96235838888.02194
maxcov = 9623583888802.195
