
[data]
trigger-time = 1695704364.1119223
injection-file = /work/shashwat.singh/Prospects-of-LGWs/unlens/injection.hdf

[global]
instruments = C1 C2
mass1_ref = 30.000000009237883
mass2_ref = 30.000000000821622
minchirp = 26.11641690326238
maxchirp = 26.11661690326238
mincov = 8810103310.627743
maxcov = 881010331062.7742
