
[data]
trigger-time = 1896478341.5513136
injection-file = /work/shashwat.singh/Prospects-of-LGWs/unlens/injection.hdf

[global]
instruments = C1 C2
mass1_ref = 30.000000000847088
mass2_ref = 30.000000003051202
minchirp = 26.116416900580553
maxchirp = 26.116616900580553
mincov = 68213638558.331566
maxcov = 6821363855833.156
