
[data]
trigger-time = 1748203227.0065942
injection-file = /work/shashwat.singh/Prospects-of-LGWs/unlens/injection.hdf

[global]
instruments = C1 C2
mass1_ref = 30.000000004090204
mass2_ref = 30.00000000931843
minchirp = 26.11641690472017
maxchirp = 26.11661690472017
mincov = 142104792308.07587
maxcov = 14210479230807.586
