
[data]
trigger-time = 1272993362.0483694
injection-file = /work/shashwat.singh/Prospects-of-LGWs/unlens/injection.hdf

[global]
instruments = C1 C2
mass1_ref = 30.000000002207745
mass2_ref = 30.000000005915144
minchirp = 26.116416902419417
maxchirp = 26.116616902419416
mincov = 29033679650.25888
maxcov = 2903367965025.888
