
[data]
trigger-time = 1148467729.8385923
injection-file = /work/shashwat.singh/Prospects-of-LGWs/unlens/injection.hdf

[global]
instruments = C1 C2
mass1_ref = 30.00000000002418
mass2_ref = 30.000000001682675
minchirp = 26.116416899626678
maxchirp = 26.116616899626678
mincov = 110325821857.19473
maxcov = 11032582185719.473
