
[data]
trigger-time = 1354646762.0230038
injection-file = /work/shashwat.singh/Prospects-of-LGWs/unlens/injection.hdf

[global]
instruments = C1 C2
mass1_ref = 30.000000005914284
mass2_ref = 30.00000000147625
minchirp = 26.11641690210064
maxchirp = 26.11661690210064
mincov = 57981259287.41698
maxcov = 5798125928741.698
