
[data]
trigger-time = 1666523220.4209518
injection-file = /work/shashwat.singh/Prospects-of-LGWs/unlens/injection.hdf

[global]
instruments = C1 C2
mass1_ref = 30.000000000787637
mass2_ref = 30.000000002688722
minchirp = 26.116416900396896
maxchirp = 26.116616900396895
mincov = 94723492961.50948
maxcov = 9472349296150.947
