
[data]
trigger-time = 1690863926.318191
injection-file = /work/shashwat.singh/Prospects-of-LGWs/unlens/injection.hdf

[global]
instruments = C1 C2
mass1_ref = 30.000000001731816
mass2_ref = 30.000000001281915
minchirp = 26.116416900195528
maxchirp = 26.116616900195528
mincov = 129676094737.62161
maxcov = 12967609473762.16
