
[data]
trigger-time = 1665588005.3822033
injection-file = /work/shashwat.singh/Prospects-of-LGWs/unlens/injection.hdf

[global]
instruments = C1 C2
mass1_ref = 30.00000000394801
mass2_ref = 30.00000000875841
minchirp = 26.116416904414514
maxchirp = 26.116616904414514
mincov = 395264031.1337248
maxcov = 39526403113.37248
