
[data]
trigger-time = 1357408228.3221283
injection-file = /work/shashwat.singh/Prospects-of-LGWs/unlens/injection.hdf

[global]
instruments = C1 C2
mass1_ref = 30.000000000302823
mass2_ref = 30.00000000787252
minchirp = 26.116416902442246
maxchirp = 26.116616902442246
mincov = 64203057812.746666
maxcov = 6420305781274.667
