
[data]
trigger-time = 1306150086.0769794
injection-file = /work/shashwat.singh/Prospects-of-LGWs/unlens/injection.hdf

[global]
instruments = C1 C2
mass1_ref = 30.000000009618212
mass2_ref = 30.00000000159333
minchirp = 26.11641690376383
maxchirp = 26.11661690376383
mincov = 170675311036.38705
maxcov = 17067531103638.707
