
[data]
trigger-time = 1893409543.971127
injection-file = /work/shashwat.singh/Prospects-of-LGWs/unlens/injection.hdf

[global]
instruments = C1 C2
mass1_ref = 30.000000002415135
mass2_ref = 30.000000002514454
minchirp = 26.116416901029453
maxchirp = 26.116616901029452
mincov = 56999203327.01015
maxcov = 5699920332701.015
