
[data]
trigger-time = 1061431306.4245795
injection-file = /work/shashwat.singh/Prospects-of-LGWs/unlens/injection.hdf

[global]
instruments = C1 C2
mass1_ref = 30.00000000176072
mass2_ref = 30.00000000299544
minchirp = 26.11641690095396
maxchirp = 26.11661690095396
mincov = 147666068537.97458
maxcov = 14766606853797.459
