
[data]
trigger-time = 1057631026.1354223
injection-file = /work/shashwat.singh/Prospects-of-LGWs/unlens/injection.hdf

[global]
instruments = C1 C2
mass1_ref = 30.000000002793378
mass2_ref = 30.0000000037179
minchirp = 26.116416901717923
maxchirp = 26.116616901717922
mincov = 171013716557.5918
maxcov = 17101371655759.18
