
[data]
trigger-time = 1549582253.354029
injection-file = /work/shashwat.singh/Prospects-of-LGWs/unlens/injection.hdf

[global]
instruments = C1 C2
mass1_ref = 30.000000005739448
mass2_ref = 30.00000000614793
minchirp = 26.116416904058006
maxchirp = 26.116616904058006
mincov = 97160136125.0275
maxcov = 9716013612502.75
