
[data]
trigger-time = 1985653937.008545
injection-file = /work/shashwat.singh/Prospects-of-LGWs/unlens/injection.hdf

[global]
instruments = C1 C2
mass1_ref = 30.00000000697208
mass2_ref = 30.00000000432694
minchirp = 26.11641690380191
maxchirp = 26.11661690380191
mincov = 8727689672.569294
maxcov = 872768967256.9294
