
[data]
trigger-time = 1855070179.4429505
injection-file = /work/shashwat.singh/Prospects-of-LGWs/unlens/injection.hdf

[global]
instruments = C1 C2
mass1_ref = 30.000000003403272
mass2_ref = 30.00000000932247
minchirp = 26.116416904422923
maxchirp = 26.116616904422923
mincov = 40393535170.93921
maxcov = 4039353517093.921
