
[data]
trigger-time = 1471152712.4711413
injection-file = /work/shashwat.singh/Prospects-of-LGWs/unlens/injection.hdf

[global]
instruments = C1 C2
mass1_ref = 30.00000000665688
mass2_ref = 30.000000003721176
minchirp = 26.116416903401035
maxchirp = 26.116616903401034
mincov = 97776851493.10585
maxcov = 9777685149310.584
