
[data]
trigger-time = 1369838311.862397
injection-file = /work/shashwat.singh/Prospects-of-LGWs/unlens/injection.hdf

[global]
instruments = C1 C2
mass1_ref = 30.00000000933109
mass2_ref = 30.00000000817791
minchirp = 26.116416906504956
maxchirp = 26.116616906504955
mincov = 91163362957.52808
maxcov = 9116336295752.809
