
[data]
trigger-time = 1877212905.6934516
injection-file = /work/shashwat.singh/Prospects-of-LGWs/unlens/injection.hdf

[global]
instruments = C1 C2
mass1_ref = 30.000000001499814
mass2_ref = 30.00000000768187
minchirp = 26.116416902880285
maxchirp = 26.116616902880285
mincov = 173667611936.56696
maxcov = 17366761193656.695
