
[data]
trigger-time = 1828490863.2910666
injection-file = /work/shashwat.singh/Prospects-of-LGWs/unlens/injection.hdf

[global]
instruments = C1 C2
mass1_ref = 30.000000008722242
mass2_ref = 30.00000000236044
minchirp = 26.11641690370774
maxchirp = 26.11661690370774
mincov = 22738861550.41092
maxcov = 2273886155041.092
