
[data]
trigger-time = 1653539337.7422593
injection-file = /work/shashwat.singh/Prospects-of-LGWs/unlens/injection.hdf

[global]
instruments = C1 C2
mass1_ref = 30.000000005213714
mass2_ref = 30.000000003738222
minchirp = 26.11641690278028
maxchirp = 26.11661690278028
mincov = 2378965.9915914037
maxcov = 237896599.15914035
