
[data]
trigger-time = 1653807529.0459394
injection-file = /work/shashwat.singh/Prospects-of-LGWs/unlens/injection.hdf

[global]
instruments = C1 C2
mass1_ref = 30.000000004880842
mass2_ref = 30.00000000512202
minchirp = 26.116416903237724
maxchirp = 26.116616903237723
mincov = 7045057569.00489
maxcov = 704505756900.489
