
[data]
trigger-time = 1619978351.7360084
injection-file = /work/shashwat.singh/Prospects-of-LGWs/unlens/injection.hdf

[global]
instruments = C1 C2
mass1_ref = 30.000000009714007
mass2_ref = 30.000000003022613
minchirp = 26.11641690442766
maxchirp = 26.11661690442766
mincov = 176220495133.20898
maxcov = 17622049513320.9
