
[data]
trigger-time = 1998689297.4262295
injection-file = /work/shashwat.singh/Prospects-of-LGWs/unlens/injection.hdf

[global]
instruments = C1 C2
mass1_ref = 30.000000005507363
mass2_ref = 30.000000006129266
minchirp = 26.11641690394886
maxchirp = 26.11661690394886
mincov = 158059522940.9997
maxcov = 15805952294099.97
