
[data]
trigger-time = 1236296712.1414328
injection-file = /work/shashwat.singh/Prospects-of-LGWs/unlens/injection.hdf

[global]
instruments = C1 C2
mass1_ref = 30.0000000093357
mass2_ref = 30.000000001425594
minchirp = 26.11641690356785
maxchirp = 26.11661690356785
mincov = 59671457076.05054
maxcov = 5967145707605.054
