
[data]
trigger-time = 1562004308.1860924
injection-file = /work/shashwat.singh/Prospects-of-LGWs/unlens/injection.hdf

[global]
instruments = C1 C2
mass1_ref = 30.000000001007642
mass2_ref = 30.00000000265275
minchirp = 26.116416900477006
maxchirp = 26.116616900477005
mincov = 173217371377.81223
maxcov = 17321737137781.223
