
[data]
trigger-time = 1182061792.6860566
injection-file = /work/shashwat.singh/Prospects-of-LGWs/unlens/injection.hdf

[global]
instruments = C1 C2
mass1_ref = 30.000000004994188
mass2_ref = 30.000000008570982
minchirp = 26.116416904788306
maxchirp = 26.116616904788305
mincov = 125385438457.4196
maxcov = 12538543845741.96
