
[data]
trigger-time = 1019360695.3765756
injection-file = /work/shashwat.singh/Prospects-of-LGWs/unlens/injection.hdf

[global]
instruments = C1 C2
mass1_ref = 30.000000006756046
mass2_ref = 30.000000006067978
minchirp = 26.116416904465705
maxchirp = 26.116616904465705
mincov = 9179747970.321598
maxcov = 917974797032.1597
