
[data]
trigger-time = 1785220273.0167627
injection-file = /work/shashwat.singh/Prospects-of-LGWs/unlens/injection.hdf

[global]
instruments = C1 C2
mass1_ref = 30.00000000638496
mass2_ref = 30.00000000483974
minchirp = 26.116416903769558
maxchirp = 26.116616903769557
mincov = 24149065985.09785
maxcov = 2414906598509.785
