
[data]
trigger-time = 1055654225.8937608
injection-file = /work/shashwat.singh/Prospects-of-LGWs/unlens/injection.hdf

[global]
instruments = C1 C2
mass1_ref = 30.000000002699363
mass2_ref = 30.000000004021423
minchirp = 26.116416901809117
maxchirp = 26.116616901809117
mincov = 134644993927.73776
maxcov = 13464499392773.777
