
[data]
trigger-time = 1104605362.757302
injection-file = /work/shashwat.singh/Prospects-of-LGWs/unlens/injection.hdf

[global]
instruments = C1 C2
mass1_ref = 30.000000003348763
mass2_ref = 30.000000006100322
minchirp = 26.11641690299668
maxchirp = 26.11661690299668
mincov = 102142319943.89778
maxcov = 10214231994389.777
