
[data]
trigger-time = 1669227751.0057578
injection-file = /work/shashwat.singh/Prospects-of-LGWs/unlens/injection.hdf

[global]
instruments = C1 C2
mass1_ref = 30.000000008584127
mass2_ref = 30.000000006758054
minchirp = 26.116416905561795
maxchirp = 26.116616905561795
mincov = 173340135601.64127
maxcov = 17334013560164.125
