
[data]
trigger-time = 1562569434.110989
injection-file = /work/shashwat.singh/Prospects-of-LGWs/unlens/injection.hdf

[global]
instruments = C1 C2
mass1_ref = 30.00000000465485
mass2_ref = 30.00000000957539
minchirp = 26.1164169050778
maxchirp = 26.116616905077798
mincov = 5679996464.476842
maxcov = 567999646447.6842
