
[data]
trigger-time = 1111883393.9044478
injection-file = /work/shashwat.singh/Prospects-of-LGWs/unlens/injection.hdf

[global]
instruments = C1 C2
mass1_ref = 30.000000001466862
mass2_ref = 30.00000000469153
minchirp = 26.116416901564317
maxchirp = 26.116616901564317
mincov = 126641016299.10957
maxcov = 12664101629910.957
