
[data]
trigger-time = 1833684417.8711138
injection-file = /work/shashwat.singh/Prospects-of-LGWs/unlens/injection.hdf

[global]
instruments = C1 C2
mass1_ref = 30.000000004394487
mass2_ref = 30.000000006872952
minchirp = 26.11641690378816
maxchirp = 26.11661690378816
mincov = 146326632204.9729
maxcov = 14632663220497.29
