
[data]
trigger-time = 1088573615.504711
injection-file = /work/shashwat.singh/Prospects-of-LGWs/unlens/injection.hdf

[global]
instruments = C1 C2
mass1_ref = 30.00000000619794
mass2_ref = 30.000000009923255
minchirp = 26.116416905900884
maxchirp = 26.116616905900884
mincov = 7928427851.166026
maxcov = 792842785116.6027
