
[data]
trigger-time = 1340619776.2123673
injection-file = /work/shashwat.singh/Prospects-of-LGWs/unlens/injection.hdf

[global]
instruments = C1 C2
mass1_ref = 30.000000003508106
mass2_ref = 30.00000000537879
minchirp = 26.116416902751972
maxchirp = 26.11661690275197
mincov = 111325322855.76877
maxcov = 11132532285576.877
