
[data]
trigger-time = 1533232915.9463584
injection-file = /work/shashwat.singh/Prospects-of-LGWs/unlens/injection.hdf

[global]
instruments = C1 C2
mass1_ref = 30.00000000018552
mass2_ref = 30.00000000269648
minchirp = 26.11641690013819
maxchirp = 26.11661690013819
mincov = 40063611604.84571
maxcov = 4006361160484.571
