
[data]
trigger-time = 1653514612.0135791
injection-file = /work/shashwat.singh/Prospects-of-LGWs/unlens/injection.hdf

[global]
instruments = C1 C2
mass1_ref = 30.000000003088132
mass2_ref = 30.00000000429056
minchirp = 26.116416902095487
maxchirp = 26.116616902095487
mincov = 105727155330.61862
maxcov = 10572715533061.863
