
[data]
trigger-time = 1070921839.1614904
injection-file = /work/shashwat.singh/Prospects-of-LGWs/unlens/injection.hdf

[global]
instruments = C1 C2
mass1_ref = 30.000000006595574
mass2_ref = 30.000000006469485
minchirp = 26.116416904570624
maxchirp = 26.116616904570623
mincov = 177764891926.9592
maxcov = 17776489192695.92
