
[data]
trigger-time = 1858534398.0253375
injection-file = /work/shashwat.singh/Prospects-of-LGWs/unlens/injection.hdf

[global]
instruments = C1 C2
mass1_ref = 30.000000001510507
mass2_ref = 30.00000000958247
minchirp = 26.116416903712224
maxchirp = 26.116616903712224
mincov = 148068884790.56683
maxcov = 14806888479056.684
