
[data]
trigger-time = 1714985189.9403718
injection-file = /work/shashwat.singh/Prospects-of-LGWs/unlens/injection.hdf

[global]
instruments = C1 C2
mass1_ref = 30.00000000392806
mass2_ref = 30.000000002056126
minchirp = 26.116416901488495
maxchirp = 26.116616901488495
mincov = 82701909769.75839
maxcov = 8270190976975.84
