
[data]
trigger-time = 1272465948.0739505
injection-file = /work/shashwat.singh/Prospects-of-LGWs/unlens/injection.hdf

[global]
instruments = C1 C2
mass1_ref = 30.00000000922906
mass2_ref = 30.00000000007238
minchirp = 26.11641690293241
maxchirp = 26.11661690293241
mincov = 35808413276.58056
maxcov = 3580841327658.056
