
[data]
trigger-time = 1179717209.5850837
injection-file = /work/shashwat.singh/Prospects-of-LGWs/unlens/injection.hdf

[global]
instruments = C1 C2
mass1_ref = 30.000000009439326
mass2_ref = 30.000000004249685
minchirp = 26.11641690484221
maxchirp = 26.11661690484221
mincov = 87566224091.65945
maxcov = 8756622409165.945
