
[data]
trigger-time = 1721935327.070365
injection-file = /work/shashwat.singh/Prospects-of-LGWs/unlens/injection.hdf

[global]
instruments = C1 C2
mass1_ref = 30.000000004702468
mass2_ref = 30.000000005043663
minchirp = 26.116416903125973
maxchirp = 26.116616903125973
mincov = 111267580882.41496
maxcov = 11126758088241.496
