
[data]
trigger-time = 1517541516.1928823
injection-file = /work/shashwat.singh/Prospects-of-LGWs/unlens/injection.hdf

[global]
instruments = C1 C2
mass1_ref = 30.000000001679016
mass2_ref = 30.000000004517823
minchirp = 26.116416901581058
maxchirp = 26.116616901581057
mincov = 139345541140.30878
maxcov = 13934554114030.877
