
[data]
trigger-time = 1331128766.6989188
injection-file = /work/shashwat.singh/Prospects-of-LGWs/unlens/injection.hdf

[global]
instruments = C1 C2
mass1_ref = 30.000000005911268
mass2_ref = 30.000000006800853
minchirp = 26.116416904416997
maxchirp = 26.116616904416997
mincov = 93429006158.35023
maxcov = 9342900615835.023
