
[data]
trigger-time = 1493621141.7761862
injection-file = /work/shashwat.singh/Prospects-of-LGWs/unlens/injection.hdf

[global]
instruments = C1 C2
mass1_ref = 30.000000000545715
mass2_ref = 30.00000000810082
minchirp = 26.116416902647348
maxchirp = 26.116616902647348
mincov = 13148059986.827229
maxcov = 1314805998682.7227
