
[data]
trigger-time = 1758660560.8220246
injection-file = /work/shashwat.singh/Prospects-of-LGWs/unlens/injection.hdf

[global]
instruments = C1 C2
mass1_ref = 30.000000004517744
mass2_ref = 30.000000009230583
minchirp = 26.116416904868032
maxchirp = 26.11661690486803
mincov = 174969727431.45636
maxcov = 17496972743145.637
