
[data]
trigger-time = 1850135368.324902
injection-file = /work/shashwat.singh/Prospects-of-LGWs/unlens/injection.hdf

[global]
instruments = C1 C2
mass1_ref = 30.000000003853582
mass2_ref = 30.000000002659142
minchirp = 26.116416901718555
maxchirp = 26.116616901718555
mincov = 27963982178.11503
maxcov = 2796398217811.503
