
[data]
trigger-time = 1700618227.1669416
injection-file = /work/shashwat.singh/Prospects-of-LGWs/unlens/injection.hdf

[global]
instruments = C1 C2
mass1_ref = 30.000000004486033
mass2_ref = 30.000000001861135
minchirp = 26.116416901646488
maxchirp = 26.116616901646488
mincov = 164557934093.75
maxcov = 16455793409375.0
