
[data]
trigger-time = 1290960236.695602
injection-file = /work/shashwat.singh/Prospects-of-LGWs/unlens/injection.hdf

[global]
instruments = C1 C2
mass1_ref = 30.00000000502955
mass2_ref = 30.000000006410705
minchirp = 26.116416903863385
maxchirp = 26.116616903863385
mincov = 103413861909.73056
maxcov = 10341386190973.055
