
[data]
trigger-time = 1449353530.9025238
injection-file = /work/shashwat.singh/Prospects-of-LGWs/unlens/injection.hdf

[global]
instruments = C1 C2
mass1_ref = 30.000000005704024
mass2_ref = 30.00000000006649
minchirp = 26.116416901395485
maxchirp = 26.116616901395485
mincov = 103380827011.22253
maxcov = 10338082701122.254
