
[data]
trigger-time = 1810710099.452193
injection-file = /work/shashwat.singh/Prospects-of-LGWs/unlens/injection.hdf

[global]
instruments = C1 C2
mass1_ref = 30.000000008924555
mass2_ref = 30.00000000449398
minchirp = 26.11641690472448
maxchirp = 26.11661690472448
mincov = 138772803114.94336
maxcov = 13877280311494.336
