
[data]
trigger-time = 1502658242.0993838
injection-file = /work/shashwat.singh/Prospects-of-LGWs/unlens/injection.hdf

[global]
instruments = C1 C2
mass1_ref = 30.000000002441304
mass2_ref = 30.00000000968879
minchirp = 26.116416904163653
maxchirp = 26.116616904163653
mincov = 3815215515.26633
maxcov = 381521551526.633
