
[data]
trigger-time = 1786918924.425797
injection-file = /work/shashwat.singh/Prospects-of-LGWs/unlens/injection.hdf

[global]
instruments = C1 C2
mass1_ref = 30.0000000053125
mass2_ref = 30.00000000104408
minchirp = 26.116416901650584
maxchirp = 26.116616901650584
mincov = 80282807803.66873
maxcov = 8028280780366.874
