
[data]
trigger-time = 1083763545.6600666
injection-file = /work/shashwat.singh/Prospects-of-LGWs/unlens/injection.hdf

[global]
instruments = C1 C2
mass1_ref = 30.00000000215075
mass2_ref = 30.000000008149588
minchirp = 26.116416903367206
maxchirp = 26.116616903367206
mincov = 148371795097.02557
maxcov = 14837179509702.557
