
[data]
trigger-time = 1794672686.0682216
injection-file = /work/shashwat.singh/Prospects-of-LGWs/unlens/injection.hdf

[global]
instruments = C1 C2
mass1_ref = 30.00000000182717
mass2_ref = 30.000000004132055
minchirp = 26.11641690147763
maxchirp = 26.11661690147763
mincov = 67865727509.20305
maxcov = 6786572750920.305
