
[data]
trigger-time = 1079659464.5976532
injection-file = /work/shashwat.singh/Prospects-of-LGWs/unlens/injection.hdf

[global]
instruments = C1 C2
mass1_ref = 30.00000000521786
mass2_ref = 30.00000000574402
minchirp = 26.11641690365516
maxchirp = 26.11661690365516
mincov = 70842052670.28629
maxcov = 7084205267028.629
