
[data]
trigger-time = 1380004023.1707485
injection-file = /work/shashwat.singh/Prospects-of-LGWs/unlens/injection.hdf

[global]
instruments = C1 C2
mass1_ref = 30.000000002274668
mass2_ref = 30.000000005140297
minchirp = 26.116416902111276
maxchirp = 26.116616902111275
mincov = 167464908457.62466
maxcov = 16746490845762.465
