
[data]
trigger-time = 1836935689.048514
injection-file = /work/shashwat.singh/Prospects-of-LGWs/unlens/injection.hdf

[global]
instruments = C1 C2
mass1_ref = 30.000000000692165
mass2_ref = 30.000000009453956
minchirp = 26.11641690330008
maxchirp = 26.11661690330008
mincov = 156709231694.6214
maxcov = 15670923169462.139
