
[data]
trigger-time = 1374650525.0011911
injection-file = /work/shashwat.singh/Prospects-of-LGWs/unlens/injection.hdf

[global]
instruments = C1 C2
mass1_ref = 30.000000002292282
mass2_ref = 30.000000000381593
minchirp = 26.116416900047597
maxchirp = 26.116616900047596
mincov = 149575499829.2589
maxcov = 14957549982925.89
