
[data]
trigger-time = 1726698967.3255897
injection-file = /work/shashwat.singh/Prospects-of-LGWs/unlens/injection.hdf

[global]
instruments = C1 C2
mass1_ref = 30.000000008995844
mass2_ref = 30.000000009805742
minchirp = 26.11641690706759
maxchirp = 26.116616907067588
mincov = 174244624642.69608
maxcov = 17424462464269.607
