
[data]
trigger-time = 1933768233.0938888
injection-file = /work/shashwat.singh/Prospects-of-LGWs/unlens/injection.hdf

[global]
instruments = C1 C2
mass1_ref = 30.00000000288538
mass2_ref = 30.000000006822436
minchirp = 26.116416903109297
maxchirp = 26.116616903109296
mincov = 13468007376.999594
maxcov = 1346800737699.9595
