
[data]
trigger-time = 1106209197.9332194
injection-file = /work/shashwat.singh/Prospects-of-LGWs/unlens/injection.hdf

[global]
instruments = C1 C2
mass1_ref = 30.000000004224518
mass2_ref = 30.000000003428628
minchirp = 26.116416902214947
maxchirp = 26.116616902214947
mincov = 100778328023.40195
maxcov = 10077832802340.195
