
[data]
trigger-time = 1997319826.6512346
injection-file = /work/shashwat.singh/Prospects-of-LGWs/unlens/injection.hdf

[global]
instruments = C1 C2
mass1_ref = 30.00000000257887
mass2_ref = 30.0000000002547
minchirp = 26.11641690011711
maxchirp = 26.11661690011711
mincov = 129654317182.66733
maxcov = 12965431718266.734
