
[data]
trigger-time = 1550322132.43987
injection-file = /work/shashwat.singh/Prospects-of-LGWs/unlens/injection.hdf

[global]
instruments = C1 C2
mass1_ref = 30.00000000246764
mass2_ref = 30.000000009875503
minchirp = 26.11641690425639
maxchirp = 26.11661690425639
mincov = 9030505883.09467
maxcov = 903050588309.467
