
[data]
trigger-time = 1143937948.5195665
injection-file = /work/shashwat.singh/Prospects-of-LGWs/unlens/injection.hdf

[global]
instruments = C1 C2
mass1_ref = 30.00000000743315
mass2_ref = 30.000000002070504
minchirp = 26.116416903020433
maxchirp = 26.116616903020432
mincov = 45521582634.70653
maxcov = 4552158263470.652
