
[data]
trigger-time = 1350970012.3614845
injection-file = /work/shashwat.singh/Prospects-of-LGWs/unlens/injection.hdf

[global]
instruments = C1 C2
mass1_ref = 30.000000007723994
mass2_ref = 30.00000000048979
minchirp = 26.116416902458983
maxchirp = 26.116616902458983
mincov = 74268212.34475808
maxcov = 7426821234.475808
