
[data]
trigger-time = 1146470631.9542062
injection-file = /work/shashwat.singh/Prospects-of-LGWs/unlens/injection.hdf

[global]
instruments = C1 C2
mass1_ref = 30.00000000025127
mass2_ref = 30.000000007173902
minchirp = 26.116416902115716
maxchirp = 26.116616902115716
mincov = 12292777624.821817
maxcov = 1229277762482.1816
