
[data]
trigger-time = 1094774804.113437
injection-file = /work/shashwat.singh/Prospects-of-LGWs/unlens/injection.hdf

[global]
instruments = C1 C2
mass1_ref = 30.000000009946785
mass2_ref = 30.0000000084258
minchirp = 26.116416906880858
maxchirp = 26.116616906880857
mincov = 1296519.5963670234
maxcov = 129651959.63670233
