
[data]
trigger-time = 1774022288.982922
injection-file = /work/shashwat.singh/Prospects-of-LGWs/unlens/injection.hdf

[global]
instruments = C1 C2
mass1_ref = 30.00000000889269
mass2_ref = 30.000000005160107
minchirp = 26.116416905000563
maxchirp = 26.116616905000562
mincov = 164232688393.35034
maxcov = 16423268839335.035
