
[data]
trigger-time = 1749406111.2963533
injection-file = /work/shashwat.singh/Prospects-of-LGWs/unlens/injection.hdf

[global]
instruments = C1 C2
mass1_ref = 30.000000006548078
mass2_ref = 30.000000005001596
minchirp = 26.116416903911013
maxchirp = 26.116616903911012
mincov = 85981698903.83609
maxcov = 8598169890383.608
