
[data]
trigger-time = 1781314536.1786137
injection-file = /work/shashwat.singh/Prospects-of-LGWs/unlens/injection.hdf

[global]
instruments = C1 C2
mass1_ref = 30.00000000935988
mass2_ref = 30.000000005262255
minchirp = 26.11641690524838
maxchirp = 26.116616905248378
mincov = 91741614561.1172
maxcov = 9174161456111.72
