
[data]
trigger-time = 1786248387.4430146
injection-file = /work/shashwat.singh/Prospects-of-LGWs/unlens/injection.hdf

[global]
instruments = C1 C2
mass1_ref = 30.00000000419932
mass2_ref = 30.000000005840455
minchirp = 26.11641690325379
maxchirp = 26.11661690325379
mincov = 139809584851.01056
maxcov = 13980958485101.055
