
[data]
trigger-time = 1325670806.7175684
injection-file = /work/shashwat.singh/Prospects-of-LGWs/unlens/injection.hdf

[global]
instruments = C1 C2
mass1_ref = 30.00000000305379
mass2_ref = 30.000000005188422
minchirp = 26.116416902471354
maxchirp = 26.116616902471353
mincov = 1028062.3365368234
maxcov = 102806233.65368234
