
[data]
trigger-time = 1776334642.368554
injection-file = /work/shashwat.singh/Prospects-of-LGWs/unlens/injection.hdf

[global]
instruments = C1 C2
mass1_ref = 30.00000000797314
mass2_ref = 30.0000000039152
minchirp = 26.116416904058426
maxchirp = 26.116616904058425
mincov = 60864702921.80685
maxcov = 6086470292180.685
