
[data]
trigger-time = 1642320669.0415092
injection-file = /work/shashwat.singh/Prospects-of-LGWs/unlens/injection.hdf

[global]
instruments = C1 C2
mass1_ref = 30.000000006400832
mass2_ref = 30.000000000246285
minchirp = 26.11641690177705
maxchirp = 26.11661690177705
mincov = 133478182225.90987
maxcov = 13347818222590.986
