
[data]
trigger-time = 1341115230.0410197
injection-file = /work/shashwat.singh/Prospects-of-LGWs/unlens/injection.hdf

[global]
instruments = C1 C2
mass1_ref = 30.000000004463985
mass2_ref = 30.00000000672086
minchirp = 26.11641690375221
maxchirp = 26.11661690375221
mincov = 52532036683.87543
maxcov = 5253203668387.543
