
[data]
trigger-time = 1527644203.0814433
injection-file = /work/shashwat.singh/Prospects-of-LGWs/unlens/injection.hdf

[global]
instruments = C1 C2
mass1_ref = 30.00000000702238
mass2_ref = 30.000000007261725
minchirp = 26.116416905101243
maxchirp = 26.116616905101242
mincov = 32502775762.611927
maxcov = 3250277576261.1924
