
[data]
trigger-time = 1476707777.5103393
injection-file = /work/shashwat.singh/Prospects-of-LGWs/unlens/injection.hdf

[global]
instruments = C1 C2
mass1_ref = 30.000000002188948
mass2_ref = 30.000000004029506
minchirp = 26.116416901590465
maxchirp = 26.116616901590465
mincov = 105157598700.26996
maxcov = 10515759870026.996
