
[data]
trigger-time = 1691222320.1681235
injection-file = /work/shashwat.singh/Prospects-of-LGWs/unlens/injection.hdf

[global]
instruments = C1 C2
mass1_ref = 30.000000001755808
mass2_ref = 30.00000000953914
minchirp = 26.116416903800136
maxchirp = 26.116616903800136
mincov = 70188975408.68338
maxcov = 7018897540868.338
