
[data]
trigger-time = 1735925116.5977364
injection-file = /work/shashwat.singh/Prospects-of-LGWs/unlens/injection.hdf

[global]
instruments = C1 C2
mass1_ref = 30.000000005151666
mass2_ref = 30.000000000809912
minchirp = 26.116416901478654
maxchirp = 26.116616901478654
mincov = 124482520393.74104
maxcov = 12448252039374.104
