
[data]
trigger-time = 1921875800.9265969
injection-file = /work/shashwat.singh/Prospects-of-LGWs/unlens/injection.hdf

[global]
instruments = C1 C2
mass1_ref = 30.000000001998462
mass2_ref = 30.00000000225978
minchirp = 26.116416900737235
maxchirp = 26.116616900737235
mincov = 45980457429.89819
maxcov = 4598045742989.819
