
[data]
trigger-time = 1446027852.642312
injection-file = /work/shashwat.singh/Prospects-of-LGWs/unlens/injection.hdf

[global]
instruments = C1 C2
mass1_ref = 30.000000007684726
mass2_ref = 30.000000002618442
minchirp = 26.11641690336844
maxchirp = 26.11661690336844
mincov = 55790180278.35604
maxcov = 5579018027835.6045
