
[data]
trigger-time = 1085881366.0834374
injection-file = /work/shashwat.singh/Prospects-of-LGWs/unlens/injection.hdf

[global]
instruments = C1 C2
mass1_ref = 30.000000004092577
mass2_ref = 30.00000000030225
minchirp = 26.116416900796683
maxchirp = 26.116616900796682
mincov = 14879544700.404455
maxcov = 1487954470040.4456
