
[data]
trigger-time = 1174142811.4909189
injection-file = /work/shashwat.singh/Prospects-of-LGWs/unlens/injection.hdf

[global]
instruments = C1 C2
mass1_ref = 30.000000002569923
mass2_ref = 30.000000004097714
minchirp = 26.116416901785982
maxchirp = 26.11661690178598
mincov = 24036457196.135162
maxcov = 2403645719613.516
