
[data]
trigger-time = 1046213005.9200269
injection-file = /work/shashwat.singh/Prospects-of-LGWs/unlens/injection.hdf

[global]
instruments = C1 C2
mass1_ref = 30.00000000366883
mass2_ref = 30.00000000079866
minchirp = 26.116416900828312
maxchirp = 26.116616900828312
mincov = 53557296417.21549
maxcov = 5355729641721.549
