
[data]
trigger-time = 1769098375.659831
injection-file = /work/shashwat.singh/Prospects-of-LGWs/unlens/injection.hdf

[global]
instruments = C1 C2
mass1_ref = 30.00000000012502
mass2_ref = 30.00000000271423
minchirp = 26.116416900119578
maxchirp = 26.116616900119578
mincov = 122011161502.36063
maxcov = 12201116150236.062
