
[data]
trigger-time = 1918695468.7820847
injection-file = /work/shashwat.singh/Prospects-of-LGWs/unlens/injection.hdf

[global]
instruments = C1 C2
mass1_ref = 30.000000007432483
mass2_ref = 30.00000000965581
minchirp = 26.116416906321838
maxchirp = 26.116616906321838
mincov = 14995274061.482151
maxcov = 1499527406148.215
