
[data]
trigger-time = 1448077142.421865
injection-file = /work/shashwat.singh/Prospects-of-LGWs/unlens/injection.hdf

[global]
instruments = C1 C2
mass1_ref = 30.000000002483098
mass2_ref = 30.000000000123222
minchirp = 26.11641690001819
maxchirp = 26.11661690001819
mincov = 68620685316.948326
maxcov = 6862068531694.833
