
[data]
trigger-time = 1425478814.525939
injection-file = /work/shashwat.singh/Prospects-of-LGWs/unlens/injection.hdf

[global]
instruments = C1 C2
mass1_ref = 30.000000005143363
mass2_ref = 30.000000008851483
minchirp = 26.116416904975335
maxchirp = 26.116616904975334
mincov = 118158760521.55766
maxcov = 11815876052155.766
