
[data]
trigger-time = 1837748318.7557569
injection-file = /work/shashwat.singh/Prospects-of-LGWs/unlens/injection.hdf

[global]
instruments = C1 C2
mass1_ref = 30.000000003421878
mass2_ref = 30.000000002593826
minchirp = 26.116416901502213
maxchirp = 26.116616901502212
mincov = 73707713040.5346
maxcov = 7370771304053.461
