
[data]
trigger-time = 1182081832.1617575
injection-file = /work/shashwat.singh/Prospects-of-LGWs/unlens/injection.hdf

[global]
instruments = C1 C2
mass1_ref = 30.000000006121017
mass2_ref = 30.000000005367372
minchirp = 26.116416903884335
maxchirp = 26.116616903884335
mincov = 135412452107.18253
maxcov = 13541245210718.252
