
[data]
trigger-time = 1350058714.7344418
injection-file = /work/shashwat.singh/Prospects-of-LGWs/unlens/injection.hdf

[global]
instruments = C1 C2
mass1_ref = 30.0000000043813
mass2_ref = 30.000000008074068
minchirp = 26.116416904305236
maxchirp = 26.116616904305236
mincov = 176285217916.92175
maxcov = 17628521791692.176
