
[data]
trigger-time = 1633543467.5008254
injection-file = /work/shashwat.singh/Prospects-of-LGWs/unlens/injection.hdf

[global]
instruments = C1 C2
mass1_ref = 30.000000002116682
mass2_ref = 30.000000008922942
minchirp = 26.116416903689
maxchirp = 26.116616903689
mincov = 54689684886.16645
maxcov = 5468968488616.645
