
[data]
trigger-time = 1668674099.3060029
injection-file = /work/shashwat.singh/Prospects-of-LGWs/unlens/injection.hdf

[global]
instruments = C1 C2
mass1_ref = 30.000000008696386
mass2_ref = 30.000000003163496
minchirp = 26.116416904046037
maxchirp = 26.116616904046037
mincov = 67309485167.47996
maxcov = 6730948516747.996
