
[data]
trigger-time = 1862998444.3898659
injection-file = /work/shashwat.singh/Prospects-of-LGWs/unlens/injection.hdf

[global]
instruments = C1 C2
mass1_ref = 30.000000009123013
mass2_ref = 30.0000000091058
minchirp = 26.116416906818277
maxchirp = 26.116616906818276
mincov = 41268101419.92388
maxcov = 4126810141992.388
