
[data]
trigger-time = 1549994751.8530045
injection-file = /work/shashwat.singh/Prospects-of-LGWs/unlens/injection.hdf

[global]
instruments = C1 C2
mass1_ref = 30.000000002333294
mass2_ref = 30.000000008895757
minchirp = 26.11641690377145
maxchirp = 26.11661690377145
mincov = 277370635.5132087
maxcov = 27737063551.32087
