
[data]
trigger-time = 1331150417.6199446
injection-file = /work/shashwat.singh/Prospects-of-LGWs/unlens/injection.hdf

[global]
instruments = C1 C2
mass1_ref = 30.00000000841329
mass2_ref = 30.000000005016833
minchirp = 26.116416904729526
maxchirp = 26.116616904729526
mincov = 166804540606.306
maxcov = 16680454060630.602
