
[data]
trigger-time = 1274666658.981257
injection-file = /work/shashwat.singh/Prospects-of-LGWs/unlens/injection.hdf

[global]
instruments = C1 C2
mass1_ref = 30.00000000860548
mass2_ref = 30.000000001098517
minchirp = 26.116416903107634
maxchirp = 26.116616903107634
mincov = 39058634990.33154
maxcov = 3905863499033.1543
