
[data]
trigger-time = 1281390921.5118177
injection-file = /work/shashwat.singh/Prospects-of-LGWs/unlens/injection.hdf

[global]
instruments = C1 C2
mass1_ref = 30.00000000952919
mass2_ref = 30.000000002840586
minchirp = 26.116416904267986
maxchirp = 26.116616904267985
mincov = 93647339203.80615
maxcov = 9364733920380.615
