
[data]
trigger-time = 1859555421.4964938
injection-file = /work/shashwat.singh/Prospects-of-LGWs/unlens/injection.hdf

[global]
instruments = C1 C2
mass1_ref = 30.00000000509032
mass2_ref = 30.00000000339801
minchirp = 26.116416902578486
maxchirp = 26.116616902578485
mincov = 65453881451.79905
maxcov = 6545388145179.904
