
[data]
trigger-time = 1502133211.144896
injection-file = /work/shashwat.singh/Prospects-of-LGWs/unlens/injection.hdf

[global]
instruments = C1 C2
mass1_ref = 30.000000006493405
mass2_ref = 30.0000000008491
minchirp = 26.116416902079735
maxchirp = 26.116616902079734
mincov = 166154477.86452645
maxcov = 16615447786.452646
