
[data]
trigger-time = 1172506995.9446747
injection-file = /work/shashwat.singh/Prospects-of-LGWs/unlens/injection.hdf

[global]
instruments = C1 C2
mass1_ref = 30.00000000218335
mass2_ref = 30.000000007748238
minchirp = 26.1164169032067
maxchirp = 26.1166169032067
mincov = 17625404375.062237
maxcov = 1762540437506.2236
