
[data]
trigger-time = 1032909464.9157689
injection-file = /work/shashwat.singh/Prospects-of-LGWs/unlens/injection.hdf

[global]
instruments = C1 C2
mass1_ref = 30.000000009703808
mass2_ref = 30.000000004200512
minchirp = 26.11641690493593
maxchirp = 26.11661690493593
mincov = 174736274043.16064
maxcov = 17473627404316.064
