
[data]
trigger-time = 1761023290.8714468
injection-file = /work/shashwat.singh/Prospects-of-LGWs/unlens/injection.hdf

[global]
instruments = C1 C2
mass1_ref = 30.000000009647405
mass2_ref = 30.000000009469293
minchirp = 26.11641690720475
maxchirp = 26.11661690720475
mincov = 109336849191.34718
maxcov = 10933684919134.719
