
[data]
trigger-time = 1898891064.5185468
injection-file = /work/shashwat.singh/Prospects-of-LGWs/unlens/injection.hdf

[global]
instruments = C1 C2
mass1_ref = 30.00000000687185
mass2_ref = 30.000000002038085
minchirp = 26.116416902761998
maxchirp = 26.116616902761997
mincov = 78091619474.99454
maxcov = 7809161947499.453
