
[data]
trigger-time = 1445926622.4150422
injection-file = /work/shashwat.singh/Prospects-of-LGWs/unlens/injection.hdf

[global]
instruments = C1 C2
mass1_ref = 30.000000007009536
mass2_ref = 30.000000007991453
minchirp = 26.116416905413285
maxchirp = 26.116616905413284
mincov = 172550948228.62396
maxcov = 17255094822862.395
