
[data]
trigger-time = 1920786421.7973576
injection-file = /work/shashwat.singh/Prospects-of-LGWs/unlens/injection.hdf

[global]
instruments = C1 C2
mass1_ref = 30.000000003292246
mass2_ref = 30.000000004516068
minchirp = 26.11641690228249
maxchirp = 26.11661690228249
mincov = 17561884534.140144
maxcov = 1756188453414.0142
