
[data]
trigger-time = 1695161522.8682065
injection-file = /work/shashwat.singh/Prospects-of-LGWs/unlens/injection.hdf

[global]
instruments = C1 C2
mass1_ref = 30.00000000143982
mass2_ref = 30.00000000746349
minchirp = 26.116416902759116
maxchirp = 26.116616902759116
mincov = 159751809379.12857
maxcov = 15975180937912.855
