
[data]
trigger-time = 1735311419.5187697
injection-file = /work/shashwat.singh/Prospects-of-LGWs/unlens/injection.hdf

[global]
instruments = C1 C2
mass1_ref = 30.000000008360722
mass2_ref = 30.000000002615792
minchirp = 26.11641690366153
maxchirp = 26.11661690366153
mincov = 155922273769.64893
maxcov = 15592227376964.893
