
[data]
trigger-time = 1717208644.8824959
injection-file = /work/shashwat.singh/Prospects-of-LGWs/unlens/injection.hdf

[global]
instruments = C1 C2
mass1_ref = 30.000000002016648
mass2_ref = 30.00000000959352
minchirp = 26.116416903937342
maxchirp = 26.11661690393734
mincov = 74216772519.21797
maxcov = 7421677251921.797
