
[data]
trigger-time = 1911183306.5225894
injection-file = /work/shashwat.singh/Prospects-of-LGWs/unlens/injection.hdf

[global]
instruments = C1 C2
mass1_ref = 30.0000000011345
mass2_ref = 30.000000000129358
minchirp = 26.11641689943385
maxchirp = 26.11661689943385
mincov = 109511477603.70499
maxcov = 10951147760370.5
