
[data]
trigger-time = 1742969631.839281
injection-file = /work/shashwat.singh/Prospects-of-LGWs/unlens/injection.hdf

[global]
instruments = C1 C2
mass1_ref = 30.00000000613665
mass2_ref = 30.000000005318366
minchirp = 26.11641690386981
maxchirp = 26.116616903869808
mincov = 4605261727.38789
maxcov = 460526172738.789
