
[data]
trigger-time = 1587242014.653192
injection-file = /work/shashwat.singh/Prospects-of-LGWs/unlens/injection.hdf

[global]
instruments = C1 C2
mass1_ref = 30.000000000429612
mass2_ref = 30.0000000075222
minchirp = 26.11641690234495
maxchirp = 26.11661690234495
mincov = 155698466906.763
maxcov = 15569846690676.299
