
[data]
trigger-time = 1078181106.7853904
injection-file = /work/shashwat.singh/Prospects-of-LGWs/unlens/injection.hdf

[global]
instruments = C1 C2
mass1_ref = 30.00000000400862
mass2_ref = 30.000000009931398
minchirp = 26.116416904951468
maxchirp = 26.116616904951467
mincov = 81565683820.96095
maxcov = 8156568382096.095
