
[data]
trigger-time = 1076257115.8102708
injection-file = /work/shashwat.singh/Prospects-of-LGWs/unlens/injection.hdf

[global]
instruments = C1 C2
mass1_ref = 30.000000001502915
mass2_ref = 30.00000000538776
minchirp = 26.116416901883067
maxchirp = 26.116616901883067
mincov = 63803034899.284584
maxcov = 6380303489928.458
