
[data]
trigger-time = 1927323567.0846443
injection-file = /work/shashwat.singh/Prospects-of-LGWs/unlens/injection.hdf

[global]
instruments = C1 C2
mass1_ref = 30.000000007745175
mass2_ref = 30.000000005851835
minchirp = 26.116416904802165
maxchirp = 26.116616904802164
mincov = 148664032280.7179
maxcov = 14866403228071.79
