
[data]
trigger-time = 1683956360.745737
injection-file = /work/shashwat.singh/Prospects-of-LGWs/unlens/injection.hdf

[global]
instruments = C1 C2
mass1_ref = 30.000000008389755
mass2_ref = 30.000000006022887
minchirp = 26.11641690515719
maxchirp = 26.11661690515719
mincov = 170233409976.84702
maxcov = 17023340997684.703
