
[data]
trigger-time = 1070903483.45372
injection-file = /work/shashwat.singh/Prospects-of-LGWs/unlens/injection.hdf

[global]
instruments = C1 C2
mass1_ref = 30.00000000723947
mass2_ref = 30.00000000859597
minchirp = 26.1164169057765
maxchirp = 26.1166169057765
mincov = 176222968676.81644
maxcov = 17622296867681.645
