
[data]
trigger-time = 1545593270.5209117
injection-file = /work/shashwat.singh/Prospects-of-LGWs/unlens/injection.hdf

[global]
instruments = C1 C2
mass1_ref = 30.000000007293444
mass2_ref = 30.000000001417217
minchirp = 26.116416902675258
maxchirp = 26.116616902675258
mincov = 72423914207.46222
maxcov = 7242391420746.222
