
[data]
trigger-time = 1441391476.5272365
injection-file = /work/shashwat.singh/Prospects-of-LGWs/unlens/injection.hdf

[global]
instruments = C1 C2
mass1_ref = 30.00000000389773
mass2_ref = 30.000000004744464
minchirp = 26.116416902645458
maxchirp = 26.116616902645458
mincov = 167095861659.98676
maxcov = 16709586165998.674
