
[data]
trigger-time = 1293974392.9937239
injection-file = /work/shashwat.singh/Prospects-of-LGWs/unlens/injection.hdf

[global]
instruments = C1 C2
mass1_ref = 30.00000000919543
mass2_ref = 30.00000000095522
minchirp = 26.116416903302053
maxchirp = 26.116616903302052
mincov = 22852306861.586082
maxcov = 2285230686158.6084
