
[data]
trigger-time = 1604066111.0219674
injection-file = /work/shashwat.singh/Prospects-of-LGWs/unlens/injection.hdf

[global]
instruments = C1 C2
mass1_ref = 30.00000000205692
mass2_ref = 30.000000001885496
minchirp = 26.11641690059976
maxchirp = 26.11661690059976
mincov = 2214964022.8961706
maxcov = 221496402289.61703
