
[data]
trigger-time = 1653303811.2403321
injection-file = /work/shashwat.singh/Prospects-of-LGWs/unlens/injection.hdf

[global]
instruments = C1 C2
mass1_ref = 30.000000001439435
mass2_ref = 30.000000002427786
minchirp = 26.116416900567028
maxchirp = 26.116616900567028
mincov = 165060961773.12082
maxcov = 16506096177312.082
