
[data]
trigger-time = 1674567878.794878
injection-file = /work/shashwat.singh/Prospects-of-LGWs/unlens/injection.hdf

[global]
instruments = C1 C2
mass1_ref = 30.00000000288592
mass2_ref = 30.000000007344116
minchirp = 26.116416903336606
maxchirp = 26.116616903336606
mincov = 60902535729.61244
maxcov = 6090253572961.244
