
[data]
trigger-time = 1557981877.3716238
injection-file = /work/shashwat.singh/Prospects-of-LGWs/unlens/injection.hdf

[global]
instruments = C1 C2
mass1_ref = 30.000000007298265
mass2_ref = 30.000000005177064
minchirp = 26.11641690431393
maxchirp = 26.11661690431393
mincov = 65332476178.23191
maxcov = 6533247617823.191
