
[data]
trigger-time = 1340804850.3549244
injection-file = /work/shashwat.singh/Prospects-of-LGWs/unlens/injection.hdf

[global]
instruments = C1 C2
mass1_ref = 30.000000002117144
mass2_ref = 30.000000003058574
minchirp = 26.11641690113659
maxchirp = 26.116616901136588
mincov = 1869498629.7577941
maxcov = 186949862975.77942
