
[data]
trigger-time = 1451213458.2375276
injection-file = /work/shashwat.singh/Prospects-of-LGWs/unlens/injection.hdf

[global]
instruments = C1 C2
mass1_ref = 30.000000004392756
mass2_ref = 30.000000003890214
minchirp = 26.116416902489096
maxchirp = 26.116616902489096
mincov = 152738166460.28204
maxcov = 15273816646028.203
