
[data]
trigger-time = 1908690312.494852
injection-file = /work/shashwat.singh/Prospects-of-LGWs/unlens/injection.hdf

[global]
instruments = C1 C2
mass1_ref = 30.000000007694148
mass2_ref = 30.000000008164776
minchirp = 26.11641690578672
maxchirp = 26.11661690578672
mincov = 37032845570.72461
maxcov = 3703284557072.461
