
[data]
trigger-time = 1786795734.5582757
injection-file = /work/shashwat.singh/Prospects-of-LGWs/unlens/injection.hdf

[global]
instruments = C1 C2
mass1_ref = 30.000000009865364
mass2_ref = 30.00000000497695
minchirp = 26.116416905344217
maxchirp = 26.116616905344216
mincov = 59508253586.53213
maxcov = 5950825358653.213
