
[data]
trigger-time = 1162758916.2787416
injection-file = /work/shashwat.singh/Prospects-of-LGWs/unlens/injection.hdf

[global]
instruments = C1 C2
mass1_ref = 30.00000000525818
mass2_ref = 30.00000000780287
minchirp = 26.11641690456888
maxchirp = 26.11661690456888
mincov = 178866959986.2904
maxcov = 17886695998629.04
