
[data]
trigger-time = 1231977540.1473813
injection-file = /work/shashwat.singh/Prospects-of-LGWs/unlens/injection.hdf

[global]
instruments = C1 C2
mass1_ref = 30.0000000060289
mass2_ref = 30.000000008012776
minchirp = 26.116416904995717
maxchirp = 26.116616904995716
mincov = 250158061.07925996
maxcov = 25015806107.925995
