
[data]
trigger-time = 1722099802.3984787
injection-file = /work/shashwat.singh/Prospects-of-LGWs/unlens/injection.hdf

[global]
instruments = C1 C2
mass1_ref = 30.00000000884389
mass2_ref = 30.00000000534777
minchirp = 26.116416905061005
maxchirp = 26.116616905061004
mincov = 166763560313.56555
maxcov = 16676356031356.555
