
[data]
trigger-time = 1540316238.5267618
injection-file = /work/shashwat.singh/Prospects-of-LGWs/unlens/injection.hdf

[global]
instruments = C1 C2
mass1_ref = 30.000000003965653
mass2_ref = 30.0000000076085
minchirp = 26.116416903921667
maxchirp = 26.116616903921667
mincov = 12212914452.099762
maxcov = 1221291445209.976
