
[data]
trigger-time = 1420572280.6529233
injection-file = /work/shashwat.singh/Prospects-of-LGWs/unlens/injection.hdf

[global]
instruments = C1 C2
mass1_ref = 30.00000000639892
mass2_ref = 30.00000000397384
minchirp = 26.11641690339873
maxchirp = 26.11661690339873
mincov = 88564388852.9448
maxcov = 8856438885294.479
