
[data]
trigger-time = 1235115195.7407317
injection-file = /work/shashwat.singh/Prospects-of-LGWs/unlens/injection.hdf

[global]
instruments = C1 C2
mass1_ref = 30.000000007280452
mass2_ref = 30.000000004203777
minchirp = 26.116416903882527
maxchirp = 26.116616903882527
mincov = 150200171122.2277
maxcov = 15020017112222.77
