
[data]
trigger-time = 1833800326.041202
injection-file = /work/shashwat.singh/Prospects-of-LGWs/unlens/injection.hdf

[global]
instruments = C1 C2
mass1_ref = 30.000000000951175
mass2_ref = 30.000000008326705
minchirp = 26.116416902922158
maxchirp = 26.116616902922157
mincov = 139791959047.5663
maxcov = 13979195904756.63
