
[data]
trigger-time = 1581579129.1708512
injection-file = /work/shashwat.singh/Prospects-of-LGWs/unlens/injection.hdf

[global]
instruments = C1 C2
mass1_ref = 30.000000000305782
mass2_ref = 30.000000001371443
minchirp = 26.11641689961378
maxchirp = 26.11661689961378
mincov = 177948293169.471
maxcov = 17794829316947.1
