
[data]
trigger-time = 1352724434.186653
injection-file = /work/shashwat.singh/Prospects-of-LGWs/unlens/injection.hdf

[global]
instruments = C1 C2
mass1_ref = 30.00000000649722
mass2_ref = 30.00000000912
minchirp = 26.116416905681515
maxchirp = 26.116616905681514
mincov = 173750609283.0049
maxcov = 17375060928300.49
