
[data]
trigger-time = 1472352086.4689221
injection-file = /work/shashwat.singh/Prospects-of-LGWs/unlens/injection.hdf

[global]
instruments = C1 C2
mass1_ref = 30.000000008940056
mass2_ref = 30.000000003817313
minchirp = 26.11641690443669
maxchirp = 26.11661690443669
mincov = 114991670226.71713
maxcov = 11499167022671.715
