
[data]
trigger-time = 1344960361.233427
injection-file = /work/shashwat.singh/Prospects-of-LGWs/unlens/injection.hdf

[global]
instruments = C1 C2
mass1_ref = 30.000000003827207
mass2_ref = 30.000000003185836
minchirp = 26.11641690193633
maxchirp = 26.11661690193633
mincov = 81914983628.76988
maxcov = 8191498362876.988
