
[data]
trigger-time = 1076591314.9677408
injection-file = /work/shashwat.singh/Prospects-of-LGWs/unlens/injection.hdf

[global]
instruments = C1 C2
mass1_ref = 30.000000004214375
mass2_ref = 30.000000000985946
minchirp = 26.116416901147296
maxchirp = 26.116616901147296
mincov = 154450836335.7946
maxcov = 15445083633579.457
