
[data]
trigger-time = 1747557614.223103
injection-file = /work/shashwat.singh/Prospects-of-LGWs/unlens/injection.hdf

[global]
instruments = C1 C2
mass1_ref = 30.00000000123187
mass2_ref = 30.00000000821646
minchirp = 26.116416902996352
maxchirp = 26.116616902996352
mincov = 124244313838.60075
maxcov = 12424431383860.076
