
[data]
trigger-time = 1933443484.5871124
injection-file = /work/shashwat.singh/Prospects-of-LGWs/unlens/injection.hdf

[global]
instruments = C1 C2
mass1_ref = 30.000000001299053
mass2_ref = 30.00000000370561
minchirp = 26.11641690106213
maxchirp = 26.11661690106213
mincov = 158421613438.85953
maxcov = 15842161343885.953
