
[data]
trigger-time = 1132469343.9015124
injection-file = /work/shashwat.singh/Prospects-of-LGWs/unlens/injection.hdf

[global]
instruments = C1 C2
mass1_ref = 30.00000000843026
mass2_ref = 30.000000005812097
minchirp = 26.11641690508307
maxchirp = 26.11661690508307
mincov = 152547748276.82916
maxcov = 15254774827682.918
