
[data]
trigger-time = 1055347740.1796182
injection-file = /work/shashwat.singh/Prospects-of-LGWs/unlens/injection.hdf

[global]
instruments = C1 C2
mass1_ref = 30.00000000560275
mass2_ref = 30.00000000117751
minchirp = 26.116416901835006
maxchirp = 26.116616901835005
mincov = 159017413719.0926
maxcov = 15901741371909.26
