
[data]
trigger-time = 1892666581.4157667
injection-file = /work/shashwat.singh/Prospects-of-LGWs/unlens/injection.hdf

[global]
instruments = C1 C2
mass1_ref = 30.00000000250145
mass2_ref = 30.00000000008391
minchirp = 26.11641690000907
maxchirp = 26.11661690000907
mincov = 96564199285.39362
maxcov = 9656419928539.361
