
[data]
trigger-time = 1289164128.19421
injection-file = /work/shashwat.singh/Prospects-of-LGWs/unlens/injection.hdf

[global]
instruments = C1 C2
mass1_ref = 30.000000008413803
mass2_ref = 30.000000002481052
minchirp = 26.116416903625986
maxchirp = 26.116616903625985
mincov = 98888842972.84546
maxcov = 9888884297284.547
