
[data]
trigger-time = 1546019204.8075395
injection-file = /work/shashwat.singh/Prospects-of-LGWs/unlens/injection.hdf

[global]
instruments = C1 C2
mass1_ref = 30.000000005504905
mass2_ref = 30.000000009933018
minchirp = 26.116416905603472
maxchirp = 26.116616905603472
mincov = 155715524743.72577
maxcov = 15571552474372.578
