
[data]
trigger-time = 1764313804.1430614
injection-file = /work/shashwat.singh/Prospects-of-LGWs/unlens/injection.hdf

[global]
instruments = C1 C2
mass1_ref = 30.000000005799507
mass2_ref = 30.000000007586312
minchirp = 26.116416904710242
maxchirp = 26.11661690471024
mincov = 49969782894.61762
maxcov = 4996978289461.762
