
[data]
trigger-time = 1493442566.3616
injection-file = /work/shashwat.singh/Prospects-of-LGWs/unlens/injection.hdf

[global]
instruments = C1 C2
mass1_ref = 30.000000005528477
mass2_ref = 30.00000000557146
minchirp = 26.116416903715255
maxchirp = 26.116616903715254
mincov = 97522506407.5561
maxcov = 9752250640755.61
