
[data]
trigger-time = 1299338902.9650412
injection-file = /work/shashwat.singh/Prospects-of-LGWs/unlens/injection.hdf

[global]
instruments = C1 C2
mass1_ref = 30.000000005204395
mass2_ref = 30.000000009367703
minchirp = 26.1164169052266
maxchirp = 26.1166169052266
mincov = 6826478529.950638
maxcov = 682647852995.0637
