
[data]
trigger-time = 1704394743.674294
injection-file = /work/shashwat.singh/Prospects-of-LGWs/unlens/injection.hdf

[global]
instruments = C1 C2
mass1_ref = 30.000000008865225
mass2_ref = 30.000000002952252
minchirp = 26.11641690402758
maxchirp = 26.11661690402758
mincov = 38031456930.62436
maxcov = 3803145693062.436
