
[data]
trigger-time = 1137000545.983049
injection-file = /work/shashwat.singh/Prospects-of-LGWs/unlens/injection.hdf

[global]
instruments = C1 C2
mass1_ref = 30.000000002625793
mass2_ref = 30.000000009897768
minchirp = 26.116416904334923
maxchirp = 26.116616904334922
mincov = 78887342040.2266
maxcov = 7888734204022.658
