
[data]
trigger-time = 1259513650.7857847
injection-file = /work/shashwat.singh/Prospects-of-LGWs/unlens/injection.hdf

[global]
instruments = C1 C2
mass1_ref = 30.00000000332552
mass2_ref = 30.000000004410825
minchirp = 26.116416902251164
maxchirp = 26.116616902251163
mincov = 20567300100.910774
maxcov = 2056730010091.0771
