
[data]
trigger-time = 1904257715.629939
injection-file = /work/shashwat.singh/Prospects-of-LGWs/unlens/injection.hdf

[global]
instruments = C1 C2
mass1_ref = 30.000000006959752
mass2_ref = 30.000000007027847
minchirp = 26.11641690497218
maxchirp = 26.11661690497218
mincov = 139792046191.55557
maxcov = 13979204619155.557
