
[data]
trigger-time = 1313347288.457003
injection-file = /work/shashwat.singh/Prospects-of-LGWs/unlens/injection.hdf

[global]
instruments = C1 C2
mass1_ref = 30.000000003705455
mass2_ref = 30.000000006178077
minchirp = 26.116416903185783
maxchirp = 26.116616903185783
mincov = 164343901026.2981
maxcov = 16434390102629.809
