
[data]
trigger-time = 1675894354.1319585
injection-file = /work/shashwat.singh/Prospects-of-LGWs/unlens/injection.hdf

[global]
instruments = C1 C2
mass1_ref = 30.00000000036812
mass2_ref = 30.000000000695206
minchirp = 26.116416899346564
maxchirp = 26.116616899346564
mincov = 145203825471.30304
maxcov = 14520382547130.305
