
[data]
trigger-time = 1280785982.7860055
injection-file = /work/shashwat.singh/Prospects-of-LGWs/unlens/injection.hdf

[global]
instruments = C1 C2
mass1_ref = 30.000000006979914
mass2_ref = 30.000000003600352
minchirp = 26.116416903489053
maxchirp = 26.116616903489053
mincov = 178197625766.48108
maxcov = 17819762576648.11
