
[data]
trigger-time = 1655193279.3494117
injection-file = /work/shashwat.singh/Prospects-of-LGWs/unlens/injection.hdf

[global]
instruments = C1 C2
mass1_ref = 30.000000004035048
mass2_ref = 30.000000002195648
minchirp = 26.11641690159579
maxchirp = 26.11661690159579
mincov = 46972605184.714096
maxcov = 4697260518471.409
