
[data]
trigger-time = 1052052428.5946279
injection-file = /work/shashwat.singh/Prospects-of-LGWs/unlens/injection.hdf

[global]
instruments = C1 C2
mass1_ref = 30.00000000207247
mass2_ref = 30.00000000381296
minchirp = 26.116416901445504
maxchirp = 26.116616901445504
mincov = 10913896791.27666
maxcov = 1091389679127.6661
