
[data]
trigger-time = 1593121803.0979633
injection-file = /work/shashwat.singh/Prospects-of-LGWs/unlens/injection.hdf

[global]
instruments = C1 C2
mass1_ref = 30.000000006673524
mass2_ref = 30.000000000132943
minchirp = 26.11641690184641
maxchirp = 26.11661690184641
mincov = 31023752525.27845
maxcov = 3102375252527.8447
