
[data]
trigger-time = 1209319928.086508
injection-file = /work/shashwat.singh/Prospects-of-LGWs/unlens/injection.hdf

[global]
instruments = C1 C2
mass1_ref = 30.000000000163524
mass2_ref = 30.000000001859107
minchirp = 26.116416899764126
maxchirp = 26.116616899764125
mincov = 47187035174.27174
maxcov = 4718703517427.175
