
[data]
trigger-time = 1019909511.4460423
injection-file = /work/shashwat.singh/Prospects-of-LGWs/unlens/injection.hdf

[global]
instruments = C1 C2
mass1_ref = 30.00000000651715
mass2_ref = 30.000000001427637
minchirp = 26.116416902341896
maxchirp = 26.116616902341896
mincov = 75140339939.74722
maxcov = 7514033993974.722
