
[data]
trigger-time = 1092832962.508976
injection-file = /work/shashwat.singh/Prospects-of-LGWs/unlens/injection.hdf

[global]
instruments = C1 C2
mass1_ref = 30.000000008289735
mass2_ref = 30.00000000466657
minchirp = 26.116416904523284
maxchirp = 26.116616904523283
mincov = 675680388.5917683
maxcov = 67568038859.17683
