
[data]
trigger-time = 1091278372.9006262
injection-file = /work/shashwat.singh/Prospects-of-LGWs/unlens/injection.hdf

[global]
instruments = C1 C2
mass1_ref = 30.000000004591634
mass2_ref = 30.00000000940726
minchirp = 26.116416904977097
maxchirp = 26.116616904977096
mincov = 38421533925.74864
maxcov = 3842153392574.864
