
[data]
trigger-time = 1052814078.5829704
injection-file = /work/shashwat.singh/Prospects-of-LGWs/unlens/injection.hdf

[global]
instruments = C1 C2
mass1_ref = 30.0000000030643
mass2_ref = 30.000000001353417
minchirp = 26.116416900806648
maxchirp = 26.116616900806648
mincov = 74355379934.03893
maxcov = 7435537993403.893
