
[data]
trigger-time = 1920511039.7733166
injection-file = /work/shashwat.singh/Prospects-of-LGWs/unlens/injection.hdf

[global]
instruments = C1 C2
mass1_ref = 30.00000000121512
mass2_ref = 30.00000000453335
minchirp = 26.116416901385893
maxchirp = 26.116616901385893
mincov = 136349853583.51558
maxcov = 13634985358351.559
