
[data]
trigger-time = 1113568449.208307
injection-file = /work/shashwat.singh/Prospects-of-LGWs/unlens/injection.hdf

[global]
instruments = C1 C2
mass1_ref = 30.0000000067152
mass2_ref = 30.00000000801557
minchirp = 26.116416905295665
maxchirp = 26.116616905295665
mincov = 98360770820.68506
maxcov = 9836077082068.506
