
[data]
trigger-time = 1036643142.8237872
injection-file = /work/shashwat.singh/Prospects-of-LGWs/unlens/injection.hdf

[global]
instruments = C1 C2
mass1_ref = 30.000000000676216
mass2_ref = 30.000000008078267
minchirp = 26.116416902694333
maxchirp = 26.116616902694332
mincov = 50575209328.7935
maxcov = 5057520932879.35
