
[data]
trigger-time = 1520922930.0029948
injection-file = /work/shashwat.singh/Prospects-of-LGWs/unlens/injection.hdf

[global]
instruments = C1 C2
mass1_ref = 30.00000000648609
mass2_ref = 30.000000000433612
minchirp = 26.1164169018957
maxchirp = 26.1166169018957
mincov = 54625408717.82139
maxcov = 5462540871782.139
