
[data]
trigger-time = 1618871837.2326453
injection-file = /work/shashwat.singh/Prospects-of-LGWs/unlens/injection.hdf

[global]
instruments = C1 C2
mass1_ref = 30.000000001653472
mass2_ref = 30.000000009992018
minchirp = 26.116416903952718
maxchirp = 26.116616903952718
mincov = 54143259802.388626
maxcov = 5414325980238.863
