
[data]
trigger-time = 1888144051.3173473
injection-file = /work/shashwat.singh/Prospects-of-LGWs/unlens/injection.hdf

[global]
instruments = C1 C2
mass1_ref = 30.00000000034896
mass2_ref = 30.000000001590198
minchirp = 26.116416899727795
maxchirp = 26.116616899727795
mincov = 151273766667.2431
maxcov = 15127376666724.312
