
[data]
trigger-time = 1458557217.3918467
injection-file = /work/shashwat.singh/Prospects-of-LGWs/unlens/injection.hdf

[global]
instruments = C1 C2
mass1_ref = 30.00000000327108
mass2_ref = 30.000000005570538
minchirp = 26.11641690273226
maxchirp = 26.11661690273226
mincov = 67062779994.608604
maxcov = 6706277999460.86
