
[data]
trigger-time = 1170290316.947581
injection-file = /work/shashwat.singh/Prospects-of-LGWs/unlens/injection.hdf

[global]
instruments = C1 C2
mass1_ref = 30.000000002708454
mass2_ref = 30.00000000297994
minchirp = 26.116416901359745
maxchirp = 26.116616901359745
mincov = 143581721251.43866
maxcov = 14358172125143.865
