
[data]
trigger-time = 1070671111.0479307
injection-file = /work/shashwat.singh/Prospects-of-LGWs/unlens/injection.hdf

[global]
instruments = C1 C2
mass1_ref = 30.000000000078796
mass2_ref = 30.000000003576137
minchirp = 26.116416900474626
maxchirp = 26.116616900474625
mincov = 36648071926.34725
maxcov = 3664807192634.7256
