
[data]
trigger-time = 1327836706.4431267
injection-file = /work/shashwat.singh/Prospects-of-LGWs/unlens/injection.hdf

[global]
instruments = C1 C2
mass1_ref = 30.000000000300957
mass2_ref = 30.00000000136429
minchirp = 26.116416899608566
maxchirp = 26.116616899608566
mincov = 77838670466.14597
maxcov = 7783867046614.596
