
[data]
trigger-time = 1688491084.2462611
injection-file = /work/shashwat.singh/Prospects-of-LGWs/unlens/injection.hdf

[global]
instruments = C1 C2
mass1_ref = 30.00000000385508
mass2_ref = 30.000000002230266
minchirp = 26.116416901532524
maxchirp = 26.116616901532524
mincov = 144212158992.8163
maxcov = 14421215899281.63
