
[data]
trigger-time = 1457698587.5133357
injection-file = /work/shashwat.singh/Prospects-of-LGWs/unlens/injection.hdf

[global]
instruments = C1 C2
mass1_ref = 30.000000000137955
mass2_ref = 30.00000000264955
minchirp = 26.116416900097057
maxchirp = 26.116616900097057
mincov = 24852881063.04643
maxcov = 2485288106304.643
