
[data]
trigger-time = 1454210226.3284948
injection-file = /work/shashwat.singh/Prospects-of-LGWs/unlens/injection.hdf

[global]
instruments = C1 C2
mass1_ref = 30.00000000675229
mass2_ref = 30.00000000555555
minchirp = 26.116416904241024
maxchirp = 26.116616904241024
mincov = 33510190193.15277
maxcov = 3351019019315.2773
