
[data]
trigger-time = 1435969560.8025339
injection-file = /work/shashwat.singh/Prospects-of-LGWs/unlens/injection.hdf

[global]
instruments = C1 C2
mass1_ref = 30.00000000951697
mass2_ref = 30.00000000292748
minchirp = 26.116416904300486
maxchirp = 26.116616904300486
mincov = 2967550663.0080194
maxcov = 296755066300.80194
