
[data]
trigger-time = 1628427246.988071
injection-file = /work/shashwat.singh/Prospects-of-LGWs/unlens/injection.hdf

[global]
instruments = C1 C2
mass1_ref = 30.000000004872266
mass2_ref = 30.000000002900602
minchirp = 26.116416902267062
maxchirp = 26.11661690226706
mincov = 62164120332.052124
maxcov = 6216412033205.213
