
[data]
trigger-time = 1712412730.9866245
injection-file = /work/shashwat.singh/Prospects-of-LGWs/unlens/injection.hdf

[global]
instruments = C1 C2
mass1_ref = 30.000000007805905
mass2_ref = 30.000000003359325
minchirp = 26.116416903743673
maxchirp = 26.116616903743672
mincov = 173300957350.97092
maxcov = 17330095735097.092
