
[data]
trigger-time = 1341722860.0594566
injection-file = /work/shashwat.singh/Prospects-of-LGWs/unlens/injection.hdf

[global]
instruments = C1 C2
mass1_ref = 30.00000000845682
mass2_ref = 30.000000005290353
minchirp = 26.11641690486753
maxchirp = 26.11661690486753
mincov = 157159156786.8305
maxcov = 15715915678683.049
