
[data]
trigger-time = 1562936392.4088016
injection-file = /work/shashwat.singh/Prospects-of-LGWs/unlens/injection.hdf

[global]
instruments = C1 C2
mass1_ref = 30.000000008663342
mass2_ref = 30.000000005577455
minchirp = 26.116416905082392
maxchirp = 26.11661690508239
mincov = 13188064686.493237
maxcov = 1318806468649.3235
