
[data]
trigger-time = 1507095381.888723
injection-file = /work/shashwat.singh/Prospects-of-LGWs/unlens/injection.hdf

[global]
instruments = C1 C2
mass1_ref = 30.000000006689955
mass2_ref = 30.0000000057018
minchirp = 26.11641690427755
maxchirp = 26.11661690427755
mincov = 48909289789.17607
maxcov = 4890928978917.606
