
[data]
trigger-time = 1777542114.3922155
injection-file = /work/shashwat.singh/Prospects-of-LGWs/unlens/injection.hdf

[global]
instruments = C1 C2
mass1_ref = 30.000000008667406
mass2_ref = 30.000000006800636
minchirp = 26.116416905616582
maxchirp = 26.11661690561658
mincov = 115128529064.55505
maxcov = 11512852906455.506
