
[data]
trigger-time = 1960916047.7396657
injection-file = /work/shashwat.singh/Prospects-of-LGWs/unlens/injection.hdf

[global]
instruments = C1 C2
mass1_ref = 30.000000008863317
mass2_ref = 30.000000009807625
minchirp = 26.116416907010723
maxchirp = 26.116616907010723
mincov = 14771368.328835309
maxcov = 1477136832.8835309
