
[data]
trigger-time = 1796334783.1959128
injection-file = /work/shashwat.singh/Prospects-of-LGWs/unlens/injection.hdf

[global]
instruments = C1 C2
mass1_ref = 30.00000000883183
mass2_ref = 30.000000005967223
minchirp = 26.116416905325387
maxchirp = 26.116616905325387
mincov = 149961369427.86978
maxcov = 14996136942786.977
