
[data]
trigger-time = 1234353415.89551
injection-file = /work/shashwat.singh/Prospects-of-LGWs/unlens/injection.hdf

[global]
instruments = C1 C2
mass1_ref = 30.000000006634576
mass2_ref = 30.00000000160228
minchirp = 26.116416902469027
maxchirp = 26.116616902469026
mincov = 126370755020.2001
maxcov = 12637075502020.01
