
[data]
trigger-time = 1060250481.399611
injection-file = /work/shashwat.singh/Prospects-of-LGWs/unlens/injection.hdf

[global]
instruments = C1 C2
mass1_ref = 30.000000008694556
mass2_ref = 30.000000002338822
minchirp = 26.116416903686282
maxchirp = 26.116616903686282
mincov = 169977914749.36896
maxcov = 16997791474936.896
