
[data]
trigger-time = 1652865554.9649394
injection-file = /work/shashwat.singh/Prospects-of-LGWs/unlens/injection.hdf

[global]
instruments = C1 C2
mass1_ref = 30.000000006624767
mass2_ref = 30.000000005836192
minchirp = 26.11641690430767
maxchirp = 26.11661690430767
mincov = 78380960067.83154
maxcov = 7838096006783.154
