
[data]
trigger-time = 1918212270.3853965
injection-file = /work/shashwat.singh/Prospects-of-LGWs/unlens/injection.hdf

[global]
instruments = C1 C2
mass1_ref = 30.00000000946012
mass2_ref = 30.00000000068879
minchirp = 26.116416903301293
maxchirp = 26.116616903301292
mincov = 1613016679.567204
maxcov = 161301667956.7204
