
[data]
trigger-time = 1162687985.1848018
injection-file = /work/shashwat.singh/Prospects-of-LGWs/unlens/injection.hdf

[global]
instruments = C1 C2
mass1_ref = 30.000000003923677
mass2_ref = 30.00000000923892
minchirp = 26.11641690461308
maxchirp = 26.11661690461308
mincov = 42767473495.594055
maxcov = 4276747349559.4053
