
[data]
trigger-time = 1094628232.1660204
injection-file = /work/shashwat.singh/Prospects-of-LGWs/unlens/injection.hdf

[global]
instruments = C1 C2
mass1_ref = 30.000000009677795
mass2_ref = 30.000000009824785
minchirp = 26.116416907372713
maxchirp = 26.116616907372713
mincov = 8619385467.111763
maxcov = 861938546711.1763
