
[data]
trigger-time = 1019625719.3943185
injection-file = /work/shashwat.singh/Prospects-of-LGWs/unlens/injection.hdf

[global]
instruments = C1 C2
mass1_ref = 30.00000000933704
mass2_ref = 30.00000000240377
minchirp = 26.116416903994207
maxchirp = 26.116616903994206
mincov = 85639256841.03041
maxcov = 8563925684103.041
