
[data]
trigger-time = 1438849870.7248921
injection-file = /work/shashwat.singh/Prospects-of-LGWs/unlens/injection.hdf

[global]
instruments = C1 C2
mass1_ref = 30.000000004507836
mass2_ref = 30.00000000871967
minchirp = 26.11641690464133
maxchirp = 26.11661690464133
mincov = 97433760626.4698
maxcov = 9743376062646.98
