
[data]
trigger-time = 1576215509.6223097
injection-file = /work/shashwat.singh/Prospects-of-LGWs/unlens/injection.hdf

[global]
instruments = C1 C2
mass1_ref = 30.000000008146003
mass2_ref = 30.000000004620254
minchirp = 26.11641690444056
maxchirp = 26.11661690444056
mincov = 37095134511.64513
maxcov = 3709513451164.5127
