
[data]
trigger-time = 1692284934.9799907
injection-file = /work/shashwat.singh/Prospects-of-LGWs/unlens/injection.hdf

[global]
instruments = C1 C2
mass1_ref = 30.000000009635503
mass2_ref = 30.00000000420038
minchirp = 26.116416904906142
maxchirp = 26.11661690490614
mincov = 176424500117.7898
maxcov = 17642450011778.98
