
[data]
trigger-time = 1533681637.4792075
injection-file = /work/shashwat.singh/Prospects-of-LGWs/unlens/injection.hdf

[global]
instruments = C1 C2
mass1_ref = 30.00000000623689
mass2_ref = 30.000000005692325
minchirp = 26.116416904076218
maxchirp = 26.116616904076217
mincov = 176361691395.651
maxcov = 17636169139565.1
