
[data]
trigger-time = 1330413537.6694088
injection-file = /work/shashwat.singh/Prospects-of-LGWs/unlens/injection.hdf

[global]
instruments = C1 C2
mass1_ref = 30.000000006148007
mass2_ref = 30.00000000809483
minchirp = 26.116416905083277
maxchirp = 26.116616905083276
mincov = 131500761929.52292
maxcov = 13150076192952.293
