
[data]
trigger-time = 1478161199.9861715
injection-file = /work/shashwat.singh/Prospects-of-LGWs/unlens/injection.hdf

[global]
instruments = C1 C2
mass1_ref = 30.000000008288954
mass2_ref = 30.000000001021476
minchirp = 26.116416902936326
maxchirp = 26.116616902936325
mincov = 49039456088.17126
maxcov = 4903945608817.126
