
[data]
trigger-time = 1187390139.7583647
injection-file = /work/shashwat.singh/Prospects-of-LGWs/unlens/injection.hdf

[global]
instruments = C1 C2
mass1_ref = 30.000000004140848
mass2_ref = 30.000000006670327
minchirp = 26.116416903589563
maxchirp = 26.116616903589563
mincov = 95482030345.85715
maxcov = 9548203034585.715
