
[data]
trigger-time = 1696490923.1706638
injection-file = /work/shashwat.singh/Prospects-of-LGWs/unlens/injection.hdf

[global]
instruments = C1 C2
mass1_ref = 30.0000000089218
mass2_ref = 30.00000000261465
minchirp = 26.116416903905254
maxchirp = 26.116616903905253
mincov = 40262978899.89859
maxcov = 4026297889989.859
