
[data]
trigger-time = 1297242501.353155
injection-file = /work/shashwat.singh/Prospects-of-LGWs/unlens/injection.hdf

[global]
instruments = C1 C2
mass1_ref = 30.000000000642736
mass2_ref = 30.000000008731735
minchirp = 26.1164169029642
maxchirp = 26.1166169029642
mincov = 73695094873.94249
maxcov = 7369509487394.249
