
[data]
trigger-time = 1570084125.1150842
injection-file = /work/shashwat.singh/Prospects-of-LGWs/unlens/injection.hdf

[global]
instruments = C1 C2
mass1_ref = 30.000000000749367
mass2_ref = 30.00000000915759
minchirp = 26.116416903195976
maxchirp = 26.116616903195975
mincov = 103678966507.0034
maxcov = 10367896650700.34
