
[data]
trigger-time = 1831203083.3793745
injection-file = /work/shashwat.singh/Prospects-of-LGWs/unlens/injection.hdf

[global]
instruments = C1 C2
mass1_ref = 30.000000003923713
mass2_ref = 30.000000007741555
minchirp = 26.116416903961326
maxchirp = 26.116616903961326
mincov = 95690191663.78293
maxcov = 9569019166378.293
