
[data]
trigger-time = 1708062563.610457
injection-file = /work/shashwat.singh/Prospects-of-LGWs/unlens/injection.hdf

[global]
instruments = C1 C2
mass1_ref = 30.000000002222837
mass2_ref = 30.000000008557798
minchirp = 26.11641690357627
maxchirp = 26.11661690357627
mincov = 99211877217.35521
maxcov = 9921187721735.521
