
[data]
trigger-time = 1773942522.6774087
injection-file = /work/shashwat.singh/Prospects-of-LGWs/unlens/injection.hdf

[global]
instruments = C1 C2
mass1_ref = 30.00000000403636
mass2_ref = 30.000000001624315
minchirp = 26.116416901347677
maxchirp = 26.116616901347676
mincov = 8439667355.839178
maxcov = 843966735583.9178
