
[data]
trigger-time = 1888400211.5827715
injection-file = /work/shashwat.singh/Prospects-of-LGWs/unlens/injection.hdf

[global]
instruments = C1 C2
mass1_ref = 30.000000001101764
mass2_ref = 30.00000000645761
minchirp = 26.116416902174134
maxchirp = 26.116616902174133
mincov = 146119549475.75107
maxcov = 14611954947575.107
