
[data]
trigger-time = 1646362689.502469
injection-file = /work/shashwat.singh/Prospects-of-LGWs/unlens/injection.hdf

[global]
instruments = C1 C2
mass1_ref = 30.000000004506276
mass2_ref = 30.000000005293234
minchirp = 26.11641690314921
maxchirp = 26.11661690314921
mincov = 69490466335.99939
maxcov = 6949046633599.939
