
[data]
trigger-time = 1382548667.760912
injection-file = /work/shashwat.singh/Prospects-of-LGWs/unlens/injection.hdf

[global]
instruments = C1 C2
mass1_ref = 30.000000003305114
mass2_ref = 30.000000002388134
minchirp = 26.116416901361855
maxchirp = 26.116616901361855
mincov = 138855846717.70963
maxcov = 13885584671770.96
