
[data]
trigger-time = 1957528053.6411917
injection-file = /work/shashwat.singh/Prospects-of-LGWs/unlens/injection.hdf

[global]
instruments = C1 C2
mass1_ref = 30.00000000639954
mass2_ref = 30.000000004530765
minchirp = 26.116416903641415
maxchirp = 26.116616903641415
mincov = 163933574217.07056
maxcov = 16393357421707.055
