
[data]
trigger-time = 1577939839.008741
injection-file = /work/shashwat.singh/Prospects-of-LGWs/unlens/injection.hdf

[global]
instruments = C1 C2
mass1_ref = 30.000000009662973
mass2_ref = 30.000000008389243
minchirp = 26.11641690674141
maxchirp = 26.11661690674141
mincov = 143365766143.09732
maxcov = 14336576614309.73
