
[data]
trigger-time = 1904780902.3868406
injection-file = /work/shashwat.singh/Prospects-of-LGWs/unlens/injection.hdf

[global]
instruments = C1 C2
mass1_ref = 30.00000000744732
mass2_ref = 30.000000002395513
minchirp = 26.116416903168066
maxchirp = 26.116616903168065
mincov = 122281091697.20227
maxcov = 12228109169720.227
