
[data]
trigger-time = 1114997073.681392
injection-file = /work/shashwat.singh/Prospects-of-LGWs/unlens/injection.hdf

[global]
instruments = C1 C2
mass1_ref = 30.00000000584055
mass2_ref = 30.00000000670836
minchirp = 26.116416904345954
maxchirp = 26.116616904345953
mincov = 670315471.6189702
maxcov = 67031547161.89701
