
[data]
trigger-time = 1021348846.5144167
injection-file = /work/shashwat.singh/Prospects-of-LGWs/unlens/injection.hdf

[global]
instruments = C1 C2
mass1_ref = 30.00000000197426
mass2_ref = 30.00000000176749
minchirp = 26.116416900512412
maxchirp = 26.116616900512412
mincov = 133648194100.08223
maxcov = 13364819410008.223
