
[data]
trigger-time = 1336420460.051181
injection-file = /work/shashwat.singh/Prospects-of-LGWs/unlens/injection.hdf

[global]
instruments = C1 C2
mass1_ref = 30.000000001628685
mass2_ref = 30.000000009093615
minchirp = 26.116416903550878
maxchirp = 26.116616903550877
mincov = 50508397560.53728
maxcov = 5050839756053.729
