
[data]
trigger-time = 1047280930.8559204
injection-file = /work/shashwat.singh/Prospects-of-LGWs/unlens/injection.hdf

[global]
instruments = C1 C2
mass1_ref = 30.000000004182656
mass2_ref = 30.000000009610762
minchirp = 26.116416904887657
maxchirp = 26.116616904887657
mincov = 140210416213.4173
maxcov = 14021041621341.73
