
[data]
trigger-time = 1453374770.3183374
injection-file = /work/shashwat.singh/Prospects-of-LGWs/unlens/injection.hdf

[global]
instruments = C1 C2
mass1_ref = 30.00000000033004
mass2_ref = 30.000000007022827
minchirp = 26.116416902084246
maxchirp = 26.116616902084246
mincov = 122732587782.49792
maxcov = 12273258778249.793
