
[data]
trigger-time = 1230997392.7931902
injection-file = /work/shashwat.singh/Prospects-of-LGWs/unlens/injection.hdf

[global]
instruments = C1 C2
mass1_ref = 30.00000000550133
mass2_ref = 30.000000005590195
minchirp = 26.116416903711592
maxchirp = 26.11661690371159
mincov = 116909026154.26608
maxcov = 11690902615426.61
