
[data]
trigger-time = 1184626838.0142655
injection-file = /work/shashwat.singh/Prospects-of-LGWs/unlens/injection_100.hdf

[global]
instruments = E1 E2 E3 C1 C2 H1 V1 L1 I1 K1
mass1_ref = 30.00000000265215
mass2_ref = 30.00000000663999
minchirp = 26.116416902928364
maxchirp = 26.116616902928364
mincov = 177719948719.62247
maxcov = 17771994871962.246
