
[data]
trigger-time = 1793273233.027614
injection-file = /work/shashwat.singh/Prospects-of-LGWs/unlens/injection_100.hdf

[global]
instruments = E1 E2 E3 C1 C2 H1 V1 L1 I1 K1
mass1_ref = 30.000000006467204
mass2_ref = 30.00000000919541
minchirp = 26.11641690570127
maxchirp = 26.11661690570127
mincov = 96734059904.5989
maxcov = 9673405990459.89
