
[data]
trigger-time = 1601051891.1325102
injection-file = /work/shashwat.singh/Prospects-of-LGWs/unlens/injection_100.hdf

[global]
instruments = E1 E2 E3 C1 C2 H1 V1 L1 I1 K1
mass1_ref = 30.00000000258422
mass2_ref = 30.000000000104492
minchirp = 26.116416900054055
maxchirp = 26.116616900054055
mincov = 150086340982.1119
maxcov = 15008634098211.191
