
[data]
trigger-time = 1457849511.9744105
injection-file = /work/shashwat.singh/Prospects-of-LGWs/unlens/injection_100.hdf

[global]
instruments = E1 E2 E3 C1 C2 H1 V1 L1 I1 K1
mass1_ref = 30.000000003353847
mass2_ref = 30.00000000366329
minchirp = 26.11641690193811
maxchirp = 26.11661690193811
mincov = 152202184714.44376
maxcov = 15220218471444.375
