
[data]
trigger-time = 1396117792.340597
injection-file = /work/shashwat.singh/Prospects-of-LGWs/unlens/injection_100.hdf

[global]
instruments = E1 E2 E3 C1 C2 H1 V1 L1 I1 K1
mass1_ref = 30.000000009846218
mass2_ref = 30.000000009948298
minchirp = 26.11641690749979
maxchirp = 26.11661690749979
mincov = 104080478722.12473
maxcov = 10408047872212.473
