
[data]
trigger-time = 1645227745.6840332
injection-file = /work/shashwat.singh/Prospects-of-LGWs/unlens/injection_100.hdf

[global]
instruments = E1 E2 E3 C1 C2 H1 V1 L1 I1 K1
mass1_ref = 30.000000005441397
mass2_ref = 30.000000002767194
minchirp = 26.116416902456724
maxchirp = 26.116616902456723
mincov = 153993617332.34805
maxcov = 15399361733234.805
