
[data]
trigger-time = 1963900522.8382828
injection-file = /work/shashwat.singh/Prospects-of-LGWs/unlens/injection_100.hdf

[global]
instruments = E1 E2 E3 C1 C2 H1 V1 L1 I1 K1
mass1_ref = 30.000000008099722
mass2_ref = 30.000000007463488
minchirp = 26.116416905658003
maxchirp = 26.116616905658002
mincov = 82544482601.79112
maxcov = 8254448260179.112
