
[data]
trigger-time = 1878466178.426663
injection-file = /work/shashwat.singh/Prospects-of-LGWs/unlens/injection_100.hdf

[global]
instruments = E1 E2 E3 C1 C2 H1 V1 L1 I1 K1
mass1_ref = 30.00000000385986
mass2_ref = 30.000000003082977
minchirp = 26.116416901905772
maxchirp = 26.116616901905772
mincov = 132607799631.9302
maxcov = 13260779963193.02
