
[data]
trigger-time = 1310283706.940119
injection-file = /work/shashwat.singh/Prospects-of-LGWs/unlens/injection_100.hdf

[global]
instruments = E1 E2 E3 C1 C2 H1 V1 L1 I1 K1
mass1_ref = 30.000000008163678
mass2_ref = 30.00000000602642
minchirp = 26.116416905060323
maxchirp = 26.116616905060322
mincov = 174671124247.4511
maxcov = 17467112424745.113
