
[data]
trigger-time = 1184867549.9909124
injection-file = /work/shashwat.singh/Prospects-of-LGWs/unlens/injection_100.hdf

[global]
instruments = E1 E2 E3 C1 C2 H1 V1 L1 I1 K1
mass1_ref = 30.00000000753521
mass2_ref = 30.000000006883386
minchirp = 26.11641690515978
maxchirp = 26.11661690515978
mincov = 152357669699.88132
maxcov = 15235766969988.133
