
[data]
trigger-time = 1049195157.7737286
injection-file = /work/shashwat.singh/Prospects-of-LGWs/unlens/injection_100.hdf

[global]
instruments = E1 E2 E3 C1 C2 H1 V1 L1 I1 K1
mass1_ref = 30.000000008138585
mass2_ref = 30.000000007309865
minchirp = 26.11641690560805
maxchirp = 26.11661690560805
mincov = 58829488898.66024
maxcov = 5882948889866.024
