
[data]
trigger-time = 1274294819.015396
injection-file = /work/shashwat.singh/Prospects-of-LGWs/unlens/injection_100.hdf

[global]
instruments = E1 E2 E3 C1 C2 H1 V1 L1 I1 K1
mass1_ref = 30.000000000131397
mass2_ref = 30.00000000266601
minchirp = 26.116416900101367
maxchirp = 26.116616900101366
mincov = 144837356560.19818
maxcov = 14483735656019.816
