
[data]
trigger-time = 1412276077.3534007
injection-file = /work/shashwat.singh/Prospects-of-LGWs/unlens/injection_100.hdf

[global]
instruments = E1 E2 E3 C1 C2 H1 V1 L1 I1 K1
mass1_ref = 30.000000000292346
mass2_ref = 30.000000002055007
minchirp = 26.11641689990547
maxchirp = 26.11661689990547
mincov = 5837258.208308812
maxcov = 583725820.8308812
