
[data]
trigger-time = 1069033341.617254
injection-file = /work/shashwat.singh/Prospects-of-LGWs/unlens/injection_100.hdf

[global]
instruments = E1 E2 E3 C1 C2 H1 V1 L1 I1 K1
mass1_ref = 30.000000009834256
mass2_ref = 30.00000000239275
minchirp = 26.11641690420584
maxchirp = 26.116616904205838
mincov = 128797049729.66292
maxcov = 12879704972966.291
