
[data]
trigger-time = 1897279944.8193479
injection-file = /work/shashwat.singh/Prospects-of-LGWs/unlens/injection_100.hdf

[global]
instruments = E1 E2 E3 C1 C2 H1 V1 L1 I1 K1
mass1_ref = 30.00000000997047
mass2_ref = 30.000000009334737
minchirp = 26.116416907286805
maxchirp = 26.116616907286804
mincov = 121712076103.47372
maxcov = 12171207610347.373
