
[data]
trigger-time = 1974812499.3966691
injection-file = /work/shashwat.singh/Prospects-of-LGWs/unlens/injection_100.hdf

[global]
instruments = E1 E2 E3 C1 C2 H1 V1 L1 I1 K1
mass1_ref = 30.00000000270225
mass2_ref = 30.00000000908448
minchirp = 26.116416904014198
maxchirp = 26.116616904014197
mincov = 172599957969.11804
maxcov = 17259995796911.805
