
[data]
trigger-time = 1058822368.101847
injection-file = /work/shashwat.singh/Prospects-of-LGWs/unlens/injection_100.hdf

[global]
instruments = E1 E2 E3 C1 C2 H1 V1 L1 I1 K1
mass1_ref = 30.00000000515924
mass2_ref = 30.000000000282554
minchirp = 26.116416901252403
maxchirp = 26.116616901252403
mincov = 127356907158.39401
maxcov = 12735690715839.402
