
[data]
trigger-time = 1598936449.0726748
injection-file = /work/shashwat.singh/Prospects-of-LGWs/unlens/injection_100.hdf

[global]
instruments = E1 E2 E3 C1 C2 H1 V1 L1 I1 K1
mass1_ref = 30.00000000804773
mass2_ref = 30.000000003870692
minchirp = 26.11641690407152
maxchirp = 26.11661690407152
mincov = 129312534476.9143
maxcov = 12931253447691.43
