
[data]
trigger-time = 1511208646.2854652
injection-file = /work/shashwat.singh/Prospects-of-LGWs/unlens/injection_100.hdf

[global]
instruments = E1 E2 E3 C1 C2 H1 V1 L1 I1 K1
mass1_ref = 30.000000000654293
mass2_ref = 30.00000000813622
minchirp = 26.116416902710018
maxchirp = 26.116616902710017
mincov = 50924836359.72339
maxcov = 5092483635972.339
