
[data]
trigger-time = 1337754646.8851836
injection-file = /work/shashwat.singh/Prospects-of-LGWs/unlens/injection_100.hdf

[global]
instruments = E1 E2 E3 C1 C2 H1 V1 L1 I1 K1
mass1_ref = 30.000000007141498
mass2_ref = 30.000000009330606
minchirp = 26.116416906053626
maxchirp = 26.116616906053626
mincov = 127806584295.63977
maxcov = 12780658429563.977
