
[data]
trigger-time = 1960297592.3707073
injection-file = /work/shashwat.singh/Prospects-of-LGWs/unlens/injection.hdf

[global]
instruments = E1 E2 E3 C1 C2
mass1_ref = 30.00000000515182
mass2_ref = 30.000000006947445
minchirp = 26.116416904150235
maxchirp = 26.116616904150234
mincov = 6981119566.673698
maxcov = 698111956667.3699
