
[data]
trigger-time = 1960827568.6493387
injection-file = /work/shashwat.singh/Prospects-of-LGWs/unlens/injection.hdf

[global]
instruments = E1 E2 E3 C1 C2
mass1_ref = 30.000000005992177
mass2_ref = 30.00000000580919
minchirp = 26.116416904020568
maxchirp = 26.116616904020567
mincov = 6959758280.78717
maxcov = 695975828078.717
