
[data]
trigger-time = 1248778450.7893164
injection-file = /work/shashwat.singh/Prospects-of-LGWs/unlens/injection.hdf

[global]
instruments = E1 E2 E3 C1 C2
mass1_ref = 30.00000000057098
mass2_ref = 30.000000004271612
minchirp = 26.116416900991588
maxchirp = 26.116616900991588
mincov = 43253063390.19258
maxcov = 4325306339019.258
