
[data]
trigger-time = 1931290138.3026843
injection-file = /work/shashwat.singh/Prospects-of-LGWs/unlens/injection.hdf

[global]
instruments = E1 E2 E3 C1 C2
mass1_ref = 30.000000005336926
mass2_ref = 30.000000001422737
minchirp = 26.11641690182604
maxchirp = 26.11661690182604
mincov = 119915435803.50754
maxcov = 11991543580350.754
