
[data]
trigger-time = 1046305495.5477618
injection-file = /work/shashwat.singh/Prospects-of-LGWs/unlens/injection.hdf

[global]
instruments = E1 E2 E3 C1 C2
mass1_ref = 30.000000002743544
mass2_ref = 30.000000003550312
minchirp = 26.116416901623285
maxchirp = 26.116616901623285
mincov = 135631680353.93965
maxcov = 13563168035393.965
