
[data]
trigger-time = 1811565235.39004
injection-file = /work/shashwat.singh/Prospects-of-LGWs/unlens/injection.hdf

[global]
instruments = E1 E2 E3 C1 C2
mass1_ref = 30.000000002548223
mass2_ref = 30.00000000472118
minchirp = 26.116416902047916
maxchirp = 26.116616902047916
mincov = 682874779.2546585
maxcov = 68287477925.46584
