
[data]
trigger-time = 1853414562.6897142
injection-file = /work/shashwat.singh/Prospects-of-LGWs/unlens/injection.hdf

[global]
instruments = E1 E2 E3 C1 C2
mass1_ref = 30.000000008264525
mass2_ref = 30.000000004612794
minchirp = 26.116416904488904
maxchirp = 26.116616904488904
mincov = 168308213448.07788
maxcov = 16830821344807.79
