
[data]
trigger-time = 1818931594.3019214
injection-file = /work/shashwat.singh/Prospects-of-LGWs/unlens/injection.hdf

[global]
instruments = E1 E2 E3 C1 C2
mass1_ref = 30.000000002833225
mass2_ref = 30.00000000735299
minchirp = 26.116416903317536
maxchirp = 26.116616903317535
mincov = 159796269848.50836
maxcov = 15979626984850.836
