
[data]
trigger-time = 1088006975.466203
injection-file = /work/shashwat.singh/Prospects-of-LGWs/unlens/injection.hdf

[global]
instruments = E1 E2 E3 C1 C2
mass1_ref = 30.000000008231282
mass2_ref = 30.00000000223352
minchirp = 26.116416903438793
maxchirp = 26.116616903438793
mincov = 26412172568.661465
maxcov = 2641217256866.1465
