
[data]
trigger-time = 1760742006.2190905
injection-file = /work/shashwat.singh/Prospects-of-LGWs/unlens/injection.hdf

[global]
instruments = E1 E2 E3 C1 C2
mass1_ref = 30.00000000415981
mass2_ref = 30.000000008223406
minchirp = 26.116416904273834
maxchirp = 26.116616904273833
mincov = 33126004268.519478
maxcov = 3312600426851.9478
