
[data]
trigger-time = 1356502957.3507187
injection-file = /work/shashwat.singh/Prospects-of-LGWs/unlens/injection.hdf

[global]
instruments = E1 E2 E3 C1 C2
mass1_ref = 30.0000000041374
mass2_ref = 30.000000008860674
minchirp = 26.116416904541463
maxchirp = 26.116616904541463
mincov = 124866486254.41647
maxcov = 12486648625441.648
