
[data]
trigger-time = 1807462864.1001582
injection-file = /work/shashwat.singh/Prospects-of-LGWs/unlens/injection.hdf

[global]
instruments = E1 E2 E3 C1 C2
mass1_ref = 30.000000000092914
mass2_ref = 30.0000000096763
minchirp = 26.116416903136024
maxchirp = 26.116616903136023
mincov = 174775714070.0837
maxcov = 17477571407008.371
