
[data]
trigger-time = 1004215775.8557228
injection-file = /work/shashwat.singh/Prospects-of-LGWs/unlens/injection.hdf

[global]
instruments = E1 E2 E3 C1 C2
mass1_ref = 30.00000000509537
mass2_ref = 30.000000009002335
minchirp = 26.116416905020106
maxchirp = 26.116616905020106
mincov = 173428495242.1845
maxcov = 17342849524218.453
