
[data]
trigger-time = 1568184240.0451665
injection-file = /work/shashwat.singh/Prospects-of-LGWs/unlens/injection.hdf

[global]
instruments = E1 E2 E3 C1 C2
mass1_ref = 30.00000000770539
mass2_ref = 30.00000000607807
minchirp = 26.116416904883327
maxchirp = 26.116616904883326
mincov = 13476639092.426113
maxcov = 1347663909242.6113
