
[data]
trigger-time = 1199132255.3319938
injection-file = /work/shashwat.singh/Prospects-of-LGWs/unlens/injection.hdf

[global]
instruments = E1 E2 E3 C1 C2
mass1_ref = 30.00000000865354
mass2_ref = 30.00000000874503
minchirp = 26.11641690645689
maxchirp = 26.11661690645689
mincov = 128078873156.50684
maxcov = 12807887315650.684
