
[data]
trigger-time = 1779844078.2338343
injection-file = /work/shashwat.singh/Prospects-of-LGWs/unlens/injection.hdf

[global]
instruments = E1 E2 E3 C1 C2
mass1_ref = 30.000000007470987
mass2_ref = 30.000000004805806
minchirp = 26.11641690422751
maxchirp = 26.11661690422751
mincov = 173731348372.726
maxcov = 17373134837272.602
