
[data]
trigger-time = 1740489677.574338
injection-file = /work/shashwat.singh/Prospects-of-LGWs/unlens/injection.hdf

[global]
instruments = E1 E2 E3 C1 C2
mass1_ref = 30.00000000782502
mass2_ref = 30.0000000017771
minchirp = 26.11641690306329
maxchirp = 26.11661690306329
mincov = 4212697699.7520614
maxcov = 421269769975.2062
