
[data]
trigger-time = 1672975381.2030182
injection-file = /work/shashwat.singh/Prospects-of-LGWs/unlens/injection.hdf

[global]
instruments = E1 E2 E3 C1 C2
mass1_ref = 30.000000003376496
mass2_ref = 30.00000000157522
minchirp = 26.116416901039084
maxchirp = 26.116616901039084
mincov = 162583652382.65686
maxcov = 16258365238265.686
