
[data]
trigger-time = 1336821780.6105149
injection-file = /work/shashwat.singh/Prospects-of-LGWs/unlens/injection.hdf

[global]
instruments = E1 E2 E3 C1 C2
mass1_ref = 30.000000004247607
mass2_ref = 30.000000000807507
minchirp = 26.11641690108409
maxchirp = 26.11661690108409
mincov = 153181021034.3991
maxcov = 15318102103439.91
