
[data]
trigger-time = 1766630010.034562
injection-file = /work/shashwat.singh/Prospects-of-LGWs/unlens/injection.hdf

[global]
instruments = E1 E2 E3 C1 C2
mass1_ref = 30.00000000846226
mass2_ref = 30.000000001136325
minchirp = 26.11641690306175
maxchirp = 26.11661690306175
mincov = 114658779399.26831
maxcov = 11465877939926.832
