
[data]
trigger-time = 1298726369.3659666
injection-file = /work/shashwat.singh/Prospects-of-LGWs/unlens/injection.hdf

[global]
instruments = E1 E2 E3 C1 C2
mass1_ref = 30.000000004634845
mass2_ref = 30.000000001958583
minchirp = 26.11641690175368
maxchirp = 26.11661690175368
mincov = 92947594360.13657
maxcov = 9294759436013.656
