
[data]
trigger-time = 1088009635.9382322
injection-file = /work/shashwat.singh/Prospects-of-LGWs/unlens/injection.hdf

[global]
instruments = E1 E2 E3 C1 C2
mass1_ref = 30.00000000812712
mass2_ref = 30.000000008587406
minchirp = 26.116416906159145
maxchirp = 26.116616906159145
mincov = 56101160897.95433
maxcov = 5610116089795.434
