
[data]
trigger-time = 1034881965.4343367
injection-file = /work/shashwat.singh/Prospects-of-LGWs/unlens/injection.hdf

[global]
instruments = E1 E2 E3 C1 C2
mass1_ref = 30.000000008204363
mass2_ref = 30.000000007239258
minchirp = 26.116416905605952
maxchirp = 26.11661690560595
mincov = 126755314462.67046
maxcov = 12675531446267.047
