
[data]
trigger-time = 1854559622.4770994
injection-file = /work/shashwat.singh/Prospects-of-LGWs/unlens/injection.hdf

[global]
instruments = E1 E2 E3 C1 C2
mass1_ref = 30.00000000566018
mass2_ref = 30.000000003392874
minchirp = 26.116416902824295
maxchirp = 26.116616902824294
mincov = 20418924855.20318
maxcov = 2041892485520.3179
