
[data]
trigger-time = 1690561073.376521
injection-file = /work/shashwat.singh/Prospects-of-LGWs/unlens/injection.hdf

[global]
instruments = E1 E2 E3 C1 C2
mass1_ref = 30.000000007759727
mass2_ref = 30.000000003744006
minchirp = 26.116416903891018
maxchirp = 26.116616903891018
mincov = 171345362068.24786
maxcov = 17134536206824.787
