
[data]
trigger-time = 1212119731.645482
injection-file = /work/shashwat.singh/Prospects-of-LGWs/unlens/injection.hdf

[global]
instruments = E1 E2 E3 C1 C2
mass1_ref = 30.000000008145246
mass2_ref = 30.000000008902315
minchirp = 26.116416906304107
maxchirp = 26.116616906304106
mincov = 153865161.37658286
maxcov = 15386516137.658287
