
[data]
trigger-time = 1592361251.1387894
injection-file = /work/shashwat.singh/Prospects-of-LGWs/unlens/injection.hdf

[global]
instruments = E1 E2 E3 C1 C2
mass1_ref = 30.000000004465512
mass2_ref = 30.00000000451504
minchirp = 26.116416902792736
maxchirp = 26.116616902792735
mincov = 24070674149.783405
maxcov = 2407067414978.3403
