
[data]
trigger-time = 1431744652.2471979
injection-file = /work/shashwat.singh/Prospects-of-LGWs/unlens/injection.hdf

[global]
instruments = E1 E2 E3 C1 C2
mass1_ref = 30.000000006844576
mass2_ref = 30.000000008168385
minchirp = 26.116416905418497
maxchirp = 26.116616905418496
mincov = 157638922332.05658
maxcov = 15763892233205.66
