
[data]
trigger-time = 1254161433.3144152
injection-file = /work/shashwat.singh/Prospects-of-LGWs/unlens/injection.hdf

[global]
instruments = E1 E2 E3 C1 C2
mass1_ref = 30.00000000744037
mass2_ref = 30.000000008288794
minchirp = 26.11641690573024
maxchirp = 26.11661690573024
mincov = 14002477941.963226
maxcov = 1400247794196.3228
