
[data]
trigger-time = 1160332999.5191157
injection-file = /work/shashwat.singh/Prospects-of-LGWs/unlens/injection.hdf

[global]
instruments = E1 E2 E3 C1 C2
mass1_ref = 30.000000006817185
mass2_ref = 30.000000004838814
minchirp = 26.11641690395729
maxchirp = 26.11661690395729
mincov = 122158754034.78667
maxcov = 12215875403478.668
