
[data]
trigger-time = 1470483929.7970011
injection-file = /work/shashwat.singh/Prospects-of-LGWs/unlens/injection.hdf

[global]
instruments = E1 E2 E3 C1 C2
mass1_ref = 30.000000009118736
mass2_ref = 30.00000000117896
minchirp = 26.11641690336606
maxchirp = 26.116616903366058
mincov = 1843513933.347107
maxcov = 184351393334.7107
