
[data]
trigger-time = 1197743190.943952
injection-file = /work/shashwat.singh/Prospects-of-LGWs/unlens/injection.hdf

[global]
instruments = E1 E2 E3 C1 C2
mass1_ref = 30.000000009445703
mass2_ref = 30.000000006862475
minchirp = 26.11641690598227
maxchirp = 26.11661690598227
mincov = 150430562019.04883
maxcov = 15043056201904.883
