
[data]
trigger-time = 1984255518.1911159
injection-file = /work/shashwat.singh/Prospects-of-LGWs/unlens/injection.hdf

[global]
instruments = E1 E2 E3 C1 C2
mass1_ref = 30.000000009379
mass2_ref = 30.000000002194422
minchirp = 26.11641690392135
maxchirp = 26.11661690392135
mincov = 57963395253.27832
maxcov = 5796339525327.832
