
[data]
trigger-time = 1176870903.2029686
injection-file = /work/shashwat.singh/Prospects-of-LGWs/unlens/injection.hdf

[global]
instruments = E1 E2 E3 C1 C2
mass1_ref = 30.000000006112582
mass2_ref = 30.000000009238388
minchirp = 26.11641690556562
maxchirp = 26.11661690556562
mincov = 82933490115.02287
maxcov = 8293349011502.287
