
[data]
trigger-time = 1729689419.006748
injection-file = /work/shashwat.singh/Prospects-of-LGWs/unlens/injection.hdf

[global]
instruments = E1 E2 E3 C1 C2
mass1_ref = 30.0000000045639
mass2_ref = 30.000000001588106
minchirp = 26.11641690156154
maxchirp = 26.11661690156154
mincov = 78734970549.98718
maxcov = 7873497054998.719
