
[data]
trigger-time = 1933046936.308381
injection-file = /work/shashwat.singh/Prospects-of-LGWs/unlens/injection.hdf

[global]
instruments = E1 E2 E3 C1 C2
mass1_ref = 30.000000001958067
mass2_ref = 30.0000000027307
minchirp = 26.11641690092463
maxchirp = 26.11661690092463
mincov = 4630995449.175172
maxcov = 463099544917.51715
