
[data]
trigger-time = 1670291323.029353
injection-file = /work/shashwat.singh/Prospects-of-LGWs/unlens/injection.hdf

[global]
instruments = E1 E2 E3 C1 C2
mass1_ref = 30.000000004704223
mass2_ref = 30.00000000674783
minchirp = 26.11641690386852
maxchirp = 26.11661690386852
mincov = 921709687.392716
maxcov = 92170968739.2716
