
[data]
trigger-time = 1860452965.778272
injection-file = /work/shashwat.singh/Prospects-of-LGWs/unlens/injection.hdf

[global]
instruments = E1 E2 E3 C1 C2
mass1_ref = 30.000000000749985
mass2_ref = 30.000000009318814
minchirp = 26.116416903266426
maxchirp = 26.116616903266426
mincov = 6670034917.852387
maxcov = 667003491785.2388
