
[data]
trigger-time = 1755199171.6249702
injection-file = /work/shashwat.singh/Prospects-of-LGWs/unlens/injection.hdf

[global]
instruments = E1 E2 E3 C1 C2
mass1_ref = 30.000000008713
mass2_ref = 30.000000000490683
minchirp = 26.11641690288986
maxchirp = 26.11661690288986
mincov = 171142296865.94174
maxcov = 17114229686594.176
