
[data]
trigger-time = 1519880866.539673
injection-file = /work/shashwat.singh/Prospects-of-LGWs/unlens/injection.hdf

[global]
instruments = E1 E2 E3 C1 C2
mass1_ref = 30.000000001428358
mass2_ref = 30.000000006784152
minchirp = 26.116416902458425
maxchirp = 26.116616902458425
mincov = 42800757170.91606
maxcov = 4280075717091.606
