
[data]
trigger-time = 1204492497.2788947
injection-file = /work/shashwat.singh/Prospects-of-LGWs/unlens/injection.hdf

[global]
instruments = E1 E2 E3 C1 C2
mass1_ref = 30.000000008209284
mass2_ref = 30.0000000036314
minchirp = 26.11641690403768
maxchirp = 26.11661690403768
mincov = 3186150380.8942995
maxcov = 318615038089.42993
