
[data]
trigger-time = 1004026296.9324737
injection-file = /work/shashwat.singh/Prospects-of-LGWs/unlens/injection.hdf

[global]
instruments = E1 E2 E3 C1 C2
mass1_ref = 30.000000009437866
mass2_ref = 30.000000008588298
minchirp = 26.116416906730066
maxchirp = 26.116616906730066
mincov = 122745771446.1344
maxcov = 12274577144613.44
