
[data]
trigger-time = 1413875903.0135329
injection-file = /work/shashwat.singh/Prospects-of-LGWs/unlens/injection.hdf

[global]
instruments = E1 E2 E3 C1 C2
mass1_ref = 30.000000008285976
mass2_ref = 30.0000000068565
minchirp = 26.116416905474868
maxchirp = 26.116616905474867
mincov = 83356103853.75832
maxcov = 8335610385375.831
