
[data]
trigger-time = 1117366687.0802026
injection-file = /work/shashwat.singh/Prospects-of-LGWs/unlens/injection.hdf

[global]
instruments = E1 E2 E3 C1 C2
mass1_ref = 30.000000000760355
mass2_ref = 30.00000000406856
minchirp = 26.116416900985634
maxchirp = 26.116616900985633
mincov = 93323453134.00009
maxcov = 9332345313400.01
