
[data]
trigger-time = 1185653497.2437587
injection-file = /work/shashwat.singh/Prospects-of-LGWs/unlens/injection.hdf

[global]
instruments = E1 E2 E3 C1 C2
mass1_ref = 30.000000001416108
mass2_ref = 30.00000000060926
minchirp = 26.116416899765316
maxchirp = 26.116616899765315
mincov = 133545880639.97517
maxcov = 13354588063997.518
