
[data]
trigger-time = 1856586563.920718
injection-file = /work/shashwat.singh/Prospects-of-LGWs/unlens/injection.hdf

[global]
instruments = E1 E2 E3 C1 C2
mass1_ref = 30.000000001673676
mass2_ref = 30.000000006554007
minchirp = 26.116416902465033
maxchirp = 26.116616902465033
mincov = 177451305008.0699
maxcov = 17745130500806.99
