
[data]
trigger-time = 1421202429.7401352
injection-file = /work/shashwat.singh/Prospects-of-LGWs/unlens/injection.hdf

[global]
instruments = E1 E2 E3 C1 C2
mass1_ref = 30.00000000177964
mass2_ref = 30.000000006727795
minchirp = 26.1164169025868
maxchirp = 26.1166169025868
mincov = 16674873791.216427
maxcov = 1667487379121.6428
