
[data]
trigger-time = 1640218092.8502197
injection-file = /work/shashwat.singh/Prospects-of-LGWs/unlens/injection.hdf

[global]
instruments = E1 E2 E3 C1 C2
mass1_ref = 30.00000000497993
mass2_ref = 30.00000000628701
minchirp = 26.116416903787943
maxchirp = 26.116616903787943
mincov = 31427622984.37655
maxcov = 3142762298437.6553
