
[data]
trigger-time = 1477361996.294315
injection-file = /work/shashwat.singh/Prospects-of-LGWs/unlens/injection.hdf

[global]
instruments = E1 E2 E3 C1 C2
mass1_ref = 30.00000000199147
mass2_ref = 30.00000000544092
minchirp = 26.11641690211886
maxchirp = 26.11661690211886
mincov = 4511105460.9002695
maxcov = 451110546090.0269
