
[data]
trigger-time = 1450667785.6575546
injection-file = /work/shashwat.singh/Prospects-of-LGWs/unlens/injection.hdf

[global]
instruments = E1 E2 E3 C1 C2
mass1_ref = 30.000000001299558
mass2_ref = 30.000000000274103
minchirp = 26.116416899568698
maxchirp = 26.116616899568697
mincov = 11847057198.110897
maxcov = 1184705719811.0898
