
[data]
trigger-time = 1947749034.5662813
injection-file = /work/shashwat.singh/Prospects-of-LGWs/unlens/injection.hdf

[global]
instruments = E1 E2 E3 C1 C2
mass1_ref = 30.00000000752843
mass2_ref = 30.0000000068722
minchirp = 26.11641690515196
maxchirp = 26.11661690515196
mincov = 85698201958.63922
maxcov = 8569820195863.922
