
[data]
trigger-time = 1759310671.0488634
injection-file = /work/shashwat.singh/Prospects-of-LGWs/unlens/injection.hdf

[global]
instruments = E1 E2 E3 C1 C2
mass1_ref = 30.000000001489777
mass2_ref = 30.000000008656578
minchirp = 26.11641690330018
maxchirp = 26.11661690330018
mincov = 144364499528.9345
maxcov = 14436449952893.45
