
[data]
trigger-time = 1185979686.5871816
injection-file = /work/shashwat.singh/Prospects-of-LGWs/unlens/injection.hdf

[global]
instruments = E1 E2 E3 C1 C2
mass1_ref = 30.000000005760935
mass2_ref = 30.00000000803946
minchirp = 26.116416904890695
maxchirp = 26.116616904890694
mincov = 110221957320.41782
maxcov = 11022195732041.781
