
[data]
trigger-time = 1411745087.8829312
injection-file = /work/shashwat.singh/Prospects-of-LGWs/unlens/injection.hdf

[global]
instruments = E1 E2 E3 C1 C2
mass1_ref = 30.00000000302086
mass2_ref = 30.000000002547516
minchirp = 26.1164169013075
maxchirp = 26.1166169013075
mincov = 158788796544.94852
maxcov = 15878879654494.852
