
[data]
trigger-time = 1983181422.4068382
injection-file = /work/shashwat.singh/Prospects-of-LGWs/unlens/injection.hdf

[global]
instruments = E1 E2 E3 C1 C2
mass1_ref = 30.000000002025672
mass2_ref = 30.00000000580721
minchirp = 26.116416902293185
maxchirp = 26.116616902293185
mincov = 116521334781.78415
maxcov = 11652133478178.416
