
[data]
trigger-time = 1690384830.1444368
injection-file = /work/shashwat.singh/Prospects-of-LGWs/unlens/injection.hdf

[global]
instruments = E1 E2 E3 C1 C2
mass1_ref = 30.00000000895979
mass2_ref = 30.000000004445695
minchirp = 26.116416904718804
maxchirp = 26.116616904718803
mincov = 148864152038.2197
maxcov = 14886415203821.97
