
[data]
trigger-time = 1520840260.9208457
injection-file = /work/shashwat.singh/Prospects-of-LGWs/unlens/injection.hdf

[global]
instruments = E1 E2 E3 C1 C2
mass1_ref = 30.00000000328352
mass2_ref = 30.000000004862574
minchirp = 26.116416902429517
maxchirp = 26.116616902429517
mincov = 2726573200.025172
maxcov = 272657320002.5172
