
[data]
trigger-time = 1155470585.7036042
injection-file = /work/shashwat.singh/Prospects-of-LGWs/unlens/injection.hdf

[global]
instruments = E1 E2 E3 C1 C2
mass1_ref = 30.000000001015096
mass2_ref = 30.000000006999468
minchirp = 26.11641690237227
maxchirp = 26.116616902372268
mincov = 57994930643.46509
maxcov = 5799493064346.509
