
[data]
trigger-time = 1655517447.111117
injection-file = /work/shashwat.singh/Prospects-of-LGWs/unlens/injection.hdf

[global]
instruments = E1 E2 E3 C1 C2
mass1_ref = 30.00000000878394
mass2_ref = 30.000000007878143
minchirp = 26.11641690613632
maxchirp = 26.11661690613632
mincov = 179259579928.83905
maxcov = 17925957992883.906
