
[data]
trigger-time = 1832813175.6579475
injection-file = /work/shashwat.singh/Prospects-of-LGWs/unlens/injection.hdf

[global]
instruments = E1 E2 E3 C1 C2
mass1_ref = 30.000000004468035
mass2_ref = 30.000000006315656
minchirp = 26.116416903577598
maxchirp = 26.116616903577597
mincov = 52815390935.36952
maxcov = 5281539093536.952
