
[data]
trigger-time = 1538386704.5174353
injection-file = /work/shashwat.singh/Prospects-of-LGWs/unlens/injection.hdf

[global]
instruments = E1 E2 E3 C1 C2
mass1_ref = 30.00000000571726
mass2_ref = 30.000000001894605
minchirp = 26.11641690219698
maxchirp = 26.11661690219698
mincov = 40745820402.35388
maxcov = 4074582040235.388
