
[data]
trigger-time = 1159322396.6372871
injection-file = /work/shashwat.singh/Prospects-of-LGWs/unlens/injection.hdf

[global]
instruments = E1 E2 E3 C1 C2
mass1_ref = 30.0000000078532
mass2_ref = 30.00000000552436
minchirp = 26.116416904706643
maxchirp = 26.116616904706643
mincov = 33718301821.39792
maxcov = 3371830182139.792
