
[data]
trigger-time = 1032513246.1650178
injection-file = /work/shashwat.singh/Prospects-of-LGWs/unlens/injection.hdf

[global]
instruments = E1 E2 E3 C1 C2
mass1_ref = 30.000000006179796
mass2_ref = 30.000000004946116
minchirp = 26.11641690372656
maxchirp = 26.11661690372656
mincov = 90548943505.00516
maxcov = 9054894350500.516
