
[data]
trigger-time = 1921449765.7114534
injection-file = /work/shashwat.singh/Prospects-of-LGWs/unlens/injection.hdf

[global]
instruments = E1 E2 E3 C1 C2
mass1_ref = 30.00000000230033
mass2_ref = 30.000000008253345
minchirp = 26.11641690347748
maxchirp = 26.116616903477478
mincov = 64344566332.7572
maxcov = 6434456633275.721
