
[data]
trigger-time = 1269226742.7311172
injection-file = /work/shashwat.singh/Prospects-of-LGWs/unlens/injection.hdf

[global]
instruments = E1 E2 E3 C1 C2
mass1_ref = 30.000000007195393
mass2_ref = 30.00000000561517
minchirp = 26.116416904459847
maxchirp = 26.116616904459846
mincov = 34113194261.542217
maxcov = 3411319426154.2217
