
[data]
trigger-time = 1580668929.2678134
injection-file = /work/shashwat.singh/Prospects-of-LGWs/unlens/injection.hdf

[global]
instruments = E1 E2 E3 C1 C2
mass1_ref = 30.000000006646516
mass2_ref = 30.000000000367752
minchirp = 26.116416901936862
maxchirp = 26.11661690193686
mincov = 94357665661.48026
maxcov = 9435766566148.025
