
[data]
trigger-time = 1838937324.7541146
injection-file = /work/shashwat.singh/Prospects-of-LGWs/unlens/injection.hdf

[global]
instruments = E1 E2 E3 C1 C2
mass1_ref = 30.000000007660432
mass2_ref = 30.000000001308738
minchirp = 26.116416902787783
maxchirp = 26.116616902787783
mincov = 83036776704.49443
maxcov = 8303677670449.443
