
[data]
trigger-time = 1796367149.1932912
injection-file = /work/shashwat.singh/Prospects-of-LGWs/unlens/injection.hdf

[global]
instruments = E1 E2 E3 C1 C2
mass1_ref = 30.00000000675527
mass2_ref = 30.000000006093494
minchirp = 26.116416904476473
maxchirp = 26.116616904476473
mincov = 147622243441.18817
maxcov = 14762224344118.816
