
[data]
trigger-time = 1514334766.8000002
injection-file = /work/shashwat.singh/Prospects-of-LGWs/unlens/injection.hdf

[global]
instruments = E1 E2 E3 C1 C2
mass1_ref = 30.000000000102126
mass2_ref = 30.000000008337754
minchirp = 26.116416902557397
maxchirp = 26.116616902557396
mincov = 91878334547.58409
maxcov = 9187833454758.41
