
[data]
trigger-time = 1922599072.1387172
injection-file = /work/shashwat.singh/Prospects-of-LGWs/unlens/injection.hdf

[global]
instruments = E1 E2 E3 C1 C2
mass1_ref = 30.00000000185348
mass2_ref = 30.000000003383157
minchirp = 26.116416901163102
maxchirp = 26.116616901163102
mincov = 144900937597.85992
maxcov = 14490093759785.992
