
[data]
trigger-time = 1880123582.3556423
injection-file = /work/shashwat.singh/Prospects-of-LGWs/unlens/injection.hdf

[global]
instruments = E1 E2 E3 C1 C2
mass1_ref = 30.00000000505538
mass2_ref = 30.00000000008895
minchirp = 26.116416901122925
maxchirp = 26.116616901122924
mincov = 121721814663.86649
maxcov = 12172181466386.648
