
[data]
trigger-time = 1450140087.727769
injection-file = /work/shashwat.singh/Prospects-of-LGWs/unlens/injection.hdf

[global]
instruments = E1 E2 E3 C1 C2
mass1_ref = 30.00000000964338
mass2_ref = 30.000000005702265
minchirp = 26.116416905563305
maxchirp = 26.116616905563305
mincov = 70748182609.33023
maxcov = 7074818260933.023
