
[data]
trigger-time = 1984804442.5814695
injection-file = /work/shashwat.singh/Prospects-of-LGWs/unlens/injection.hdf

[global]
instruments = E1 E2 E3 C1 C2
mass1_ref = 30.000000007217185
mass2_ref = 30.00000000375017
minchirp = 26.11641690365754
maxchirp = 26.11661690365754
mincov = 45212292114.54015
maxcov = 4521229211454.016
