
[data]
trigger-time = 1513563275.421309
injection-file = /work/shashwat.singh/Prospects-of-LGWs/unlens/injection.hdf

[global]
instruments = E1 E2 E3 C1 C2
mass1_ref = 30.000000001350305
mass2_ref = 30.000000005650232
minchirp = 26.116416901930883
maxchirp = 26.116616901930882
mincov = 71880797617.87357
maxcov = 7188079761787.355
