
[data]
trigger-time = 1787095242.9054296
injection-file = /work/shashwat.singh/Prospects-of-LGWs/unlens/injection.hdf

[global]
instruments = E1 E2 E3 C1 C2
mass1_ref = 30.000000000656144
mass2_ref = 30.0000000027499
minchirp = 26.11641690036629
maxchirp = 26.11661690036629
mincov = 127254976186.125
maxcov = 12725497618612.5
