
[data]
trigger-time = 1754064999.892994
injection-file = /work/shashwat.singh/Prospects-of-LGWs/unlens/injection.hdf

[global]
instruments = E1 E2 E3 C1 C2
mass1_ref = 30.000000002012296
mass2_ref = 30.000000007005564
minchirp = 26.116416902808975
maxchirp = 26.116616902808975
mincov = 75547915953.82637
maxcov = 7554791595382.637
