
[data]
trigger-time = 1367521954.4010973
injection-file = /work/shashwat.singh/Prospects-of-LGWs/unlens/injection.hdf

[global]
instruments = E1 E2 E3 C1 C2
mass1_ref = 30.000000000261366
mass2_ref = 30.000000006345783
minchirp = 26.116416901759653
maxchirp = 26.116616901759652
mincov = 178002023468.42084
maxcov = 17800202346842.082
