
[data]
trigger-time = 1277364892.5351353
injection-file = /work/shashwat.singh/Prospects-of-LGWs/unlens/injection.hdf

[global]
instruments = E1 E2 E3 C1 C2
mass1_ref = 30.000000006112643
mass2_ref = 30.000000005506433
minchirp = 26.11641690394122
maxchirp = 26.11661690394122
mincov = 77261468880.42886
maxcov = 7726146888042.887
