
[data]
trigger-time = 1549921149.7278147
injection-file = /work/shashwat.singh/Prospects-of-LGWs/unlens/injection.hdf

[global]
instruments = E1 E2 E3 C1 C2
mass1_ref = 30.00000000132183
mass2_ref = 30.000000001500474
minchirp = 26.116416900112203
maxchirp = 26.116616900112202
mincov = 88588653757.93155
maxcov = 8858865375793.156
