
[data]
trigger-time = 1295296969.6375651
injection-file = /work/shashwat.singh/Prospects-of-LGWs/unlens/injection.hdf

[global]
instruments = E1 E2 E3 C1 C2
mass1_ref = 30.000000009837063
mass2_ref = 30.000000009800125
minchirp = 26.116416907431308
maxchirp = 26.116616907431307
mincov = 104384609118.4215
maxcov = 10438460911842.15
