
[data]
trigger-time = 1619908615.4556887
injection-file = /work/shashwat.singh/Prospects-of-LGWs/unlens/injection.hdf

[global]
instruments = E1 E2 E3 C1 C2
mass1_ref = 30.00000000437518
mass2_ref = 30.000000007398597
minchirp = 26.11641690400856
maxchirp = 26.11661690400856
mincov = 15704073875.94584
maxcov = 1570407387594.584
