
[data]
trigger-time = 1083931265.424769
injection-file = /work/shashwat.singh/Prospects-of-LGWs/unlens/injection.hdf

[global]
instruments = E1 E2 E3 C1 C2
mass1_ref = 30.00000000806479
mass2_ref = 30.00000000718625
minchirp = 26.11641690552213
maxchirp = 26.11661690552213
mincov = 4835092900.112181
maxcov = 483509290011.218
