
[data]
trigger-time = 1408433663.1871114
injection-file = /work/shashwat.singh/Prospects-of-LGWs/unlens/injection.hdf

[global]
instruments = E1 E2 E3 C1 C2
mass1_ref = 30.000000004384532
mass2_ref = 30.000000003770047
minchirp = 26.116416902433212
maxchirp = 26.11661690243321
mincov = 134684026823.50699
maxcov = 13468402682350.7
