
[data]
trigger-time = 1563021455.3042688
injection-file = /work/shashwat.singh/Prospects-of-LGWs/unlens/injection.hdf

[global]
instruments = E1 E2 E3 C1 C2
mass1_ref = 30.000000002296417
mass2_ref = 30.000000007246317
minchirp = 26.11641690303744
maxchirp = 26.11661690303744
mincov = 89108998409.52757
maxcov = 8910899840952.758
