
[data]
trigger-time = 1291571747.1716728
injection-file = /work/shashwat.singh/Prospects-of-LGWs/unlens/injection.hdf

[global]
instruments = E1 E2 E3 C1 C2
mass1_ref = 30.000000005703342
mass2_ref = 30.00000000306336
minchirp = 26.116416902699655
maxchirp = 26.116616902699654
mincov = 80663017083.16112
maxcov = 8066301708316.112
