
[data]
trigger-time = 1255203174.0800197
injection-file = /work/shashwat.singh/Prospects-of-LGWs/unlens/injection.hdf

[global]
instruments = E1 E2 E3 C1 C2
mass1_ref = 30.000000003091575
mass2_ref = 30.000000003496304
minchirp = 26.116416901751265
maxchirp = 26.116616901751264
mincov = 154520907420.7799
maxcov = 15452090742077.99
