
[data]
trigger-time = 1905181137.7638154
injection-file = /work/shashwat.singh/Prospects-of-LGWs/unlens/injection.hdf

[global]
instruments = E1 E2 E3 C1 C2
mass1_ref = 30.000000004349005
mass2_ref = 30.000000006064464
minchirp = 26.11641690341645
maxchirp = 26.11661690341645
mincov = 161563015373.3508
maxcov = 16156301537335.08
