
[data]
trigger-time = 1922219449.4113755
injection-file = /work/shashwat.singh/Prospects-of-LGWs/unlens/injection.hdf

[global]
instruments = E1 E2 E3 C1 C2
mass1_ref = 30.000000008837937
mass2_ref = 30.00000000350341
minchirp = 26.11641690425561
maxchirp = 26.116616904255608
mincov = 98720630086.38213
maxcov = 9872063008638.213
