
[data]
trigger-time = 1914371161.4058719
injection-file = /work/shashwat.singh/Prospects-of-LGWs/unlens/injection.hdf

[global]
instruments = E1 E2 E3 C1 C2
mass1_ref = 30.000000001934335
mass2_ref = 30.00000000397607
minchirp = 26.11641690145638
maxchirp = 26.11661690145638
mincov = 162089658775.18314
maxcov = 16208965877518.312
