
[data]
trigger-time = 1757523361.4400628
injection-file = /work/shashwat.singh/Prospects-of-LGWs/unlens/injection.hdf

[global]
instruments = E1 E2 E3 C1 C2
mass1_ref = 30.000000009945463
mass2_ref = 30.00000000239772
minchirp = 26.116416904256404
maxchirp = 26.116616904256404
mincov = 167548769694.2955
maxcov = 16754876969429.55
