
[data]
trigger-time = 1936825870.256349
injection-file = /work/shashwat.singh/Prospects-of-LGWs/unlens/injection.hdf

[global]
instruments = E1 E2 E3 C1 C2
mass1_ref = 30.000000002586898
mass2_ref = 30.000000001106873
minchirp = 26.11641690049153
maxchirp = 26.11661690049153
mincov = 125391285100.83017
maxcov = 12539128510083.018
