
[data]
trigger-time = 1357325078.0455666
injection-file = /work/shashwat.singh/Prospects-of-LGWs/unlens/injection.hdf

[global]
instruments = E1 E2 E3 C1 C2
mass1_ref = 30.000000007455583
mass2_ref = 30.000000002110966
minchirp = 26.116416903047806
maxchirp = 26.116616903047806
mincov = 162906694587.0538
maxcov = 16290669458705.38
