
[data]
trigger-time = 1299827755.7716422
injection-file = /work/shashwat.singh/Prospects-of-LGWs/unlens/injection.hdf

[global]
instruments = E1 E2 E3 C1 C2
mass1_ref = 30.00000000388998
mass2_ref = 30.00000000353208
minchirp = 26.116416902114363
maxchirp = 26.116616902114362
mincov = 155391398372.85205
maxcov = 15539139837285.205
