
[data]
trigger-time = 1334757833.8648505
injection-file = /work/shashwat.singh/Prospects-of-LGWs/unlens/injection.hdf

[global]
instruments = E1 E2 E3 C1 C2
mass1_ref = 30.000000004024574
mass2_ref = 30.000000005526957
minchirp = 26.11641690304127
maxchirp = 26.11661690304127
mincov = 1011650145.6584885
maxcov = 101165014565.84885
