
[data]
trigger-time = 1811604999.6393619
injection-file = /work/shashwat.singh/Prospects-of-LGWs/unlens/injection.hdf

[global]
instruments = E1 E2 E3 C1 C2
mass1_ref = 30.000000004692016
mass2_ref = 30.00000000002647
minchirp = 26.116416900937566
maxchirp = 26.116616900937565
mincov = 193982863.7074263
maxcov = 19398286370.74263
