
[data]
trigger-time = 1872991248.3109713
injection-file = /work/shashwat.singh/Prospects-of-LGWs/unlens/injection.hdf

[global]
instruments = E1 E2 E3 C1 C2
mass1_ref = 30.000000008260766
mass2_ref = 30.000000006472398
minchirp = 26.116416905296706
maxchirp = 26.116616905296706
mincov = 136627116005.55779
maxcov = 13662711600555.78
