
[data]
trigger-time = 1221239938.6976123
injection-file = /work/shashwat.singh/Prospects-of-LGWs/unlens/injection.hdf

[global]
instruments = E1 E2 E3 C1 C2
mass1_ref = 30.000000006266387
mass2_ref = 30.000000005205585
minchirp = 26.11641690387719
maxchirp = 26.11661690387719
mincov = 155659374574.56384
maxcov = 15565937457456.385
