
[data]
trigger-time = 1001042598.6000202
injection-file = /work/shashwat.singh/Prospects-of-LGWs/unlens/injection.hdf

[global]
instruments = E1 E2 E3 C1 C2
mass1_ref = 30.000000007538922
mass2_ref = 30.000000001219714
minchirp = 26.11641690269614
maxchirp = 26.11661690269614
mincov = 123886186984.46306
maxcov = 12388618698446.307
