
[data]
trigger-time = 1588452988.6798553
injection-file = /work/shashwat.singh/Prospects-of-LGWs/unlens/injection.hdf

[global]
instruments = E1 E2 E3 C1 C2
mass1_ref = 30.000000000056545
mass2_ref = 30.00000000040317
minchirp = 26.116416899083827
maxchirp = 26.116616899083827
mincov = 30272751524.300262
maxcov = 3027275152430.0264
