
[data]
trigger-time = 1714412140.3823452
injection-file = /work/shashwat.singh/Prospects-of-LGWs/unlens/injection.hdf

[global]
instruments = E1 E2 E3 C1 C2
mass1_ref = 30.000000004754472
mass2_ref = 30.000000008726392
minchirp = 26.11641690475161
maxchirp = 26.11661690475161
mincov = 7566706.258722337
maxcov = 756670625.8722336
