
[data]
trigger-time = 1991740782.6731853
injection-file = /work/shashwat.singh/Prospects-of-LGWs/unlens/injection.hdf

[global]
instruments = E1 E2 E3 C1 C2
mass1_ref = 30.00000000775432
mass2_ref = 30.00000000817711
minchirp = 26.116416905818284
maxchirp = 26.116616905818283
mincov = 68935765328.13712
maxcov = 6893576532813.712
