
[data]
trigger-time = 1718314040.6980004
injection-file = /work/shashwat.singh/Prospects-of-LGWs/unlens/injection.hdf

[global]
instruments = E1 E2 E3 C1 C2
mass1_ref = 30.000000006401944
mass2_ref = 30.000000000980737
minchirp = 26.11641690209722
maxchirp = 26.11661690209722
mincov = 176904680296.7555
maxcov = 17690468029675.55
