
[data]
trigger-time = 1936848304.6727295
injection-file = /work/shashwat.singh/Prospects-of-LGWs/unlens/injection.hdf

[global]
instruments = E1 E2 E3 C1 C2
mass1_ref = 30.000000000701
mass2_ref = 30.000000009810776
minchirp = 26.11641690345924
maxchirp = 26.11661690345924
mincov = 112754814030.83772
maxcov = 11275481403083.771
