
[data]
trigger-time = 1146681370.6098309
injection-file = /work/shashwat.singh/Prospects-of-LGWs/unlens/injection.hdf

[global]
instruments = E1 E2 E3 C1 C2
mass1_ref = 30.00000000868227
mass2_ref = 30.00000000977494
minchirp = 26.116416906917692
maxchirp = 26.11661690691769
mincov = 62227324747.38139
maxcov = 6222732474738.14
