
[data]
trigger-time = 1410946493.5317361
injection-file = /work/shashwat.singh/Prospects-of-LGWs/unlens/injection.hdf

[global]
instruments = E1 E2 E3 C1 C2
mass1_ref = 30.000000004253764
mass2_ref = 30.000000009232824
minchirp = 26.1164169047541
maxchirp = 26.1166169047541
mincov = 60533504347.35763
maxcov = 6053350434735.763
