
[data]
trigger-time = 1674049976.9176795
injection-file = /work/shashwat.singh/Prospects-of-LGWs/unlens/injection.hdf

[global]
instruments = E1 E2 E3 C1 C2
mass1_ref = 30.000000001925354
mass2_ref = 30.000000004155833
minchirp = 26.116416901530716
maxchirp = 26.116616901530715
mincov = 178485339312.37167
maxcov = 17848533931237.168
