
[data]
trigger-time = 1154624800.4437134
injection-file = /work/shashwat.singh/Prospects-of-LGWs/unlens/injection.hdf

[global]
instruments = E1 E2 E3 C1 C2
mass1_ref = 30.000000003699135
mass2_ref = 30.000000005518945
minchirp = 26.116416902896127
maxchirp = 26.116616902896126
mincov = 105134692945.0083
maxcov = 10513469294500.83
