
[data]
trigger-time = 1798210090.818622
injection-file = /work/shashwat.singh/Prospects-of-LGWs/unlens/injection.hdf

[global]
instruments = E1 E2 E3 C1 C2
mass1_ref = 30.000000006054194
mass2_ref = 30.000000003509935
minchirp = 26.116416903046755
maxchirp = 26.116616903046754
mincov = 63501343285.24675
maxcov = 6350134328524.676
