
[data]
trigger-time = 1286914540.550191
injection-file = /work/shashwat.singh/Prospects-of-LGWs/unlens/injection.hdf

[global]
instruments = E1 E2 E3 C1 C2
mass1_ref = 30.000000004145505
mass2_ref = 30.000000004582308
minchirp = 26.116416902682726
maxchirp = 26.116616902682726
mincov = 23211586982.45647
maxcov = 2321158698245.647
