
[data]
trigger-time = 1825787192.5583966
injection-file = /work/shashwat.singh/Prospects-of-LGWs/unlens/injection.hdf

[global]
instruments = E1 E2 E3 C1 C2
mass1_ref = 30.000000003853266
mass2_ref = 30.00000000879208
minchirp = 26.116416904387933
maxchirp = 26.116616904387932
mincov = 156030017519.29825
maxcov = 15603001751929.824
