
[data]
trigger-time = 1998992856.7067919
injection-file = /work/shashwat.singh/Prospects-of-LGWs/unlens/injection.hdf

[global]
instruments = E1 E2 E3 C1 C2
mass1_ref = 30.000000009887664
mass2_ref = 30.000000003908944
minchirp = 26.116416904889046
maxchirp = 26.116616904889046
mincov = 21658728794.85277
maxcov = 2165872879485.277
