
[data]
trigger-time = 1442395495.6946163
injection-file = /work/shashwat.singh/Prospects-of-LGWs/unlens/injection.hdf

[global]
instruments = E1 E2 E3 C1 C2
mass1_ref = 30.00000000435802
mass2_ref = 30.0000000036369
minchirp = 26.116416902363714
maxchirp = 26.116616902363713
mincov = 128493338230.2094
maxcov = 12849333823020.94
