
[data]
trigger-time = 1077055237.3556027
injection-file = /work/shashwat.singh/Prospects-of-LGWs/unlens/injection.hdf

[global]
instruments = E1 E2 E3 C1 C2
mass1_ref = 30.00000000146481
mass2_ref = 30.000000006218514
minchirp = 26.116416902228085
maxchirp = 26.116616902228085
mincov = 96981996140.25513
maxcov = 9698199614025.512
