
[data]
trigger-time = 1844144633.9258156
injection-file = /work/shashwat.singh/Prospects-of-LGWs/unlens/injection.hdf

[global]
instruments = E1 E2 E3 C1 C2
mass1_ref = 30.000000008468277
mass2_ref = 30.000000000227125
minchirp = 26.116416902668618
maxchirp = 26.116616902668618
mincov = 142971079900.99298
maxcov = 14297107990099.299
