
[data]
trigger-time = 1083700950.6842332
injection-file = /work/shashwat.singh/Prospects-of-LGWs/unlens/injection.hdf

[global]
instruments = E1 E2 E3 C1 C2
mass1_ref = 30.000000003721755
mass2_ref = 30.000000006657878
minchirp = 26.116416903401724
maxchirp = 26.116616903401724
mincov = 169228894683.85077
maxcov = 16922889468385.076
