
[data]
trigger-time = 1031581629.6816895
injection-file = /work/shashwat.singh/Prospects-of-LGWs/unlens/injection.hdf

[global]
instruments = E1 E2 E3 C1 C2
mass1_ref = 30.000000006242807
mass2_ref = 30.000000003810058
minchirp = 26.116416903259488
maxchirp = 26.116616903259487
mincov = 167081931474.72345
maxcov = 16708193147472.346
