
[data]
trigger-time = 1006636002.6730303
injection-file = /work/shashwat.singh/Prospects-of-LGWs/unlens/injection.hdf

[global]
instruments = E1 E2 E3 C1 C2
mass1_ref = 30.000000002869207
mass2_ref = 30.0000000006768
minchirp = 26.11641690042721
maxchirp = 26.11661690042721
mincov = 136501721620.79411
maxcov = 13650172162079.412
