
[data]
trigger-time = 1597248307.5704575
injection-file = /work/shashwat.singh/Prospects-of-LGWs/unlens/injection.hdf

[global]
instruments = E1 E2 E3 C1 C2
mass1_ref = 30.00000000654086
mass2_ref = 30.000000007264692
minchirp = 26.11641690489294
maxchirp = 26.11661690489294
mincov = 106640688160.09714
maxcov = 10664068816009.713
