
[data]
trigger-time = 1122986791.768793
injection-file = /work/shashwat.singh/Prospects-of-LGWs/unlens/injection.hdf

[global]
instruments = E1 E2 E3 C1 C2
mass1_ref = 30.000000000043084
mass2_ref = 30.000000003639574
minchirp = 26.116416900486694
maxchirp = 26.116616900486694
mincov = 4926039994.383113
maxcov = 492603999438.3113
