
[data]
trigger-time = 1150592287.1264355
injection-file = /work/shashwat.singh/Prospects-of-LGWs/unlens/injection.hdf

[global]
instruments = E1 E2 E3 C1 C2
mass1_ref = 30.00000000971961
mass2_ref = 30.000000007883642
minchirp = 26.116416906545986
maxchirp = 26.116616906545985
mincov = 57658481688.85282
maxcov = 5765848168885.282
