
[data]
trigger-time = 1424497641.4898424
injection-file = /work/shashwat.singh/Prospects-of-LGWs/unlens/injection.hdf

[global]
instruments = E1 E2 E3 C1 C2
mass1_ref = 30.00000000625534
mass2_ref = 30.000000003499036
minchirp = 26.116416903129565
maxchirp = 26.116616903129565
mincov = 149494063438.87924
maxcov = 14949406343887.926
