
[data]
trigger-time = 1803954841.861782
injection-file = /work/shashwat.singh/Prospects-of-LGWs/unlens/injection.hdf

[global]
instruments = E1 E2 E3 C1 C2
mass1_ref = 30.000000006102276
mass2_ref = 30.000000005117666
minchirp = 26.11641690376749
maxchirp = 26.11661690376749
mincov = 153878890308.52118
maxcov = 15387889030852.117
