
[data]
trigger-time = 1679280234.2881265
injection-file = /work/shashwat.singh/Prospects-of-LGWs/unlens/injection.hdf

[global]
instruments = E1 E2 E3 C1 C2
mass1_ref = 30.00000000945786
mass2_ref = 30.000000003839144
minchirp = 26.11641690467158
maxchirp = 26.11661690467158
mincov = 83124547080.9376
maxcov = 8312454708093.761
