
[data]
trigger-time = 1325501653.5430727
injection-file = /work/shashwat.singh/Prospects-of-LGWs/unlens/injection.hdf

[global]
instruments = E1 E2 E3 C1 C2
mass1_ref = 30.000000003527838
mass2_ref = 30.000000007723365
minchirp = 26.116416903781094
maxchirp = 26.116616903781093
mincov = 79438697439.07726
maxcov = 7943869743907.726
