
[data]
trigger-time = 1141074893.958259
injection-file = /work/shashwat.singh/Prospects-of-LGWs/unlens/injection.hdf

[global]
instruments = E1 E2 E3 C1 C2
mass1_ref = 30.000000007031208
mass2_ref = 30.000000007111144
minchirp = 26.11641690503954
maxchirp = 26.11661690503954
mincov = 2991080579.0862417
maxcov = 299108057908.6242
