
[data]
trigger-time = 1566675243.1141188
injection-file = /work/shashwat.singh/Prospects-of-LGWs/unlens/injection.hdf

[global]
instruments = E1 E2 E3 C1 C2
mass1_ref = 30.000000007909765
mass2_ref = 30.00000000649156
minchirp = 26.116416905152267
maxchirp = 26.116616905152267
mincov = 42686373880.864456
maxcov = 4268637388086.446
