
[data]
trigger-time = 1905282647.3881211
injection-file = /work/shashwat.singh/Prospects-of-LGWs/unlens/injection.hdf

[global]
instruments = E1 E2 E3 C1 C2
mass1_ref = 30.000000000866045
mass2_ref = 30.000000004142105
minchirp = 26.11641690106365
maxchirp = 26.11661690106365
mincov = 149304878673.44095
maxcov = 14930487867344.094
