
[data]
trigger-time = 1057581772.3140446
injection-file = /work/shashwat.singh/Prospects-of-LGWs/unlens/injection.hdf

[global]
instruments = E1 E2 E3 C1 C2
mass1_ref = 30.00000000313327
mass2_ref = 30.000000007688914
minchirp = 26.116416903594352
maxchirp = 26.116616903594352
mincov = 31696023448.519337
maxcov = 3169602344851.9336
