
[data]
trigger-time = 1558322243.371657
injection-file = /work/shashwat.singh/Prospects-of-LGWs/unlens/injection.hdf

[global]
instruments = E1 E2 E3 C1 C2
mass1_ref = 30.00000000430651
mass2_ref = 30.000000008963
minchirp = 26.116416904659616
maxchirp = 26.116616904659615
mincov = 19736678003.27746
maxcov = 1973667800327.7456
