
[data]
trigger-time = 1701349094.6313252
injection-file = /work/shashwat.singh/Prospects-of-LGWs/unlens/injection.hdf

[global]
instruments = E1 E2 E3 C1 C2
mass1_ref = 30.000000003769582
mass2_ref = 30.00000000438878
minchirp = 26.11641690243486
maxchirp = 26.11661690243486
mincov = 104191800101.10591
maxcov = 10419180010110.59
