
[data]
trigger-time = 1516781869.4623783
injection-file = /work/shashwat.singh/Prospects-of-LGWs/unlens/injection.hdf

[global]
instruments = E1 E2 E3 C1 C2
mass1_ref = 30.00000000407033
mass2_ref = 30.000000001383142
minchirp = 26.116416901257487
maxchirp = 26.116616901257487
mincov = 103924907196.2189
maxcov = 10392490719621.89
