
[data]
trigger-time = 1306863755.3822067
injection-file = /work/shashwat.singh/Prospects-of-LGWs/unlens/injection.hdf

[global]
instruments = E1 E2 E3 C1 C2
mass1_ref = 30.00000000961991
mass2_ref = 30.000000008192224
minchirp = 26.116416906636907
maxchirp = 26.116616906636906
mincov = 77816843279.53494
maxcov = 7781684327953.494
