
[data]
trigger-time = 1064177085.9903828
injection-file = /work/shashwat.singh/Prospects-of-LGWs/unlens/injection.hdf

[global]
instruments = E1 E2 E3 C1 C2
mass1_ref = 30.000000005362196
mass2_ref = 30.00000000004294
minchirp = 26.116416901236448
maxchirp = 26.116616901236448
mincov = 82419213973.96996
maxcov = 8241921397396.996
