
[data]
trigger-time = 1461219068.4229891
injection-file = /work/shashwat.singh/Prospects-of-LGWs/unlens/injection.hdf

[global]
instruments = E1 E2 E3 C1 C2
mass1_ref = 30.00000000300734
mass2_ref = 30.0000000049048
minchirp = 26.116416902327686
maxchirp = 26.116616902327685
mincov = 121215291816.54549
maxcov = 12121529181654.549
