
[data]
trigger-time = 1842128072.5074434
injection-file = /work/shashwat.singh/Prospects-of-LGWs/unlens/injection.hdf

[global]
instruments = E1 E2 E3 C1 C2
mass1_ref = 30.000000003412858
mass2_ref = 30.0000000064586
minchirp = 26.116416903180525
maxchirp = 26.116616903180525
mincov = 60550573340.97909
maxcov = 6055057334097.909
