
[data]
trigger-time = 1519657622.9115148
injection-file = /work/shashwat.singh/Prospects-of-LGWs/unlens/injection.hdf

[global]
instruments = E1 E2 E3 C1 C2
mass1_ref = 30.000000000305935
mass2_ref = 30.000000000048594
minchirp = 26.116416899038043
maxchirp = 26.116616899038043
mincov = 159535351541.61182
maxcov = 15953535154161.182
