
[data]
trigger-time = 1947554376.1127777
injection-file = /work/shashwat.singh/Prospects-of-LGWs/unlens/injection.hdf

[global]
instruments = E1 E2 E3 C1 C2
mass1_ref = 30.000000005254428
mass2_ref = 30.00000000786742
minchirp = 26.11641690459534
maxchirp = 26.11661690459534
mincov = 177713349522.62033
maxcov = 17771334952262.035
