
[data]
trigger-time = 1050867272.3275663
injection-file = /work/shashwat.singh/Prospects-of-LGWs/unlens/injection.hdf

[global]
instruments = E1 E2 E3 C1 C2
mass1_ref = 30.000000001139377
mass2_ref = 30.000000004350092
minchirp = 26.116416901273155
maxchirp = 26.116616901273154
mincov = 153044886549.54437
maxcov = 15304488654954.438
