
[data]
trigger-time = 1208924733.2308316
injection-file = /work/shashwat.singh/Prospects-of-LGWs/unlens/injection.hdf

[global]
instruments = E1 E2 E3 C1 C2
mass1_ref = 30.000000006798793
mass2_ref = 30.00000000975024
minchirp = 26.11641690608711
maxchirp = 26.11661690608711
mincov = 44531888422.27893
maxcov = 4453188842227.893
