
[data]
trigger-time = 1554304410.0495417
injection-file = /work/shashwat.singh/Prospects-of-LGWs/unlens/injection.hdf

[global]
instruments = E1 E2 E3 C1 C2
mass1_ref = 30.000000004010747
mass2_ref = 30.000000007728808
minchirp = 26.116416903993663
maxchirp = 26.116616903993663
mincov = 123231505254.84724
maxcov = 12323150525484.725
