
[data]
trigger-time = 1709943837.3433807
injection-file = /work/shashwat.singh/Prospects-of-LGWs/unlens/injection.hdf

[global]
instruments = E1 E2 E3 C1 C2
mass1_ref = 30.00000000833652
mass2_ref = 30.000000005708948
minchirp = 26.11641690499737
maxchirp = 26.116616904997368
mincov = 177518441544.69946
maxcov = 17751844154469.945
