
[data]
trigger-time = 1536210024.606391
injection-file = /work/shashwat.singh/Prospects-of-LGWs/unlens/injection.hdf

[global]
instruments = E1 E2 E3 C1 C2
mass1_ref = 30.00000000734973
mass2_ref = 30.000000003687408
minchirp = 26.116416903687917
maxchirp = 26.116616903687916
mincov = 1864799732.9748085
maxcov = 186479973297.48083
