
[data]
trigger-time = 1726668983.6337295
injection-file = /work/shashwat.singh/Prospects-of-LGWs/unlens/injection.hdf

[global]
instruments = E1 E2 E3 C1 C2
mass1_ref = 30.000000002833477
mass2_ref = 30.00000000269433
minchirp = 26.116416901289842
maxchirp = 26.11661690128984
mincov = 138743711350.1061
maxcov = 13874371135010.61
