
[data]
trigger-time = 1646144366.9737363
injection-file = /work/shashwat.singh/Prospects-of-LGWs/unlens/injection.hdf

[global]
instruments = E1 E2 E3 C1 C2
mass1_ref = 30.000000003188593
mass2_ref = 30.00000000970064
minchirp = 26.116416904494088
maxchirp = 26.116616904494087
mincov = 58332591952.00563
maxcov = 5833259195200.5625
