
[data]
trigger-time = 1506659151.468061
injection-file = /work/shashwat.singh/Prospects-of-LGWs/unlens/injection.hdf

[global]
instruments = E1 E2 E3 C1 C2
mass1_ref = 30.000000000506667
mass2_ref = 30.00000000138067
minchirp = 26.116416899705236
maxchirp = 26.116616899705235
mincov = 143347361997.97586
maxcov = 14334736199797.586
