
[data]
trigger-time = 1920041861.4585726
injection-file = /work/shashwat.singh/Prospects-of-LGWs/unlens/injection.hdf

[global]
instruments = E1 E2 E3 C1 C2
mass1_ref = 30.00000000790144
mass2_ref = 30.000000002161514
minchirp = 26.11641690326388
maxchirp = 26.11661690326388
mincov = 50379481722.05516
maxcov = 5037948172205.517
