
[data]
trigger-time = 1144123600.2173433
injection-file = /work/shashwat.singh/Prospects-of-LGWs/unlens/injection.hdf

[global]
instruments = E1 E2 E3 C1 C2
mass1_ref = 30.000000002196604
mass2_ref = 30.00000000680959
minchirp = 26.1164169028039
maxchirp = 26.116616902803898
mincov = 46568146829.956894
maxcov = 4656814682995.689
