
[data]
trigger-time = 1732136442.2072105
injection-file = /work/shashwat.singh/Prospects-of-LGWs/unlens/injection.hdf

[global]
instruments = E1 E2 E3 C1 C2
mass1_ref = 30.000000004074156
mass2_ref = 30.000000000569763
minchirp = 26.116416900905108
maxchirp = 26.116616900905107
mincov = 175297208753.8258
maxcov = 17529720875382.58
