
[data]
trigger-time = 1035054008.7533565
injection-file = /work/shashwat.singh/Prospects-of-LGWs/unlens/injection.hdf

[global]
instruments = E1 E2 E3 C1 C2
mass1_ref = 30.000000009607007
mass2_ref = 30.000000005820443
minchirp = 26.11641690559891
maxchirp = 26.11661690559891
mincov = 146920183764.3318
maxcov = 14692018376433.18
