
[data]
trigger-time = 1086180114.8941708
injection-file = /work/shashwat.singh/Prospects-of-LGWs/unlens/injection.hdf

[global]
instruments = E1 E2 E3 C1 C2
mass1_ref = 30.00000000871018
mass2_ref = 30.000000009396558
minchirp = 26.11641690676514
maxchirp = 26.116616906765138
mincov = 5685955105.7810335
maxcov = 568595510578.1033
