
[data]
trigger-time = 1088531384.912636
injection-file = /work/shashwat.singh/Prospects-of-LGWs/unlens/injection.hdf

[global]
instruments = E1 E2 E3 C1 C2
mass1_ref = 30.00000000107765
mass2_ref = 30.00000000952094
minchirp = 26.11641690349703
maxchirp = 26.11661690349703
mincov = 92190494823.53745
maxcov = 9219049482353.744
