
[data]
trigger-time = 1444215440.119191
injection-file = /work/shashwat.singh/Prospects-of-LGWs/unlens/injection.hdf

[global]
instruments = E1 E2 E3 C1 C2
mass1_ref = 30.00000000102384
mass2_ref = 30.000000007346685
minchirp = 26.11641690252721
maxchirp = 26.11661690252721
mincov = 39834761880.28192
maxcov = 3983476188028.1924
