
[data]
trigger-time = 1082603298.1253672
injection-file = /work/shashwat.singh/Prospects-of-LGWs/unlens/injection.hdf

[global]
instruments = E1 E2 E3 C1 C2
mass1_ref = 30.000000007058567
mass2_ref = 30.0000000095462
minchirp = 26.11641690611137
maxchirp = 26.116616906111368
mincov = 162003346354.65253
maxcov = 16200334635465.252
