
[data]
trigger-time = 1314394709.7022276
injection-file = /work/shashwat.singh/Prospects-of-LGWs/unlens/injection.hdf

[global]
instruments = E1 E2 E3 C1 C2
mass1_ref = 30.00000000684873
mass2_ref = 30.000000009360583
minchirp = 26.116416905939236
maxchirp = 26.116616905939235
mincov = 152128495.4378348
maxcov = 15212849543.783482
