
[data]
trigger-time = 1511398635.164552
injection-file = /work/shashwat.singh/Prospects-of-LGWs/unlens/injection.hdf

[global]
instruments = E1 E2 E3 C1 C2
mass1_ref = 30.00000000684536
mass2_ref = 30.00000000283957
minchirp = 26.116416903099335
maxchirp = 26.116616903099334
mincov = 53134055132.96522
maxcov = 5313405513296.521
