
[data]
trigger-time = 1067959424.3505964
injection-file = /work/shashwat.singh/Prospects-of-LGWs/unlens/injection.hdf

[global]
instruments = E1 E2 E3 C1 C2
mass1_ref = 30.000000000613838
mass2_ref = 30.000000006754483
minchirp = 26.11641690209097
maxchirp = 26.11661690209097
mincov = 167454478078.57953
maxcov = 16745447807857.951
