
[data]
trigger-time = 1362257309.935957
injection-file = /work/shashwat.singh/Prospects-of-LGWs/unlens/injection.hdf

[global]
instruments = E1 E2 E3 C1 C2
mass1_ref = 30.00000000713219
mass2_ref = 30.000000007382784
minchirp = 26.116416905201735
maxchirp = 26.116616905201735
mincov = 147571842957.40036
maxcov = 14757184295740.037
