
[data]
trigger-time = 1753511407.6553617
injection-file = /work/shashwat.singh/Prospects-of-LGWs/unlens/injection.hdf

[global]
instruments = E1 E2 E3 C1 C2
mass1_ref = 30.00000000065275
mass2_ref = 30.000000008542713
minchirp = 26.116416902886282
maxchirp = 26.116616902886282
mincov = 105239956707.42911
maxcov = 10523995670742.91
