
[data]
trigger-time = 1428127102.5170822
injection-file = /work/shashwat.singh/Prospects-of-LGWs/unlens/injection.hdf

[global]
instruments = E1 E2 E3 C1 C2
mass1_ref = 30.000000002233218
mass2_ref = 30.000000002909143
minchirp = 26.116416901122065
maxchirp = 26.116616901122065
mincov = 10224640299.69944
maxcov = 1022464029969.944
