
[data]
trigger-time = 1679328177.7535598
injection-file = /work/shashwat.singh/Prospects-of-LGWs/unlens/injection.hdf

[global]
instruments = E1 E2 E3 C1 C2
mass1_ref = 30.000000000874397
mass2_ref = 30.000000004504134
minchirp = 26.116416901224866
maxchirp = 26.116616901224866
mincov = 53049924798.083725
maxcov = 5304992479808.373
