
[data]
trigger-time = 1953486990.0153906
injection-file = /work/shashwat.singh/Prospects-of-LGWs/unlens/injection.hdf

[global]
instruments = E1 E2 E3 C1 C2
mass1_ref = 30.00000000874092
mass2_ref = 30.00000000331023
minchirp = 26.11641690412929
maxchirp = 26.11661690412929
mincov = 129912221365.41277
maxcov = 12991222136541.277
