
[data]
trigger-time = 1127552578.4085286
injection-file = /work/shashwat.singh/Prospects-of-LGWs/unlens/injection.hdf

[global]
instruments = E1 E2 E3 C1 C2
mass1_ref = 30.000000002239133
mass2_ref = 30.00000000276678
minchirp = 26.116416901062674
maxchirp = 26.116616901062674
mincov = 166516469264.23834
maxcov = 16651646926423.832
