
[data]
trigger-time = 1578518057.7280498
injection-file = /work/shashwat.singh/Prospects-of-LGWs/unlens/injection.hdf

[global]
instruments = E1 E2 E3 C1 C2
mass1_ref = 30.000000004538656
mass2_ref = 30.000000005353236
minchirp = 26.11641690318942
maxchirp = 26.11661690318942
mincov = 529095067.2193985
maxcov = 52909506721.93985
