
[data]
trigger-time = 1687504923.817048
injection-file = /work/shashwat.singh/Prospects-of-LGWs/unlens/injection.hdf

[global]
instruments = E1 E2 E3 C1 C2
mass1_ref = 30.00000000789527
mass2_ref = 30.000000003840004
minchirp = 26.116416903991798
maxchirp = 26.116616903991797
mincov = 155961611251.48767
maxcov = 15596161125148.768
