
[data]
trigger-time = 1389482045.4461951
injection-file = /work/shashwat.singh/Prospects-of-LGWs/unlens/injection.hdf

[global]
instruments = E1 E2 E3 C1 C2
mass1_ref = 30.000000006906603
mass2_ref = 30.00000000987245
minchirp = 26.116416906187233
maxchirp = 26.116616906187232
mincov = 316342246.4777985
maxcov = 31634224647.77985
