
[data]
trigger-time = 1047889747.6694965
injection-file = /work/shashwat.singh/Prospects-of-LGWs/unlens/injection.hdf

[global]
instruments = E1 E2 E3 C1 C2
mass1_ref = 30.000000008690858
mass2_ref = 30.00000000914803
minchirp = 26.116416906648553
maxchirp = 26.116616906648552
mincov = 156267963346.914
maxcov = 15626796334691.402
