
[data]
trigger-time = 1614804163.1620562
injection-file = /work/shashwat.singh/Prospects-of-LGWs/unlens/injection.hdf

[global]
instruments = E1 E2 E3 C1 C2
mass1_ref = 30.000000002293227
mass2_ref = 30.000000001387647
minchirp = 26.116416900485916
maxchirp = 26.116616900485916
mincov = 98961793720.96593
maxcov = 9896179372096.594
