
[data]
trigger-time = 1896913118.8668933
injection-file = /work/shashwat.singh/Prospects-of-LGWs/unlens/injection.hdf

[global]
instruments = E1 E2 E3 C1 C2
mass1_ref = 30.000000008401877
mass2_ref = 30.000000009923085
minchirp = 26.116416906860128
maxchirp = 26.116616906860127
mincov = 25807635938.809395
maxcov = 2580763593880.9395
