
[data]
trigger-time = 1019233527.2686528
injection-file = /work/shashwat.singh/Prospects-of-LGWs/unlens/injection.hdf

[global]
instruments = E1 E2 E3 C1 C2
mass1_ref = 30.000000007410236
mass2_ref = 30.000000007612737
minchirp = 26.116416905422856
maxchirp = 26.116616905422855
mincov = 3487993849.45341
maxcov = 348799384945.34106
