
[data]
trigger-time = 1416246508.1468973
injection-file = /work/shashwat.singh/Prospects-of-LGWs/unlens/injection.hdf

[global]
instruments = E1 E2 E3 C1 C2
mass1_ref = 30.000000001459544
mass2_ref = 30.000000000985988
minchirp = 26.116416899948202
maxchirp = 26.116616899948202
mincov = 22259170061.624012
maxcov = 2225917006162.4014
