
[data]
trigger-time = 1789451972.6862867
injection-file = /work/shashwat.singh/Prospects-of-LGWs/unlens/injection.hdf

[global]
instruments = E1 E2 E3 C1 C2
mass1_ref = 30.000000001694026
mass2_ref = 30.000000004212925
minchirp = 26.116416901454876
maxchirp = 26.116616901454876
mincov = 47292137258.54558
maxcov = 4729213725854.559
