
[data]
trigger-time = 1271755989.2651935
injection-file = /work/shashwat.singh/Prospects-of-LGWs/unlens/injection.hdf

[global]
instruments = E1 E2 E3 C1 C2
mass1_ref = 30.0000000059217
mass2_ref = 30.00000000020803
minchirp = 26.116416901551844
maxchirp = 26.116616901551843
mincov = 30278616085.574898
maxcov = 3027861608557.4897
