
[data]
trigger-time = 1556507091.3365116
injection-file = /work/shashwat.singh/Prospects-of-LGWs/unlens/injection.hdf

[global]
instruments = E1 E2 E3 C1 C2
mass1_ref = 30.000000008935885
mass2_ref = 30.000000003493263
minchirp = 26.116416904293825
maxchirp = 26.116616904293824
mincov = 12272253012.350918
maxcov = 1227225301235.0918
