
[data]
trigger-time = 1212977860.2618496
injection-file = /work/shashwat.singh/Prospects-of-LGWs/unlens/injection.hdf

[global]
instruments = E1 E2 E3 C1 C2
mass1_ref = 30.00000000887365
mass2_ref = 30.000000002707047
minchirp = 26.116416903924513
maxchirp = 26.116616903924513
mincov = 44946745654.090324
maxcov = 4494674565409.032
