
[data]
trigger-time = 1825092734.6931014
injection-file = /work/shashwat.singh/Prospects-of-LGWs/unlens/injection.hdf

[global]
instruments = E1 E2 E3 C1 C2
mass1_ref = 30.000000008672174
mass2_ref = 30.000000006316387
minchirp = 26.116416905407874
maxchirp = 26.116616905407874
mincov = 122423970671.82935
maxcov = 12242397067182.934
