
[data]
trigger-time = 1357054010.2035167
injection-file = /work/shashwat.singh/Prospects-of-LGWs/unlens/injection.hdf

[global]
instruments = E1 E2 E3 C1 C2
mass1_ref = 30.000000004971092
mass2_ref = 30.00000000333588
minchirp = 26.116416902499545
maxchirp = 26.116616902499544
mincov = 55551434161.61145
maxcov = 5555143416161.145
