
[data]
trigger-time = 1119429167.04109
injection-file = /work/shashwat.singh/Prospects-of-LGWs/unlens/injection.hdf

[global]
instruments = E1 E2 E3 C1 C2
mass1_ref = 30.000000001041677
mass2_ref = 30.000000005905655
minchirp = 26.116416901907726
maxchirp = 26.116616901907726
mincov = 2300639845.372329
maxcov = 230063984537.23294
