
[data]
trigger-time = 1934537161.9558969
injection-file = /work/shashwat.singh/Prospects-of-LGWs/unlens/injection.hdf

[global]
instruments = E1 E2 E3 C1 C2
mass1_ref = 30.00000000421351
mass2_ref = 30.000000005701793
minchirp = 26.11641690319961
maxchirp = 26.11661690319961
mincov = 165173076737.16293
maxcov = 16517307673716.293
