
[data]
trigger-time = 1841871216.446208
injection-file = /work/shashwat.singh/Prospects-of-LGWs/unlens/injection.hdf

[global]
instruments = E1 E2 E3 C1 C2
mass1_ref = 30.000000000333944
mass2_ref = 30.000000007764747
minchirp = 26.116416902408886
maxchirp = 26.116616902408886
mincov = 112558930828.60286
maxcov = 11255893082860.285
