
[data]
trigger-time = 1395924285.0783594
injection-file = /work/shashwat.singh/Prospects-of-LGWs/unlens/injection.hdf

[global]
instruments = E1 E2 E3 C1 C2
mass1_ref = 30.000000003524825
mass2_ref = 30.000000009927163
minchirp = 26.11641690473904
maxchirp = 26.11661690473904
mincov = 161904381625.9966
maxcov = 16190438162599.66
