
[data]
trigger-time = 1872266658.29102
injection-file = /work/shashwat.singh/Prospects-of-LGWs/unlens/injection.hdf

[global]
instruments = E1 E2 E3 C1 C2
mass1_ref = 30.000000000919105
mass2_ref = 30.00000000870543
minchirp = 26.116416903073045
maxchirp = 26.116616903073044
mincov = 20998824420.250473
maxcov = 2099882442025.0474
