
[data]
trigger-time = 1238557004.4624014
injection-file = /work/shashwat.singh/Prospects-of-LGWs/unlens/injection.hdf

[global]
instruments = E1 E2 E3 C1 C2
mass1_ref = 30.00000000962524
mass2_ref = 30.000000004808072
minchirp = 26.116416905166187
maxchirp = 26.116616905166186
mincov = 167633398184.38495
maxcov = 16763339818438.496
