
[data]
trigger-time = 1668466836.6860986
injection-file = /work/shashwat.singh/Prospects-of-LGWs/unlens/injection.hdf

[global]
instruments = E1 E2 E3 C1 C2
mass1_ref = 30.00000000207599
mass2_ref = 30.000000009832746
minchirp = 26.116416904067304
maxchirp = 26.116616904067303
mincov = 156254427365.28046
maxcov = 15625442736528.045
