
[data]
trigger-time = 1328855235.3994508
injection-file = /work/shashwat.singh/Prospects-of-LGWs/unlens/injection.hdf

[global]
instruments = E1 E2 E3 C1 C2
mass1_ref = 30.000000000967095
mass2_ref = 30.000000007983434
minchirp = 26.11641690277967
maxchirp = 26.11661690277967
mincov = 6681305822.528354
maxcov = 668130582252.8354
