
[data]
trigger-time = 1802041503.529676
injection-file = /work/shashwat.singh/Prospects-of-LGWs/unlens/injection.hdf

[global]
instruments = E1 E2 E3 C1 C2
mass1_ref = 30.00000000386874
mass2_ref = 30.000000004233513
minchirp = 26.116416902410435
maxchirp = 26.116616902410435
mincov = 149867996823.74072
maxcov = 14986799682374.072
