
[data]
trigger-time = 1185557644.125083
injection-file = /work/shashwat.singh/Prospects-of-LGWs/unlens/injection.hdf

[global]
instruments = E1 E2 E3 C1 C2
mass1_ref = 30.0000000043823
mass2_ref = 30.0000000079946
minchirp = 26.116416904271084
maxchirp = 26.116616904271083
mincov = 25331729561.288536
maxcov = 2533172956128.8535
