
[data]
trigger-time = 1327693873.5538416
injection-file = /work/shashwat.singh/Prospects-of-LGWs/unlens/injection.hdf

[global]
instruments = E1 E2 E3 C1 C2
mass1_ref = 30.00000000529634
mass2_ref = 30.00000000975465
minchirp = 26.11641690543505
maxchirp = 26.11661690543505
mincov = 159374260598.0567
maxcov = 15937426059805.668
