
[data]
trigger-time = 1819035171.1258144
injection-file = /work/shashwat.singh/Prospects-of-LGWs/unlens/injection.hdf

[global]
instruments = E1 E2 E3 C1 C2
mass1_ref = 30.00000000322647
mass2_ref = 30.00000000998444
minchirp = 26.116416904634107
maxchirp = 26.116616904634107
mincov = 9086458168.740677
maxcov = 908645816874.0676
