
[data]
trigger-time = 1385660520.8761916
injection-file = /work/shashwat.singh/Prospects-of-LGWs/unlens/injection.hdf

[global]
instruments = E1 E2 E3 C1 C2
mass1_ref = 30.000000007069133
mass2_ref = 30.000000007409028
minchirp = 26.11641690518571
maxchirp = 26.116616905185708
mincov = 113146174862.35986
maxcov = 11314617486235.986
