
[data]
trigger-time = 1663047181.4083931
injection-file = /work/shashwat.singh/Prospects-of-LGWs/unlens/injection.hdf

[global]
instruments = E1 E2 E3 C1 C2
mass1_ref = 30.00000000909912
mass2_ref = 30.00000000739952
minchirp = 26.116416906065176
maxchirp = 26.116616906065175
mincov = 161883382578.77252
maxcov = 16188338257877.25
