
[data]
trigger-time = 1357103193.2543986
injection-file = /work/shashwat.singh/Prospects-of-LGWs/unlens/injection.hdf

[global]
instruments = E1 E2 E3 C1 C2
mass1_ref = 30.00000000508352
mass2_ref = 30.000000003350326
minchirp = 26.11641690255477
maxchirp = 26.11661690255477
mincov = 164892088400.66177
maxcov = 16489208840066.176
