
[data]
trigger-time = 1896282678.8796535
injection-file = /work/shashwat.singh/Prospects-of-LGWs/unlens/injection.hdf

[global]
instruments = E1 E2 E3 C1 C2
mass1_ref = 30.000000006179995
mass2_ref = 30.000000004044278
minchirp = 26.1164169033341
maxchirp = 26.116616903334098
mincov = 16514236229.080662
maxcov = 1651423622908.0662
