
[data]
trigger-time = 1278542604.2108626
injection-file = /work/shashwat.singh/Prospects-of-LGWs/unlens/injection.hdf

[global]
instruments = E1 E2 E3 C1 C2
mass1_ref = 30.000000006078803
mass2_ref = 30.000000004366566
minchirp = 26.116416903430334
maxchirp = 26.116616903430334
mincov = 38948763327.07912
maxcov = 3894876332707.911
