
[data]
trigger-time = 1788743269.0162258
injection-file = /work/shashwat.singh/Prospects-of-LGWs/unlens/injection.hdf

[global]
instruments = E1 E2 E3 C1 C2
mass1_ref = 30.00000000352065
mass2_ref = 30.000000002336005
minchirp = 26.11641690143298
maxchirp = 26.11661690143298
mincov = 967531161.0103114
maxcov = 96753116101.03113
