
[data]
trigger-time = 1548904056.3275874
injection-file = /work/shashwat.singh/Prospects-of-LGWs/unlens/injection.hdf

[global]
instruments = E1 E2 E3 C1 C2
mass1_ref = 30.000000000658222
mass2_ref = 30.00000000064824
minchirp = 26.116416899452393
maxchirp = 26.116616899452392
mincov = 165626073912.25238
maxcov = 16562607391225.238
