
[data]
trigger-time = 1300863181.7577283
injection-file = /work/shashwat.singh/Prospects-of-LGWs/unlens/injection.hdf

[global]
instruments = E1 E2 E3 C1 C2
mass1_ref = 30.00000000877279
mass2_ref = 30.000000003822347
minchirp = 26.116416904366076
maxchirp = 26.116616904366076
mincov = 173568059405.18185
maxcov = 17356805940518.186
