
[data]
trigger-time = 1279131568.3557458
injection-file = /work/shashwat.singh/Prospects-of-LGWs/unlens/injection.hdf

[global]
instruments = E1 E2 E3 C1 C2
mass1_ref = 30.000000001594124
mass2_ref = 30.00000000609973
minchirp = 26.116416902232668
maxchirp = 26.116616902232668
mincov = 11042708173.983376
maxcov = 1104270817398.3376
