
[data]
trigger-time = 1035345767.0579891
injection-file = /work/shashwat.singh/Prospects-of-LGWs/unlens/injection.hdf

[global]
instruments = E1 E2 E3 C1 C2
mass1_ref = 30.000000001323393
mass2_ref = 30.000000009767025
minchirp = 26.11641690371111
maxchirp = 26.116616903711108
mincov = 5020621724.546371
maxcov = 502062172454.63715
