
[data]
trigger-time = 1839757705.6625328
injection-file = /work/shashwat.singh/Prospects-of-LGWs/unlens/injection.hdf

[global]
instruments = E1 E2 E3 C1 C2
mass1_ref = 30.00000000315855
mass2_ref = 30.000000007813828
minchirp = 26.11641690365973
maxchirp = 26.11661690365973
mincov = 68322408142.66384
maxcov = 6832240814266.385
