
[data]
trigger-time = 1643413292.8271475
injection-file = /work/shashwat.singh/Prospects-of-LGWs/unlens/injection.hdf

[global]
instruments = E1 E2 E3 C1 C2
mass1_ref = 30.000000008989602
mass2_ref = 30.000000005968374
minchirp = 26.116416905394562
maxchirp = 26.11661690539456
mincov = 5574301266.615026
maxcov = 557430126661.5026
