
[data]
trigger-time = 1239040481.599539
injection-file = /work/shashwat.singh/Prospects-of-LGWs/unlens/injection.hdf

[global]
instruments = E1 E2 E3 C1 C2
mass1_ref = 30.00000000805851
mass2_ref = 30.000000003508504
minchirp = 26.116416903918562
maxchirp = 26.116616903918562
mincov = 28877522612.55708
maxcov = 2887752261255.708
