
[data]
trigger-time = 1612516622.6825519
injection-file = /work/shashwat.singh/Prospects-of-LGWs/unlens/injection.hdf

[global]
instruments = E1 E2 E3 C1 C2
mass1_ref = 30.000000000067125
mass2_ref = 30.000000005117016
minchirp = 26.11641690114025
maxchirp = 26.11661690114025
mincov = 127459301933.49142
maxcov = 12745930193349.143
