
[data]
trigger-time = 1265839126.9007046
injection-file = /work/shashwat.singh/Prospects-of-LGWs/unlens/injection.hdf

[global]
instruments = E1 E2 E3 C1 C2
mass1_ref = 30.000000009613768
mass2_ref = 30.000000000891006
minchirp = 26.116416903456194
maxchirp = 26.116616903456194
mincov = 154209827152.1938
maxcov = 15420982715219.379
