
[data]
trigger-time = 1214706387.9041622
injection-file = /work/shashwat.singh/Prospects-of-LGWs/unlens/injection.hdf

[global]
instruments = E1 E2 E3 C1 C2
mass1_ref = 30.000000000594518
mass2_ref = 30.000000004007557
minchirp = 26.116416900886893
maxchirp = 26.116616900886893
mincov = 128378826603.46928
maxcov = 12837882660346.93
