
[data]
trigger-time = 1704240725.8506212
injection-file = /work/shashwat.singh/Prospects-of-LGWs/unlens/injection.hdf

[global]
instruments = E1 E2 E3 C1 C2
mass1_ref = 30.00000000840334
mass2_ref = 30.000000005915577
minchirp = 26.116416905116395
maxchirp = 26.116616905116395
mincov = 32938127594.734814
maxcov = 3293812759473.4814
