
[data]
trigger-time = 1656054715.65665
injection-file = /work/shashwat.singh/Prospects-of-LGWs/unlens/injection.hdf

[global]
instruments = E1 E2 E3 C1 C2
mass1_ref = 30.00000000219018
mass2_ref = 30.000000008297732
minchirp = 26.116416903448854
maxchirp = 26.116616903448854
mincov = 56834457073.01349
maxcov = 5683445707301.349
