
[data]
trigger-time = 1163289779.6255283
injection-file = /work/shashwat.singh/Prospects-of-LGWs/unlens/injection.hdf

[global]
instruments = E1 E2 E3 C1 C2
mass1_ref = 30.000000006643027
mass2_ref = 30.000000006729717
minchirp = 26.11641690470455
maxchirp = 26.11661690470455
mincov = 166838571653.74933
maxcov = 16683857165374.932
