
[data]
trigger-time = 1435921027.0306835
injection-file = /work/shashwat.singh/Prospects-of-LGWs/unlens/injection.hdf

[global]
instruments = E1 E2 E3 C1 C2
mass1_ref = 30.000000008364324
mass2_ref = 30.000000002497586
minchirp = 26.116416903611643
maxchirp = 26.116616903611643
mincov = 51325834875.7665
maxcov = 5132583487576.65
