
[data]
trigger-time = 1743678182.0827758
injection-file = /work/shashwat.singh/Prospects-of-LGWs/unlens/injection.hdf

[global]
instruments = E1 E2 E3 C1 C2
mass1_ref = 30.000000007656507
mass2_ref = 30.00000000799078
minchirp = 26.116416905694603
maxchirp = 26.116616905694602
mincov = 122105280917.64043
maxcov = 12210528091764.043
