
[data]
trigger-time = 1114125656.981961
injection-file = /work/shashwat.singh/Prospects-of-LGWs/unlens/injection.hdf

[global]
instruments = E1 E2 E3 C1 C2
mass1_ref = 30.00000000303457
mass2_ref = 30.000000003889674
minchirp = 26.116416901897676
maxchirp = 26.116616901897675
mincov = 52580541292.05919
maxcov = 5258054129205.919
