
[data]
trigger-time = 1749889593.1623561
injection-file = /work/shashwat.singh/Prospects-of-LGWs/unlens/injection.hdf

[global]
instruments = E1 E2 E3 C1 C2
mass1_ref = 30.000000000979053
mass2_ref = 30.000000004028987
minchirp = 26.1164169010636
maxchirp = 26.1166169010636
mincov = 51649032953.43309
maxcov = 5164903295343.31
