
[data]
trigger-time = 1594797995.3098927
injection-file = /work/shashwat.singh/Prospects-of-LGWs/unlens/injection.hdf

[global]
instruments = E1 E2 E3 C1 C2
mass1_ref = 30.00000000360536
mass2_ref = 30.000000001799496
minchirp = 26.116416901236324
maxchirp = 26.116616901236323
mincov = 165878011028.46933
maxcov = 16587801102846.934
