
[data]
trigger-time = 1613875910.4999638
injection-file = /work/shashwat.singh/Prospects-of-LGWs/unlens/injection.hdf

[global]
instruments = E1 E2 E3 C1 C2
mass1_ref = 30.000000009797727
mass2_ref = 30.000000004646388
minchirp = 26.11641690517089
maxchirp = 26.11661690517089
mincov = 51736195524.62242
maxcov = 5173619552462.242
