
[data]
trigger-time = 1830272914.1965287
injection-file = /work/shashwat.singh/Prospects-of-LGWs/unlens/injection.hdf

[global]
instruments = E1 E2 E3 C1 C2
mass1_ref = 30.000000007652137
mass2_ref = 30.00000000603212
minchirp = 26.116416904840143
maxchirp = 26.116616904840143
mincov = 92875364922.38416
maxcov = 9287536492238.416
