
[data]
trigger-time = 1584630594.0994487
injection-file = /work/shashwat.singh/Prospects-of-LGWs/unlens/injection.hdf

[global]
instruments = E1 E2 E3 C1 C2
mass1_ref = 30.000000005869406
mass2_ref = 30.000000000789598
minchirp = 26.116416901782227
maxchirp = 26.116616901782226
mincov = 39920263039.66516
maxcov = 3992026303966.516
