
[data]
trigger-time = 1286816887.8628993
injection-file = /work/shashwat.singh/Prospects-of-LGWs/unlens/injection.hdf

[global]
instruments = E1 E2 E3 C1 C2
mass1_ref = 30.000000004834927
mass2_ref = 30.000000008461445
minchirp = 26.116416904671308
maxchirp = 26.116616904671307
mincov = 150721968159.95557
maxcov = 15072196815995.557
