
[data]
trigger-time = 1065569785.5604393
injection-file = /work/shashwat.singh/Prospects-of-LGWs/unlens/injection.hdf

[global]
instruments = E1 E2 E3 C1 C2
mass1_ref = 30.0000000076736
mass2_ref = 30.000000004340624
minchirp = 26.11641690411322
maxchirp = 26.11661690411322
mincov = 22909227438.73049
maxcov = 2290922743873.0493
