
[data]
trigger-time = 1398163967.7223787
injection-file = /work/shashwat.singh/Prospects-of-LGWs/unlens/injection.hdf

[global]
instruments = E1 E2 E3 C1 C2
mass1_ref = 30.000000006935643
mass2_ref = 30.000000007404807
minchirp = 26.116416905125767
maxchirp = 26.116616905125767
mincov = 99446820330.5167
maxcov = 9944682033051.668
