
[data]
trigger-time = 1273115715.3774688
injection-file = /work/shashwat.singh/Prospects-of-LGWs/unlens/injection.hdf

[global]
instruments = E1 E2 E3 C1 C2
mass1_ref = 30.000000003054776
mass2_ref = 30.00000000518359
minchirp = 26.11641690246968
maxchirp = 26.11661690246968
mincov = 100709927372.83604
maxcov = 10070992737283.605
