
[data]
trigger-time = 1392862300.3945403
injection-file = /work/shashwat.singh/Prospects-of-LGWs/unlens/injection.hdf

[global]
instruments = E1 E2 E3 C1 C2
mass1_ref = 30.000000005338453
mass2_ref = 30.000000000487095
minchirp = 26.11641690141944
maxchirp = 26.11661690141944
mincov = 13222602857.332954
maxcov = 1322260285733.2954
