
[data]
trigger-time = 1669099359.9213257
injection-file = /work/shashwat.singh/Prospects-of-LGWs/unlens/injection.hdf

[global]
instruments = E1 E2 E3 C1 C2
mass1_ref = 30.000000000104958
mass2_ref = 30.000000006628778
minchirp = 26.116416901814752
maxchirp = 26.11661690181475
mincov = 81456745590.95363
maxcov = 8145674559095.362
