
[data]
trigger-time = 1100248525.1224902
injection-file = /work/shashwat.singh/Prospects-of-LGWs/unlens/injection.hdf

[global]
instruments = E1 E2 E3 C1 C2
mass1_ref = 30.00000000362761
mass2_ref = 30.00000000355179
minchirp = 26.11641690200874
maxchirp = 26.11661690200874
mincov = 749274.8436750759
maxcov = 74927484.36750759
