
[data]
trigger-time = 1349106160.6865883
injection-file = /work/shashwat.singh/Prospects-of-LGWs/unlens/injection.hdf

[global]
instruments = E1 E2 E3 C1 C2
mass1_ref = 30.00000000520413
mass2_ref = 30.000000001137277
minchirp = 26.116416901643984
maxchirp = 26.116616901643983
mincov = 152158589485.57452
maxcov = 15215858948557.453
