
[data]
trigger-time = 1485066107.8358538
injection-file = /work/shashwat.singh/Prospects-of-LGWs/unlens/injection.hdf

[global]
instruments = E1 E2 E3 C1 C2
mass1_ref = 30.00000000359423
mass2_ref = 30.000000004161407
minchirp = 26.116416902259562
maxchirp = 26.116616902259562
mincov = 101755643710.2878
maxcov = 10175564371028.78
