
[data]
trigger-time = 1779305801.9745033
injection-file = /work/shashwat.singh/Prospects-of-LGWs/unlens/injection.hdf

[global]
instruments = E1 E2 E3 C1 C2
mass1_ref = 30.000000000762434
mass2_ref = 30.000000000047823
minchirp = 26.11641689923641
maxchirp = 26.11661689923641
mincov = 85165952922.87875
maxcov = 8516595292287.876
