
[data]
trigger-time = 1730301496.2149591
injection-file = /work/shashwat.singh/Prospects-of-LGWs/unlens/injection.hdf

[global]
instruments = E1 E2 E3 C1 C2
mass1_ref = 30.000000006786628
mass2_ref = 30.000000002517663
minchirp = 26.116416902933654
maxchirp = 26.116616902933654
mincov = 24103656467.905846
maxcov = 2410365646790.585
