
[data]
trigger-time = 1465785784.3094244
injection-file = /work/shashwat.singh/Prospects-of-LGWs/unlens/injection.hdf

[global]
instruments = E1 E2 E3 C1 C2
mass1_ref = 30.00000000077892
mass2_ref = 30.000000003355108
minchirp = 26.116416900683163
maxchirp = 26.116616900683162
mincov = 99106448888.66937
maxcov = 9910644888866.938
