
[data]
trigger-time = 1391532274.7562084
injection-file = /work/shashwat.singh/Prospects-of-LGWs/unlens/injection.hdf

[global]
instruments = E1 E2 E3 C1 C2
mass1_ref = 30.000000000686633
mass2_ref = 30.000000004616282
minchirp = 26.11641690119195
maxchirp = 26.11661690119195
mincov = 73536817112.67319
maxcov = 7353681711267.318
