
[data]
trigger-time = 1521042949.9143724
injection-file = /work/shashwat.singh/Prospects-of-LGWs/unlens/injection.hdf

[global]
instruments = E1 E2 E3 C1 C2
mass1_ref = 30.00000000817004
mass2_ref = 30.00000000776703
minchirp = 26.11641690582074
maxchirp = 26.116616905820738
mincov = 5548563006.126085
maxcov = 554856300612.6085
