
[data]
trigger-time = 1918846752.2826543
injection-file = /work/shashwat.singh/Prospects-of-LGWs/unlens/injection.hdf

[global]
instruments = E1 E2 E3 C1 C2
mass1_ref = 30.000000006227776
mass2_ref = 30.000000000557495
minchirp = 26.116416901837184
maxchirp = 26.116616901837183
mincov = 133656264499.22115
maxcov = 13365626449922.113
