
[data]
trigger-time = 1948021921.0145626
injection-file = /work/shashwat.singh/Prospects-of-LGWs/unlens/injection.hdf

[global]
instruments = E1 E2 E3 C1 C2
mass1_ref = 30.000000008019303
mass2_ref = 30.00000000532726
minchirp = 26.116416904693153
maxchirp = 26.116616904693153
mincov = 63794140929.43111
maxcov = 6379414092943.11
