
[data]
trigger-time = 1215280792.8434787
injection-file = /work/shashwat.singh/Prospects-of-LGWs/unlens/injection.hdf

[global]
instruments = E1 E2 E3 C1 C2
mass1_ref = 30.00000000723783
mass2_ref = 30.000000000749463
minchirp = 26.116416902360395
maxchirp = 26.116616902360395
mincov = 175059970690.90936
maxcov = 17505997069090.938
