
[data]
trigger-time = 1835673641.9395013
injection-file = /work/shashwat.singh/Prospects-of-LGWs/unlens/injection.hdf

[global]
instruments = E1 E2 E3 C1 C2
mass1_ref = 30.000000008482562
mass2_ref = 30.00000000873157
minchirp = 26.11641690637661
maxchirp = 26.11661690637661
mincov = 139291095772.9843
maxcov = 13929109577298.43
