
[data]
trigger-time = 1181050580.5645294
injection-file = /work/shashwat.singh/Prospects-of-LGWs/unlens/injection.hdf

[global]
instruments = E1 E2 E3 C1 C2
mass1_ref = 30.000000001996384
mass2_ref = 30.000000008687685
minchirp = 26.116416903534233
maxchirp = 26.116616903534233
mincov = 355803216.629686
maxcov = 35580321662.968605
