
[data]
trigger-time = 1507594991.36375
injection-file = /work/shashwat.singh/Prospects-of-LGWs/unlens/injection.hdf

[global]
instruments = E1 E2 E3 C1 C2
mass1_ref = 30.00000000362957
mass2_ref = 30.000000003720775
minchirp = 26.11641690208315
maxchirp = 26.11661690208315
mincov = 54168116750.56679
maxcov = 5416811675056.679
