
[data]
trigger-time = 1739242913.32934
injection-file = /work/shashwat.singh/Prospects-of-LGWs/unlens/injection.hdf

[global]
instruments = E1 E2 E3 C1 C2
mass1_ref = 30.000000006555723
mass2_ref = 30.00000000300867
minchirp = 26.116416903046865
maxchirp = 26.116616903046864
mincov = 124478964009.38847
maxcov = 12447896400938.848
