
[data]
trigger-time = 1078886974.3915026
injection-file = /work/shashwat.singh/Prospects-of-LGWs/unlens/injection.hdf

[global]
instruments = E1 E2 E3 C1 C2
mass1_ref = 30.00000000437145
mass2_ref = 30.000000002554152
minchirp = 26.11641690189827
maxchirp = 26.11661690189827
mincov = 30193567232.530334
maxcov = 3019356723253.033
