
[data]
trigger-time = 1862480316.5132375
injection-file = /work/shashwat.singh/Prospects-of-LGWs/unlens/injection.hdf

[global]
instruments = E1 E2 E3 C1 C2
mass1_ref = 30.00000000229999
mass2_ref = 30.00000000101227
minchirp = 26.116416900325472
maxchirp = 26.11661690032547
mincov = 175012061815.90897
maxcov = 17501206181590.896
