
[data]
trigger-time = 1538705929.6527038
injection-file = /work/shashwat.singh/Prospects-of-LGWs/unlens/injection.hdf

[global]
instruments = E1 E2 E3 C1 C2
mass1_ref = 30.000000006321873
mass2_ref = 30.00000000746374
minchirp = 26.11641690488426
maxchirp = 26.11661690488426
mincov = 67324896610.70709
maxcov = 6732489661070.709
