
[data]
trigger-time = 1322731849.6710033
injection-file = /work/shashwat.singh/Prospects-of-LGWs/unlens/injection.hdf

[global]
instruments = E1 E2 E3 C1 C2
mass1_ref = 30.00000000724635
mass2_ref = 30.000000003836096
minchirp = 26.11641690370764
maxchirp = 26.11661690370764
mincov = 95058629354.97098
maxcov = 9505862935497.098
