
[data]
trigger-time = 1236768952.986908
injection-file = /work/shashwat.singh/Prospects-of-LGWs/unlens/injection.hdf

[global]
instruments = E1 E2 E3 C1 C2
mass1_ref = 30.000000009335754
mass2_ref = 30.000000008591467
minchirp = 26.116416906687
maxchirp = 26.116616906687
mincov = 120025268411.12027
maxcov = 12002526841112.027
