
[data]
trigger-time = 1486886967.9370897
injection-file = /work/shashwat.singh/Prospects-of-LGWs/unlens/injection.hdf

[global]
instruments = E1 E2 E3 C1 C2
mass1_ref = 30.000000001428873
mass2_ref = 30.000000005557332
minchirp = 26.116416901924648
maxchirp = 26.116616901924647
mincov = 120745664152.2552
maxcov = 12074566415225.52
