
[data]
trigger-time = 1151456013.6346264
injection-file = /work/shashwat.singh/Prospects-of-LGWs/unlens/injection.hdf

[global]
instruments = E1 E2 E3 C1 C2
mass1_ref = 30.000000004882775
mass2_ref = 30.000000009191016
minchirp = 26.116416905009697
maxchirp = 26.116616905009696
mincov = 48592653237.2
maxcov = 4859265323720.0
