
[data]
trigger-time = 1867002666.1021314
injection-file = /work/shashwat.singh/Prospects-of-LGWs/unlens/injection.hdf

[global]
instruments = E1 E2 E3 C1 C2
mass1_ref = 30.000000008395414
mass2_ref = 30.00000000213794
minchirp = 26.116416903468632
maxchirp = 26.116616903468632
mincov = 177753125743.14722
maxcov = 17775312574314.723
