
[data]
trigger-time = 1022768576.1556697
injection-file = /work/shashwat.singh/Prospects-of-LGWs/unlens/injection.hdf

[global]
instruments = E1 E2 E3 C1 C2
mass1_ref = 30.000000004705065
mass2_ref = 30.000000007420976
minchirp = 26.116416904161888
maxchirp = 26.116616904161887
mincov = 4110972208.006639
maxcov = 411097220800.66394
