
[data]
trigger-time = 1375863023.6096582
injection-file = /work/shashwat.singh/Prospects-of-LGWs/unlens/injection.hdf

[global]
instruments = E1 E2 E3 C1 C2
mass1_ref = 30.000000008414982
mass2_ref = 30.000000008639454
minchirp = 26.1164169063071
maxchirp = 26.1166169063071
mincov = 162665444808.1448
maxcov = 16266544480814.48
