
[data]
trigger-time = 1889535641.9920526
injection-file = /work/shashwat.singh/Prospects-of-LGWs/unlens/injection.hdf

[global]
instruments = E1 E2 E3 C1 C2
mass1_ref = 30.000000007044342
mass2_ref = 30.000000002751364
minchirp = 26.116416903147552
maxchirp = 26.116616903147552
mincov = 114788424184.8918
maxcov = 11478842418489.18
