
[data]
trigger-time = 1033535117.1998539
injection-file = /work/shashwat.singh/Prospects-of-LGWs/unlens/injection.hdf

[global]
instruments = E1 E2 E3 C1 C2
mass1_ref = 30.000000009745634
mass2_ref = 30.00000000011072
minchirp = 26.116416903173953
maxchirp = 26.116616903173952
mincov = 127770923149.69685
maxcov = 12777092314969.686
