
[data]
trigger-time = 1122934764.934165
injection-file = /work/shashwat.singh/Prospects-of-LGWs/unlens/injection.hdf

[global]
instruments = E1 E2 E3 C1 C2
mass1_ref = 30.000000007614442
mass2_ref = 30.000000004640672
minchirp = 26.116416904218074
maxchirp = 26.116616904218073
mincov = 44512792066.55747
maxcov = 4451279206655.747
