
[data]
trigger-time = 1601080016.8902988
injection-file = /work/shashwat.singh/Prospects-of-LGWs/unlens/injection.hdf

[global]
instruments = E1 E2 E3 C1 C2
mass1_ref = 30.00000000770424
mass2_ref = 30.00000000521865
minchirp = 26.11641690450874
maxchirp = 26.11661690450874
mincov = 28281161889.66456
maxcov = 2828116188966.4556
