
[data]
trigger-time = 1144090281.2346776
injection-file = /work/shashwat.singh/Prospects-of-LGWs/unlens/injection.hdf

[global]
instruments = E1 E2 E3 C1 C2
mass1_ref = 30.00000000207608
mass2_ref = 30.000000008811796
minchirp = 26.116416903622945
maxchirp = 26.116616903622944
mincov = 124669032327.48206
maxcov = 12466903232748.205
