
[data]
trigger-time = 1992474992.11539
injection-file = /work/shashwat.singh/Prospects-of-LGWs/unlens/injection.hdf

[global]
instruments = E1 E2 E3 C1 C2
mass1_ref = 30.000000007397745
mass2_ref = 30.000000000869306
minchirp = 26.116416902482168
maxchirp = 26.116616902482168
mincov = 134192895.57835785
maxcov = 13419289557.835785
