
[data]
trigger-time = 1872245449.4967818
injection-file = /work/shashwat.singh/Prospects-of-LGWs/unlens/injection.hdf

[global]
instruments = E1 E2 E3 C1 C2
mass1_ref = 30.000000000336065
mass2_ref = 30.00000000635835
minchirp = 26.11641690179764
maxchirp = 26.116616901797638
mincov = 36862179253.4354
maxcov = 3686217925343.54
