
[data]
trigger-time = 1210314283.4726224
injection-file = /work/shashwat.singh/Prospects-of-LGWs/unlens/injection.hdf

[global]
instruments = E1 E2 E3 C1 C2
mass1_ref = 30.00000000268386
mass2_ref = 30.000000006791662
minchirp = 26.116416903008183
maxchirp = 26.116616903008183
mincov = 94510730408.69032
maxcov = 9451073040869.031
