
[data]
trigger-time = 1484236208.6510458
injection-file = /work/shashwat.singh/Prospects-of-LGWs/unlens/injection.hdf

[global]
instruments = E1 E2 E3 C1 C2
mass1_ref = 30.000000001002338
mass2_ref = 30.000000006663555
minchirp = 26.1164169022205
maxchirp = 26.1166169022205
mincov = 11736546437.167477
maxcov = 1173654643716.7476
