
[data]
trigger-time = 1563529730.393671
injection-file = /work/shashwat.singh/Prospects-of-LGWs/unlens/injection.hdf

[global]
instruments = E1 E2 E3 C1 C2
mass1_ref = 30.000000002277254
mass2_ref = 30.000000005521567
minchirp = 26.11641690227836
maxchirp = 26.11661690227836
mincov = 130964535665.56013
maxcov = 13096453566556.014
