
[data]
trigger-time = 1251509206.8076465
injection-file = /work/shashwat.singh/Prospects-of-LGWs/unlens/injection.hdf

[global]
instruments = E1 E2 E3 C1 C2
mass1_ref = 30.000000004870273
mass2_ref = 30.00000000705963
minchirp = 26.116416904076516
maxchirp = 26.116616904076515
mincov = 131019906311.60677
maxcov = 13101990631160.676
