
[data]
trigger-time = 1875031703.5157495
injection-file = /work/shashwat.singh/Prospects-of-LGWs/unlens/injection.hdf

[global]
instruments = E1 E2 E3 C1 C2
mass1_ref = 30.000000006454343
mass2_ref = 30.00000000098128
minchirp = 26.116416902120267
maxchirp = 26.116616902120267
mincov = 166796344636.98563
maxcov = 16679634463698.562
