
[data]
trigger-time = 1865948633.3400006
injection-file = /work/shashwat.singh/Prospects-of-LGWs/unlens/injection.hdf

[global]
instruments = E1 E2 E3 C1 C2
mass1_ref = 30.00000000113158
mass2_ref = 30.000000001224524
minchirp = 26.11641689990928
maxchirp = 26.11661689990928
mincov = 111352626973.3262
maxcov = 11135262697332.62
