
[data]
trigger-time = 1038475983.9877987
injection-file = /work/shashwat.singh/Prospects-of-LGWs/unlens/injection.hdf

[global]
instruments = E1 E2 E3 C1 C2
mass1_ref = 30.000000000032774
mass2_ref = 30.000000008267822
minchirp = 26.11641690249677
maxchirp = 26.11661690249677
mincov = 101259850197.84804
maxcov = 10125985019784.803
