
[data]
trigger-time = 1661801935.1263504
injection-file = /work/shashwat.singh/Prospects-of-LGWs/unlens/injection.hdf

[global]
instruments = E1 E2 E3 C1 C2
mass1_ref = 30.00000000078309
mass2_ref = 30.00000000050488
minchirp = 26.116416899444346
maxchirp = 26.116616899444345
mincov = 14612297.97414038
maxcov = 1461229797.414038
