
[data]
trigger-time = 1260156528.9678009
injection-file = /work/shashwat.singh/Prospects-of-LGWs/unlens/injection.hdf

[global]
instruments = E1 E2 E3 C1 C2
mass1_ref = 30.000000009813515
mass2_ref = 30.00000000922459
minchirp = 26.11641690717054
maxchirp = 26.11661690717054
mincov = 152121748096.1445
maxcov = 15212174809614.451
