
[data]
trigger-time = 1080575679.2033432
injection-file = /work/shashwat.singh/Prospects-of-LGWs/unlens/injection.hdf

[global]
instruments = E1 E2 E3 C1 C2
mass1_ref = 30.00000000902366
mass2_ref = 30.00000000632691
minchirp = 26.116416905565448
maxchirp = 26.116616905565447
mincov = 2851834570.5161858
maxcov = 285183457051.6186
