
[data]
trigger-time = 1130671887.0390928
injection-file = /work/shashwat.singh/Prospects-of-LGWs/unlens/injection.hdf

[global]
instruments = E1 E2 E3 C1 C2
mass1_ref = 30.00000000235884
mass2_ref = 30.000000004306536
minchirp = 26.116416901784998
maxchirp = 26.116616901784997
mincov = 90549386313.86955
maxcov = 9054938631386.955
