
[data]
trigger-time = 1056023956.8255823
injection-file = /work/shashwat.singh/Prospects-of-LGWs/unlens/injection.hdf

[global]
instruments = E1 E2 E3 C1 C2
mass1_ref = 30.000000005863544
mass2_ref = 30.000000004730556
minchirp = 26.116416903495075
maxchirp = 26.116616903495075
mincov = 173084746542.24173
maxcov = 17308474654224.172
