
[data]
trigger-time = 1551235543.46773
injection-file = /work/shashwat.singh/Prospects-of-LGWs/unlens/injection.hdf

[global]
instruments = E1 E2 E3 C1 C2
mass1_ref = 30.000000003020343
mass2_ref = 30.000000000930914
minchirp = 26.116416900603607
maxchirp = 26.116616900603606
mincov = 139647462322.41812
maxcov = 13964746232241.812
