
[data]
trigger-time = 1647989528.5772219
injection-file = /work/shashwat.singh/Prospects-of-LGWs/unlens/injection.hdf

[global]
instruments = E1 E2 E3 C1 C2
mass1_ref = 30.000000000074277
mass2_ref = 30.00000000330306
minchirp = 26.116416900353794
maxchirp = 26.116616900353794
mincov = 178016887121.05463
maxcov = 17801688712105.465
