
[data]
trigger-time = 1647295026.5976644
injection-file = /work/shashwat.singh/Prospects-of-LGWs/unlens/injection.hdf

[global]
instruments = E1 E2 E3 C1 C2
mass1_ref = 30.000000000450992
mass2_ref = 30.000000006686108
minchirp = 26.116416901990327
maxchirp = 26.116616901990326
mincov = 137873635756.37885
maxcov = 13787363575637.887
