
[data]
trigger-time = 1209738285.7429175
injection-file = /work/shashwat.singh/Prospects-of-LGWs/unlens/injection.hdf

[global]
instruments = E1 E2 E3 C1 C2
mass1_ref = 30.000000005709044
mass2_ref = 30.00000000694955
minchirp = 26.1164169043937
maxchirp = 26.116616904393698
mincov = 164392961228.42203
maxcov = 16439296122842.203
