
[data]
trigger-time = 1890033778.0345073
injection-file = /work/shashwat.singh/Prospects-of-LGWs/unlens/injection.hdf

[global]
instruments = E1 E2 E3 C1 C2
mass1_ref = 30.00000000203335
mass2_ref = 30.0000000008868
minchirp = 26.116416900154796
maxchirp = 26.116616900154796
mincov = 137952814289.36975
maxcov = 13795281428936.975
