
[data]
trigger-time = 1281480238.6263595
injection-file = /work/shashwat.singh/Prospects-of-LGWs/unlens/injection.hdf

[global]
instruments = E1 E2 E3 C1 C2
mass1_ref = 30.00000000049168
mass2_ref = 30.000000009956448
minchirp = 26.11641690343154
maxchirp = 26.116616903431538
mincov = 171435315574.8018
maxcov = 17143531557480.178
