
[data]
trigger-time = 1358712935.3991876
injection-file = /work/shashwat.singh/Prospects-of-LGWs/unlens/injection.hdf

[global]
instruments = E1 E2 E3 C1 C2
mass1_ref = 30.00000000317889
mass2_ref = 30.00000000692133
minchirp = 26.1164169032801
maxchirp = 26.1166169032801
mincov = 1305172082.4413989
maxcov = 130517208244.13988
