
[data]
trigger-time = 1113157821.5236716
injection-file = /work/shashwat.singh/Prospects-of-LGWs/unlens/injection.hdf

[global]
instruments = E1 E2 E3 C1 C2
mass1_ref = 30.000000009800445
mass2_ref = 30.000000006748586
minchirp = 26.116416906087107
maxchirp = 26.116616906087106
mincov = 12099283936.286386
maxcov = 1209928393628.6387
