
[data]
trigger-time = 1887515323.0913024
injection-file = /work/shashwat.singh/Prospects-of-LGWs/unlens/injection.hdf

[global]
instruments = E1 E2 E3 C1 C2
mass1_ref = 30.000000008297523
mass2_ref = 30.00000000131861
minchirp = 26.116416903069393
maxchirp = 26.116616903069392
mincov = 177992551051.31186
maxcov = 17799255105131.188
