
[data]
trigger-time = 1601561633.041822
injection-file = /work/shashwat.singh/Prospects-of-LGWs/unlens/injection.hdf

[global]
instruments = E1 E2 E3 C1 C2
mass1_ref = 30.00000000646347
mass2_ref = 30.00000000222961
minchirp = 26.116416902667606
maxchirp = 26.116616902667605
mincov = 128324568754.6088
maxcov = 12832456875460.879
