
[data]
trigger-time = 1214696643.8785462
injection-file = /work/shashwat.singh/Prospects-of-LGWs/unlens/injection.hdf

[global]
instruments = E1 E2 E3 C1 C2
mass1_ref = 30.000000002133657
mass2_ref = 30.00000000551097
minchirp = 26.116416902211242
maxchirp = 26.11661690221124
mincov = 137801088169.54987
maxcov = 13780108816954.984
