
[data]
trigger-time = 1117953589.4752533
injection-file = /work/shashwat.singh/Prospects-of-LGWs/unlens/injection.hdf

[global]
instruments = E1 E2 E3 C1 C2
mass1_ref = 30.000000004658798
mass2_ref = 30.00000000322135
minchirp = 26.116416902313755
maxchirp = 26.116616902313755
mincov = 168486191558.27673
maxcov = 16848619155827.674
