
[data]
trigger-time = 1690709774.3900747
injection-file = /work/shashwat.singh/Prospects-of-LGWs/unlens/injection.hdf

[global]
instruments = E1 E2 E3 C1 C2
mass1_ref = 30.00000000519999
mass2_ref = 30.000000005945648
minchirp = 26.116416903735143
maxchirp = 26.116616903735142
mincov = 110488250670.16379
maxcov = 11048825067016.379
