
[data]
trigger-time = 1052501616.2475023
injection-file = /work/shashwat.singh/Prospects-of-LGWs/unlens/injection.hdf

[global]
instruments = E1 E2 E3 C1 C2
mass1_ref = 30.000000003881567
mass2_ref = 30.00000000527704
minchirp = 26.11641690287024
maxchirp = 26.11661690287024
mincov = 100000462052.43329
maxcov = 10000046205243.328
