
[data]
trigger-time = 1936754798.4548912
injection-file = /work/shashwat.singh/Prospects-of-LGWs/unlens/injection.hdf

[global]
instruments = E1 E2 E3 C1 C2
mass1_ref = 30.00000000919604
mass2_ref = 30.000000005499373
minchirp = 26.116416905280275
maxchirp = 26.116616905280274
mincov = 175962850529.5739
maxcov = 17596285052957.39
