
[data]
trigger-time = 1897745170.8989754
injection-file = /work/shashwat.singh/Prospects-of-LGWs/unlens/injection.hdf

[global]
instruments = E1 E2 E3 C1 C2
mass1_ref = 30.000000006146266
mass2_ref = 30.000000005448594
minchirp = 26.11641690393068
maxchirp = 26.11661690393068
mincov = 158480641053.67587
maxcov = 15848064105367.588
