
[data]
trigger-time = 1995315976.9011064
injection-file = /work/shashwat.singh/Prospects-of-LGWs/unlens/injection.hdf

[global]
instruments = E1 E2 E3 C1 C2
mass1_ref = 30.000000006299064
mass2_ref = 30.00000000835365
minchirp = 26.116416905261687
maxchirp = 26.116616905261687
mincov = 138256752882.65082
maxcov = 13825675288265.08
