
[data]
trigger-time = 1320502351.083256
injection-file = /work/shashwat.singh/Prospects-of-LGWs/unlens/injection.hdf

[global]
instruments = E1 E2 E3 C1 C2
mass1_ref = 30.000000000168402
mass2_ref = 30.000000003085102
minchirp = 26.116416900299892
maxchirp = 26.116616900299892
mincov = 138705427258.17145
maxcov = 13870542725817.146
