
[data]
trigger-time = 1375781942.574232
injection-file = /work/shashwat.singh/Prospects-of-LGWs/unlens/injection.hdf

[global]
instruments = E1 E2 E3 C1 C2
mass1_ref = 30.00000000392706
mass2_ref = 30.00000000531046
minchirp = 26.11641690290459
maxchirp = 26.11661690290459
mincov = 17576793776.98936
maxcov = 1757679377698.936
