
[data]
trigger-time = 1163432054.2207077
injection-file = /work/shashwat.singh/Prospects-of-LGWs/unlens/injection.hdf

[global]
instruments = E1 E2 E3 C1 C2
mass1_ref = 30.00000000440548
mass2_ref = 30.00000000949262
minchirp = 26.116416904933224
maxchirp = 26.116616904933224
mincov = 20827094902.552345
maxcov = 2082709490255.2344
