
[data]
trigger-time = 1102796529.848588
injection-file = /work/shashwat.singh/Prospects-of-LGWs/unlens/injection.hdf

[global]
instruments = E1 E2 E3 C1 C2
mass1_ref = 30.000000002935554
mass2_ref = 30.000000003781235
minchirp = 26.116416901807376
maxchirp = 26.116616901807376
mincov = 42656269523.90972
maxcov = 4265626952390.972
