
[data]
trigger-time = 1612851356.2852504
injection-file = /work/shashwat.singh/Prospects-of-LGWs/unlens/injection.hdf

[global]
instruments = E1 E2 E3 C1 C2
mass1_ref = 30.000000007419445
mass2_ref = 30.000000001662446
minchirp = 26.11641690283685
maxchirp = 26.11661690283685
mincov = 63048262660.60167
maxcov = 6304826266060.167
