
[data]
trigger-time = 1682093413.2303493
injection-file = /work/shashwat.singh/Prospects-of-LGWs/unlens/injection.hdf

[global]
instruments = E1 E2 E3 C1 C2
mass1_ref = 30.000000003659625
mass2_ref = 30.00000000596809
minchirp = 26.11641690307443
maxchirp = 26.11661690307443
mincov = 151733404358.45056
maxcov = 15173340435845.057
