
[data]
trigger-time = 1076357858.2476344
injection-file = /work/shashwat.singh/Prospects-of-LGWs/unlens/injection.hdf

[global]
instruments = E1 E2 E3 C1 C2
mass1_ref = 30.000000003413273
mass2_ref = 30.00000000157032
minchirp = 26.11641690105296
maxchirp = 26.11661690105296
mincov = 118495680942.64055
maxcov = 11849568094264.055
