
[data]
trigger-time = 1933077864.6629431
injection-file = /work/shashwat.singh/Prospects-of-LGWs/unlens/injection.hdf

[global]
instruments = E1 E2 E3 C1 C2
mass1_ref = 30.00000000457199
mass2_ref = 30.000000003143338
minchirp = 26.116416902242015
maxchirp = 26.116616902242015
mincov = 69394381201.19487
maxcov = 6939438120119.487
