
[data]
trigger-time = 1113473857.486525
injection-file = /work/shashwat.singh/Prospects-of-LGWs/unlens/injection.hdf

[global]
instruments = E1 E2 E3 C1 C2
mass1_ref = 30.00000000307906
mass2_ref = 30.000000001882878
minchirp = 26.116416901043536
maxchirp = 26.116616901043535
mincov = 110135409882.72417
maxcov = 11013540988272.418
