
[data]
trigger-time = 1994285447.873197
injection-file = /work/shashwat.singh/Prospects-of-LGWs/unlens/injection.hdf

[global]
instruments = E1 E2 E3 C1 C2
mass1_ref = 30.00000000475819
mass2_ref = 30.00000000214221
minchirp = 26.1164169018873
maxchirp = 26.116616901887298
mincov = 166890599050.77142
maxcov = 16689059905077.145
