
[data]
trigger-time = 1320081936.883978
injection-file = /work/shashwat.singh/Prospects-of-LGWs/unlens/injection.hdf

[global]
instruments = E1 E2 E3 C1 C2
mass1_ref = 30.00000000662218
mass2_ref = 30.00000000102817
minchirp = 26.116416902213732
maxchirp = 26.116616902213732
mincov = 7406248111.361875
maxcov = 740624811136.1875
