
[data]
trigger-time = 1000766426.0604961
injection-file = /work/shashwat.singh/Prospects-of-LGWs/unlens/injection.hdf

[global]
instruments = E1 E2 E3 C1 C2
mass1_ref = 30.000000007179565
mass2_ref = 30.000000003469456
minchirp = 26.116416903518978
maxchirp = 26.116616903518977
mincov = 8931818020.914495
maxcov = 893181802091.4496
