
[data]
trigger-time = 1450353184.4921417
injection-file = /work/shashwat.singh/Prospects-of-LGWs/unlens/injection.hdf

[global]
instruments = E1 E2 E3 C1 C2
mass1_ref = 30.0000000090634
mass2_ref = 30.000000005800228
minchirp = 26.116416905353496
maxchirp = 26.116616905353496
mincov = 61758476755.21031
maxcov = 6175847675521.031
