
[data]
trigger-time = 1647840777.6207619
injection-file = /work/shashwat.singh/Prospects-of-LGWs/unlens/injection.hdf

[global]
instruments = E1 E2 E3 C1 C2
mass1_ref = 30.000000000110962
mass2_ref = 30.000000000718945
minchirp = 26.11641689924496
maxchirp = 26.11661689924496
mincov = 41875121745.7271
maxcov = 4187512174572.7095
