
[data]
trigger-time = 1608731442.0222733
injection-file = /work/shashwat.singh/Prospects-of-LGWs/unlens/injection.hdf

[global]
instruments = E1 E2 E3 C1 C2
mass1_ref = 30.00000000803897
mass2_ref = 30.00000000242072
minchirp = 26.11641690343657
maxchirp = 26.11661690343657
mincov = 9929482185.97229
maxcov = 992948218597.229
