
[data]
trigger-time = 1209056724.3449817
injection-file = /work/shashwat.singh/Prospects-of-LGWs/unlens/injection.hdf

[global]
instruments = E1 E2 E3 C1 C2
mass1_ref = 30.00000000461751
mass2_ref = 30.00000000020199
minchirp = 26.116416900981534
maxchirp = 26.116616900981533
mincov = 74392892351.85371
maxcov = 7439289235185.371
