
[data]
trigger-time = 1198166033.7607408
injection-file = /work/shashwat.singh/Prospects-of-LGWs/unlens/injection.hdf

[global]
instruments = E1 E2 E3 C1 C2
mass1_ref = 30.000000006500212
mass2_ref = 30.000000006325227
minchirp = 26.11641690446632
maxchirp = 26.11661690446632
mincov = 148118528772.7141
maxcov = 14811852877271.41
