
[data]
trigger-time = 1428565232.154608
injection-file = /work/shashwat.singh/Prospects-of-LGWs/unlens/injection.hdf

[global]
instruments = E1 E2 E3 C1 C2
mass1_ref = 30.000000001378677
mass2_ref = 30.000000005002303
minchirp = 26.116416901661207
maxchirp = 26.116616901661207
mincov = 178850586976.7897
maxcov = 17885058697678.97
