
[data]
trigger-time = 1965329174.8676047
injection-file = /work/shashwat.singh/Prospects-of-LGWs/unlens/injection.hdf

[global]
instruments = E1 E2 E3 C1 C2
mass1_ref = 30.000000004560114
mass2_ref = 30.000000006366452
minchirp = 26.11641690363979
maxchirp = 26.11661690363979
mincov = 55594038016.06539
maxcov = 5559403801606.539
