
[data]
trigger-time = 1834949638.5835762
injection-file = /work/shashwat.singh/Prospects-of-LGWs/unlens/injection.hdf

[global]
instruments = E1 E2 E3 C1 C2
mass1_ref = 30.0000000007961
mass2_ref = 30.000000004406537
minchirp = 26.116416901148302
maxchirp = 26.1166169011483
mincov = 116803472035.96294
maxcov = 11680347203596.293
