
[data]
trigger-time = 1877670166.8555586
injection-file = /work/shashwat.singh/Prospects-of-LGWs/unlens/injection.hdf

[global]
instruments = E1 E2 E3 C1 C2
mass1_ref = 30.00000000541005
mass2_ref = 30.00000000912659
minchirp = 26.116416905211167
maxchirp = 26.116616905211167
mincov = 91228779242.3623
maxcov = 9122877924236.23
