
[data]
trigger-time = 1009324795.8435367
injection-file = /work/shashwat.singh/Prospects-of-LGWs/unlens/injection.hdf

[global]
instruments = E1 E2 E3 C1 C2
mass1_ref = 30.000000005757652
mass2_ref = 30.0000000083594
minchirp = 26.11641690502853
maxchirp = 26.11661690502853
mincov = 62321982528.7063
maxcov = 6232198252870.63
