
[data]
trigger-time = 1346868362.915979
injection-file = /work/shashwat.singh/Prospects-of-LGWs/unlens/injection.hdf

[global]
instruments = E1 E2 E3 C1 C2
mass1_ref = 30.00000000245341
mass2_ref = 30.000000005956604
minchirp = 26.116416902544394
maxchirp = 26.116616902544393
mincov = 59761664084.32257
maxcov = 5976166408432.257
