
[data]
trigger-time = 1270539668.1326995
injection-file = /work/shashwat.singh/Prospects-of-LGWs/unlens/injection.hdf

[global]
instruments = E1 E2 E3 C1 C2
mass1_ref = 30.000000004240093
mass2_ref = 30.000000007144486
minchirp = 26.11641690383915
maxchirp = 26.116616903839148
mincov = 118658403558.3514
maxcov = 11865840355835.139
