
[data]
trigger-time = 1296916661.9318743
injection-file = /work/shashwat.singh/Prospects-of-LGWs/unlens/injection.hdf

[global]
instruments = E1 E2 E3 C1 C2
mass1_ref = 30.00000000855459
mass2_ref = 30.000000004375966
minchirp = 26.116416904512075
maxchirp = 26.116616904512075
mincov = 73397736652.27902
maxcov = 7339773665227.902
