
[data]
trigger-time = 1201308400.4242952
injection-file = /work/shashwat.singh/Prospects-of-LGWs/unlens/injection.hdf

[global]
instruments = E1 E2 E3 C1 C2
mass1_ref = 30.00000000264259
mass2_ref = 30.000000009692204
minchirp = 26.116416904252755
maxchirp = 26.116616904252755
mincov = 131082081713.94443
maxcov = 13108208171394.443
