
[data]
trigger-time = 1843492745.113077
injection-file = /work/shashwat.singh/Prospects-of-LGWs/unlens/injection.hdf

[global]
instruments = E1 E2 E3 C1 C2
mass1_ref = 30.00000000731509
mass2_ref = 30.000000005508117
minchirp = 26.11641690446535
maxchirp = 26.11661690446535
mincov = 74870367784.98535
maxcov = 7487036778498.535
