
[data]
trigger-time = 1215903843.3563492
injection-file = /work/shashwat.singh/Prospects-of-LGWs/unlens/injection.hdf

[global]
instruments = E1 E2 E3 C1 C2
mass1_ref = 30.000000005812755
mass2_ref = 30.00000000508926
minchirp = 26.1164169036291
maxchirp = 26.1166169036291
mincov = 150391184323.936
maxcov = 15039118432393.602
