
[data]
trigger-time = 1894438092.093992
injection-file = /work/shashwat.singh/Prospects-of-LGWs/unlens/injection.hdf

[global]
instruments = E1 E2 E3 C1 C2
mass1_ref = 30.000000004901032
mass2_ref = 30.0000000034326
minchirp = 26.11641690251115
maxchirp = 26.11661690251115
mincov = 89447112242.14056
maxcov = 8944711224214.057
