
[data]
trigger-time = 1812027483.5611153
injection-file = /work/shashwat.singh/Prospects-of-LGWs/unlens/injection.hdf

[global]
instruments = E1 E2 E3 C1 C2
mass1_ref = 30.000000003238032
mass2_ref = 30.00000000325307
minchirp = 26.116416901709144
maxchirp = 26.116616901709143
mincov = 10326561576.926535
maxcov = 1032656157692.6536
