
[data]
trigger-time = 1672897480.7086883
injection-file = /work/shashwat.singh/Prospects-of-LGWs/unlens/injection.hdf

[global]
instruments = E1 E2 E3 C1 C2
mass1_ref = 30.000000008833307
mass2_ref = 30.000000000725482
minchirp = 26.116416903044428
maxchirp = 26.116616903044427
mincov = 17998598549.355835
maxcov = 1799859854935.5835
