
[data]
trigger-time = 1289092615.5075006
injection-file = /work/shashwat.singh/Prospects-of-LGWs/unlens/injection.hdf

[global]
instruments = E1 E2 E3 C1 C2
mass1_ref = 30.000000006271463
mass2_ref = 30.000000000957776
minchirp = 26.116416902030434
maxchirp = 26.116616902030433
mincov = 175360262221.57584
maxcov = 17536026222157.582
