
[data]
trigger-time = 1350583981.3205266
injection-file = /work/shashwat.singh/Prospects-of-LGWs/unlens/injection.hdf

[global]
instruments = E1 E2 E3 C1 C2
mass1_ref = 30.00000000949151
mass2_ref = 30.000000004607394
minchirp = 26.11641690502063
maxchirp = 26.116616905020628
mincov = 95050031654.71767
maxcov = 9505003165471.766
