
[data]
trigger-time = 1365866048.068974
injection-file = /work/shashwat.singh/Prospects-of-LGWs/unlens/injection.hdf

[global]
instruments = E1 E2 E3 C1 C2
mass1_ref = 30.00000000095201
mass2_ref = 30.00000000049574
minchirp = 26.116416899513894
maxchirp = 26.116616899513893
mincov = 163594940081.37344
maxcov = 16359494008137.344
