
[data]
trigger-time = 1140989677.620706
injection-file = /work/shashwat.singh/Prospects-of-LGWs/unlens/injection.hdf

[global]
instruments = E1 E2 E3 C1 C2
mass1_ref = 30.000000008512615
mass2_ref = 30.000000007640995
minchirp = 26.116416905914992
maxchirp = 26.11661690591499
mincov = 127131331930.0983
maxcov = 12713133193009.828
