
[data]
trigger-time = 1701814901.1305628
injection-file = /work/shashwat.singh/Prospects-of-LGWs/unlens/injection.hdf

[global]
instruments = E1 E2 E3 C1 C2
mass1_ref = 30.000000001355744
mass2_ref = 30.000000006805724
minchirp = 26.11641690243621
maxchirp = 26.11661690243621
mincov = 76447058699.4992
maxcov = 7644705869949.921
