
[data]
trigger-time = 1676261928.447466
injection-file = /work/shashwat.singh/Prospects-of-LGWs/unlens/injection.hdf

[global]
instruments = E1 E2 E3 C1 C2
mass1_ref = 30.00000000403839
mass2_ref = 30.00000000757636
minchirp = 26.11641690393934
maxchirp = 26.116616903939338
mincov = 45205761671.626335
maxcov = 4520576167162.634
