
[data]
trigger-time = 1668257679.9413984
injection-file = /work/shashwat.singh/Prospects-of-LGWs/unlens/injection.hdf

[global]
instruments = E1 E2 E3 C1 C2
mass1_ref = 30.000000009120324
mass2_ref = 30.000000006416407
minchirp = 26.11641690564648
maxchirp = 26.11661690564648
mincov = 26395463464.20748
maxcov = 2639546346420.748
