
[data]
trigger-time = 1690775978.571852
injection-file = /work/shashwat.singh/Prospects-of-LGWs/unlens/injection.hdf

[global]
instruments = E1 E2 E3 C1 C2
mass1_ref = 30.00000000052878
mass2_ref = 30.000000009374848
minchirp = 26.11641690319453
maxchirp = 26.11661690319453
mincov = 135349999337.53738
maxcov = 13534999933753.738
