
[data]
trigger-time = 1644216802.8299704
injection-file = /work/shashwat.singh/Prospects-of-LGWs/unlens/injection.hdf

[global]
instruments = E1 E2 E3 C1 C2
mass1_ref = 30.000000003157183
mass2_ref = 30.000000004428717
minchirp = 26.116416902185676
maxchirp = 26.116616902185676
mincov = 123203724772.33232
maxcov = 12320372477233.232
