
[data]
trigger-time = 1591423241.317975
injection-file = /work/shashwat.singh/Prospects-of-LGWs/unlens/injection.hdf

[global]
instruments = E1 E2 E3 C1 C2
mass1_ref = 30.000000002753147
mass2_ref = 30.00000000473984
minchirp = 26.116416902145236
maxchirp = 26.116616902145235
mincov = 174998767941.70816
maxcov = 17499876794170.816
