
[data]
trigger-time = 1505150460.335452
injection-file = /work/shashwat.singh/Prospects-of-LGWs/unlens/injection.hdf

[global]
instruments = E1 E2 E3 C1 C2
mass1_ref = 30.000000009921703
mass2_ref = 30.000000007039148
minchirp = 26.116416906266366
maxchirp = 26.116616906266366
mincov = 162459882302.85574
maxcov = 16245988230285.574
