
[data]
trigger-time = 1055481477.5212349
injection-file = /work/shashwat.singh/Prospects-of-LGWs/unlens/injection.hdf

[global]
instruments = E1 E2 E3 C1 C2
mass1_ref = 30.000000003627843
mass2_ref = 30.000000005654744
minchirp = 26.116416902924204
maxchirp = 26.116616902924203
mincov = 176800464694.8631
maxcov = 17680046469486.312
