
[data]
trigger-time = 1858272785.099655
injection-file = /work/shashwat.singh/Prospects-of-LGWs/unlens/injection.hdf

[global]
instruments = E1 E2 E3 C1 C2
mass1_ref = 30.00000000040423
mass2_ref = 30.000000006918317
minchirp = 26.116416902071048
maxchirp = 26.116616902071048
mincov = 172894549621.29086
maxcov = 17289454962129.086
