
[data]
trigger-time = 1847702606.1403356
injection-file = /work/shashwat.singh/Prospects-of-LGWs/unlens/injection.hdf

[global]
instruments = E1 E2 E3 C1 C2
mass1_ref = 30.000000001757474
mass2_ref = 30.000000002412154
minchirp = 26.11641690069866
maxchirp = 26.11661690069866
mincov = 178176392669.50317
maxcov = 17817639266950.316
