
[data]
trigger-time = 1338953052.955744
injection-file = /work/shashwat.singh/Prospects-of-LGWs/unlens/injection.hdf

[global]
instruments = E1 E2 E3 C1 C2
mass1_ref = 30.000000001567603
mass2_ref = 30.00000000700772
minchirp = 26.11641690261635
maxchirp = 26.11661690261635
mincov = 39146246997.011734
maxcov = 3914624699701.173
