
[data]
trigger-time = 1131045842.2396853
injection-file = /work/shashwat.singh/Prospects-of-LGWs/unlens/injection.hdf

[global]
instruments = E1 E2 E3 C1 C2
mass1_ref = 30.000000004804974
mass2_ref = 30.000000008388806
minchirp = 26.116416904626654
maxchirp = 26.116616904626653
mincov = 161255517609.8039
maxcov = 16125551760980.39
