
[data]
trigger-time = 1027271411.6706698
injection-file = /work/shashwat.singh/Prospects-of-LGWs/unlens/injection.hdf

[global]
instruments = E1 E2 E3 C1 C2
mass1_ref = 30.000000006753215
mass2_ref = 30.000000003648093
minchirp = 26.116416903411157
maxchirp = 26.116616903411156
mincov = 129905810843.40921
maxcov = 12990581084340.92
