
[data]
trigger-time = 1205454225.9714756
injection-file = /work/shashwat.singh/Prospects-of-LGWs/unlens/injection.hdf

[global]
instruments = E1 E2 E3 C1 C2
mass1_ref = 30.000000006353588
mass2_ref = 30.000000002950518
minchirp = 26.11641690293357
maxchirp = 26.11661690293357
mincov = 115446243274.9283
maxcov = 11544624327492.83
