
[data]
trigger-time = 1680961734.9666805
injection-file = /work/shashwat.singh/Prospects-of-LGWs/unlens/injection.hdf

[global]
instruments = E1 E2 E3 C1 C2
mass1_ref = 30.000000000143327
mass2_ref = 30.00000000895815
minchirp = 26.116416902845373
maxchirp = 26.116616902845372
mincov = 172694858778.75632
maxcov = 17269485877875.633
