
[data]
trigger-time = 1530241399.4403863
injection-file = /work/shashwat.singh/Prospects-of-LGWs/unlens/injection.hdf

[global]
instruments = E1 E2 E3 C1 C2
mass1_ref = 30.000000000568214
mass2_ref = 30.00000000045777
minchirp = 26.11641689933031
maxchirp = 26.11661689933031
mincov = 27841885990.24765
maxcov = 2784188599024.765
