
[data]
trigger-time = 1241556729.1444964
injection-file = /work/shashwat.singh/Prospects-of-LGWs/unlens/injection.hdf

[global]
instruments = E1 E2 E3 C1 C2
mass1_ref = 30.000000003484153
mass2_ref = 30.00000000052664
minchirp = 26.116416900629524
maxchirp = 26.116616900629523
mincov = 146641111330.8194
maxcov = 14664111133081.941
