
[data]
trigger-time = 1815824967.7744107
injection-file = /work/shashwat.singh/Prospects-of-LGWs/unlens/injection.hdf

[global]
instruments = E1 E2 E3 C1 C2
mass1_ref = 30.000000000536076
mass2_ref = 30.000000001090715
minchirp = 26.116416899591826
maxchirp = 26.116616899591826
mincov = 205827299.09785452
maxcov = 20582729909.785454
