
[data]
trigger-time = 1571747866.669509
injection-file = /work/shashwat.singh/Prospects-of-LGWs/unlens/injection.hdf

[global]
instruments = E1 E2 E3 C1 C2
mass1_ref = 30.000000007990597
mass2_ref = 30.000000000660304
minchirp = 26.11641690264925
maxchirp = 26.11661690264925
mincov = 20070616964.373737
maxcov = 2007061696437.3735
