
[data]
trigger-time = 1610280163.4073887
injection-file = /work/shashwat.singh/Prospects-of-LGWs/unlens/injection.hdf

[global]
instruments = E1 E2 E3 C1 C2
mass1_ref = 30.000000007257043
mass2_ref = 30.000000009953002
minchirp = 26.116416906374834
maxchirp = 26.116616906374833
mincov = 122110476670.87158
maxcov = 12211047667087.158
