
[data]
trigger-time = 1321624891.3992991
injection-file = /work/shashwat.singh/Prospects-of-LGWs/unlens/injection.hdf

[global]
instruments = E1 E2 E3 C1 C2
mass1_ref = 30.000000002576154
mass2_ref = 30.000000003519673
minchirp = 26.11641690153709
maxchirp = 26.11661690153709
mincov = 106307428877.13129
maxcov = 10630742887713.129
