
[data]
trigger-time = 1563055330.4903936
injection-file = /work/shashwat.singh/Prospects-of-LGWs/unlens/injection.hdf

[global]
instruments = E1 E2 E3 C1 C2
mass1_ref = 30.000000001563944
mass2_ref = 30.000000001551566
minchirp = 26.116416900239827
maxchirp = 26.116616900239826
mincov = 68320900928.14551
maxcov = 6832090092814.551
