
[data]
trigger-time = 1330004016.166255
injection-file = /work/shashwat.singh/Prospects-of-LGWs/unlens/injection.hdf

[global]
instruments = E1 E2 E3 C1 C2
mass1_ref = 30.000000003201013
mass2_ref = 30.000000005239563
minchirp = 26.1164169025577
maxchirp = 26.1166169025577
mincov = 143246938434.4766
maxcov = 14324693843447.658
