
[data]
trigger-time = 1506760221.2708611
injection-file = /work/shashwat.singh/Prospects-of-LGWs/unlens/injection.hdf

[global]
instruments = E1 E2 E3 C1 C2
mass1_ref = 30.00000000443127
mass2_ref = 30.000000003995122
minchirp = 26.116416902551528
maxchirp = 26.116616902551527
mincov = 142958391750.1709
maxcov = 14295839175017.09
