
[data]
trigger-time = 1516927890.0575814
injection-file = /work/shashwat.singh/Prospects-of-LGWs/unlens/injection.hdf

[global]
instruments = E1 E2 E3 C1 C2
mass1_ref = 30.000000007516054
mass2_ref = 30.00000000016721
minchirp = 26.116416902228057
maxchirp = 26.116616902228056
mincov = 43129538367.69302
maxcov = 4312953836769.3022
