
[data]
trigger-time = 1847391765.5188675
injection-file = /work/shashwat.singh/Prospects-of-LGWs/unlens/injection.hdf

[global]
instruments = E1 E2 E3 C1 C2
mass1_ref = 30.000000006919063
mass2_ref = 30.000000008611263
minchirp = 26.11641690564369
maxchirp = 26.11661690564369
mincov = 111615581625.67155
maxcov = 11161558162567.156
