
[data]
trigger-time = 1524192095.370746
injection-file = /work/shashwat.singh/Prospects-of-LGWs/unlens/injection.hdf

[global]
instruments = E1 E2 E3 C1 C2
mass1_ref = 30.000000007625143
mass2_ref = 30.000000000805343
minchirp = 26.116416902553308
maxchirp = 26.116616902553307
mincov = 169360352057.13098
maxcov = 16936035205713.098
