
[data]
trigger-time = 1194427579.507305
injection-file = /work/shashwat.singh/Prospects-of-LGWs/unlens/injection.hdf

[global]
instruments = E1 E2 E3 C1 C2
mass1_ref = 30.00000000194949
mass2_ref = 30.000000007662955
minchirp = 26.116416903067787
maxchirp = 26.116616903067786
mincov = 127380813648.03757
maxcov = 12738081364803.758
