
[data]
trigger-time = 1290066651.194363
injection-file = /work/shashwat.singh/Prospects-of-LGWs/unlens/injection.hdf

[global]
instruments = E1 E2 E3 C1 C2
mass1_ref = 30.00000000915559
mass2_ref = 30.00000000736946
minchirp = 26.11641690607667
maxchirp = 26.11661690607667
mincov = 63215039448.58058
maxcov = 6321503944858.058
