
[data]
trigger-time = 1496208125.214128
injection-file = /work/shashwat.singh/Prospects-of-LGWs/unlens/injection.hdf

[global]
instruments = E1 E2 E3 C1 C2
mass1_ref = 30.00000000454395
mass2_ref = 30.00000000620901
minchirp = 26.11641690356422
maxchirp = 26.11661690356422
mincov = 72121623330.72401
maxcov = 7212162333072.401
