
[data]
trigger-time = 1140386427.2029765
injection-file = /work/shashwat.singh/Prospects-of-LGWs/unlens/injection.hdf

[global]
instruments = E1 E2 E3 C1 C2
mass1_ref = 30.00000000892703
mass2_ref = 30.00000000034947
minchirp = 26.116416902921557
maxchirp = 26.116616902921557
mincov = 126505010192.75717
maxcov = 12650501019275.719
