
[data]
trigger-time = 1987591589.1765208
injection-file = /work/shashwat.singh/Prospects-of-LGWs/unlens/injection.hdf

[global]
instruments = E1 E2 E3 C1 C2
mass1_ref = 30.000000007466777
mass2_ref = 30.000000001154298
minchirp = 26.116416902636264
maxchirp = 26.116616902636263
mincov = 136007422486.99495
maxcov = 13600742248699.494
