
[data]
trigger-time = 1456440322.750677
injection-file = /work/shashwat.singh/Prospects-of-LGWs/unlens/injection.hdf

[global]
instruments = E1 E2 E3 C1 C2
mass1_ref = 30.000000004229477
mass2_ref = 30.000000008873087
minchirp = 26.116416904586945
maxchirp = 26.116616904586945
mincov = 116528745492.72531
maxcov = 11652874549272.531
