
[data]
trigger-time = 1005071979.4002285
injection-file = /work/shashwat.singh/Prospects-of-LGWs/unlens/injection.hdf

[global]
instruments = E1 E2 E3 C1 C2
mass1_ref = 30.00000000305246
mass2_ref = 30.0000000038237
minchirp = 26.116416901876747
maxchirp = 26.116616901876746
mincov = 14086725750.908909
maxcov = 1408672575090.8909
