
[data]
trigger-time = 1752631856.056379
injection-file = /work/shashwat.singh/Prospects-of-LGWs/unlens/injection.hdf

[global]
instruments = E1 E2 E3 C1 C2
mass1_ref = 30.00000000136646
mass2_ref = 30.000000004445862
minchirp = 26.116416901413686
maxchirp = 26.116616901413686
mincov = 83388695111.85966
maxcov = 8338869511185.967
