
[data]
trigger-time = 1207228564.4182374
injection-file = /work/shashwat.singh/Prospects-of-LGWs/unlens/injection.hdf

[global]
instruments = E1 E2 E3 C1 C2
mass1_ref = 30.000000009857224
mass2_ref = 30.000000007490215
minchirp = 26.116416906434637
maxchirp = 26.116616906434636
mincov = 168455508947.8309
maxcov = 16845550894783.09
