
[data]
trigger-time = 1967368619.4259353
injection-file = /work/shashwat.singh/Prospects-of-LGWs/unlens/injection.hdf

[global]
instruments = E1 E2 E3 C1 C2
mass1_ref = 30.000000004597194
mass2_ref = 30.000000004327923
minchirp = 26.11641690276861
maxchirp = 26.11661690276861
mincov = 136545648630.52348
maxcov = 13654564863052.348
