
[data]
trigger-time = 1011594146.064264
injection-file = /work/shashwat.singh/Prospects-of-LGWs/unlens/injection.hdf

[global]
instruments = E1 E2 E3 C1 C2
mass1_ref = 30.00000000466505
mass2_ref = 30.000000007169525
minchirp = 26.116416904035024
maxchirp = 26.116616904035023
mincov = 3009813142.7625074
maxcov = 300981314276.25073
