
[data]
trigger-time = 1505963836.6109548
injection-file = /work/shashwat.singh/Prospects-of-LGWs/unlens/injection.hdf

[global]
instruments = E1 E2 E3 C1 C2
mass1_ref = 30.000000008608065
mass2_ref = 30.000000001380954
minchirp = 26.1164169032317
maxchirp = 26.116616903231698
mincov = 127361507731.22676
maxcov = 12736150773122.676
