
[data]
trigger-time = 1113930812.2753553
injection-file = /work/shashwat.singh/Prospects-of-LGWs/unlens/injection.hdf

[global]
instruments = E1 E2 E3 C1 C2
mass1_ref = 30.000000000768598
mass2_ref = 30.00000000149392
minchirp = 26.116416899868543
maxchirp = 26.116616899868543
mincov = 172978176078.61722
maxcov = 17297817607861.72
