
[data]
trigger-time = 1745764627.9825163
injection-file = /work/shashwat.singh/Prospects-of-LGWs/unlens/injection.hdf

[global]
instruments = E1 E2 E3 C1 C2
mass1_ref = 30.000000005583342
mass2_ref = 30.000000009598548
minchirp = 26.116416905492024
maxchirp = 26.116616905492023
mincov = 105090409800.2431
maxcov = 10509040980024.31
