
[data]
trigger-time = 1384826722.8491757
injection-file = /work/shashwat.singh/Prospects-of-LGWs/unlens/injection.hdf

[global]
instruments = E1 E2 E3 C1 C2
mass1_ref = 30.000000003597265
mass2_ref = 30.000000004017743
minchirp = 26.11641690219835
maxchirp = 26.11661690219835
mincov = 154374637824.641
maxcov = 15437463782464.1
