
[data]
trigger-time = 1339753538.9476151
injection-file = /work/shashwat.singh/Prospects-of-LGWs/unlens/injection.hdf

[global]
instruments = E1 E2 E3 C1 C2
mass1_ref = 30.000000002094936
mass2_ref = 30.00000000661341
minchirp = 26.116416902674253
maxchirp = 26.116616902674252
mincov = 89395921937.22562
maxcov = 8939592193722.562
