
[data]
trigger-time = 1254475012.1665232
injection-file = /work/shashwat.singh/Prospects-of-LGWs/unlens/injection.hdf

[global]
instruments = E1 E2 E3 C1 C2
mass1_ref = 30.000000004192145
mass2_ref = 30.000000007924832
minchirp = 26.116416904157944
maxchirp = 26.116616904157944
mincov = 119653699213.96416
maxcov = 11965369921396.416
