
[data]
trigger-time = 1074376081.428557
injection-file = /work/shashwat.singh/Prospects-of-LGWs/unlens/injection.hdf

[global]
instruments = E1 E2 E3 C1 C2
mass1_ref = 30.00000000740824
mass2_ref = 30.000000009338898
minchirp = 26.116416906173338
maxchirp = 26.116616906173338
mincov = 170684508078.4676
maxcov = 17068450807846.758
