
[data]
trigger-time = 1933195082.3760524
injection-file = /work/shashwat.singh/Prospects-of-LGWs/unlens/injection.hdf

[global]
instruments = E1 E2 E3 C1 C2
mass1_ref = 30.00000000484625
mass2_ref = 30.000000000691013
minchirp = 26.116416901293956
maxchirp = 26.116616901293956
mincov = 103752732473.01024
maxcov = 10375273247301.023
