
[data]
trigger-time = 1068773827.6715313
injection-file = /work/shashwat.singh/Prospects-of-LGWs/unlens/injection.hdf

[global]
instruments = E1 E2 E3 C1 C2
mass1_ref = 30.000000002099846
mass2_ref = 30.000000006143416
minchirp = 26.116416902471812
maxchirp = 26.11661690247181
mincov = 1016798896.3171031
maxcov = 101679889631.71033
