
[data]
trigger-time = 1107436378.5777676
injection-file = /work/shashwat.singh/Prospects-of-LGWs/unlens/injection.hdf

[global]
instruments = E1 E2 E3 C1 C2
mass1_ref = 30.00000000072865
mass2_ref = 30.00000000782847
minchirp = 26.116416902608428
maxchirp = 26.116616902608428
mincov = 63668855008.4625
maxcov = 6366885500846.25
