
[data]
trigger-time = 1091703713.382656
injection-file = /work/shashwat.singh/Prospects-of-LGWs/unlens/injection.hdf

[global]
instruments = E1 E2 E3 C1 C2
mass1_ref = 30.000000004061967
mass2_ref = 30.00000000643703
minchirp = 26.11641690345368
maxchirp = 26.11661690345368
mincov = 6977080301.439738
maxcov = 697708030143.9739
