
[data]
trigger-time = 1557144323.9543164
injection-file = /work/shashwat.singh/Prospects-of-LGWs/unlens/injection.hdf

[global]
instruments = E1 E2 E3 C1 C2
mass1_ref = 30.000000000733753
mass2_ref = 30.000000006143562
minchirp = 26.116416901877248
maxchirp = 26.116616901877247
mincov = 145869344.29904777
maxcov = 14586934429.904778
