
[data]
trigger-time = 1985317398.1487641
injection-file = /work/shashwat.singh/Prospects-of-LGWs/unlens/injection.hdf

[global]
instruments = E1 E2 E3 C1 C2
mass1_ref = 30.00000000112134
mass2_ref = 30.000000005631676
minchirp = 26.116416901823147
maxchirp = 26.116616901823146
mincov = 28789141194.679955
maxcov = 2878914119467.9956
