
[data]
trigger-time = 1787772422.1987185
injection-file = /work/shashwat.singh/Prospects-of-LGWs/unlens/injection.hdf

[global]
instruments = E1 E2 E3 C1 C2
mass1_ref = 30.000000008367856
mass2_ref = 30.000000003089177
minchirp = 26.116416903870686
maxchirp = 26.116616903870685
mincov = 137455739329.38495
maxcov = 13745573932938.496
