
[data]
trigger-time = 1987057958.5798855
injection-file = /work/shashwat.singh/Prospects-of-LGWs/unlens/injection.hdf

[global]
instruments = E1 E2 E3 C1 C2
mass1_ref = 30.00000000090054
mass2_ref = 30.000000001915794
minchirp = 26.116416900109606
maxchirp = 26.116616900109605
mincov = 105113699524.00607
maxcov = 10511369952400.607
