
[data]
trigger-time = 1804958688.3706634
injection-file = /work/shashwat.singh/Prospects-of-LGWs/unlens/injection.hdf

[global]
instruments = E1 E2 E3 C1 C2
mass1_ref = 30.000000001446036
mass2_ref = 30.000000003722864
minchirp = 26.11641690113362
maxchirp = 26.116616901133618
mincov = 93760910753.77603
maxcov = 9376091075377.602
