
[data]
trigger-time = 1770150209.3078465
injection-file = /work/shashwat.singh/Prospects-of-LGWs/unlens/injection.hdf

[global]
instruments = E1 E2 E3 C1 C2
mass1_ref = 30.000000009497516
mass2_ref = 30.000000003483336
minchirp = 26.116416904533967
maxchirp = 26.116616904533966
mincov = 175172112632.46213
maxcov = 17517211263246.213
