
[data]
trigger-time = 1194315940.4833915
injection-file = /work/shashwat.singh/Prospects-of-LGWs/unlens/injection.hdf

[global]
instruments = E1 E2 E3 C1 C2
mass1_ref = 30.000000004533938
mass2_ref = 30.000000007310067
minchirp = 26.116416904039127
maxchirp = 26.116616904039127
mincov = 48169630103.7133
maxcov = 4816963010371.33
