
[data]
trigger-time = 1853800501.7371504
injection-file = /work/shashwat.singh/Prospects-of-LGWs/unlens/injection.hdf

[global]
instruments = E1 E2 E3 C1 C2
mass1_ref = 30.000000006064
mass2_ref = 30.00000000059699
minchirp = 26.116416901783087
maxchirp = 26.116616901783086
mincov = 71942329988.30734
maxcov = 7194232998830.733
