
[data]
trigger-time = 1681288330.7625613
injection-file = /work/shashwat.singh/Prospects-of-LGWs/unlens/injection.hdf

[global]
instruments = E1 E2 E3 C1 C2
mass1_ref = 30.00000000604287
mass2_ref = 30.000000004650637
minchirp = 26.116416903538344
maxchirp = 26.116616903538343
mincov = 79313042875.64876
maxcov = 7931304287564.875
