
[data]
trigger-time = 1571957925.1218636
injection-file = /work/shashwat.singh/Prospects-of-LGWs/unlens/injection.hdf

[global]
instruments = E1 E2 E3 C1 C2
mass1_ref = 30.000000003405578
mass2_ref = 30.00000000172337
minchirp = 26.11641690111623
maxchirp = 26.11661690111623
mincov = 76235817232.91026
maxcov = 7623581723291.026
