
[data]
trigger-time = 1576874661.507133
injection-file = /work/shashwat.singh/Prospects-of-LGWs/unlens/injection.hdf

[global]
instruments = E1 E2 E3 C1 C2
mass1_ref = 30.000000000073086
mass2_ref = 30.000000005894012
minchirp = 26.116416901481056
maxchirp = 26.116616901481056
mincov = 78852068165.39929
maxcov = 7885206816539.93
