
[data]
trigger-time = 1878770233.4163132
injection-file = /work/shashwat.singh/Prospects-of-LGWs/unlens/injection.hdf

[global]
instruments = E1 E2 E3 C1 C2
mass1_ref = 30.000000002058062
mass2_ref = 30.000000006725354
minchirp = 26.116416902706927
maxchirp = 26.116616902706927
mincov = 130615580892.31294
maxcov = 13061558089231.293
