
[data]
trigger-time = 1472024416.0536177
injection-file = /work/shashwat.singh/Prospects-of-LGWs/unlens/injection.hdf

[global]
instruments = E1 E2 E3 C1 C2
mass1_ref = 30.000000002289795
mass2_ref = 30.000000001373827
minchirp = 26.11641690047841
maxchirp = 26.11661690047841
mincov = 133534116759.79214
maxcov = 13353411675979.215
