
[data]
trigger-time = 1826986462.9525757
injection-file = /work/shashwat.singh/Prospects-of-LGWs/unlens/injection.hdf

[global]
instruments = E1 E2 E3 C1 C2
mass1_ref = 30.0000000056786
mass2_ref = 30.000000009409458
minchirp = 26.116416905451185
maxchirp = 26.116616905451185
mincov = 64086042348.46138
maxcov = 6408604234846.138
