
[data]
trigger-time = 1360467044.0640962
injection-file = /work/shashwat.singh/Prospects-of-LGWs/unlens/injection.hdf

[global]
instruments = E1 E2 E3 C1 C2
mass1_ref = 30.000000002566374
mass2_ref = 30.00000000673302
minchirp = 26.116416902931523
maxchirp = 26.116616902931522
mincov = 145435559374.13065
maxcov = 14543555937413.064
