
[data]
trigger-time = 1298132829.5563145
injection-file = /work/shashwat.singh/Prospects-of-LGWs/unlens/injection.hdf

[global]
instruments = E1 E2 E3 C1 C2
mass1_ref = 30.000000001083627
mass2_ref = 30.00000000869319
minchirp = 26.116416903139328
maxchirp = 26.116616903139327
mincov = 177529442729.488
maxcov = 17752944272948.8
