
[data]
trigger-time = 1035337048.4773711
injection-file = /work/shashwat.singh/Prospects-of-LGWs/unlens/injection.hdf

[global]
instruments = E1 E2 E3 C1 C2
mass1_ref = 30.000000007178155
mass2_ref = 30.000000008957336
minchirp = 26.1164169059071
maxchirp = 26.1166169059071
mincov = 87801846238.08298
maxcov = 8780184623808.297
