
[data]
trigger-time = 1563443776.9641309
injection-file = /work/shashwat.singh/Prospects-of-LGWs/unlens/injection.hdf

[global]
instruments = E1 E2 E3 C1 C2
mass1_ref = 30.000000003620347
mass2_ref = 30.000000001659853
minchirp = 26.116416901182063
maxchirp = 26.116616901182063
mincov = 145554587736.32394
maxcov = 14555458773632.395
