
[data]
trigger-time = 1561679591.8162496
injection-file = /work/shashwat.singh/Prospects-of-LGWs/unlens/injection.hdf

[global]
instruments = E1 E2 E3 C1 C2
mass1_ref = 30.000000009499452
mass2_ref = 30.000000005753343
minchirp = 26.11641690552289
maxchirp = 26.11661690552289
mincov = 178749462310.6626
maxcov = 17874946231066.258
