
[data]
trigger-time = 1859328773.9217203
injection-file = /work/shashwat.singh/Prospects-of-LGWs/unlens/injection.hdf

[global]
instruments = E1 E2 E3 C1 C2
mass1_ref = 30.000000007148618
mass2_ref = 30.00000000035559
minchirp = 26.11641690215012
maxchirp = 26.11661690215012
mincov = 93258541449.00333
maxcov = 9325854144900.332
