
[data]
trigger-time = 1951293799.0715048
injection-file = /work/shashwat.singh/Prospects-of-LGWs/unlens/injection.hdf

[global]
instruments = E1 E2 E3 C1 C2
mass1_ref = 30.000000002004484
mass2_ref = 30.000000001527106
minchirp = 26.116416900420937
maxchirp = 26.116616900420937
mincov = 2914568299.9111056
maxcov = 291456829991.1106
