
[data]
trigger-time = 1801285227.4959254
injection-file = /work/shashwat.singh/Prospects-of-LGWs/unlens/injection.hdf

[global]
instruments = E1 E2 E3 C1 C2
mass1_ref = 30.00000000157258
mass2_ref = 30.000000007733714
minchirp = 26.116416902934525
maxchirp = 26.116616902934524
mincov = 71263081500.49706
maxcov = 7126308150049.706
