
[data]
trigger-time = 1459574615.9855413
injection-file = /work/shashwat.singh/Prospects-of-LGWs/unlens/injection.hdf

[global]
instruments = E1 E2 E3 C1 C2
mass1_ref = 30.000000002975604
mass2_ref = 30.000000009127547
minchirp = 26.116416904151926
maxchirp = 26.116616904151925
mincov = 6073401307.47001
maxcov = 607340130747.001
