
[data]
trigger-time = 1281989885.6196043
injection-file = /work/shashwat.singh/Prospects-of-LGWs/unlens/injection.hdf

[global]
instruments = E1 E2 E3 C1 C2
mass1_ref = 30.00000000456039
mass2_ref = 30.00000000436007
minchirp = 26.11641690276658
maxchirp = 26.11661690276658
mincov = 172930546708.68103
maxcov = 17293054670868.104
