
[data]
trigger-time = 1678138255.3616507
injection-file = /work/shashwat.singh/Prospects-of-LGWs/unlens/injection.hdf

[global]
instruments = E1 E2 E3 C1 C2
mass1_ref = 30.00000000676614
mass2_ref = 30.00000000574531
minchirp = 26.11641690432965
maxchirp = 26.11661690432965
mincov = 159702224232.6362
maxcov = 15970222423263.621
