
[data]
trigger-time = 1572720450.1811445
injection-file = /work/shashwat.singh/Prospects-of-LGWs/unlens/injection.hdf

[global]
instruments = E1 E2 E3 C1 C2
mass1_ref = 30.000000003533863
mass2_ref = 30.000000007863417
minchirp = 26.11641690384468
maxchirp = 26.11661690384468
mincov = 174138926558.52463
maxcov = 17413892655852.463
