
[data]
trigger-time = 1962491922.7421112
injection-file = /work/shashwat.singh/Prospects-of-LGWs/unlens/injection.hdf

[global]
instruments = E1 E2 E3 C1 C2
mass1_ref = 30.00000000254123
mass2_ref = 30.00000000955534
minchirp = 26.116416904149062
maxchirp = 26.116616904149062
mincov = 179314862651.4278
maxcov = 17931486265142.78
