
[data]
trigger-time = 1542169262.505248
injection-file = /work/shashwat.singh/Prospects-of-LGWs/unlens/injection.hdf

[global]
instruments = E1 E2 E3 C1 C2
mass1_ref = 30.000000008476416
mass2_ref = 30.000000006392412
minchirp = 26.11641690535576
maxchirp = 26.11661690535576
mincov = 160300235875.99338
maxcov = 16030023587599.338
