
[data]
trigger-time = 1332072521.3371258
injection-file = /work/shashwat.singh/Prospects-of-LGWs/unlens/injection.hdf

[global]
instruments = E1 E2 E3 C1 C2
mass1_ref = 30.000000009976908
mass2_ref = 30.00000000916908
minchirp = 26.116416907217502
maxchirp = 26.1166169072175
mincov = 2810596806.63169
maxcov = 281059680663.169
