
[data]
trigger-time = 1192278071.2043111
injection-file = /work/shashwat.singh/Prospects-of-LGWs/unlens/injection.hdf

[global]
instruments = E1 E2 E3 C1 C2
mass1_ref = 30.000000007312728
mass2_ref = 30.00000000280476
minchirp = 26.116416903287618
maxchirp = 26.116616903287618
mincov = 28059034867.975105
maxcov = 2805903486797.5103
