
[data]
trigger-time = 1743085330.0319123
injection-file = /work/shashwat.singh/Prospects-of-LGWs/unlens/injection.hdf

[global]
instruments = E1 E2 E3 C1 C2
mass1_ref = 30.00000000548309
mass2_ref = 30.000000002191708
minchirp = 26.116416902224376
maxchirp = 26.116616902224376
mincov = 141340899579.58234
maxcov = 14134089957958.232
