
[data]
trigger-time = 1848492904.3996053
injection-file = /work/shashwat.singh/Prospects-of-LGWs/unlens/injection.hdf

[global]
instruments = E1 E2 E3 C1 C2
mass1_ref = 30.000000005199926
mass2_ref = 30.00000000415347
minchirp = 26.116416902955027
maxchirp = 26.116616902955027
mincov = 78977213248.83917
maxcov = 7897721324883.917
