
[data]
trigger-time = 1241693323.337907
injection-file = /work/shashwat.singh/Prospects-of-LGWs/unlens/injection.hdf

[global]
instruments = E1 E2 E3 C1 C2
mass1_ref = 30.000000009824035
mass2_ref = 30.000000005721684
minchirp = 26.116416905650393
maxchirp = 26.116616905650393
mincov = 178356448457.9588
maxcov = 17835644845795.883
