
[data]
trigger-time = 1937218739.23189
injection-file = /work/shashwat.singh/Prospects-of-LGWs/unlens/injection.hdf

[global]
instruments = E1 E2 E3 C1 C2
mass1_ref = 30.00000000367561
mass2_ref = 30.00000000599919
minchirp = 26.116416903094926
maxchirp = 26.116616903094926
mincov = 275120565.5778824
maxcov = 27512056557.78824
