
[data]
trigger-time = 1983372860.3152003
injection-file = /work/shashwat.singh/Prospects-of-LGWs/unlens/injection.hdf

[global]
instruments = E1 E2 E3 C1 C2
mass1_ref = 30.000000004098716
mass2_ref = 30.000000000375138
minchirp = 26.116416900831084
maxchirp = 26.116616900831083
mincov = 158194571618.83676
maxcov = 15819457161883.676
