
[data]
trigger-time = 1545157025.8045826
injection-file = /work/shashwat.singh/Prospects-of-LGWs/unlens/injection.hdf

[global]
instruments = E1 E2 E3 C1 C2
mass1_ref = 30.00000000382025
mass2_ref = 30.00000000684295
minchirp = 26.116416903525153
maxchirp = 26.116616903525152
mincov = 70564938653.79688
maxcov = 7056493865379.6875
