
[data]
trigger-time = 1036518284.9489086
injection-file = /work/shashwat.singh/Prospects-of-LGWs/unlens/injection.hdf

[global]
instruments = E1 E2 E3 C1 C2
mass1_ref = 30.00000000544722
mass2_ref = 30.000000000170598
minchirp = 26.11641690132902
maxchirp = 26.11661690132902
mincov = 176294248956.44827
maxcov = 17629424895644.83
