
[data]
trigger-time = 1682096512.8999581
injection-file = /work/shashwat.singh/Prospects-of-LGWs/unlens/injection.hdf

[global]
instruments = E1 E2 E3 C1 C2
mass1_ref = 30.00000000955445
mass2_ref = 30.00000000829545
minchirp = 26.11641690665335
maxchirp = 26.11661690665335
mincov = 140749393221.52402
maxcov = 14074939322152.402
