
[data]
trigger-time = 1239334402.1135435
injection-file = /work/shashwat.singh/Prospects-of-LGWs/unlens/injection.hdf

[global]
instruments = E1 E2 E3 C1 C2
mass1_ref = 30.00000000412653
mass2_ref = 30.00000000184127
minchirp = 26.116416901481358
maxchirp = 26.116616901481358
mincov = 119688072786.37344
maxcov = 11968807278637.344
