
[data]
trigger-time = 1102897947.5090756
injection-file = /work/shashwat.singh/Prospects-of-LGWs/unlens/injection.hdf

[global]
instruments = E1 E2 E3 C1 C2
mass1_ref = 30.000000005082637
mass2_ref = 30.00000000176164
minchirp = 26.11641690186287
maxchirp = 26.11661690186287
mincov = 151272339727.71725
maxcov = 15127233972771.727
