
[data]
trigger-time = 1435561906.1815042
injection-file = /work/shashwat.singh/Prospects-of-LGWs/unlens/injection.hdf

[global]
instruments = E1 E2 E3 C1 C2
mass1_ref = 30.000000005356522
mass2_ref = 30.000000000238522
minchirp = 26.11641690131911
maxchirp = 26.11661690131911
mincov = 67816610399.44165
maxcov = 6781661039944.165
