
[data]
trigger-time = 1810590775.9156904
injection-file = /work/shashwat.singh/Prospects-of-LGWs/unlens/injection.hdf

[global]
instruments = E1 E2 E3 C1 C2
mass1_ref = 30.0000000021679
mass2_ref = 30.000000009602715
minchirp = 26.11641690400718
maxchirp = 26.11661690400718
mincov = 108481667262.67484
maxcov = 10848166726267.482
