
[data]
trigger-time = 1249674988.402603
injection-file = /work/shashwat.singh/Prospects-of-LGWs/unlens/injection.hdf

[global]
instruments = E1 E2 E3 C1 C2
mass1_ref = 30.000000005435314
mass2_ref = 30.000000001177337
minchirp = 26.116416901762047
maxchirp = 26.116616901762047
mincov = 14560164336.226873
maxcov = 1456016433622.6875
