
[data]
trigger-time = 1754966887.4163065
injection-file = /work/shashwat.singh/Prospects-of-LGWs/unlens/injection.hdf

[global]
instruments = E1 E2 E3 C1 C2
mass1_ref = 30.000000003759357
mass2_ref = 30.000000003341835
minchirp = 26.1164169019747
maxchirp = 26.116616901974698
mincov = 7908769.759624344
maxcov = 790876975.9624344
