
[data]
trigger-time = 1035762641.7685404
injection-file = /work/shashwat.singh/Prospects-of-LGWs/unlens/injection.hdf

[global]
instruments = E1 E2 E3 C1 C2
mass1_ref = 30.0000000058235
mass2_ref = 30.000000008916334
minchirp = 26.116416905299612
maxchirp = 26.11661690529961
mincov = 170096241154.0003
maxcov = 17009624115400.03
