
[data]
trigger-time = 1519521384.8594687
injection-file = /work/shashwat.singh/Prospects-of-LGWs/unlens/injection.hdf

[global]
instruments = E1 E2 E3 C1 C2
mass1_ref = 30.000000005950746
mass2_ref = 30.000000004420663
minchirp = 26.116416903398143
maxchirp = 26.116616903398143
mincov = 13956310433.644403
maxcov = 1395631043364.4404
