
[data]
trigger-time = 1646877031.9271026
injection-file = /work/shashwat.singh/Prospects-of-LGWs/unlens/injection.hdf

[global]
instruments = E1 E2 E3 C1 C2
mass1_ref = 30.00000000117413
mass2_ref = 30.000000001532342
minchirp = 26.116416900061783
maxchirp = 26.116616900061782
mincov = 131397750215.46835
maxcov = 13139775021546.836
