
[data]
trigger-time = 1576028541.1750405
injection-file = /work/shashwat.singh/Prospects-of-LGWs/unlens/injection.hdf

[global]
instruments = E1 E2 E3 C1 C2
mass1_ref = 30.000000006986575
mass2_ref = 30.00000000605085
minchirp = 26.116416904558594
maxchirp = 26.116616904558594
mincov = 23649396492.490837
maxcov = 2364939649249.0835
