
[data]
trigger-time = 1228353054.0009682
injection-file = /work/shashwat.singh/Prospects-of-LGWs/unlens/injection.hdf

[global]
instruments = E1 E2 E3 C1 C2
mass1_ref = 30.000000005777487
mass2_ref = 30.00000000749111
minchirp = 26.116416904659218
maxchirp = 26.116616904659217
mincov = 115544779769.04941
maxcov = 11554477976904.941
