
[data]
trigger-time = 1672580756.6971965
injection-file = /work/shashwat.singh/Prospects-of-LGWs/unlens/injection.hdf

[global]
instruments = E1 E2 E3 C1 C2
mass1_ref = 30.000000000048185
mass2_ref = 30.00000000453951
minchirp = 26.116416900880633
maxchirp = 26.116616900880633
mincov = 153587148316.02206
maxcov = 15358714831602.207
