
[data]
trigger-time = 1017498069.7359339
injection-file = /work/shashwat.singh/Prospects-of-LGWs/unlens/injection.hdf

[global]
instruments = E1 E2 E3 C1 C2
mass1_ref = 30.00000000650357
mass2_ref = 30.000000000152433
minchirp = 26.116416901780916
maxchirp = 26.116616901780915
mincov = 5926524103.105433
maxcov = 592652410310.5433
