
[data]
trigger-time = 1322239216.3032498
injection-file = /work/shashwat.singh/Prospects-of-LGWs/unlens/injection.hdf

[global]
instruments = E1 E2 E3 C1 C2
mass1_ref = 30.000000001253785
mass2_ref = 30.000000000076735
minchirp = 26.116416899462866
maxchirp = 26.116616899462866
mincov = 73063029124.99586
maxcov = 7306302912499.586
