
[data]
trigger-time = 1185941332.658802
injection-file = /work/shashwat.singh/Prospects-of-LGWs/unlens/injection.hdf

[global]
instruments = E1 E2 E3 C1 C2
mass1_ref = 30.000000001644082
mass2_ref = 30.000000003541793
minchirp = 26.116416901141008
maxchirp = 26.116616901141008
mincov = 146460743590.7258
maxcov = 14646074359072.58
