
[data]
trigger-time = 1619219220.5905986
injection-file = /work/shashwat.singh/Prospects-of-LGWs/unlens/injection.hdf

[global]
instruments = E1 E2 E3 C1 C2
mass1_ref = 30.000000000626432
mass2_ref = 30.00000000435751
minchirp = 26.116416901053114
maxchirp = 26.116616901053114
mincov = 4760935451.58976
maxcov = 476093545158.97595
