
[data]
trigger-time = 1391939798.7523494
injection-file = /work/shashwat.singh/Prospects-of-LGWs/unlens/injection.hdf

[global]
instruments = E1 E2 E3 C1 C2
mass1_ref = 30.000000008116956
mass2_ref = 30.000000008291234
minchirp = 26.116416906025805
maxchirp = 26.116616906025804
mincov = 165054638338.19537
maxcov = 16505463833819.54
