
[data]
trigger-time = 1232361075.579809
injection-file = /work/shashwat.singh/Prospects-of-LGWs/unlens/injection.hdf

[global]
instruments = E1 E2 E3 C1 C2
mass1_ref = 30.000000003462034
mass2_ref = 30.000000007993613
minchirp = 26.116416903870086
maxchirp = 26.116616903870085
mincov = 12166063483.225407
maxcov = 1216606348322.5408
