
[data]
trigger-time = 1169451532.0358932
injection-file = /work/shashwat.singh/Prospects-of-LGWs/unlens/injection.hdf

[global]
instruments = E1 E2 E3 C1 C2
mass1_ref = 30.000000000053912
mass2_ref = 30.000000002946678
minchirp = 26.116416900189808
maxchirp = 26.116616900189808
mincov = 173257408825.44858
maxcov = 17325740882544.86
