
[data]
trigger-time = 1162964242.7768395
injection-file = /work/shashwat.singh/Prospects-of-LGWs/unlens/injection.hdf

[global]
instruments = E1 E2 E3 C1 C2
mass1_ref = 30.00000000566151
mass2_ref = 30.000000008840807
minchirp = 26.116416905196225
maxchirp = 26.116616905196224
mincov = 123073266991.9705
maxcov = 12307326699197.05
