
[data]
trigger-time = 1113396039.9224176
injection-file = /work/shashwat.singh/Prospects-of-LGWs/unlens/injection.hdf

[global]
instruments = E1 E2 E3 C1 C2
mass1_ref = 30.00000000521498
mass2_ref = 30.00000000138781
minchirp = 26.116416901757756
maxchirp = 26.116616901757755
mincov = 172555573213.33737
maxcov = 17255557321333.738
