
[data]
trigger-time = 1184313598.1066525
injection-file = /work/shashwat.singh/Prospects-of-LGWs/unlens/injection.hdf

[global]
instruments = E1 E2 E3 C1 C2
mass1_ref = 30.000000004764562
mass2_ref = 30.00000000400742
minchirp = 26.116416902701953
maxchirp = 26.116616902701953
mincov = 167950255706.3156
maxcov = 16795025570631.56
