
[data]
trigger-time = 1013960668.6084404
injection-file = /work/shashwat.singh/Prospects-of-LGWs/unlens/injection.hdf

[global]
instruments = E1 E2 E3 C1 C2
mass1_ref = 30.000000004678682
mass2_ref = 30.00000000691607
minchirp = 26.116416903930634
maxchirp = 26.116616903930634
mincov = 96240942933.38924
maxcov = 9624094293338.924
