
[data]
trigger-time = 1619708829.0445542
injection-file = /work/shashwat.singh/Prospects-of-LGWs/unlens/injection.hdf

[global]
instruments = E1 E2 E3 C1 C2
mass1_ref = 30.000000001484455
mass2_ref = 30.000000006161972
minchirp = 26.116416902212023
maxchirp = 26.116616902212023
mincov = 75500145550.0286
maxcov = 7550014555002.859
