
[data]
trigger-time = 1856706138.1472526
injection-file = /work/shashwat.singh/Prospects-of-LGWs/unlens/injection.hdf

[global]
instruments = E1 E2 E3 C1 C2
mass1_ref = 30.000000000337135
mass2_ref = 30.00000000656578
minchirp = 26.116416901888392
maxchirp = 26.116616901888392
mincov = 170777519319.69827
maxcov = 17077751931969.826
