
[data]
trigger-time = 1217811111.1212366
injection-file = /work/shashwat.singh/Prospects-of-LGWs/unlens/injection.hdf

[global]
instruments = E1 E2 E3 C1 C2
mass1_ref = 30.000000008237752
mass2_ref = 30.000000008026337
minchirp = 26.11641690596308
maxchirp = 26.11661690596308
mincov = 137786233558.54684
maxcov = 13778623355854.686
