
[data]
trigger-time = 1414034199.4159462
injection-file = /work/shashwat.singh/Prospects-of-LGWs/unlens/injection.hdf

[global]
instruments = E1 E2 E3 C1 C2
mass1_ref = 30.000000005796835
mass2_ref = 30.000000004319
minchirp = 26.116416903286897
maxchirp = 26.116616903286896
mincov = 1112163669.8614907
maxcov = 111216366986.14906
