
[data]
trigger-time = 1942508035.8682883
injection-file = /work/shashwat.singh/Prospects-of-LGWs/unlens/injection.hdf

[global]
instruments = E1 E2 E3 C1 C2
mass1_ref = 30.000000000896865
mass2_ref = 30.000000008613178
minchirp = 26.11641690302321
maxchirp = 26.11661690302321
mincov = 105589216428.35182
maxcov = 10558921642835.182
