
[data]
trigger-time = 1431867761.6456904
injection-file = /work/shashwat.singh/Prospects-of-LGWs/unlens/injection.hdf

[global]
instruments = E1 E2 E3 C1 C2
mass1_ref = 30.000000006970172
mass2_ref = 30.00000000259257
minchirp = 26.116416903046147
maxchirp = 26.116616903046147
mincov = 160403925025.50488
maxcov = 16040392502550.488
