
[data]
trigger-time = 1840056632.3117738
injection-file = /work/shashwat.singh/Prospects-of-LGWs/unlens/injection.hdf

[global]
instruments = E1 E2 E3 C1 C2
mass1_ref = 30.000000001617742
mass2_ref = 30.000000005133007
minchirp = 26.11641690182216
maxchirp = 26.11661690182216
mincov = 152360746288.6787
maxcov = 15236074628867.871
