
[data]
trigger-time = 1461929379.0749235
injection-file = /work/shashwat.singh/Prospects-of-LGWs/unlens/injection.hdf

[global]
instruments = E1 E2 E3 C1 C2
mass1_ref = 30.000000007524616
mass2_ref = 30.00000000023923
minchirp = 26.116416902263133
maxchirp = 26.116616902263132
mincov = 142508908292.5614
maxcov = 14250890829256.14
