
[data]
trigger-time = 1654679632.051701
injection-file = /work/shashwat.singh/Prospects-of-LGWs/unlens/injection.hdf

[global]
instruments = E1 E2 E3 C1 C2
mass1_ref = 30.000000007795837
mass2_ref = 30.000000005750707
minchirp = 26.116416904780202
maxchirp = 26.1166169047802
mincov = 55279188382.19175
maxcov = 5527918838219.175
