
[data]
trigger-time = 1689335072.243372
injection-file = /work/shashwat.singh/Prospects-of-LGWs/unlens/injection.hdf

[global]
instruments = E1 E2 E3 C1 C2
mass1_ref = 30.000000005154828
mass2_ref = 30.0000000013566
minchirp = 26.116416901717987
maxchirp = 26.116616901717986
mincov = 106358979038.59816
maxcov = 10635897903859.816
