
[data]
trigger-time = 1159197544.8198962
injection-file = /work/shashwat.singh/Prospects-of-LGWs/unlens/injection.hdf

[global]
instruments = E1 E2 E3 C1 C2
mass1_ref = 30.000000007047795
mass2_ref = 30.00000000209341
minchirp = 26.116416902862667
maxchirp = 26.116616902862667
mincov = 69671531695.0839
maxcov = 6967153169508.39
