
[data]
trigger-time = 1423576973.5023212
injection-file = /work/shashwat.singh/Prospects-of-LGWs/unlens/injection.hdf

[global]
instruments = E1 E2 E3 C1 C2
mass1_ref = 30.000000005828838
mass2_ref = 30.00000000466696
minchirp = 26.116416903452286
maxchirp = 26.116616903452286
mincov = 53077155306.779335
maxcov = 5307715530677.934
