
[data]
trigger-time = 1183254369.6820095
injection-file = /work/shashwat.singh/Prospects-of-LGWs/unlens/injection.hdf

[global]
instruments = E1 E2 E3 C1 C2
mass1_ref = 30.000000009517493
mass2_ref = 30.000000009358246
minchirp = 26.116416907099865
maxchirp = 26.116616907099864
mincov = 151556154978.86118
maxcov = 15155615497886.117
