
[data]
trigger-time = 1318817971.408177
injection-file = /work/shashwat.singh/Prospects-of-LGWs/unlens/injection.hdf

[global]
instruments = E1 E2 E3 C1 C2
mass1_ref = 30.00000000340055
mass2_ref = 30.000000008379274
minchirp = 26.116416904011192
maxchirp = 26.11661690401119
mincov = 171757916772.4941
maxcov = 17175791677249.412
