
[data]
trigger-time = 1645561494.8954167
injection-file = /work/shashwat.singh/Prospects-of-LGWs/unlens/injection.hdf

[global]
instruments = E1 E2 E3 C1 C2
mass1_ref = 30.000000002291202
mass2_ref = 30.00000000908911
minchirp = 26.11641690383729
maxchirp = 26.11661690383729
mincov = 129214934559.31494
maxcov = 12921493455931.494
