
[data]
trigger-time = 1385595545.435246
injection-file = /work/shashwat.singh/Prospects-of-LGWs/unlens/injection.hdf

[global]
instruments = E1 E2 E3 C1 C2
mass1_ref = 30.00000000603007
mass2_ref = 30.00000000643422
minchirp = 26.116416904309123
maxchirp = 26.116616904309122
mincov = 132095707002.67813
maxcov = 13209570700267.812
