
[data]
trigger-time = 1700852965.381612
injection-file = /work/shashwat.singh/Prospects-of-LGWs/unlens/injection.hdf

[global]
instruments = E1 E2 E3 C1 C2
mass1_ref = 30.00000000897555
mass2_ref = 30.000000003300137
minchirp = 26.11641690422703
maxchirp = 26.11661690422703
mincov = 154249247115.45874
maxcov = 15424924711545.875
