
[data]
trigger-time = 1160410795.262536
injection-file = /work/shashwat.singh/Prospects-of-LGWs/unlens/injection.hdf

[global]
instruments = E1 E2 E3 C1 C2
mass1_ref = 30.000000004832497
mass2_ref = 30.000000001283087
minchirp = 26.116416901545687
maxchirp = 26.116616901545687
mincov = 118852746117.66154
maxcov = 11885274611766.154
