
[data]
trigger-time = 1317239023.9076777
injection-file = /work/shashwat.singh/Prospects-of-LGWs/unlens/injection.hdf

[global]
instruments = E1 E2 E3 C1 C2
mass1_ref = 30.000000005110195
mass2_ref = 30.000000002301014
minchirp = 26.11641690210964
maxchirp = 26.11661690210964
mincov = 120324157950.96658
maxcov = 12032415795096.658
