
[data]
trigger-time = 1713755710.9167197
injection-file = /work/shashwat.singh/Prospects-of-LGWs/unlens/injection.hdf

[global]
instruments = E1 E2 E3 C1 C2
mass1_ref = 30.000000008740614
mass2_ref = 30.00000000768534
minchirp = 26.11641690603354
maxchirp = 26.11661690603354
mincov = 120374843608.04294
maxcov = 12037484360804.295
