
[data]
trigger-time = 1003420015.8494586
injection-file = /work/shashwat.singh/Prospects-of-LGWs/unlens/injection.hdf

[global]
instruments = E1 E2 E3 C1 C2
mass1_ref = 30.00000000642409
mass2_ref = 30.000000003060862
minchirp = 26.11641690301229
maxchirp = 26.11661690301229
mincov = 4084924120.29379
maxcov = 408492412029.37897
