
[data]
trigger-time = 1129622638.499064
injection-file = /work/shashwat.singh/Prospects-of-LGWs/unlens/injection.hdf

[global]
instruments = E1 E2 E3 C1 C2
mass1_ref = 30.000000003148852
mass2_ref = 30.00000000383721
minchirp = 26.116416901924584
maxchirp = 26.116616901924584
mincov = 52952152833.24195
maxcov = 5295215283324.195
