
[data]
trigger-time = 1246651588.6638913
injection-file = /work/shashwat.singh/Prospects-of-LGWs/unlens/injection.hdf

[global]
instruments = E1 E2 E3 C1 C2
mass1_ref = 30.000000000339252
mass2_ref = 30.00000000813804
minchirp = 26.11641690257368
maxchirp = 26.11661690257368
mincov = 124781090049.82333
maxcov = 12478109004982.334
