
[data]
trigger-time = 1978372217.132337
injection-file = /work/shashwat.singh/Prospects-of-LGWs/unlens/injection.hdf

[global]
instruments = E1 E2 E3 C1 C2
mass1_ref = 30.00000000709176
mass2_ref = 30.000000003724317
minchirp = 26.116416903591695
maxchirp = 26.116616903591694
mincov = 54419714495.459946
maxcov = 5441971449545.995
