
[data]
trigger-time = 1830240568.6485991
injection-file = /work/shashwat.singh/Prospects-of-LGWs/unlens/injection.hdf

[global]
instruments = E1 E2 E3 C1 C2
mass1_ref = 30.00000000474909
mass2_ref = 30.00000000252476
minchirp = 26.116416902049853
maxchirp = 26.116616902049852
mincov = 95638961537.62032
maxcov = 9563896153762.031
