
[data]
trigger-time = 1185152138.6047025
injection-file = /work/shashwat.singh/Prospects-of-LGWs/unlens/injection.hdf

[global]
instruments = E1 E2 E3 C1 C2
mass1_ref = 30.000000000532687
mass2_ref = 30.00000000180825
minchirp = 26.116416899902678
maxchirp = 26.116616899902677
mincov = 84667522780.9359
maxcov = 8466752278093.59
