
[data]
trigger-time = 1069257665.7111065
injection-file = /work/shashwat.singh/Prospects-of-LGWs/unlens/injection.hdf

[global]
instruments = E1 E2 E3 C1 C2
mass1_ref = 30.000000002986894
mass2_ref = 30.000000006407
minchirp = 26.116416902972652
maxchirp = 26.116616902972652
mincov = 133298455054.16228
maxcov = 13329845505416.229
