
[data]
trigger-time = 1659734429.328978
injection-file = /work/shashwat.singh/Prospects-of-LGWs/unlens/injection.hdf

[global]
instruments = E1 E2 E3 C1 C2
mass1_ref = 30.0000000086963
mass2_ref = 30.000000000632504
minchirp = 26.116416902944323
maxchirp = 26.116616902944322
mincov = 90025534888.74069
maxcov = 9002553488874.068
