
[data]
trigger-time = 1759767227.431663
injection-file = /work/shashwat.singh/Prospects-of-LGWs/unlens/injection.hdf

[global]
instruments = E1 E2 E3 C1 C2
mass1_ref = 30.000000003844026
mass2_ref = 30.000000007739132
minchirp = 26.11641690392559
maxchirp = 26.11661690392559
mincov = 59999886507.955956
maxcov = 5999988650795.596
