
[data]
trigger-time = 1869232982.6860118
injection-file = /work/shashwat.singh/Prospects-of-LGWs/unlens/injection.hdf

[global]
instruments = E1 E2 E3 C1 C2
mass1_ref = 30.000000005993734
mass2_ref = 30.00000000872366
minchirp = 26.116416905289842
maxchirp = 26.116616905289842
mincov = 150803004713.3439
maxcov = 15080300471334.39
