
[data]
trigger-time = 1754619198.712339
injection-file = /work/shashwat.singh/Prospects-of-LGWs/unlens/injection.hdf

[global]
instruments = E1 E2 E3 C1 C2
mass1_ref = 30.000000006204314
mass2_ref = 30.00000000687865
minchirp = 26.116416904578415
maxchirp = 26.116616904578414
mincov = 87280828555.67532
maxcov = 8728082855567.533
