
[data]
trigger-time = 1884932667.5277715
injection-file = /work/shashwat.singh/Prospects-of-LGWs/unlens/injection.hdf

[global]
instruments = E1 E2 E3 C1 C2
mass1_ref = 30.000000004314042
mass2_ref = 30.000000000976627
minchirp = 26.11641690118662
maxchirp = 26.11661690118662
mincov = 14569635945.800116
maxcov = 1456963594580.0117
