
[data]
trigger-time = 1502770301.1715002
injection-file = /work/shashwat.singh/Prospects-of-LGWs/unlens/injection.hdf

[global]
instruments = E1 E2 E3 C1 C2
mass1_ref = 30.000000008097896
mass2_ref = 30.000000000177874
minchirp = 26.116416902485962
maxchirp = 26.116616902485962
mincov = 53280504539.27441
maxcov = 5328050453927.44
