
[data]
trigger-time = 1570944559.17408
injection-file = /work/shashwat.singh/Prospects-of-LGWs/unlens/injection.hdf

[global]
instruments = E1 E2 E3 C1 C2
mass1_ref = 30.000000005470685
mass2_ref = 30.00000000185733
minchirp = 26.11641690207343
maxchirp = 26.116616902073428
mincov = 33473333768.606647
maxcov = 3347333376860.6646
