
[data]
trigger-time = 1988632825.8143158
injection-file = /work/shashwat.singh/Prospects-of-LGWs/unlens/injection.hdf

[global]
instruments = E1 E2 E3 C1 C2
mass1_ref = 30.00000000888271
mass2_ref = 30.000000005484
minchirp = 26.1164169051372
maxchirp = 26.1166169051372
mincov = 2424585185.984155
maxcov = 242458518598.41553
