
[data]
trigger-time = 1222281838.8126123
injection-file = /work/shashwat.singh/Prospects-of-LGWs/unlens/injection.hdf

[global]
instruments = E1 E2 E3 C1 C2
mass1_ref = 30.000000002292584
mass2_ref = 30.000000004856663
minchirp = 26.116416901995613
maxchirp = 26.116616901995613
mincov = 164250688363.80585
maxcov = 16425068836380.584
