
[data]
trigger-time = 1901633650.1958055
injection-file = /work/shashwat.singh/Prospects-of-LGWs/unlens/injection.hdf

[global]
instruments = E1 E2 E3 C1 C2
mass1_ref = 30.000000003370292
mass2_ref = 30.000000006837027
minchirp = 26.11641690332672
maxchirp = 26.11661690332672
mincov = 41508173659.87578
maxcov = 4150817365987.5776
