
[data]
trigger-time = 1235578944.805647
injection-file = /work/shashwat.singh/Prospects-of-LGWs/unlens/injection.hdf

[global]
instruments = E1 E2 E3 C1 C2
mass1_ref = 30.000000003370157
mass2_ref = 30.00000000206766
minchirp = 26.116416901250673
maxchirp = 26.116616901250673
mincov = 173597218233.76782
maxcov = 17359721823376.781
