
[data]
trigger-time = 1729032475.1183593
injection-file = /work/shashwat.singh/Prospects-of-LGWs/unlens/injection.hdf

[global]
instruments = E1 E2 E3 C1 C2
mass1_ref = 30.00000000414038
mass2_ref = 30.0000000092328
minchirp = 26.11641690470474
maxchirp = 26.11661690470474
mincov = 167994329664.5283
maxcov = 16799432966452.83
