
[data]
trigger-time = 1540464618.6208897
injection-file = /work/shashwat.singh/Prospects-of-LGWs/unlens/injection.hdf

[global]
instruments = E1 E2 E3 C1 C2
mass1_ref = 30.00000000688481
mass2_ref = 30.00000000627534
minchirp = 26.116416904612013
maxchirp = 26.116616904612012
mincov = 69063143528.37901
maxcov = 6906314352837.901
