
[data]
trigger-time = 1987175958.3859668
injection-file = /work/shashwat.singh/Prospects-of-LGWs/unlens/injection.hdf

[global]
instruments = E1 E2 E3 C1 C2
mass1_ref = 30.000000001493028
mass2_ref = 30.000000002966484
minchirp = 26.116416900824838
maxchirp = 26.116616900824837
mincov = 13696582989.77899
maxcov = 1369658298977.899
