
[data]
trigger-time = 1994186008.312569
injection-file = /work/shashwat.singh/Prospects-of-LGWs/unlens/injection.hdf

[global]
instruments = E1 E2 E3 C1 C2
mass1_ref = 30.0000000072616
mass2_ref = 30.000000001780112
minchirp = 26.11641690281936
maxchirp = 26.11661690281936
mincov = 152822512609.85013
maxcov = 15282251260985.012
