
[data]
trigger-time = 1341949078.0486517
injection-file = /work/shashwat.singh/Prospects-of-LGWs/unlens/injection.hdf

[global]
instruments = E1 E2 E3 C1 C2
mass1_ref = 30.00000000235001
mass2_ref = 30.000000001995552
minchirp = 26.116416900775242
maxchirp = 26.11661690077524
mincov = 110315040972.7463
maxcov = 11031504097274.63
