
[data]
trigger-time = 1372540532.792856
injection-file = /work/shashwat.singh/Prospects-of-LGWs/unlens/injection.hdf

[global]
instruments = E1 E2 E3 C1 C2
mass1_ref = 30.000000003990632
mass2_ref = 30.00000000328491
minchirp = 26.116416902050588
maxchirp = 26.116616902050588
mincov = 142526427203.78986
maxcov = 14252642720378.986
