
[data]
trigger-time = 1386602056.9501348
injection-file = /work/shashwat.singh/Prospects-of-LGWs/unlens/injection.hdf

[global]
instruments = E1 E2 E3 C1 C2
mass1_ref = 30.00000000291088
mass2_ref = 30.000000006937995
minchirp = 26.116416903170695
maxchirp = 26.116616903170694
mincov = 107624290644.59016
maxcov = 10762429064459.016
