
[data]
trigger-time = 1803236496.9909232
injection-file = /work/shashwat.singh/Prospects-of-LGWs/unlens/injection.hdf

[global]
instruments = E1 E2 E3 C1 C2
mass1_ref = 30.000000007782607
mass2_ref = 30.000000008144497
minchirp = 26.116416905816397
maxchirp = 26.116616905816397
mincov = 136397427734.61307
maxcov = 13639742773461.307
