
[data]
trigger-time = 1956031920.4176695
injection-file = /work/shashwat.singh/Prospects-of-LGWs/unlens/injection.hdf

[global]
instruments = E1 E2 E3 C1 C2
mass1_ref = 30.000000002934176
mass2_ref = 30.00000000749134
minchirp = 26.116416903421694
maxchirp = 26.116616903421694
mincov = 16618801219.59375
maxcov = 1661880121959.375
