
[data]
trigger-time = 1772601731.46644
injection-file = /work/shashwat.singh/Prospects-of-LGWs/unlens/injection.hdf

[global]
instruments = E1 E2 E3 C1 C2
mass1_ref = 30.000000005499032
mass2_ref = 30.00000000678247
minchirp = 26.11641690422956
maxchirp = 26.11661690422956
mincov = 163763776531.37344
maxcov = 16376377653137.344
