
[data]
trigger-time = 1720214495.761097
injection-file = /work/shashwat.singh/Prospects-of-LGWs/unlens/injection.hdf

[global]
instruments = E1 E2 E3 C1 C2
mass1_ref = 30.000000005523013
mass2_ref = 30.000000008716363
minchirp = 26.116416905081774
maxchirp = 26.116616905081774
mincov = 23205272571.267914
maxcov = 2320527257126.7915
