
[data]
trigger-time = 1017044591.6289127
injection-file = /work/shashwat.singh/Prospects-of-LGWs/unlens/injection.hdf

[global]
instruments = E1 E2 E3 C1 C2
mass1_ref = 30.000000004919954
mass2_ref = 30.000000002059732
minchirp = 26.11641690192181
maxchirp = 26.11661690192181
mincov = 162366145067.0905
maxcov = 16236614506709.05
