
[data]
trigger-time = 1088410178.7931364
injection-file = /work/shashwat.singh/Prospects-of-LGWs/unlens/injection.hdf

[global]
instruments = E1 E2 E3 C1 C2
mass1_ref = 30.000000009192767
mass2_ref = 30.000000007410904
minchirp = 26.116416906110892
maxchirp = 26.11661690611089
mincov = 177912973869.52606
maxcov = 17791297386952.605
