
[data]
trigger-time = 1651878834.1713674
injection-file = /work/shashwat.singh/Prospects-of-LGWs/unlens/injection.hdf

[global]
instruments = E1 E2 E3 C1 C2
mass1_ref = 30.000000006408882
mass2_ref = 30.000000006565212
minchirp = 26.11641690453103
maxchirp = 26.11661690453103
mincov = 135856383007.01572
maxcov = 13585638300701.572
