
[data]
trigger-time = 1737548509.1492138
injection-file = /work/shashwat.singh/Prospects-of-LGWs/unlens/injection.hdf

[global]
instruments = E1 E2 E3 C1 C2
mass1_ref = 30.00000000697503
mass2_ref = 30.00000000722168
minchirp = 26.1164169050632
maxchirp = 26.1166169050632
mincov = 75427501147.63255
maxcov = 7542750114763.256
