
[data]
trigger-time = 1068296742.9117278
injection-file = /work/shashwat.singh/Prospects-of-LGWs/unlens/injection.hdf

[global]
instruments = E1 E2 E3 C1 C2
mass1_ref = 30.000000003285496
mass2_ref = 30.000000005618176
minchirp = 26.116416902759273
maxchirp = 26.116616902759272
mincov = 59372952881.8198
maxcov = 5937295288181.98
