
[data]
trigger-time = 1374503037.3496575
injection-file = /work/shashwat.singh/Prospects-of-LGWs/unlens/injection.hdf

[global]
instruments = E1 E2 E3 C1 C2
mass1_ref = 30.00000000929841
mass2_ref = 30.00000000680921
minchirp = 26.116416905894972
maxchirp = 26.116616905894972
mincov = 171553308789.69495
maxcov = 17155330878969.494
