
[data]
trigger-time = 1707635998.1087894
injection-file = /work/shashwat.singh/Prospects-of-LGWs/unlens/injection.hdf

[global]
instruments = E1 E2 E3 C1 C2
mass1_ref = 30.000000002245432
mass2_ref = 30.000000002670962
minchirp = 26.116416901023708
maxchirp = 26.116616901023708
mincov = 139269698725.72134
maxcov = 13926969872572.133
