
[data]
trigger-time = 1145755996.6470034
injection-file = /work/shashwat.singh/Prospects-of-LGWs/unlens/injection.hdf

[global]
instruments = E1 E2 E3 C1 C2
mass1_ref = 30.000000006318977
mass2_ref = 30.000000003262915
minchirp = 26.116416903054485
maxchirp = 26.116616903054485
mincov = 65706856988.15532
maxcov = 6570685698815.532
