
[data]
trigger-time = 1015037639.4962451
injection-file = /work/shashwat.singh/Prospects-of-LGWs/unlens/injection.hdf

[global]
instruments = E1 E2 E3 C1 C2
mass1_ref = 30.000000004294723
mass2_ref = 30.000000007249124
minchirp = 26.116416903908476
maxchirp = 26.116616903908476
mincov = 152964638173.9605
maxcov = 15296463817396.05
