
[data]
trigger-time = 1600540196.4466994
injection-file = /work/shashwat.singh/Prospects-of-LGWs/unlens/injection.hdf

[global]
instruments = E1 E2 E3 C1 C2
mass1_ref = 30.00000000692756
mass2_ref = 30.000000001718156
minchirp = 26.116416902646993
maxchirp = 26.116616902646992
mincov = 153449150636.54105
maxcov = 15344915063654.104
