
[data]
trigger-time = 1242542809.6098866
injection-file = /work/shashwat.singh/Prospects-of-LGWs/unlens/injection.hdf

[global]
instruments = E1 E2 E3 C1 C2
mass1_ref = 30.000000006188593
mass2_ref = 30.000000004521816
minchirp = 26.1164169035457
maxchirp = 26.1166169035457
mincov = 172173367431.83624
maxcov = 17217336743183.623
