
[data]
trigger-time = 1519087354.974228
injection-file = /work/shashwat.singh/Prospects-of-LGWs/unlens/injection.hdf

[global]
instruments = E1 E2 E3 C1 C2
mass1_ref = 30.000000004965457
mass2_ref = 30.000000005926925
minchirp = 26.11641690362491
maxchirp = 26.11661690362491
mincov = 120044001054.72665
maxcov = 12004400105472.666
