
[data]
trigger-time = 1034452076.944892
injection-file = /work/shashwat.singh/Prospects-of-LGWs/unlens/injection.hdf

[global]
instruments = E1 E2 E3 C1 C2
mass1_ref = 30.000000002913424
mass2_ref = 30.000000007158615
minchirp = 26.116416903267837
maxchirp = 26.116616903267836
mincov = 131331474241.61356
maxcov = 13133147424161.355
