
[data]
trigger-time = 1504349744.5320396
injection-file = /work/shashwat.singh/Prospects-of-LGWs/unlens/injection.hdf

[global]
instruments = E1 E2 E3 C1 C2
mass1_ref = 30.000000009667104
mass2_ref = 30.000000009117194
minchirp = 26.116416907060064
maxchirp = 26.116616907060063
mincov = 169085831645.4293
maxcov = 16908583164542.93
