
[data]
trigger-time = 1564625383.2962265
injection-file = /work/shashwat.singh/Prospects-of-LGWs/unlens/injection.hdf

[global]
instruments = E1 E2 E3 C1 C2
mass1_ref = 30.00000000533985
mass2_ref = 30.00000000959378
minchirp = 26.116416905383964
maxchirp = 26.116616905383964
mincov = 99257850726.16415
maxcov = 9925785072616.416
