
[data]
trigger-time = 1455042254.4066794
injection-file = /work/shashwat.singh/Prospects-of-LGWs/unlens/injection.hdf

[global]
instruments = E1 E2 E3 C1 C2
mass1_ref = 30.000000002045727
mass2_ref = 30.000000005272693
minchirp = 26.11641690206925
maxchirp = 26.11661690206925
mincov = 178944688785.9326
maxcov = 17894468878593.258
