
[data]
trigger-time = 1322528030.8963637
injection-file = /work/shashwat.singh/Prospects-of-LGWs/unlens/injection.hdf

[global]
instruments = E1 E2 E3 C1 C2
mass1_ref = 30.000000004815167
mass2_ref = 30.00000000565588
minchirp = 26.11641690344151
maxchirp = 26.11661690344151
mincov = 82899476399.74893
maxcov = 8289947639974.894
