
[data]
trigger-time = 1331000873.3943558
injection-file = /work/shashwat.singh/Prospects-of-LGWs/unlens/injection.hdf

[global]
instruments = E1 E2 E3 C1 C2
mass1_ref = 30.000000006609667
mass2_ref = 30.000000009365817
minchirp = 26.116416905837458
maxchirp = 26.116616905837457
mincov = 109161378598.22708
maxcov = 10916137859822.707
