
[data]
trigger-time = 1903824265.4849691
injection-file = /work/shashwat.singh/Prospects-of-LGWs/unlens/injection.hdf

[global]
instruments = E1 E2 E3 C1 C2
mass1_ref = 30.00000000897942
mass2_ref = 30.000000000605628
minchirp = 26.11641690305586
maxchirp = 26.11661690305586
mincov = 42969116820.301254
maxcov = 4296911682030.126
