
[data]
trigger-time = 1418247904.860836
injection-file = /work/shashwat.singh/Prospects-of-LGWs/unlens/injection.hdf

[global]
instruments = E1 E2 E3 C1 C2
mass1_ref = 30.000000006812037
mass2_ref = 30.000000006249124
minchirp = 26.116416904568926
maxchirp = 26.116616904568925
mincov = 48482473483.295715
maxcov = 4848247348329.571
