
[data]
trigger-time = 1333501431.4205384
injection-file = /work/shashwat.singh/Prospects-of-LGWs/unlens/injection.hdf

[global]
instruments = E1 E2 E3 C1 C2
mass1_ref = 30.00000000042379
mass2_ref = 30.000000007837674
minchirp = 26.116416902479735
maxchirp = 26.116616902479734
mincov = 58532977823.51443
maxcov = 5853297782351.443
