
[data]
trigger-time = 1028862987.0055277
injection-file = /work/shashwat.singh/Prospects-of-LGWs/unlens/injection.hdf

[global]
instruments = E1 E2 E3 C1 C2
mass1_ref = 30.000000003698528
mass2_ref = 30.000000005452993
minchirp = 26.116416902867154
maxchirp = 26.116616902867154
mincov = 2085.3536207607003
maxcov = 208535.36207607004
