
[data]
trigger-time = 1116835119.9056678
injection-file = /work/shashwat.singh/Prospects-of-LGWs/unlens/injection.hdf

[global]
instruments = E1 E2 E3 C1 C2
mass1_ref = 30.000000006729007
mass2_ref = 30.000000009801433
minchirp = 26.116416906079014
maxchirp = 26.116616906079013
mincov = 90752301747.81906
maxcov = 9075230174781.906
