
[data]
trigger-time = 1199789908.287104
injection-file = /work/shashwat.singh/Prospects-of-LGWs/unlens/injection.hdf

[global]
instruments = E1 E2 E3 C1 C2
mass1_ref = 30.00000000714717
mass2_ref = 30.000000008252595
minchirp = 26.11641690558686
maxchirp = 26.11661690558686
mincov = 165162319620.27228
maxcov = 16516231962027.229
