
[data]
trigger-time = 1828687684.8138194
injection-file = /work/shashwat.singh/Prospects-of-LGWs/unlens/injection.hdf

[global]
instruments = E1 E2 E3 C1 C2
mass1_ref = 30.000000004385708
mass2_ref = 30.00000000184103
minchirp = 26.11641690159407
maxchirp = 26.11661690159407
mincov = 46101902988.86632
maxcov = 4610190298886.632
