
[data]
trigger-time = 1363248520.3566933
injection-file = /work/shashwat.singh/Prospects-of-LGWs/unlens/injection.hdf

[global]
instruments = E1 E2 E3 C1 C2
mass1_ref = 30.000000005707218
mass2_ref = 30.000000007978866
minchirp = 26.11641690484094
maxchirp = 26.11661690484094
mincov = 64018267923.31128
maxcov = 6401826792331.128
