
[data]
trigger-time = 1386185420.7523525
injection-file = /work/shashwat.singh/Prospects-of-LGWs/unlens/injection.hdf

[global]
instruments = E1 E2 E3 C1 C2
mass1_ref = 30.000000001264667
mass2_ref = 30.0000000053833
minchirp = 26.11641690177742
maxchirp = 26.11661690177742
mincov = 62349862171.513794
maxcov = 6234986217151.379
