
[data]
trigger-time = 1120348153.687574
injection-file = /work/shashwat.singh/Prospects-of-LGWs/unlens/injection.hdf

[global]
instruments = E1 E2 E3 C1 C2
mass1_ref = 30.000000009125948
mass2_ref = 30.000000003238544
minchirp = 26.116416904265684
maxchirp = 26.116616904265683
mincov = 127251049274.67993
maxcov = 12725104927467.992
