
[data]
trigger-time = 1000824443.4318593
injection-file = /work/shashwat.singh/Prospects-of-LGWs/unlens/injection.hdf

[global]
instruments = E1 E2 E3 C1 C2
mass1_ref = 30.000000003506624
mass2_ref = 30.00000000268931
minchirp = 26.11641690158066
maxchirp = 26.11661690158066
mincov = 88602794374.79828
maxcov = 8860279437479.828
