
[data]
trigger-time = 1593971587.9789693
injection-file = /work/shashwat.singh/Prospects-of-LGWs/unlens/injection.hdf

[global]
instruments = E1 E2 E3 C1 C2
mass1_ref = 30.000000007053913
mass2_ref = 30.000000005269712
minchirp = 26.11641690424789
maxchirp = 26.11661690424789
mincov = 81110939437.32675
maxcov = 8111093943732.675
