
[data]
trigger-time = 1843932609.4471521
injection-file = /work/shashwat.singh/Prospects-of-LGWs/unlens/injection.hdf

[global]
instruments = E1 E2 E3 C1 C2
mass1_ref = 30.000000009078878
mass2_ref = 30.000000004833424
minchirp = 26.116416904939406
maxchirp = 26.116616904939406
mincov = 92863955951.58148
maxcov = 9286395595158.148
