
[data]
trigger-time = 1183621995.2434576
injection-file = /work/shashwat.singh/Prospects-of-LGWs/unlens/injection.hdf

[global]
instruments = E1 E2 E3 C1 C2
mass1_ref = 30.00000000267873
mass2_ref = 30.000000003197474
minchirp = 26.11641690144149
maxchirp = 26.11661690144149
mincov = 69852593241.27922
maxcov = 6985259324127.922
