
[data]
trigger-time = 1993583812.8128753
injection-file = /work/shashwat.singh/Prospects-of-LGWs/unlens/injection.hdf

[global]
instruments = E1 E2 E3 C1 C2
mass1_ref = 30.00000000704776
mass2_ref = 30.000000002141448
minchirp = 26.116416902883557
maxchirp = 26.116616902883557
mincov = 68266961443.16422
maxcov = 6826696144316.422
