
[data]
trigger-time = 1303516904.3472433
injection-file = /work/shashwat.singh/Prospects-of-LGWs/unlens/injection.hdf

[global]
instruments = E1 E2 E3 C1 C2
mass1_ref = 30.000000006774435
mass2_ref = 30.000000004875744
minchirp = 26.11641690395476
maxchirp = 26.11661690395476
mincov = 167132391089.69556
maxcov = 16713239108969.555
