
[data]
trigger-time = 1480863695.6344254
injection-file = /work/shashwat.singh/Prospects-of-LGWs/unlens/injection.hdf

[global]
instruments = E1 E2 E3 C1 C2
mass1_ref = 30.00000000911575
mass2_ref = 30.000000003938958
minchirp = 26.116416904566115
maxchirp = 26.116616904566115
mincov = 51947311495.23248
maxcov = 5194731149523.248
