
[data]
trigger-time = 1896140478.3918533
injection-file = /work/shashwat.singh/Prospects-of-LGWs/unlens/injection.hdf

[global]
instruments = E1 E2 E3 C1 C2
mass1_ref = 30.000000000206143
mass2_ref = 30.00000000048209
minchirp = 26.116416899183296
maxchirp = 26.116616899183295
mincov = 75528613936.85196
maxcov = 7552861393685.196
