
[data]
trigger-time = 1747687216.5857835
injection-file = /work/shashwat.singh/Prospects-of-LGWs/unlens/injection.hdf

[global]
instruments = E1 E2 E3 C1 C2
mass1_ref = 30.00000000976361
mass2_ref = 30.000000006110003
minchirp = 26.116416905793113
maxchirp = 26.116616905793112
mincov = 54421501446.27854
maxcov = 5442150144627.854
