
[data]
trigger-time = 1312522650.555058
injection-file = /work/shashwat.singh/Prospects-of-LGWs/unlens/injection.hdf

[global]
instruments = E1 E2 E3 C1 C2
mass1_ref = 30.000000000071744
mass2_ref = 30.000000007175288
minchirp = 26.11641690203818
maxchirp = 26.116616902038178
mincov = 122768776819.30379
maxcov = 12276877681930.379
