
[data]
trigger-time = 1872488684.1104102
injection-file = /work/shashwat.singh/Prospects-of-LGWs/unlens/injection.hdf

[global]
instruments = E1 E2 E3 C1 C2
mass1_ref = 30.00000000520378
mass2_ref = 30.000000004462937
minchirp = 26.11641690309141
maxchirp = 26.11661690309141
mincov = 105225054300.21988
maxcov = 10522505430021.988
