
[data]
trigger-time = 1507833787.0709727
injection-file = /work/shashwat.singh/Prospects-of-LGWs/unlens/injection.hdf

[global]
instruments = E1 E2 E3 C1 C2
mass1_ref = 30.000000006924786
mass2_ref = 30.000000001618822
minchirp = 26.116416902602545
maxchirp = 26.116616902602544
mincov = 96545700745.98611
maxcov = 9654570074598.611
