
[data]
trigger-time = 1661890787.9152148
injection-file = /work/shashwat.singh/Prospects-of-LGWs/unlens/injection.hdf

[global]
instruments = E1 E2 E3 C1 C2
mass1_ref = 30.000000001926228
mass2_ref = 30.000000004691437
minchirp = 26.116416901764232
maxchirp = 26.116616901764232
mincov = 157580183395.52145
maxcov = 15758018339552.146
