
[data]
trigger-time = 1627540679.9620185
injection-file = /work/shashwat.singh/Prospects-of-LGWs/unlens/injection.hdf

[global]
instruments = E1 E2 E3 C1 C2
mass1_ref = 30.000000006217554
mass2_ref = 30.000000004466433
minchirp = 26.1164169035342
maxchirp = 26.1166169035342
mincov = 102417579509.90488
maxcov = 10241757950990.486
