
[data]
trigger-time = 1887433833.8715088
injection-file = /work/shashwat.singh/Prospects-of-LGWs/unlens/injection.hdf

[global]
instruments = E1 E2 E3 C1 C2
mass1_ref = 30.00000000704699
mass2_ref = 30.00000000644252
minchirp = 26.116416904755376
maxchirp = 26.116616904755375
mincov = 11322713850.813932
maxcov = 1132271385081.3933
