
[data]
trigger-time = 1509184871.3305876
injection-file = /work/shashwat.singh/Prospects-of-LGWs/unlens/injection.hdf

[global]
instruments = E1 E2 E3 C1 C2
mass1_ref = 30.000000001992618
mass2_ref = 30.00000000451795
minchirp = 26.116416901717614
maxchirp = 26.116616901717613
mincov = 131312896898.17683
maxcov = 13131289689817.684
