
[data]
trigger-time = 1455452058.5623248
injection-file = /work/shashwat.singh/Prospects-of-LGWs/unlens/injection.hdf

[global]
instruments = E1 E2 E3 C1 C2
mass1_ref = 30.00000000162261
mass2_ref = 30.000000006582443
minchirp = 26.11641690245518
maxchirp = 26.11661690245518
mincov = 139555792639.33194
maxcov = 13955579263933.193
