
[data]
trigger-time = 1655034603.3318963
injection-file = /work/shashwat.singh/Prospects-of-LGWs/unlens/injection.hdf

[global]
instruments = E1 E2 E3 C1 C2
mass1_ref = 30.00000000989453
mass2_ref = 30.000000001102638
minchirp = 26.11641690367052
maxchirp = 26.11661690367052
mincov = 75166409472.43867
maxcov = 7516640947243.867
