
[data]
trigger-time = 1354711783.3627613
injection-file = /work/shashwat.singh/Prospects-of-LGWs/unlens/injection.hdf

[global]
instruments = E1 E2 E3 C1 C2
mass1_ref = 30.000000006654226
mass2_ref = 30.00000000537216
minchirp = 26.116416904118516
maxchirp = 26.116616904118516
mincov = 151999317586.61664
maxcov = 15199931758661.664
