
[data]
trigger-time = 1993032992.54209
injection-file = /work/shashwat.singh/Prospects-of-LGWs/unlens/injection.hdf

[global]
instruments = E1 E2 E3 C1 C2
mass1_ref = 30.000000004102077
mass2_ref = 30.000000002371003
minchirp = 26.116416901701296
maxchirp = 26.116616901701295
mincov = 160682112656.22107
maxcov = 16068211265622.107
