
[data]
trigger-time = 1444472103.733532
injection-file = /work/shashwat.singh/Prospects-of-LGWs/unlens/injection.hdf

[global]
instruments = E1 E2 E3 C1 C2
mass1_ref = 30.00000000379008
mass2_ref = 30.00000000093747
minchirp = 26.116416900941513
maxchirp = 26.116616900941512
mincov = 167767715122.53687
maxcov = 16776771512253.688
