
[data]
trigger-time = 1702304995.4078026
injection-file = /work/shashwat.singh/Prospects-of-LGWs/unlens/injection.hdf

[global]
instruments = E1 E2 E3 C1 C2
mass1_ref = 30.000000004133163
mass2_ref = 30.000000005329245
minchirp = 26.116416903002477
maxchirp = 26.116616903002477
mincov = 161552415415.70016
maxcov = 16155241541570.018
