
[data]
trigger-time = 1055511971.9998301
injection-file = /work/shashwat.singh/Prospects-of-LGWs/unlens/injection.hdf

[global]
instruments = E1 E2 E3 C1 C2
mass1_ref = 30.00000000315902
mass2_ref = 30.000000008486122
minchirp = 26.116416903952565
maxchirp = 26.116616903952565
mincov = 115106768920.54729
maxcov = 11510676892054.729
