
[data]
trigger-time = 1294500913.4645298
injection-file = /work/shashwat.singh/Prospects-of-LGWs/unlens/injection.hdf

[global]
instruments = E1 E2 E3 C1 C2
mass1_ref = 30.00000000081291
mass2_ref = 30.00000000841087
minchirp = 26.11641690289861
maxchirp = 26.11661690289861
mincov = 153094879397.27213
maxcov = 15309487939727.21
