
[data]
trigger-time = 1829902545.4340215
injection-file = /work/shashwat.singh/Prospects-of-LGWs/unlens/injection.hdf

[global]
instruments = E1 E2 E3 C1 C2
mass1_ref = 30.000000002309786
mass2_ref = 30.000000003353545
minchirp = 26.11641690134883
maxchirp = 26.11661690134883
mincov = 118302430457.16032
maxcov = 11830243045716.033
