
[data]
trigger-time = 1208469070.7319462
injection-file = /work/shashwat.singh/Prospects-of-LGWs/unlens/injection.hdf

[global]
instruments = E1 E2 E3 C1 C2
mass1_ref = 30.000000001117034
mass2_ref = 30.000000008314277
minchirp = 26.11641690298894
maxchirp = 26.11661690298894
mincov = 56930908065.11366
maxcov = 5693090806511.366
