
[data]
trigger-time = 1222998372.9101853
injection-file = /work/shashwat.singh/Prospects-of-LGWs/unlens/injection.hdf

[global]
instruments = E1 E2 E3 C1 C2
mass1_ref = 30.000000000529976
mass2_ref = 30.000000000523933
minchirp = 26.116416899342465
maxchirp = 26.116616899342464
mincov = 167117272203.1288
maxcov = 16711727220312.88
