
[data]
trigger-time = 1832713525.573039
injection-file = /work/shashwat.singh/Prospects-of-LGWs/unlens/injection.hdf

[global]
instruments = E1 E2 E3 C1 C2
mass1_ref = 30.00000000797593
mass2_ref = 30.000000003195822
minchirp = 26.11641690374651
maxchirp = 26.11661690374651
mincov = 138337543.72828832
maxcov = 13833754372.82883
