
[data]
trigger-time = 1162658471.3677106
injection-file = /work/shashwat.singh/Prospects-of-LGWs/unlens/injection.hdf

[global]
instruments = E1 E2 E3 C1 C2
mass1_ref = 30.000000009302454
mass2_ref = 30.00000000859328
minchirp = 26.116416906673297
maxchirp = 26.116616906673297
mincov = 135759851193.79861
maxcov = 13575985119379.861
