
[data]
trigger-time = 1934026937.5783343
injection-file = /work/shashwat.singh/Prospects-of-LGWs/unlens/injection.hdf

[global]
instruments = E1 E2 E3 C1 C2
mass1_ref = 30.00000000884029
mass2_ref = 30.000000008703584
minchirp = 26.11641690652014
maxchirp = 26.11661690652014
mincov = 163975551076.8062
maxcov = 16397555107680.623
