
[data]
trigger-time = 1726550406.3493714
injection-file = /work/shashwat.singh/Prospects-of-LGWs/unlens/injection.hdf

[global]
instruments = E1 E2 E3 C1 C2
mass1_ref = 30.000000008072696
mass2_ref = 30.00000000116834
minchirp = 26.116416902906117
maxchirp = 26.116616902906117
mincov = 103341090979.71686
maxcov = 10334109097971.686
