
[data]
trigger-time = 1681833323.7979546
injection-file = /work/shashwat.singh/Prospects-of-LGWs/unlens/injection.hdf

[global]
instruments = E1 E2 E3 C1 C2
mass1_ref = 30.000000008816983
mass2_ref = 30.000000003597307
minchirp = 26.11641690428736
maxchirp = 26.11661690428736
mincov = 41141823073.99254
maxcov = 4114182307399.2534
