
[data]
trigger-time = 1191891642.059644
injection-file = /work/shashwat.singh/Prospects-of-LGWs/unlens/injection.hdf

[global]
instruments = E1 E2 E3 C1 C2
mass1_ref = 30.00000000579366
mass2_ref = 30.000000005077695
minchirp = 26.116416903615754
maxchirp = 26.116616903615753
mincov = 838737384.8252205
maxcov = 83873738482.52205
