
[data]
trigger-time = 1237634913.8381672
injection-file = /work/shashwat.singh/Prospects-of-LGWs/unlens/injection.hdf

[global]
instruments = E1 E2 E3 C1 C2
mass1_ref = 30.00000000276183
mass2_ref = 30.0000000054584
minchirp = 26.11641690246179
maxchirp = 26.11661690246179
mincov = 133719930155.32198
maxcov = 13371993015532.197
