
[data]
trigger-time = 1265314472.6034703
injection-file = /work/shashwat.singh/Prospects-of-LGWs/unlens/injection.hdf

[global]
instruments = E1 E2 E3 C1 C2
mass1_ref = 30.000000001914138
mass2_ref = 30.000000000339288
minchirp = 26.116416899864586
maxchirp = 26.116616899864585
mincov = 10206966573.840586
maxcov = 1020696657384.0586
