
[data]
trigger-time = 1835380023.890273
injection-file = /work/shashwat.singh/Prospects-of-LGWs/unlens/injection.hdf

[global]
instruments = E1 E2 E3 C1 C2
mass1_ref = 30.000000008593794
mass2_ref = 30.00000000984055
minchirp = 26.11641690690774
maxchirp = 26.11661690690774
mincov = 169682796521.8375
maxcov = 16968279652183.75
