
[data]
trigger-time = 1182114247.3406773
injection-file = /work/shashwat.singh/Prospects-of-LGWs/unlens/injection.hdf

[global]
instruments = E1 E2 E3 C1 C2
mass1_ref = 30.000000001495344
mass2_ref = 30.000000004282963
minchirp = 26.116416901398882
maxchirp = 26.11661690139888
mincov = 146010720858.88788
maxcov = 14601072085888.79
