
[data]
trigger-time = 1081843592.5011542
injection-file = /work/shashwat.singh/Prospects-of-LGWs/unlens/injection.hdf

[global]
instruments = E1 E2 E3 C1 C2
mass1_ref = 30.000000003409653
mass2_ref = 30.000000005632334
minchirp = 26.11641690281948
maxchirp = 26.11661690281948
mincov = 72408781139.52773
maxcov = 7240878113952.772
