
[data]
trigger-time = 1379053672.7195418
injection-file = /work/shashwat.singh/Prospects-of-LGWs/unlens/injection.hdf

[global]
instruments = E1 E2 E3 C1 C2
mass1_ref = 30.000000007470984
mass2_ref = 30.000000001157805
minchirp = 26.11641690263962
maxchirp = 26.11661690263962
mincov = 50760140558.93297
maxcov = 5076014055893.297
