
[data]
trigger-time = 1330708481.9379597
injection-file = /work/shashwat.singh/Prospects-of-LGWs/unlens/injection.hdf

[global]
instruments = E1 E2 E3 C1 C2
mass1_ref = 30.00000000871172
mass2_ref = 30.000000009306905
minchirp = 26.116416906726787
maxchirp = 26.116616906726787
mincov = 37379117744.31318
maxcov = 3737911774431.318
