
[data]
trigger-time = 1780616410.5261884
injection-file = /work/shashwat.singh/Prospects-of-LGWs/unlens/injection.hdf

[global]
instruments = E1 E2 E3 C1 C2
mass1_ref = 30.000000008544912
mass2_ref = 30.000000001171767
minchirp = 26.116416903113155
maxchirp = 26.116616903113155
mincov = 140298867807.13754
maxcov = 14029886780713.754
