
[data]
trigger-time = 1432561780.4856572
injection-file = /work/shashwat.singh/Prospects-of-LGWs/unlens/injection.hdf

[global]
instruments = E1 E2 E3 C1 C2
mass1_ref = 30.00000000586945
mass2_ref = 30.000000006121667
minchirp = 26.11641690410316
maxchirp = 26.11661690410316
mincov = 79272463077.69775
maxcov = 7927246307769.775
