
[data]
trigger-time = 1919031314.8767352
injection-file = /work/shashwat.singh/Prospects-of-LGWs/unlens/injection.hdf

[global]
instruments = E1 E2 E3 C1 C2
mass1_ref = 30.000000005697135
mass2_ref = 30.000000002015987
minchirp = 26.116416902241056
maxchirp = 26.116616902241056
mincov = 137989641611.82767
maxcov = 13798964161182.766
