
[data]
trigger-time = 1006521497.1502874
injection-file = /work/shashwat.singh/Prospects-of-LGWs/unlens/injection.hdf

[global]
instruments = E1 E2 E3 C1 C2
mass1_ref = 30.00000000746382
mass2_ref = 30.00000000862526
minchirp = 26.116416905886904
maxchirp = 26.116616905886904
mincov = 84387693020.44856
maxcov = 8438769302044.855
