
[data]
trigger-time = 1753115716.0294547
injection-file = /work/shashwat.singh/Prospects-of-LGWs/unlens/injection.hdf

[global]
instruments = E1 E2 E3 C1 C2
mass1_ref = 30.000000001316963
mass2_ref = 30.000000003544876
minchirp = 26.116416900999962
maxchirp = 26.11661690099996
mincov = 167724589304.4246
maxcov = 16772458930442.459
