
[data]
trigger-time = 1918309039.0939577
injection-file = /work/shashwat.singh/Prospects-of-LGWs/unlens/injection.hdf

[global]
instruments = E1 E2 E3 C1 C2
mass1_ref = 30.00000000572072
mass2_ref = 30.000000004098744
minchirp = 26.116416903157894
maxchirp = 26.116616903157894
mincov = 1024834475.0089836
maxcov = 102483447500.89836
