
[data]
trigger-time = 1548772007.8001099
injection-file = /work/shashwat.singh/Prospects-of-LGWs/unlens/injection.hdf

[global]
instruments = E1 E2 E3 C1 C2
mass1_ref = 30.00000000343104
mass2_ref = 30.000000007481944
minchirp = 26.116416903633876
maxchirp = 26.116616903633876
mincov = 146473571125.04666
maxcov = 14647357112504.666
