
[data]
trigger-time = 1495031032.1173935
injection-file = /work/shashwat.singh/Prospects-of-LGWs/unlens/injection.hdf

[global]
instruments = E1 E2 E3 C1 C2
mass1_ref = 30.000000007965067
mass2_ref = 30.00000000890856
minchirp = 26.116416906228398
maxchirp = 26.116616906228398
mincov = 75676909301.69727
maxcov = 7567690930169.727
