
[data]
trigger-time = 1142493957.5673199
injection-file = /work/shashwat.singh/Prospects-of-LGWs/unlens/injection.hdf

[global]
instruments = E1 E2 E3 C1 C2
mass1_ref = 30.00000000357791
mass2_ref = 30.00000000911434
minchirp = 26.11641690440835
maxchirp = 26.11661690440835
mincov = 142920787074.26886
maxcov = 14292078707426.887
