
[data]
trigger-time = 1340251958.649788
injection-file = /work/shashwat.singh/Prospects-of-LGWs/unlens/injection.hdf

[global]
instruments = E1 E2 E3 C1 C2
mass1_ref = 30.000000002191133
mass2_ref = 30.00000000719091
minchirp = 26.116416902967494
maxchirp = 26.116616902967493
mincov = 121843247311.04822
maxcov = 12184324731104.822
