
[data]
trigger-time = 1532116384.6920774
injection-file = /work/shashwat.singh/Prospects-of-LGWs/unlens/injection.hdf

[global]
instruments = E1 E2 E3 C1 C2
mass1_ref = 30.000000009398782
mass2_ref = 30.000000008974023
minchirp = 26.116416906880954
maxchirp = 26.116616906880953
mincov = 112961385951.23026
maxcov = 11296138595123.025
