
[data]
trigger-time = 1070241340.7841829
injection-file = /work/shashwat.singh/Prospects-of-LGWs/unlens/injection.hdf

[global]
instruments = E1 E2 E3 C1 C2
mass1_ref = 30.000000000076575
mass2_ref = 30.000000003491557
minchirp = 26.116416900436842
maxchirp = 26.116616900436842
mincov = 50348519522.96255
maxcov = 5034851952296.255
