
[data]
trigger-time = 1608454689.8088078
injection-file = /work/shashwat.singh/Prospects-of-LGWs/unlens/injection.hdf

[global]
instruments = E1 E2 E3 C1 C2
mass1_ref = 30.000000001187875
mass2_ref = 30.000000005739786
minchirp = 26.116416901899164
maxchirp = 26.116616901899164
mincov = 113954316864.14212
maxcov = 11395431686414.21
