
[data]
trigger-time = 1550444353.3724165
injection-file = /work/shashwat.singh/Prospects-of-LGWs/unlens/injection.hdf

[global]
instruments = E1 E2 E3 C1 C2
mass1_ref = 30.000000001178734
mass2_ref = 30.000000000663608
minchirp = 26.116416899685653
maxchirp = 26.116616899685653
mincov = 12150743288.70211
maxcov = 1215074328870.211
