
[data]
trigger-time = 1844649855.2546983
injection-file = /work/shashwat.singh/Prospects-of-LGWs/unlens/injection.hdf

[global]
instruments = E1 E2 E3 C1 C2
mass1_ref = 30.00000000259054
mass2_ref = 30.000000004638668
minchirp = 26.11641690203042
maxchirp = 26.11661690203042
mincov = 120288833198.93137
maxcov = 12028883319893.137
