
[data]
trigger-time = 1223262080.8943627
injection-file = /work/shashwat.singh/Prospects-of-LGWs/unlens/injection.hdf

[global]
instruments = E1 E2 E3 C1 C2
mass1_ref = 30.000000002734108
mass2_ref = 30.000000005196913
minchirp = 26.116416902335903
maxchirp = 26.116616902335902
mincov = 149548822139.06308
maxcov = 14954882213906.309
