
[data]
trigger-time = 1237467300.8217616
injection-file = /work/shashwat.singh/Prospects-of-LGWs/unlens/injection.hdf

[global]
instruments = E1 E2 E3 C1 C2
mass1_ref = 30.000000005432454
mass2_ref = 30.00000000159577
minchirp = 26.116416901942937
maxchirp = 26.116616901942937
mincov = 135102871268.24126
maxcov = 13510287126824.125
