
[data]
trigger-time = 1163224084.6587992
injection-file = /work/shashwat.singh/Prospects-of-LGWs/unlens/injection.hdf

[global]
instruments = E1 E2 E3 C1 C2
mass1_ref = 30.000000003054097
mass2_ref = 30.00000000446157
minchirp = 26.11641690215511
maxchirp = 26.11661690215511
mincov = 163430.2687225608
maxcov = 16343026.872256082
