
[data]
trigger-time = 1624981189.961377
injection-file = /work/shashwat.singh/Prospects-of-LGWs/unlens/injection.hdf

[global]
instruments = E1 E2 E3 C1 C2
mass1_ref = 30.000000007027374
mass2_ref = 30.000000003723702
minchirp = 26.116416903563405
maxchirp = 26.116616903563404
mincov = 84018036758.55981
maxcov = 8401803675855.981
