
[data]
trigger-time = 1105100588.6921244
injection-file = /work/shashwat.singh/Prospects-of-LGWs/unlens/injection.hdf

[global]
instruments = E1 E2 E3 C1 C2
mass1_ref = 30.00000000978083
mass2_ref = 30.00000000453958
minchirp = 26.116416905117045
maxchirp = 26.116616905117045
mincov = 85824293484.51762
maxcov = 8582429348451.763
