
[data]
trigger-time = 1759203224.3624845
injection-file = /work/shashwat.singh/Prospects-of-LGWs/unlens/injection.hdf

[global]
instruments = E1 E2 E3 C1 C2
mass1_ref = 30.00000000198197
mass2_ref = 30.000000007834974
minchirp = 26.116416903156797
maxchirp = 26.116616903156796
mincov = 2391290607.6995425
maxcov = 239129060769.95425
