
[data]
trigger-time = 1063926370.281468
injection-file = /work/shashwat.singh/Prospects-of-LGWs/unlens/injection.hdf

[global]
instruments = E1 E2 E3 C1 C2
mass1_ref = 30.000000000035598
mass2_ref = 30.00000000257997
minchirp = 26.116416900022216
maxchirp = 26.116616900022215
mincov = 7713466957.354932
maxcov = 771346695735.4932
