
[data]
trigger-time = 1401248408.5925834
injection-file = /work/shashwat.singh/Prospects-of-LGWs/unlens/injection.hdf

[global]
instruments = E1 E2 E3 C1 C2
mass1_ref = 30.0000000074029
mass2_ref = 30.000000004859277
minchirp = 26.116416904221147
maxchirp = 26.116616904221146
mincov = 163464012560.25946
maxcov = 16346401256025.947
