
[data]
trigger-time = 1079021736.996728
injection-file = /work/shashwat.singh/Prospects-of-LGWs/unlens/injection.hdf

[global]
instruments = E1 E2 E3 C1 C2
mass1_ref = 30.000000004268607
mass2_ref = 30.000000006793567
minchirp = 26.116416903698816
maxchirp = 26.116616903698816
mincov = 134932765069.49588
maxcov = 13493276506949.588
