
[data]
trigger-time = 1805473872.9730434
injection-file = /work/shashwat.singh/Prospects-of-LGWs/unlens/injection.hdf

[global]
instruments = E1 E2 E3 C1 C2
mass1_ref = 30.000000006762452
mass2_ref = 30.000000005483923
minchirp = 26.11641690421427
maxchirp = 26.11661690421427
mincov = 178327437897.3906
maxcov = 17832743789739.06
