
[data]
trigger-time = 1205381049.9862828
injection-file = /work/shashwat.singh/Prospects-of-LGWs/unlens/injection.hdf

[global]
instruments = E1 E2 E3 C1 C2
mass1_ref = 30.000000007484687
mass2_ref = 30.000000007070767
minchirp = 26.116416905219353
maxchirp = 26.116616905219352
mincov = 89461189806.46277
maxcov = 8946118980646.277
