
[data]
trigger-time = 1581698667.5262842
injection-file = /work/shashwat.singh/Prospects-of-LGWs/unlens/injection.hdf

[global]
instruments = E1 E2 E3 C1 C2
mass1_ref = 30.0000000077939
mass2_ref = 30.000000001164945
minchirp = 26.11641690278329
maxchirp = 26.11661690278329
mincov = 137517599140.3593
maxcov = 13751759914035.93
