
[data]
trigger-time = 1015014779.1421773
injection-file = /work/shashwat.singh/Prospects-of-LGWs/unlens/injection.hdf

[global]
instruments = E1 E2 E3 C1 C2
mass1_ref = 30.00000000837602
mass2_ref = 30.000000009866554
minchirp = 26.116416906824266
maxchirp = 26.116616906824266
mincov = 151131220060.44104
maxcov = 15113122006044.104
