
[data]
trigger-time = 1808754550.9830883
injection-file = /work/shashwat.singh/Prospects-of-LGWs/unlens/injection.hdf

[global]
instruments = E1 E2 E3 C1 C2
mass1_ref = 30.00000000518521
mass2_ref = 30.000000007714835
minchirp = 26.116416904498795
maxchirp = 26.116616904498795
mincov = 90001655673.15494
maxcov = 9000165567315.492
