
[data]
trigger-time = 1549004008.7361462
injection-file = /work/shashwat.singh/Prospects-of-LGWs/unlens/injection.hdf

[global]
instruments = E1 E2 E3 C1 C2
mass1_ref = 30.000000004155176
mass2_ref = 30.000000008717148
minchirp = 26.11641690448673
maxchirp = 26.11661690448673
mincov = 35193204933.72038
maxcov = 3519320493372.038
