
[data]
trigger-time = 1750132730.5520859
injection-file = /work/shashwat.singh/Prospects-of-LGWs/unlens/injection.hdf

[global]
instruments = E1 E2 E3 C1 C2
mass1_ref = 30.00000000946724
mass2_ref = 30.000000004992064
minchirp = 26.116416905177502
maxchirp = 26.1166169051775
mincov = 98280889956.64017
maxcov = 9828088995664.018
