
[data]
trigger-time = 1518538906.4716911
injection-file = /work/shashwat.singh/Prospects-of-LGWs/unlens/injection.hdf

[global]
instruments = E1 E2 E3 C1 C2
mass1_ref = 30.000000000536197
mass2_ref = 30.00000000987505
minchirp = 26.11641690341548
maxchirp = 26.11661690341548
mincov = 121699400641.68591
maxcov = 12169940064168.592
