
[data]
trigger-time = 1925909593.4295983
injection-file = /work/shashwat.singh/Prospects-of-LGWs/unlens/injection.hdf

[global]
instruments = E1 E2 E3 C1 C2
mass1_ref = 30.000000007986326
mass2_ref = 30.000000000588802
minchirp = 26.116416902616265
maxchirp = 26.116616902616265
mincov = 173641337482.7517
maxcov = 17364133748275.172
