
[data]
trigger-time = 1824017797.4587107
injection-file = /work/shashwat.singh/Prospects-of-LGWs/unlens/injection.hdf

[global]
instruments = E1 E2 E3 C1 C2
mass1_ref = 30.00000000038423
mass2_ref = 30.00000000471595
minchirp = 26.116416901103708
maxchirp = 26.116616901103708
mincov = 9603647871.533356
maxcov = 960364787153.3356
