
[data]
trigger-time = 1732974623.2253227
injection-file = /work/shashwat.singh/Prospects-of-LGWs/unlens/injection.hdf

[global]
instruments = E1 E2 E3 C1 C2
mass1_ref = 30.00000000106361
mass2_ref = 30.000000007656
minchirp = 26.116416902679155
maxchirp = 26.116616902679155
mincov = 156708442573.33365
maxcov = 15670844257333.363
