
[data]
trigger-time = 1426889478.6084728
injection-file = /work/shashwat.singh/Prospects-of-LGWs/unlens/injection.hdf

[global]
instruments = E1 E2 E3 C1 C2
mass1_ref = 30.000000007357258
mass2_ref = 30.00000000203656
minchirp = 26.116416902972624
maxchirp = 26.116616902972623
mincov = 116874542845.30624
maxcov = 11687454284530.625
