
[data]
trigger-time = 1243505676.9620311
injection-file = /work/shashwat.singh/Prospects-of-LGWs/unlens/injection.hdf

[global]
instruments = E1 E2 E3 C1 C2
mass1_ref = 30.000000009064728
mass2_ref = 30.000000006627605
minchirp = 26.11641690571421
maxchirp = 26.11661690571421
mincov = 70785653348.25642
maxcov = 7078565334825.643
