
[data]
trigger-time = 1492902740.2734957
injection-file = /work/shashwat.singh/Prospects-of-LGWs/unlens/injection.hdf

[global]
instruments = E1 E2 E3 C1 C2
mass1_ref = 30.000000001907182
mass2_ref = 30.00000000618314
minchirp = 26.11641690240524
maxchirp = 26.11661690240524
mincov = 122944415147.4573
maxcov = 12294441514745.73
