
[data]
trigger-time = 1628213040.2579548
injection-file = /work/shashwat.singh/Prospects-of-LGWs/unlens/injection.hdf

[global]
instruments = E1 E2 E3 C1 C2
mass1_ref = 30.000000007102052
mass2_ref = 30.000000008921106
minchirp = 26.11641690585821
maxchirp = 26.11661690585821
mincov = 58742642861.96173
maxcov = 5874264286196.173
