
[data]
trigger-time = 1825334888.079256
injection-file = /work/shashwat.singh/Prospects-of-LGWs/unlens/injection.hdf

[global]
instruments = E1 E2 E3 C1 C2
mass1_ref = 30.00000000688699
mass2_ref = 30.000000009691036
minchirp = 26.11641690609973
maxchirp = 26.11661690609973
mincov = 152709334958.89957
maxcov = 15270933495889.957
