
[data]
trigger-time = 1396390427.1752775
injection-file = /work/shashwat.singh/Prospects-of-LGWs/unlens/injection.hdf

[global]
instruments = E1 E2 E3 C1 C2
mass1_ref = 30.000000001408715
mass2_ref = 30.000000002607234
minchirp = 26.11641690063177
maxchirp = 26.11661690063177
mincov = 5041241415.683089
maxcov = 504124141568.30896
