
[data]
trigger-time = 1838925333.777895
injection-file = /work/shashwat.singh/Prospects-of-LGWs/unlens/injection.hdf

[global]
instruments = E1 E2 E3 C1 C2
mass1_ref = 30.000000009878672
mass2_ref = 30.00000000144533
minchirp = 26.116416903812784
maxchirp = 26.116616903812783
mincov = 42018061925.74457
maxcov = 4201806192574.457
