
[data]
trigger-time = 1521380758.7524438
injection-file = /work/shashwat.singh/Prospects-of-LGWs/unlens/injection.hdf

[global]
instruments = E1 E2 E3 C1 C2
mass1_ref = 30.000000002658993
mass2_ref = 30.000000008589936
minchirp = 26.116416903780106
maxchirp = 26.116616903780105
mincov = 5024515821.584695
maxcov = 502451582158.4695
