
[data]
trigger-time = 1889553163.112637
injection-file = /work/shashwat.singh/Prospects-of-LGWs/unlens/injection.hdf

[global]
instruments = E1 E2 E3 C1 C2
mass1_ref = 30.000000005333863
mass2_ref = 30.00000000282264
minchirp = 26.11641690243405
maxchirp = 26.11661690243405
mincov = 36694432802.99104
maxcov = 3669443280299.104
