
[data]
trigger-time = 1685159412.029665
injection-file = /work/shashwat.singh/Prospects-of-LGWs/unlens/injection.hdf

[global]
instruments = E1 E2 E3 C1 C2
mass1_ref = 30.000000005020766
mass2_ref = 30.000000003094883
minchirp = 26.116416902416265
maxchirp = 26.116616902416265
mincov = 152108537889.5959
maxcov = 15210853788959.588
