
[data]
trigger-time = 1356340532.6634738
injection-file = /work/shashwat.singh/Prospects-of-LGWs/unlens/injection.hdf

[global]
instruments = E1 E2 E3 C1 C2
mass1_ref = 30.000000007527245
mass2_ref = 30.000000009384625
minchirp = 26.116416906245043
maxchirp = 26.116616906245042
mincov = 9532241641.916628
maxcov = 953224164191.6627
