
[data]
trigger-time = 1055310980.5934016
injection-file = /work/shashwat.singh/Prospects-of-LGWs/unlens/injection.hdf

[global]
instruments = E1 E2 E3 C1 C2
mass1_ref = 30.00000000223078
mass2_ref = 30.000000004262805
minchirp = 26.11641690171022
maxchirp = 26.11661690171022
mincov = 2518413025.0726933
maxcov = 251841302507.26932
