
[data]
trigger-time = 1170180057.1370454
injection-file = /work/shashwat.singh/Prospects-of-LGWs/unlens/injection.hdf

[global]
instruments = E1 E2 E3 C1 C2
mass1_ref = 30.000000001463373
mass2_ref = 30.00000000630957
minchirp = 26.116416902267098
maxchirp = 26.116616902267097
mincov = 66477634122.022316
maxcov = 6647763412202.231
