
[data]
trigger-time = 1402235707.5143328
injection-file = /work/shashwat.singh/Prospects-of-LGWs/unlens/injection.hdf

[global]
instruments = E1 E2 E3 C1 C2
mass1_ref = 30.000000006890346
mass2_ref = 30.00000000647762
minchirp = 26.11641690470247
maxchirp = 26.116616904702468
mincov = 102081663585.92886
maxcov = 10208166358592.887
