
[data]
trigger-time = 1465078304.6787226
injection-file = /work/shashwat.singh/Prospects-of-LGWs/unlens/injection.hdf

[global]
instruments = E1 E2 E3 C1 C2
mass1_ref = 30.00000000884694
mass2_ref = 30.000000004236405
minchirp = 26.116416904578582
maxchirp = 26.11661690457858
mincov = 171559218139.01324
maxcov = 17155921813901.326
