
[data]
trigger-time = 1592298547.9892244
injection-file = /work/shashwat.singh/Prospects-of-LGWs/unlens/injection.hdf

[global]
instruments = E1 E2 E3 C1 C2
mass1_ref = 30.00000000916343
mass2_ref = 30.00000000820607
minchirp = 26.11641690644424
maxchirp = 26.11661690644424
mincov = 139808386608.22565
maxcov = 13980838660822.566
