
[data]
trigger-time = 1647034234.2536614
injection-file = /work/shashwat.singh/Prospects-of-LGWs/unlens/injection.hdf

[global]
instruments = E1 E2 E3 C1 C2
mass1_ref = 30.000000003303036
mass2_ref = 30.00000000415436
minchirp = 26.116416902129743
maxchirp = 26.116616902129742
mincov = 72884104988.6489
maxcov = 7288410498864.891
