
[data]
trigger-time = 1580725072.6155114
injection-file = /work/shashwat.singh/Prospects-of-LGWs/unlens/injection.hdf

[global]
instruments = E1 E2 E3 C1 C2
mass1_ref = 30.000000005571582
mass2_ref = 30.000000004273286
minchirp = 26.11641690316895
maxchirp = 26.11661690316895
mincov = 139967118397.00275
maxcov = 13996711839700.273
