
[data]
trigger-time = 1315419979.2100632
injection-file = /work/shashwat.singh/Prospects-of-LGWs/unlens/injection.hdf

[global]
instruments = E1 E2 E3 C1 C2
mass1_ref = 30.000000005722644
mass2_ref = 30.000000001610648
minchirp = 26.116416902075724
maxchirp = 26.116616902075723
mincov = 152096981344.0335
maxcov = 15209698134403.35
