
[data]
trigger-time = 1255893941.9933622
injection-file = /work/shashwat.singh/Prospects-of-LGWs/unlens/injection.hdf

[global]
instruments = E1 E2 E3 C1 C2
mass1_ref = 30.000000007842022
mass2_ref = 30.00000000380772
minchirp = 26.11641690395457
maxchirp = 26.11661690395457
mincov = 179792871467.71933
maxcov = 17979287146771.934
