
[data]
trigger-time = 1921146200.9526076
injection-file = /work/shashwat.singh/Prospects-of-LGWs/unlens/injection.hdf

[global]
instruments = E1 E2 E3 C1 C2
mass1_ref = 30.000000000547878
mass2_ref = 30.00000000787496
minchirp = 26.116416902549975
maxchirp = 26.116616902549975
mincov = 71486433258.79272
maxcov = 7148643325879.272
