
[data]
trigger-time = 1105262972.2457805
injection-file = /work/shashwat.singh/Prospects-of-LGWs/unlens/injection.hdf

[global]
instruments = E1 E2 E3 C1 C2
mass1_ref = 30.000000003713694
mass2_ref = 30.00000000890085
minchirp = 26.116416904374525
maxchirp = 26.116616904374524
mincov = 81015154796.00143
maxcov = 8101515479600.145
