
[data]
trigger-time = 1459170365.3152997
injection-file = /work/shashwat.singh/Prospects-of-LGWs/unlens/injection.hdf

[global]
instruments = E1 E2 E3 C1 C2
mass1_ref = 30.000000009804218
mass2_ref = 30.000000001961787
minchirp = 26.116416904005174
maxchirp = 26.116616904005173
mincov = 112719111634.39645
maxcov = 11271911163439.646
