
[data]
trigger-time = 1320736285.0366042
injection-file = /work/shashwat.singh/Prospects-of-LGWs/unlens/injection.hdf

[global]
instruments = E1 E2 E3 C1 C2
mass1_ref = 30.000000007658485
mass2_ref = 30.000000005516053
minchirp = 26.116416904618276
maxchirp = 26.116616904618276
mincov = 161792683543.5773
maxcov = 16179268354357.73
