
[data]
trigger-time = 1375342300.7942653
injection-file = /work/shashwat.singh/Prospects-of-LGWs/unlens/injection.hdf

[global]
instruments = E1 E2 E3 C1 C2
mass1_ref = 30.000000008414606
mass2_ref = 30.000000009734794
minchirp = 26.11641690678371
maxchirp = 26.116616906783708
mincov = 3720011925.1592207
maxcov = 372001192515.9221
