
[data]
trigger-time = 1285924782.1815052
injection-file = /work/shashwat.singh/Prospects-of-LGWs/unlens/injection.hdf

[global]
instruments = E1 E2 E3 C1 C2
mass1_ref = 30.000000006351353
mass2_ref = 30.00000000467125
minchirp = 26.116416903681593
maxchirp = 26.116616903681592
mincov = 79011734528.83203
maxcov = 7901173452883.203
