
[data]
trigger-time = 1519471493.1865058
injection-file = /work/shashwat.singh/Prospects-of-LGWs/unlens/injection.hdf

[global]
instruments = E1 E2 E3 C1 C2
mass1_ref = 30.000000006790888
mass2_ref = 30.000000003518096
minchirp = 26.11641690337097
maxchirp = 26.116616903370968
mincov = 156712288696.11737
maxcov = 15671228869611.736
