
[data]
trigger-time = 1808110274.7733898
injection-file = /work/shashwat.singh/Prospects-of-LGWs/unlens/injection.hdf

[global]
instruments = E1 E2 E3 C1 C2
mass1_ref = 30.000000005203898
mass2_ref = 30.000000007413497
minchirp = 26.11641690437576
maxchirp = 26.11661690437576
mincov = 9433365153.241247
maxcov = 943336515324.1248
