
[data]
trigger-time = 1639506691.5732632
injection-file = /work/shashwat.singh/Prospects-of-LGWs/unlens/injection.hdf

[global]
instruments = E1 E2 E3 C1 C2
mass1_ref = 30.000000000706386
mass2_ref = 30.000000004209795
minchirp = 26.116416901023616
maxchirp = 26.116616901023615
mincov = 126534228649.83537
maxcov = 12653422864983.537
