
[data]
trigger-time = 1782940831.1471744
injection-file = /work/shashwat.singh/Prospects-of-LGWs/unlens/injection.hdf

[global]
instruments = E1 E2 E3 C1 C2
mass1_ref = 30.00000000632859
mass2_ref = 30.000000009898397
minchirp = 26.11641690594693
maxchirp = 26.11661690594693
mincov = 113380772514.44308
maxcov = 11338077251444.309
