
[data]
trigger-time = 1220497131.2734144
injection-file = /work/shashwat.singh/Prospects-of-LGWs/unlens/injection.hdf

[global]
instruments = E1 E2 E3 C1 C2
mass1_ref = 30.000000001175092
mass2_ref = 30.00000000428177
minchirp = 26.11641690125896
maxchirp = 26.11661690125896
mincov = 12116551077.09997
maxcov = 1211655107709.997
