
[data]
trigger-time = 1349303987.8611722
injection-file = /work/shashwat.singh/Prospects-of-LGWs/unlens/injection.hdf

[global]
instruments = E1 E2 E3 C1 C2
mass1_ref = 30.00000000690196
mass2_ref = 30.00000000167876
minchirp = 26.1164169026187
maxchirp = 26.1166169026187
mincov = 175540925761.3282
maxcov = 17554092576132.816
