
[data]
trigger-time = 1566659812.6825776
injection-file = /work/shashwat.singh/Prospects-of-LGWs/unlens/injection.hdf

[global]
instruments = E1 E2 E3 C1 C2
mass1_ref = 30.00000000144026
mass2_ref = 30.000000006658354
minchirp = 26.11641690240885
maxchirp = 26.11661690240885
mincov = 122060097030.19241
maxcov = 12206009703019.24
