
[data]
trigger-time = 1257626453.5980353
injection-file = /work/shashwat.singh/Prospects-of-LGWs/unlens/injection.hdf

[global]
instruments = E1 E2 E3 C1 C2
mass1_ref = 30.00000000177426
mass2_ref = 30.000000003012854
minchirp = 26.116416900967437
maxchirp = 26.116616900967436
mincov = 39566821312.21376
maxcov = 3956682131221.376
