
[data]
trigger-time = 1066396237.4669378
injection-file = /work/shashwat.singh/Prospects-of-LGWs/unlens/injection.hdf

[global]
instruments = E1 E2 E3 C1 C2
mass1_ref = 30.000000007633805
mass2_ref = 30.000000009881084
minchirp = 26.116416906507524
maxchirp = 26.116616906507524
mincov = 82894545002.44023
maxcov = 8289454500244.023
