
[data]
trigger-time = 1283730897.3658879
injection-file = /work/shashwat.singh/Prospects-of-LGWs/unlens/injection.hdf

[global]
instruments = E1 E2 E3 C1 C2
mass1_ref = 30.000000009544458
mass2_ref = 30.000000005232437
minchirp = 26.11641690531574
maxchirp = 26.11661690531574
mincov = 124228218183.3249
maxcov = 12422821818332.49
