
[data]
trigger-time = 1448574143.8332393
injection-file = /work/shashwat.singh/Prospects-of-LGWs/unlens/injection.hdf

[global]
instruments = E1 E2 E3 C1 C2
mass1_ref = 30.000000001332726
mass2_ref = 30.000000000778197
minchirp = 26.116416899802555
maxchirp = 26.116616899802555
mincov = 125532042191.37688
maxcov = 12553204219137.688
