
[data]
trigger-time = 1158834745.6742718
injection-file = /work/shashwat.singh/Prospects-of-LGWs/unlens/injection.hdf

[global]
instruments = E1 E2 E3 C1 C2
mass1_ref = 30.00000000623835
mass2_ref = 30.000000005022443
minchirp = 26.116416903785268
maxchirp = 26.116616903785268
mincov = 82234536672.07309
maxcov = 8223453667207.309
