
[data]
trigger-time = 1146898085.5458755
injection-file = /work/shashwat.singh/Prospects-of-LGWs/unlens/injection.hdf

[global]
instruments = E1 E2 E3 C1 C2
mass1_ref = 30.00000000151692
mass2_ref = 30.000000009004903
minchirp = 26.116416903463612
maxchirp = 26.116616903463612
mincov = 45412700002.661446
maxcov = 4541270000266.145
