
[data]
trigger-time = 1824659489.4979186
injection-file = /work/shashwat.singh/Prospects-of-LGWs/unlens/injection.hdf

[global]
instruments = E1 E2 E3 C1 C2
mass1_ref = 30.000000000765223
mass2_ref = 30.000000005135032
minchirp = 26.11641690145196
maxchirp = 26.11661690145196
mincov = 96335069796.47781
maxcov = 9633506979647.781
