
[data]
trigger-time = 1647691212.8026915
injection-file = /work/shashwat.singh/Prospects-of-LGWs/unlens/injection.hdf

[global]
instruments = E1 E2 E3 C1 C2
mass1_ref = 30.000000006880292
mass2_ref = 30.000000008705427
minchirp = 26.1164169056678
maxchirp = 26.1166169056678
mincov = 161515808722.16913
maxcov = 16151580872216.912
