
[data]
trigger-time = 1191069784.2980125
injection-file = /work/shashwat.singh/Prospects-of-LGWs/unlens/injection.hdf

[global]
instruments = E1 E2 E3 C1 C2
mass1_ref = 30.000000008921326
mass2_ref = 30.00000000986788
minchirp = 26.116416907062202
maxchirp = 26.116616907062202
mincov = 135165090745.1829
maxcov = 13516509074518.291
