
[data]
trigger-time = 1428424455.8056087
injection-file = /work/shashwat.singh/Prospects-of-LGWs/unlens/injection.hdf

[global]
instruments = E1 E2 E3 C1 C2
mass1_ref = 30.00000000635538
mass2_ref = 30.000000008209263
minchirp = 26.116416905223353
maxchirp = 26.116616905223353
mincov = 65956508925.965965
maxcov = 6595650892596.597
