
[data]
trigger-time = 1491897812.9137151
injection-file = /work/shashwat.singh/Prospects-of-LGWs/unlens/injection.hdf

[global]
instruments = E1 E2 E3 C1 C2
mass1_ref = 30.0000000034194
mass2_ref = 30.000000007568303
minchirp = 26.1164169036664
maxchirp = 26.1166169036664
mincov = 63458082538.90076
maxcov = 6345808253890.076
