
[data]
trigger-time = 1911811732.051219
injection-file = /work/shashwat.singh/Prospects-of-LGWs/unlens/injection.hdf

[global]
instruments = E1 E2 E3 C1 C2
mass1_ref = 30.000000009680758
mass2_ref = 30.000000004599755
minchirp = 26.11641690509968
maxchirp = 26.11661690509968
mincov = 107563489744.54881
maxcov = 10756348974454.88
