
[data]
trigger-time = 1116769893.4015634
injection-file = /work/shashwat.singh/Prospects-of-LGWs/unlens/injection.hdf

[global]
instruments = E1 E2 E3 C1 C2
mass1_ref = 30.000000000224695
mass2_ref = 30.000000000247496
minchirp = 26.116416899089256
maxchirp = 26.116616899089255
mincov = 113730022409.13037
maxcov = 11373002240913.037
