
[data]
trigger-time = 1144637912.9322162
injection-file = /work/shashwat.singh/Prospects-of-LGWs/unlens/injection.hdf

[global]
instruments = E1 E2 E3 C1 C2
mass1_ref = 30.000000002816446
mass2_ref = 30.000000003173838
minchirp = 26.11641690149115
maxchirp = 26.11661690149115
mincov = 169237605404.0211
maxcov = 16923760540402.11
