
[data]
trigger-time = 1702742005.9807162
injection-file = /work/shashwat.singh/Prospects-of-LGWs/unlens/injection.hdf

[global]
instruments = E1 E2 E3 C1 C2
mass1_ref = 30.000000003201784
mass2_ref = 30.00000000845087
minchirp = 26.116416903955834
maxchirp = 26.116616903955833
mincov = 18311617916.35897
maxcov = 1831161791635.897
