
[data]
trigger-time = 1157191211.2039177
injection-file = /work/shashwat.singh/Prospects-of-LGWs/unlens/injection.hdf

[global]
instruments = E1 E2 E3 C1 C2
mass1_ref = 30.00000000967094
mass2_ref = 30.000000008013483
minchirp = 26.116416906581318
maxchirp = 26.116616906581317
mincov = 83539624445.11691
maxcov = 8353962444511.69
