
[data]
trigger-time = 1076272876.4097068
injection-file = /work/shashwat.singh/Prospects-of-LGWs/unlens/injection.hdf

[global]
instruments = E1 E2 E3 C1 C2
mass1_ref = 30.000000003627402
mass2_ref = 30.00000000118703
minchirp = 26.116416900979328
maxchirp = 26.116616900979327
mincov = 159755340246.24197
maxcov = 15975534024624.197
