
[data]
trigger-time = 1252074576.7061749
injection-file = /work/shashwat.singh/Prospects-of-LGWs/unlens/injection.hdf

[global]
instruments = E1 E2 E3 C1 C2
mass1_ref = 30.00000000642278
mass2_ref = 30.000000005864745
minchirp = 26.11641690423218
maxchirp = 26.11661690423218
mincov = 161708477705.842
maxcov = 16170847770584.201
