
[data]
trigger-time = 1016129683.6771629
injection-file = /work/shashwat.singh/Prospects-of-LGWs/unlens/injection.hdf

[global]
instruments = E1 E2 E3 C1 C2
mass1_ref = 30.000000004084857
mass2_ref = 30.00000000981415
minchirp = 26.11641690493362
maxchirp = 26.11661690493362
mincov = 91921267560.84286
maxcov = 9192126756084.285
