
[data]
trigger-time = 1633957568.7062674
injection-file = /work/shashwat.singh/Prospects-of-LGWs/unlens/injection.hdf

[global]
instruments = E1 E2 E3 C1 C2
mass1_ref = 30.00000000185968
mass2_ref = 30.000000009791574
minchirp = 26.116416903955226
maxchirp = 26.116616903955226
mincov = 39732236075.2238
maxcov = 3973223607522.3804
