
[data]
trigger-time = 1903456298.165168
injection-file = /work/shashwat.singh/Prospects-of-LGWs/unlens/injection.hdf

[global]
instruments = E1 E2 E3 C1 C2
mass1_ref = 30.000000008885497
mass2_ref = 30.000000007649113
minchirp = 26.116416906080833
maxchirp = 26.116616906080832
mincov = 94595900093.9538
maxcov = 9459590009395.379
