
[data]
trigger-time = 1037311167.7489892
injection-file = /work/shashwat.singh/Prospects-of-LGWs/unlens/injection.hdf

[global]
instruments = E1 E2 E3 C1 C2
mass1_ref = 30.000000003122466
mass2_ref = 30.00000000647981
minchirp = 26.116416903063357
maxchirp = 26.116616903063356
mincov = 106341027918.98447
maxcov = 10634102791898.445
