
[data]
trigger-time = 1539559205.358396
injection-file = /work/shashwat.singh/Prospects-of-LGWs/unlens/injection.hdf

[global]
instruments = E1 E2 E3 C1 C2
mass1_ref = 30.00000000670899
mass2_ref = 30.000000006184322
minchirp = 26.116416904495864
maxchirp = 26.116616904495864
mincov = 174201024041.1547
maxcov = 17420102404115.469
