
[data]
trigger-time = 1250050470.2758968
injection-file = /work/shashwat.singh/Prospects-of-LGWs/unlens/injection.hdf

[global]
instruments = E1 E2 E3 C1 C2
mass1_ref = 30.000000004641304
mass2_ref = 30.000000009675475
minchirp = 26.116416905115464
maxchirp = 26.116616905115464
mincov = 177105316901.48907
maxcov = 17710531690148.906
