
[data]
trigger-time = 1896423625.0619533
injection-file = /work/shashwat.singh/Prospects-of-LGWs/unlens/injection.hdf

[global]
instruments = E1 E2 E3 C1 C2
mass1_ref = 30.000000001160622
mass2_ref = 30.00000000743434
minchirp = 26.116416902624902
maxchirp = 26.1166169026249
mincov = 74744984400.9769
maxcov = 7474498440097.69
