
[data]
trigger-time = 1671437597.9153697
injection-file = /work/shashwat.singh/Prospects-of-LGWs/unlens/injection.hdf

[global]
instruments = E1 E2 E3 C1 C2
mass1_ref = 30.000000003451504
mass2_ref = 30.000000006560803
minchirp = 26.116416903241834
maxchirp = 26.116616903241834
mincov = 127822062935.05307
maxcov = 12782206293505.309
