
[data]
trigger-time = 1773417558.226418
injection-file = /work/shashwat.singh/Prospects-of-LGWs/unlens/injection.hdf

[global]
instruments = E1 E2 E3 C1 C2
mass1_ref = 30.000000005560583
mass2_ref = 30.00000000596497
minchirp = 26.116416903900515
maxchirp = 26.116616903900514
mincov = 150664119899.55457
maxcov = 15066411989955.457
