
[data]
trigger-time = 1966659920.4870305
injection-file = /work/shashwat.singh/Prospects-of-LGWs/unlens/injection.hdf

[global]
instruments = E1 E2 E3 C1 C2
mass1_ref = 30.00000000171195
mass2_ref = 30.0000000094015
minchirp = 26.116416903721134
maxchirp = 26.116616903721134
mincov = 43434663471.32188
maxcov = 4343466347132.1875
