
[data]
trigger-time = 1408747840.7843719
injection-file = /work/shashwat.singh/Prospects-of-LGWs/unlens/injection.hdf

[global]
instruments = E1 E2 E3 C1 C2
mass1_ref = 30.00000000147713
mass2_ref = 30.000000005918302
minchirp = 26.116416902102774
maxchirp = 26.116616902102773
mincov = 98638762692.22685
maxcov = 9863876269222.686
