
[data]
trigger-time = 1700613770.28654
injection-file = /work/shashwat.singh/Prospects-of-LGWs/unlens/injection.hdf

[global]
instruments = E1 E2 E3 C1 C2
mass1_ref = 30.0000000056972
mass2_ref = 30.000000002723272
minchirp = 26.11641690254895
maxchirp = 26.116616902548948
mincov = 123568746592.10115
maxcov = 12356874659210.115
