
[data]
trigger-time = 1469658972.7318532
injection-file = /work/shashwat.singh/Prospects-of-LGWs/unlens/injection.hdf

[global]
instruments = E1 E2 E3 C1 C2
mass1_ref = 30.00000000560237
mass2_ref = 30.000000004099665
minchirp = 26.11641690310678
maxchirp = 26.11661690310678
mincov = 86773056064.85211
maxcov = 8677305606485.211
