
[data]
trigger-time = 1168121250.8244178
injection-file = /work/shashwat.singh/Prospects-of-LGWs/unlens/injection.hdf

[global]
instruments = E1 E2 E3 C1 C2
mass1_ref = 30.000000007977437
mass2_ref = 30.00000000122072
minchirp = 26.116416902887455
maxchirp = 26.116616902887454
mincov = 151057763858.87103
maxcov = 15105776385887.102
