
[data]
trigger-time = 1743603222.1261206
injection-file = /work/shashwat.singh/Prospects-of-LGWs/unlens/injection.hdf

[global]
instruments = E1 E2 E3 C1 C2
mass1_ref = 30.000000009109893
mass2_ref = 30.00000000349938
minchirp = 26.11641690437223
maxchirp = 26.11661690437223
mincov = 60476705029.61631
maxcov = 6047670502961.631
