
[data]
trigger-time = 1214735202.5316854
injection-file = /work/shashwat.singh/Prospects-of-LGWs/unlens/injection.hdf

[global]
instruments = E1 E2 E3 C1 C2
mass1_ref = 30.00000000678233
mass2_ref = 30.000000007288627
minchirp = 26.116416905008464
maxchirp = 26.116616905008463
mincov = 155726562248.61893
maxcov = 15572656224861.893
