
[data]
trigger-time = 1663627749.3946667
injection-file = /work/shashwat.singh/Prospects-of-LGWs/unlens/injection.hdf

[global]
instruments = E1 E2 E3 C1 C2
mass1_ref = 30.000000006244644
mass2_ref = 30.00000000786299
minchirp = 26.11641690502443
maxchirp = 26.11661690502443
mincov = 15121222410.702946
maxcov = 1512122241070.2944
