
[data]
trigger-time = 1045129760.0386925
injection-file = /work/shashwat.singh/Prospects-of-LGWs/unlens/injection.hdf

[global]
instruments = E1 E2 E3 C1 C2
mass1_ref = 30.00000000639434
mass2_ref = 30.000000001990358
minchirp = 26.116416902533377
maxchirp = 26.116616902533377
mincov = 26443510021.39311
maxcov = 2644351002139.311
