
[data]
trigger-time = 1886713338.0323298
injection-file = /work/shashwat.singh/Prospects-of-LGWs/unlens/injection.hdf

[global]
instruments = E1 E2 E3 C1 C2
mass1_ref = 30.000000009681603
mass2_ref = 30.000000001072003
minchirp = 26.116416903564506
maxchirp = 26.116616903564505
mincov = 133329698313.21756
maxcov = 13332969831321.756
