
[data]
trigger-time = 1909901129.7725797
injection-file = /work/shashwat.singh/Prospects-of-LGWs/unlens/injection.hdf

[global]
instruments = E1 E2 E3 C1 C2
mass1_ref = 30.000000005059405
mass2_ref = 30.000000007041496
minchirp = 26.11641690415095
maxchirp = 26.11661690415095
mincov = 74103072744.61865
maxcov = 7410307274461.865
