
[data]
trigger-time = 1275912344.6598582
injection-file = /work/shashwat.singh/Prospects-of-LGWs/unlens/injection.hdf

[global]
instruments = E1 E2 E3 C1 C2
mass1_ref = 30.000000006359198
mass2_ref = 30.000000003060364
minchirp = 26.11641690298383
maxchirp = 26.11661690298383
mincov = 123356243509.57056
maxcov = 12335624350957.055
