
[data]
trigger-time = 1092807917.9310982
injection-file = /work/shashwat.singh/Prospects-of-LGWs/unlens/injection.hdf

[global]
instruments = E1 E2 E3 C1 C2
mass1_ref = 30.00000000462732
mass2_ref = 30.000000005410463
minchirp = 26.116416903252922
maxchirp = 26.116616903252922
mincov = 4258631328.804415
maxcov = 425863132880.4415
