
[data]
trigger-time = 1574023985.1823673
injection-file = /work/shashwat.singh/Prospects-of-LGWs/unlens/injection.hdf

[global]
instruments = E1 E2 E3 C1 C2
mass1_ref = 30.00000000088803
mass2_ref = 30.000000008654073
minchirp = 26.116416903037166
maxchirp = 26.116616903037166
mincov = 140769822365.3931
maxcov = 14076982236539.309
