
[data]
trigger-time = 1120751293.4972188
injection-file = /work/shashwat.singh/Prospects-of-LGWs/unlens/injection.hdf

[global]
instruments = E1 E2 E3 C1 C2
mass1_ref = 30.000000007282047
mass2_ref = 30.000000004455767
minchirp = 26.116416903992906
maxchirp = 26.116616903992906
mincov = 60252701900.48805
maxcov = 6025270190048.805
