
[data]
trigger-time = 1366877996.0733197
injection-file = /work/shashwat.singh/Prospects-of-LGWs/unlens/injection.hdf

[global]
instruments = E1 E2 E3 C1 C2
mass1_ref = 30.000000009450915
mass2_ref = 30.000000006748603
minchirp = 26.116416905934976
maxchirp = 26.116616905934976
mincov = 170783346925.91525
maxcov = 17078334692591.525
