
[data]
trigger-time = 1920800286.0902348
injection-file = /work/shashwat.singh/Prospects-of-LGWs/unlens/injection.hdf

[global]
instruments = E1 E2 E3 C1 C2
mass1_ref = 30.000000005603944
mass2_ref = 30.000000005540482
minchirp = 26.11641690373462
maxchirp = 26.11661690373462
mincov = 132805416766.70113
maxcov = 13280541676670.113
