
[data]
trigger-time = 1982344819.6228294
injection-file = /work/shashwat.singh/Prospects-of-LGWs/unlens/injection.hdf

[global]
instruments = E1 E2 E3 C1 C2
mass1_ref = 30.000000003473964
mass2_ref = 30.0000000070387
minchirp = 26.116416903459626
maxchirp = 26.116616903459626
mincov = 59346403597.80504
maxcov = 5934640359780.504
