
[data]
trigger-time = 1589467184.0964632
injection-file = /work/shashwat.singh/Prospects-of-LGWs/unlens/injection.hdf

[global]
instruments = E1 E2 E3 C1 C2
mass1_ref = 30.00000000955958
mass2_ref = 30.00000000316197
minchirp = 26.1164169044211
maxchirp = 26.1166169044211
mincov = 5396370556.3059845
maxcov = 539637055630.59845
