
[data]
trigger-time = 1874317353.557509
injection-file = /work/shashwat.singh/Prospects-of-LGWs/unlens/injection.hdf

[global]
instruments = E1 E2 E3 C1 C2
mass1_ref = 30.000000000411998
mass2_ref = 30.000000002037954
minchirp = 26.116416899950128
maxchirp = 26.116616899950127
mincov = 143319187567.32648
maxcov = 14331918756732.646
