
[data]
trigger-time = 1776038658.382223
injection-file = /work/shashwat.singh/Prospects-of-LGWs/unlens/injection.hdf

[global]
instruments = E1 E2 E3 C1 C2
mass1_ref = 30.000000009748373
mass2_ref = 30.000000006480114
minchirp = 26.11641690594758
maxchirp = 26.11661690594758
mincov = 19234552406.211975
maxcov = 1923455240621.1975
