
[data]
trigger-time = 1516143757.4695964
injection-file = /work/shashwat.singh/Prospects-of-LGWs/unlens/injection.hdf

[global]
instruments = E1 E2 E3 C1 C2
mass1_ref = 30.000000003996327
mass2_ref = 30.000000006639148
minchirp = 26.116416903513084
maxchirp = 26.116616903513084
mincov = 174900093487.27863
maxcov = 17490009348727.863
