
[data]
trigger-time = 1675956201.071765
injection-file = /work/shashwat.singh/Prospects-of-LGWs/unlens/injection.hdf

[global]
instruments = E1 E2 E3 C1 C2
mass1_ref = 30.00000000346836
mass2_ref = 30.000000009906074
minchirp = 26.116416904705282
maxchirp = 26.116616904705282
mincov = 177815322181.525
maxcov = 17781532218152.5
