
[data]
trigger-time = 1019434460.5050452
injection-file = /work/shashwat.singh/Prospects-of-LGWs/unlens/injection.hdf

[global]
instruments = E1 E2 E3 C1 C2
mass1_ref = 30.000000000209248
mass2_ref = 30.000000006113808
minchirp = 26.116416901635993
maxchirp = 26.116616901635993
mincov = 177973361776.15778
maxcov = 17797336177615.777
