
[data]
trigger-time = 1338759228.9581172
injection-file = /work/shashwat.singh/Prospects-of-LGWs/unlens/injection.hdf

[global]
instruments = E1 E2 E3 C1 C2
mass1_ref = 30.00000000157971
mass2_ref = 30.00000000034432
minchirp = 26.116416899721205
maxchirp = 26.116616899721205
mincov = 3433489.0397746386
maxcov = 343348903.97746384
