
[data]
trigger-time = 1693298436.294527
injection-file = /work/shashwat.singh/Prospects-of-LGWs/unlens/injection.hdf

[global]
instruments = E1 E2 E3 C1 C2
mass1_ref = 30.00000000041311
mass2_ref = 30.000000009251515
minchirp = 26.116416903090496
maxchirp = 26.116616903090495
mincov = 87480976059.5587
maxcov = 8748097605955.87
