
[data]
trigger-time = 1937427493.800716
injection-file = /work/shashwat.singh/Prospects-of-LGWs/unlens/injection.hdf

[global]
instruments = E1 E2 E3 C1 C2
mass1_ref = 30.000000005765433
mass2_ref = 30.00000000377513
minchirp = 26.116416903036495
maxchirp = 26.116616903036494
mincov = 119344473798.49666
maxcov = 11934447379849.666
