
[data]
trigger-time = 1762494351.777717
injection-file = /work/shashwat.singh/Prospects-of-LGWs/unlens/injection.hdf

[global]
instruments = E1 E2 E3 C1 C2
mass1_ref = 30.000000002513822
mass2_ref = 30.000000005481937
minchirp = 26.11641690236408
maxchirp = 26.11661690236408
mincov = 1030835411.4239223
maxcov = 103083541142.39224
