
[data]
trigger-time = 1290398919.0376458
injection-file = /work/shashwat.singh/Prospects-of-LGWs/unlens/injection.hdf

[global]
instruments = E1 E2 E3 C1 C2
mass1_ref = 30.000000000118213
mass2_ref = 30.00000000570881
minchirp = 26.116416901420084
maxchirp = 26.116616901420084
mincov = 82671855294.75021
maxcov = 8267185529475.021
