
[data]
trigger-time = 1560493318.8754923
injection-file = /work/shashwat.singh/Prospects-of-LGWs/unlens/injection.hdf

[global]
instruments = E1 E2 E3 C1 C2
mass1_ref = 30.00000000889456
mass2_ref = 30.00000000551223
minchirp = 26.116416905154644
maxchirp = 26.116616905154643
mincov = 48045373433.84235
maxcov = 4804537343384.234
