
[data]
trigger-time = 1952589419.8490286
injection-file = /work/shashwat.singh/Prospects-of-LGWs/unlens/injection.hdf

[global]
instruments = E1 E2 E3 C1 C2
mass1_ref = 30.00000000645275
mass2_ref = 30.0000000010192
minchirp = 26.11641690213608
maxchirp = 26.11661690213608
mincov = 162035764213.96747
maxcov = 16203576421396.748
