
[data]
trigger-time = 1205957320.3828793
injection-file = /work/shashwat.singh/Prospects-of-LGWs/unlens/injection.hdf

[global]
instruments = E1 E2 E3 C1 C2
mass1_ref = 30.00000000264234
mass2_ref = 30.000000001814072
minchirp = 26.11641690082349
maxchirp = 26.11661690082349
mincov = 106126614051.02196
maxcov = 10612661405102.195
