
[data]
trigger-time = 1419213472.1476252
injection-file = /work/shashwat.singh/Prospects-of-LGWs/unlens/injection.hdf

[global]
instruments = E1 E2 E3 C1 C2
mass1_ref = 30.000000005838665
mass2_ref = 30.000000001433648
minchirp = 26.11641690204918
maxchirp = 26.11661690204918
mincov = 153031778181.1862
maxcov = 15303177818118.617
