
[data]
trigger-time = 1473539366.8560903
injection-file = /work/shashwat.singh/Prospects-of-LGWs/unlens/injection.hdf

[global]
instruments = E1 E2 E3 C1 C2
mass1_ref = 30.000000007434206
mass2_ref = 30.000000001469562
minchirp = 26.116416902759315
maxchirp = 26.116616902759315
mincov = 131670565157.23532
maxcov = 13167056515723.533
