
[data]
trigger-time = 1685350115.3890386
injection-file = /work/shashwat.singh/Prospects-of-LGWs/unlens/injection.hdf

[global]
instruments = E1 E2 E3 C1 C2
mass1_ref = 30.00000000384245
mass2_ref = 30.000000007255405
minchirp = 26.116416903714345
maxchirp = 26.116616903714345
mincov = 24485785934.55165
maxcov = 2448578593455.165
