
[data]
trigger-time = 1690746605.6038888
injection-file = /work/shashwat.singh/Prospects-of-LGWs/unlens/injection.hdf

[global]
instruments = E1 E2 E3 C1 C2
mass1_ref = 30.00000000059898
mass2_ref = 30.000000009421974
minchirp = 26.116416903245597
maxchirp = 26.116616903245596
mincov = 44504001582.84386
maxcov = 4450400158284.386
