
[data]
trigger-time = 1267309888.8417866
injection-file = /work/shashwat.singh/Prospects-of-LGWs/unlens/injection.hdf

[global]
instruments = E1 E2 E3 C1 C2
mass1_ref = 30.000000008979722
mass2_ref = 30.000000008022624
minchirp = 26.116416906284428
maxchirp = 26.116616906284428
mincov = 130455431841.87424
maxcov = 13045543184187.424
