
[data]
trigger-time = 1527711620.06109
injection-file = /work/shashwat.singh/Prospects-of-LGWs/unlens/injection.hdf

[global]
instruments = E1 E2 E3 C1 C2
mass1_ref = 30.000000004589623
mass2_ref = 30.000000007294275
minchirp = 26.116416904056493
maxchirp = 26.116616904056492
mincov = 126269097693.92549
maxcov = 12626909769392.549
