
[data]
trigger-time = 1593436673.203609
injection-file = /work/shashwat.singh/Prospects-of-LGWs/unlens/injection.hdf

[global]
instruments = E1 E2 E3 C1 C2
mass1_ref = 30.00000000767074
mass2_ref = 30.000000003021615
minchirp = 26.116416903537843
maxchirp = 26.116616903537842
mincov = 18340006079.5747
maxcov = 1834000607957.4702
