
[data]
trigger-time = 1322803449.5670817
injection-file = /work/shashwat.singh/Prospects-of-LGWs/unlens/injection.hdf

[global]
instruments = E1 E2 E3 C1 C2
mass1_ref = 30.000000008467644
mass2_ref = 30.000000002348813
minchirp = 26.116416903591862
maxchirp = 26.11661690359186
mincov = 146504212417.70538
maxcov = 14650421241770.537
