
[data]
trigger-time = 1363087577.6336432
injection-file = /work/shashwat.singh/Prospects-of-LGWs/unlens/injection.hdf

[global]
instruments = E1 E2 E3 C1 C2
mass1_ref = 30.000000004769568
mass2_ref = 30.00000000094548
minchirp = 26.116416901371345
maxchirp = 26.116616901371344
mincov = 107442424976.59108
maxcov = 10744242497659.107
