
[data]
trigger-time = 1369817361.4372172
injection-file = /work/shashwat.singh/Prospects-of-LGWs/unlens/injection.hdf

[global]
instruments = E1 E2 E3 C1 C2
mass1_ref = 30.00000000738394
mass2_ref = 30.000000003838906
minchirp = 26.11641690376875
maxchirp = 26.11661690376875
mincov = 155138605610.2973
maxcov = 15513860561029.729
