
[data]
trigger-time = 1003015971.9690238
injection-file = /work/shashwat.singh/Prospects-of-LGWs/unlens/injection.hdf

[global]
instruments = E1 E2 E3 C1 C2
mass1_ref = 30.00000000972851
mass2_ref = 30.00000000436221
minchirp = 26.116416905017065
maxchirp = 26.116616905017064
mincov = 11676324484.9651
maxcov = 1167632448496.51
