
[data]
trigger-time = 1276311984.7944982
injection-file = /work/shashwat.singh/Prospects-of-LGWs/unlens/injection.hdf

[global]
instruments = E1 E2 E3 C1 C2
mass1_ref = 30.0000000047264
mass2_ref = 30.00000000149602
minchirp = 26.116416901592192
maxchirp = 26.11661690159219
mincov = 124185240864.07547
maxcov = 12418524086407.547
