
[data]
trigger-time = 1900415074.0459633
injection-file = /work/shashwat.singh/Prospects-of-LGWs/unlens/injection.hdf

[global]
instruments = E1 E2 E3 C1 C2
mass1_ref = 30.000000001894875
mass2_ref = 30.000000000040323
minchirp = 26.11641689972607
maxchirp = 26.11661689972607
mincov = 106779827264.98564
maxcov = 10677982726498.564
