
[data]
trigger-time = 1117582864.2493641
injection-file = /work/shashwat.singh/Prospects-of-LGWs/unlens/injection.hdf

[global]
instruments = E1 E2 E3 C1 C2
mass1_ref = 30.000000004275833
mass2_ref = 30.00000000550422
minchirp = 26.11641690314074
maxchirp = 26.116616903140738
mincov = 2680718147.158593
maxcov = 268071814715.8593
