
[data]
trigger-time = 1577853046.330223
injection-file = /work/shashwat.singh/Prospects-of-LGWs/unlens/injection.hdf

[global]
instruments = E1 E2 E3 C1 C2
mass1_ref = 30.000000007019974
mass2_ref = 30.000000005358274
minchirp = 26.11641690427167
maxchirp = 26.11661690427167
mincov = 172150011405.31604
maxcov = 17215001140531.604
