
[data]
trigger-time = 1437057710.8795292
injection-file = /work/shashwat.singh/Prospects-of-LGWs/unlens/injection.hdf

[global]
instruments = E1 E2 E3 C1 C2
mass1_ref = 30.00000000593527
mass2_ref = 30.00000000778446
minchirp = 26.116416904855587
maxchirp = 26.116616904855587
mincov = 93465628493.53784
maxcov = 9346562849353.785
