
[data]
trigger-time = 1727427473.754959
injection-file = /work/shashwat.singh/Prospects-of-LGWs/unlens/injection.hdf

[global]
instruments = E1 E2 E3 C1 C2
mass1_ref = 30.00000000696104
mass2_ref = 30.000000002944375
minchirp = 26.116416903195308
maxchirp = 26.116616903195307
mincov = 99276883051.61041
maxcov = 9927688305161.041
