
[data]
trigger-time = 1551329494.2115588
injection-file = /work/shashwat.singh/Prospects-of-LGWs/unlens/injection.hdf

[global]
instruments = E1 E2 E3 C1 C2
mass1_ref = 30.000000005094375
mass2_ref = 30.000000009215537
minchirp = 26.116416905112473
maxchirp = 26.116616905112473
mincov = 148710944327.74237
maxcov = 14871094432774.236
