
[data]
trigger-time = 1900147662.8431637
injection-file = /work/shashwat.singh/Prospects-of-LGWs/unlens/injection.hdf

[global]
instruments = E1 E2 E3 C1 C2
mass1_ref = 30.00000000271843
mass2_ref = 30.00000000042865
minchirp = 26.11641690025357
maxchirp = 26.116616900253568
mincov = 162018473183.97406
maxcov = 16201847318397.406
