
[data]
trigger-time = 1935657836.2876575
injection-file = /work/shashwat.singh/Prospects-of-LGWs/unlens/injection.hdf

[global]
instruments = E1 E2 E3 C1 C2
mass1_ref = 30.000000004770477
mass2_ref = 30.000000006307367
minchirp = 26.116416903705638
maxchirp = 26.116616903705637
mincov = 163765743415.60187
maxcov = 16376574341560.188
