
[data]
trigger-time = 1106880536.468169
injection-file = /work/shashwat.singh/Prospects-of-LGWs/unlens/injection.hdf

[global]
instruments = E1 E2 E3 C1 C2
mass1_ref = 30.000000009666977
mass2_ref = 30.00000000243151
minchirp = 26.116416904149897
maxchirp = 26.116616904149897
mincov = 173663847161.95612
maxcov = 17366384716195.61
