
[data]
trigger-time = 1692374950.5122757
injection-file = /work/shashwat.singh/Prospects-of-LGWs/unlens/injection.hdf

[global]
instruments = E1 E2 E3 C1 C2
mass1_ref = 30.000000006165738
mass2_ref = 30.00000000565719
minchirp = 26.11641690402995
maxchirp = 26.11661690402995
mincov = 127275187835.66524
maxcov = 12727518783566.523
