
[data]
trigger-time = 1124679852.730697
injection-file = /work/shashwat.singh/Prospects-of-LGWs/unlens/injection.hdf

[global]
instruments = E1 E2 E3 C1 C2
mass1_ref = 30.000000002764015
mass2_ref = 30.000000000649077
minchirp = 26.11641690036936
maxchirp = 26.11661690036936
mincov = 142408388567.2218
maxcov = 14240838856722.18
