
[data]
trigger-time = 1547174307.414802
injection-file = /work/shashwat.singh/Prospects-of-LGWs/unlens/injection.hdf

[global]
instruments = E1 E2 E3 C1 C2
mass1_ref = 30.000000007328882
mass2_ref = 30.000000007577977
minchirp = 26.11641690537231
maxchirp = 26.11661690537231
mincov = 6383496303.187843
maxcov = 638349630318.7843
