
[data]
trigger-time = 1656322086.3348026
injection-file = /work/shashwat.singh/Prospects-of-LGWs/unlens/injection.hdf

[global]
instruments = E1 E2 E3 C1 C2
mass1_ref = 30.00000000901167
mass2_ref = 30.000000006336467
minchirp = 26.116416905564392
maxchirp = 26.116616905564392
mincov = 154318050163.24088
maxcov = 15431805016324.086
