
[data]
trigger-time = 1472771175.8759856
injection-file = /work/shashwat.singh/Prospects-of-LGWs/unlens/injection.hdf

[global]
instruments = E1 E2 E3 C1 C2
mass1_ref = 30.00000000752399
mass2_ref = 30.000000005711268
minchirp = 26.116416904644705
maxchirp = 26.116616904644705
mincov = 66517291213.55483
maxcov = 6651729121355.483
