
[data]
trigger-time = 1355350585.5063424
injection-file = /work/shashwat.singh/Prospects-of-LGWs/unlens/injection.hdf

[global]
instruments = E1 E2 E3 C1 C2
mass1_ref = 30.000000005912025
mass2_ref = 30.000000007826547
minchirp = 26.116416904863783
maxchirp = 26.116616904863783
mincov = 44355349367.054985
maxcov = 4435534936705.499
