
[data]
trigger-time = 1923227826.4197202
injection-file = /work/shashwat.singh/Prospects-of-LGWs/unlens/injection.hdf

[global]
instruments = E1 E2 E3 C1 C2
mass1_ref = 30.0000000067457
mass2_ref = 30.000000009697057
minchirp = 26.11641690604085
maxchirp = 26.11661690604085
mincov = 85080658076.37802
maxcov = 8508065807637.803
