
[data]
trigger-time = 1294622202.909298
injection-file = /work/shashwat.singh/Prospects-of-LGWs/unlens/injection.hdf

[global]
instruments = E1 E2 E3 C1 C2
mass1_ref = 30.000000000195975
mass2_ref = 30.00000000374298
minchirp = 26.116416900598256
maxchirp = 26.116616900598256
mincov = 143220548851.74445
maxcov = 14322054885174.445
