
[data]
trigger-time = 1939565340.3062446
injection-file = /work/shashwat.singh/Prospects-of-LGWs/unlens/injection.hdf

[global]
instruments = E1 E2 E3 C1 C2
mass1_ref = 30.000000001653238
mass2_ref = 30.00000000755703
minchirp = 26.116416902892727
maxchirp = 26.116616902892726
mincov = 152787995093.96902
maxcov = 15278799509396.902
