
[data]
trigger-time = 1463192747.4065042
injection-file = /work/shashwat.singh/Prospects-of-LGWs/unlens/injection.hdf

[global]
instruments = E1 E2 E3 C1 C2
mass1_ref = 30.00000000842322
mass2_ref = 30.000000004724914
minchirp = 26.116416904606783
maxchirp = 26.116616904606783
mincov = 113665549721.49765
maxcov = 11366554972149.766
