
[data]
trigger-time = 1237997841.9978445
injection-file = /work/shashwat.singh/Prospects-of-LGWs/unlens/injection.hdf

[global]
instruments = E1 E2 E3 C1 C2
mass1_ref = 30.000000007873894
mass2_ref = 30.000000003164
minchirp = 26.116416903688247
maxchirp = 26.116616903688247
mincov = 143722940272.67303
maxcov = 14372294027267.305
