
[data]
trigger-time = 1011908022.0198615
injection-file = /work/shashwat.singh/Prospects-of-LGWs/unlens/injection.hdf

[global]
instruments = E1 E2 E3 C1 C2
mass1_ref = 30.00000000048295
mass2_ref = 30.000000008945282
minchirp = 26.116416902987602
maxchirp = 26.1166169029876
mincov = 52208905778.81485
maxcov = 5220890577881.485
