
[data]
trigger-time = 1001919531.5852114
injection-file = /work/shashwat.singh/Prospects-of-LGWs/unlens/injection.hdf

[global]
instruments = E1 E2 E3 C1 C2
mass1_ref = 30.000000007707182
mass2_ref = 30.000000008236196
minchirp = 26.11641690582348
maxchirp = 26.11661690582348
mincov = 118034503784.07317
maxcov = 11803450378407.316
