
[data]
trigger-time = 1687967563.2583065
injection-file = /work/shashwat.singh/Prospects-of-LGWs/unlens/injection.hdf

[global]
instruments = E1 E2 E3 C1 C2
mass1_ref = 30.000000002545864
mass2_ref = 30.00000000819967
minchirp = 26.116416903560992
maxchirp = 26.116616903560992
mincov = 110869391696.97502
maxcov = 11086939169697.502
