
[data]
trigger-time = 1574232408.9408886
injection-file = /work/shashwat.singh/Prospects-of-LGWs/unlens/injection.hdf

[global]
instruments = E1 E2 E3 C1 C2
mass1_ref = 30.000000009062113
mass2_ref = 30.000000006537533
minchirp = 26.116416905673866
maxchirp = 26.116616905673865
mincov = 12375785679.52281
maxcov = 1237578567952.281
