
[data]
trigger-time = 1151476369.393466
injection-file = /work/shashwat.singh/Prospects-of-LGWs/unlens/injection.hdf

[global]
instruments = E1 E2 E3 C1 C2
mass1_ref = 30.00000000534822
mass2_ref = 30.000000000429647
minchirp = 26.11641690139869
maxchirp = 26.11661690139869
mincov = 141023388618.13397
maxcov = 14102338861813.398
