
[data]
trigger-time = 1122270861.7173588
injection-file = /work/shashwat.singh/Prospects-of-LGWs/unlens/injection.hdf

[global]
instruments = E1 E2 E3 C1 C2
mass1_ref = 30.00000000797456
mass2_ref = 30.000000005059366
minchirp = 26.11641690455707
maxchirp = 26.11661690455707
mincov = 67757247913.94718
maxcov = 6775724791394.718
