
[data]
trigger-time = 1202826825.39813
injection-file = /work/shashwat.singh/Prospects-of-LGWs/unlens/injection.hdf

[global]
instruments = E1 E2 E3 C1 C2
mass1_ref = 30.000000009997862
mass2_ref = 30.000000009843955
minchirp = 26.116416907520378
maxchirp = 26.116616907520378
mincov = 150592997259.9585
maxcov = 15059299725995.85
