
[data]
trigger-time = 1712509504.6255817
injection-file = /work/shashwat.singh/Prospects-of-LGWs/unlens/injection.hdf

[global]
instruments = E1 E2 E3 C1 C2
mass1_ref = 30.000000003676977
mass2_ref = 30.00000000458607
minchirp = 26.116416902480427
maxchirp = 26.116616902480427
mincov = 35815656652.319824
maxcov = 3581565665231.9824
