
[data]
trigger-time = 1929090703.5261512
injection-file = /work/shashwat.singh/Prospects-of-LGWs/unlens/injection.hdf

[global]
instruments = E1 E2 E3 C1 C2
mass1_ref = 30.000000001736428
mass2_ref = 30.000000007398942
minchirp = 26.116416902860124
maxchirp = 26.116616902860123
mincov = 87194444867.1982
maxcov = 8719444486719.819
