
[data]
trigger-time = 1993994922.2589293
injection-file = /work/shashwat.singh/Prospects-of-LGWs/unlens/injection.hdf

[global]
instruments = E1 E2 E3 C1 C2
mass1_ref = 30.00000000771404
mass2_ref = 30.00000000208535
minchirp = 26.116416903149158
maxchirp = 26.116616903149158
mincov = 154571943911.30338
maxcov = 15457194391130.336
