
[data]
trigger-time = 1369909070.3448455
injection-file = /work/shashwat.singh/Prospects-of-LGWs/unlens/injection.hdf

[global]
instruments = E1 E2 E3 C1 C2
mass1_ref = 30.00000000954946
mass2_ref = 30.00000000322156
minchirp = 26.116416904442637
maxchirp = 26.116616904442637
mincov = 44620403238.23799
maxcov = 4462040323823.799
