
[data]
trigger-time = 1061442841.0749354
injection-file = /work/shashwat.singh/Prospects-of-LGWs/unlens/injection.hdf

[global]
instruments = E1 E2 E3 C1 C2
mass1_ref = 30.00000000810533
mass2_ref = 30.0000000022922
minchirp = 26.116416903409515
maxchirp = 26.116616903409515
mincov = 244989140.18524203
maxcov = 24498914018.524204
