
[data]
trigger-time = 1704831764.8835912
injection-file = /work/shashwat.singh/Prospects-of-LGWs/unlens/injection.hdf

[global]
instruments = E1 E2 E3 C1 C2
mass1_ref = 30.00000000051042
mass2_ref = 30.000000009522523
minchirp = 26.116416903250816
maxchirp = 26.116616903250815
mincov = 8024899664.419443
maxcov = 802489966441.9443
