
[data]
trigger-time = 1507958762.881168
injection-file = /work/shashwat.singh/Prospects-of-LGWs/unlens/injection.hdf

[global]
instruments = E1 E2 E3 C1 C2
mass1_ref = 30.000000002302325
mass2_ref = 30.000000002854435
minchirp = 26.116416901128336
maxchirp = 26.116616901128335
mincov = 53030883517.171036
maxcov = 5303088351717.104
