
[data]
trigger-time = 1655031771.5910277
injection-file = /work/shashwat.singh/Prospects-of-LGWs/unlens/injection.hdf

[global]
instruments = E1 E2 E3 C1 C2
mass1_ref = 30.000000001274444
mass2_ref = 30.00000000242439
minchirp = 26.116416900493732
maxchirp = 26.11661690049373
mincov = 170627961393.55792
maxcov = 17062796139355.791
