
[data]
trigger-time = 1854528589.140024
injection-file = /work/shashwat.singh/Prospects-of-LGWs/unlens/injection.hdf

[global]
instruments = E1 E2 E3 C1 C2
mass1_ref = 30.000000006443898
mass2_ref = 30.00000000075283
minchirp = 26.116416902016283
maxchirp = 26.116616902016283
mincov = 124077419916.82327
maxcov = 12407741991682.326
