
[data]
trigger-time = 1009325653.1981461
injection-file = /work/shashwat.singh/Prospects-of-LGWs/unlens/injection.hdf

[global]
instruments = E1 E2 E3 C1 C2
mass1_ref = 30.000000009577835
mass2_ref = 30.000000005482313
minchirp = 26.116416905439035
maxchirp = 26.116616905439034
mincov = 107792464696.77838
maxcov = 10779246469677.838
