
[data]
trigger-time = 1097666421.8118157
injection-file = /work/shashwat.singh/Prospects-of-LGWs/unlens/injection.hdf

[global]
instruments = E1 E2 E3 C1 C2
mass1_ref = 30.000000006769174
mass2_ref = 30.00000000514066
minchirp = 26.11641690406778
maxchirp = 26.11661690406778
mincov = 32488538511.149635
maxcov = 3248853851114.9634
