
[data]
trigger-time = 1181684335.7283823
injection-file = /work/shashwat.singh/Prospects-of-LGWs/unlens/injection.hdf

[global]
instruments = E1 E2 E3 C1 C2
mass1_ref = 30.000000007227275
mass2_ref = 30.00000000691011
minchirp = 26.11641690503738
maxchirp = 26.11661690503738
mincov = 123155682814.72575
maxcov = 12315568281472.576
