
[data]
trigger-time = 1088369718.8799
injection-file = /work/shashwat.singh/Prospects-of-LGWs/unlens/injection.hdf

[global]
instruments = E1 E2 E3 C1 C2
mass1_ref = 30.000000006110614
mass2_ref = 30.000000004541654
minchirp = 26.116416903520395
maxchirp = 26.116616903520395
mincov = 4474065905.849958
maxcov = 447406590584.99585
