
[data]
trigger-time = 1214770151.6664221
injection-file = /work/shashwat.singh/Prospects-of-LGWs/unlens/injection.hdf

[global]
instruments = E1 E2 E3 C1 C2
mass1_ref = 30.000000005956945
mass2_ref = 30.000000000581704
minchirp = 26.116416901729835
maxchirp = 26.116616901729834
mincov = 78020830228.14035
maxcov = 7802083022814.034
