
[data]
trigger-time = 1410847622.9231691
injection-file = /work/shashwat.singh/Prospects-of-LGWs/unlens/injection.hdf

[global]
instruments = E1 E2 E3 C1 C2
mass1_ref = 30.000000005885315
mass2_ref = 30.000000009597382
minchirp = 26.11641690562296
maxchirp = 26.11661690562296
mincov = 52752010013.15533
maxcov = 5275201001315.533
