
[data]
trigger-time = 1903989974.7206383
injection-file = /work/shashwat.singh/Prospects-of-LGWs/unlens/injection.hdf

[global]
instruments = E1 E2 E3 C1 C2
mass1_ref = 30.000000006865015
mass2_ref = 30.000000008262752
minchirp = 26.116416905468466
maxchirp = 26.116616905468465
mincov = 175397962120.07626
maxcov = 17539796212007.627
