
[data]
trigger-time = 1505838407.145717
injection-file = /work/shashwat.singh/Prospects-of-LGWs/unlens/injection.hdf

[global]
instruments = E1 E2 E3 C1 C2
mass1_ref = 30.000000007268007
mass2_ref = 30.000000008251995
minchirp = 26.1164169056392
maxchirp = 26.116616905639198
mincov = 116482687996.85062
maxcov = 11648268799685.06
