
[data]
trigger-time = 1814858143.237455
injection-file = /work/shashwat.singh/Prospects-of-LGWs/unlens/injection.hdf

[global]
instruments = E1 E2 E3 C1 C2
mass1_ref = 30.000000006492602
mass2_ref = 30.000000005677464
minchirp = 26.116416904181055
maxchirp = 26.116616904181054
mincov = 105744642403.47466
maxcov = 10574464240347.465
