
[data]
trigger-time = 1388975130.338842
injection-file = /work/shashwat.singh/Prospects-of-LGWs/unlens/injection.hdf

[global]
instruments = E1 E2 E3 C1 C2
mass1_ref = 30.000000003026486
mass2_ref = 30.000000003992028
minchirp = 26.11641690193871
maxchirp = 26.11661690193871
mincov = 58596273309.62097
maxcov = 5859627330962.098
