
[data]
trigger-time = 1052090676.9610258
injection-file = /work/shashwat.singh/Prospects-of-LGWs/unlens/injection.hdf

[global]
instruments = E1 E2 E3 C1 C2
mass1_ref = 30.00000000235998
mass2_ref = 30.00000000570821
minchirp = 26.11641690239561
maxchirp = 26.11661690239561
mincov = 13635456294.949677
maxcov = 1363545629494.9678
