
[data]
trigger-time = 1405761684.9000504
injection-file = /work/shashwat.singh/Prospects-of-LGWs/unlens/injection.hdf

[global]
instruments = E1 E2 E3 C1 C2
mass1_ref = 30.000000003199574
mass2_ref = 30.00000000846524
minchirp = 26.116416903961127
maxchirp = 26.116616903961127
mincov = 161332209365.66092
maxcov = 16133220936566.092
