
[data]
trigger-time = 1822565618.330687
injection-file = /work/shashwat.singh/Prospects-of-LGWs/unlens/injection.hdf

[global]
instruments = E1 E2 E3 C1 C2
mass1_ref = 30.000000009012027
mass2_ref = 30.00000000988885
minchirp = 26.116416907110807
maxchirp = 26.116616907110807
mincov = 93362112876.48596
maxcov = 9336211287648.596
