
[data]
trigger-time = 1958296001.8317764
injection-file = /work/shashwat.singh/Prospects-of-LGWs/unlens/injection.hdf

[global]
instruments = E1 E2 E3 C1 C2
mass1_ref = 30.000000007520544
mass2_ref = 30.00000000150304
minchirp = 26.116416902811466
maxchirp = 26.116616902811465
mincov = 170207164098.11432
maxcov = 17020716409811.43
