
[data]
trigger-time = 1705378877.1228414
injection-file = /work/shashwat.singh/Prospects-of-LGWs/unlens/injection.hdf

[global]
instruments = E1 E2 E3 C1 C2
mass1_ref = 30.000000009550792
mass2_ref = 30.00000000192318
minchirp = 26.11641690387806
maxchirp = 26.11661690387806
mincov = 64681710259.50608
maxcov = 6468171025950.607
