
[data]
trigger-time = 1347176608.2720544
injection-file = /work/shashwat.singh/Prospects-of-LGWs/unlens/injection.hdf

[global]
instruments = E1 E2 E3 C1 C2
mass1_ref = 30.000000007285124
mass2_ref = 30.0000000094956
minchirp = 26.116416906187958
maxchirp = 26.116616906187957
mincov = 10065673640.645645
maxcov = 1006567364064.5645
