
[data]
trigger-time = 1304712954.5052032
injection-file = /work/shashwat.singh/Prospects-of-LGWs/unlens/injection.hdf

[global]
instruments = E1 E2 E3 C1 C2
mass1_ref = 30.00000000054674
mass2_ref = 30.00000000894372
minchirp = 26.116416903014688
maxchirp = 26.116616903014688
mincov = 143176447809.66818
maxcov = 14317644780966.818
