
[data]
trigger-time = 1086621977.7435226
injection-file = /work/shashwat.singh/Prospects-of-LGWs/unlens/injection.hdf

[global]
instruments = E1 E2 E3 C1 C2
mass1_ref = 30.00000000469753
mass2_ref = 30.00000000603112
minchirp = 26.116416903553638
maxchirp = 26.116616903553638
mincov = 79166027778.95894
maxcov = 7916602777895.894
