
[data]
trigger-time = 1577139053.8898344
injection-file = /work/shashwat.singh/Prospects-of-LGWs/unlens/injection.hdf

[global]
instruments = E1 E2 E3 C1 C2
mass1_ref = 30.00000000669093
mass2_ref = 30.000000003710657
minchirp = 26.116416903411277
maxchirp = 26.116616903411277
mincov = 3741039224.50331
maxcov = 374103922450.33105
