
[data]
trigger-time = 1556888305.8441005
injection-file = /work/shashwat.singh/Prospects-of-LGWs/unlens/injection.hdf

[global]
instruments = E1 E2 E3 C1 C2
mass1_ref = 30.000000008338112
mass2_ref = 30.000000002816993
minchirp = 26.116416903739267
maxchirp = 26.116616903739267
mincov = 162886259113.00827
maxcov = 16288625911300.828
