
[data]
trigger-time = 1508901129.9438405
injection-file = /work/shashwat.singh/Prospects-of-LGWs/unlens/injection.hdf

[global]
instruments = E1 E2 E3 C1 C2
mass1_ref = 30.00000000831916
mass2_ref = 30.000000008448186
minchirp = 26.116416906182135
maxchirp = 26.116616906182134
mincov = 100723559934.92162
maxcov = 10072355993492.162
