
[data]
trigger-time = 1808110575.234253
injection-file = /work/shashwat.singh/Prospects-of-LGWs/unlens/injection.hdf

[global]
instruments = E1 E2 E3 C1 C2
mass1_ref = 30.00000000570292
mass2_ref = 30.000000007363266
minchirp = 26.11641690457111
maxchirp = 26.11661690457111
mincov = 4083369281.919674
maxcov = 408336928191.9674
