
[data]
trigger-time = 1792565681.7849553
injection-file = /work/shashwat.singh/Prospects-of-LGWs/unlens/injection.hdf

[global]
instruments = E1 E2 E3 C1 C2
mass1_ref = 30.000000003541118
mass2_ref = 30.000000003551175
minchirp = 26.116416901970826
maxchirp = 26.116616901970826
mincov = 121255724880.25232
maxcov = 12125572488025.232
