
[data]
trigger-time = 1822547493.381631
injection-file = /work/shashwat.singh/Prospects-of-LGWs/unlens/injection.hdf

[global]
instruments = E1 E2 E3 C1 C2
mass1_ref = 30.000000009192295
mass2_ref = 30.00000000563715
minchirp = 26.116416905338614
maxchirp = 26.116616905338613
mincov = 158313455682.7079
maxcov = 15831345568270.79
