
[data]
trigger-time = 1875479238.1092057
injection-file = /work/shashwat.singh/Prospects-of-LGWs/unlens/injection.hdf

[global]
instruments = E1 E2 E3 C1 C2
mass1_ref = 30.000000001053728
mass2_ref = 30.000000007258084
minchirp = 26.11641690250165
maxchirp = 26.11661690250165
mincov = 11511719800.980352
maxcov = 1151171980098.0352
