
[data]
trigger-time = 1705549551.8418877
injection-file = /work/shashwat.singh/Prospects-of-LGWs/unlens/injection.hdf

[global]
instruments = E1 E2 E3 C1 C2
mass1_ref = 30.000000002329053
mass2_ref = 30.000000005295103
minchirp = 26.116416902202328
maxchirp = 26.116616902202328
mincov = 157081428215.47525
maxcov = 15708142821547.523
