
[data]
trigger-time = 1474219597.6660886
injection-file = /work/shashwat.singh/Prospects-of-LGWs/unlens/injection.hdf

[global]
instruments = E1 E2 E3 C1 C2
mass1_ref = 30.000000006843635
mass2_ref = 30.000000007877812
minchirp = 26.116416905291608
maxchirp = 26.116616905291608
mincov = 51427723496.104706
maxcov = 5142772349610.471
