
[data]
trigger-time = 1445689984.0211303
injection-file = /work/shashwat.singh/Prospects-of-LGWs/unlens/injection.hdf

[global]
instruments = E1 E2 E3 C1 C2
mass1_ref = 30.000000000506482
mass2_ref = 30.00000000197107
minchirp = 26.11641689996214
maxchirp = 26.11661689996214
mincov = 121741568495.08476
maxcov = 12174156849508.477
