
[data]
trigger-time = 1990018253.8331976
injection-file = /work/shashwat.singh/Prospects-of-LGWs/unlens/injection.hdf

[global]
instruments = E1 E2 E3 C1 C2
mass1_ref = 30.000000003309566
mass2_ref = 30.00000000891911
minchirp = 26.116416904206563
maxchirp = 26.116616904206563
mincov = 123725044151.68063
maxcov = 12372504415168.064
