
[data]
trigger-time = 1159794021.5385022
injection-file = /work/shashwat.singh/Prospects-of-LGWs/unlens/injection.hdf

[global]
instruments = E1 E2 E3 C1 C2
mass1_ref = 30.00000000518351
mass2_ref = 30.000000007467737
minchirp = 26.1164169043905
maxchirp = 26.1166169043905
mincov = 50016230904.29438
maxcov = 5001623090429.4375
