
[data]
trigger-time = 1367291679.843216
injection-file = /work/shashwat.singh/Prospects-of-LGWs/unlens/injection.hdf

[global]
instruments = E1 E2 E3 C1 C2
mass1_ref = 30.000000003280505
mass2_ref = 30.00000000943834
minchirp = 26.116416904419925
maxchirp = 26.116616904419924
mincov = 199699523.63074768
maxcov = 19969952363.074768
