
[data]
trigger-time = 1304425428.0146239
injection-file = /work/shashwat.singh/Prospects-of-LGWs/unlens/injection.hdf

[global]
instruments = E1 E2 E3 C1 C2
mass1_ref = 30.000000002563684
mass2_ref = 30.000000006755634
minchirp = 26.116416902940195
maxchirp = 26.116616902940194
mincov = 67565097077.236244
maxcov = 6756509707723.624
