
[data]
trigger-time = 1249874028.2677767
injection-file = /work/shashwat.singh/Prospects-of-LGWs/unlens/injection.hdf

[global]
instruments = E1 E2 E3 C1 C2
mass1_ref = 30.000000002731124
mass2_ref = 30.000000003141988
minchirp = 26.116416901440143
maxchirp = 26.116616901440143
mincov = 626137685.8140535
maxcov = 62613768581.40535
