
[data]
trigger-time = 1909817845.7530565
injection-file = /work/shashwat.singh/Prospects-of-LGWs/unlens/injection.hdf

[global]
instruments = E1 E2 E3 C1 C2
mass1_ref = 30.000000009376468
mass2_ref = 30.00000000493169
minchirp = 26.11641690511171
maxchirp = 26.11661690511171
mincov = 163400785343.1997
maxcov = 16340078534319.97
