
[data]
trigger-time = 1361055236.083599
injection-file = /work/shashwat.singh/Prospects-of-LGWs/unlens/injection.hdf

[global]
instruments = E1 E2 E3 C1 C2
mass1_ref = 30.00000000241345
mass2_ref = 30.000000003961553
minchirp = 26.116416901658607
maxchirp = 26.116616901658606
mincov = 89204003283.53069
maxcov = 8920400328353.068
