
[data]
trigger-time = 1127142951.32607
injection-file = /work/shashwat.singh/Prospects-of-LGWs/unlens/injection.hdf

[global]
instruments = E1 E2 E3 C1 C2
mass1_ref = 30.000000006666415
mass2_ref = 30.000000004859253
minchirp = 26.116416903900564
maxchirp = 26.116616903900564
mincov = 124088616080.97623
maxcov = 12408861608097.621
