
[data]
trigger-time = 1348031480.3570917
injection-file = /work/shashwat.singh/Prospects-of-LGWs/unlens/injection.hdf

[global]
instruments = E1 E2 E3 C1 C2
mass1_ref = 30.00000000704922
mass2_ref = 30.000000009144983
minchirp = 26.116416905932663
maxchirp = 26.116616905932663
mincov = 4252034546.1023226
maxcov = 425203454610.23224
