
[data]
trigger-time = 1237938795.1664913
injection-file = /work/shashwat.singh/Prospects-of-LGWs/unlens/injection.hdf

[global]
instruments = E1 E2 E3 C1 C2
mass1_ref = 30.000000007336283
mass2_ref = 30.000000001377497
minchirp = 26.11641690267662
maxchirp = 26.11661690267662
mincov = 137685453640.43744
maxcov = 13768545364043.746
