
[data]
trigger-time = 1099185648.7711248
injection-file = /work/shashwat.singh/Prospects-of-LGWs/unlens/injection.hdf

[global]
instruments = E1 E2 E3 C1 C2
mass1_ref = 30.00000000935422
mass2_ref = 30.000000003644704
minchirp = 26.116416904541836
maxchirp = 26.116616904541836
mincov = 24023811436.060467
maxcov = 2402381143606.047
