
[data]
trigger-time = 1881303382.6250072
injection-file = /work/shashwat.singh/Prospects-of-LGWs/unlens/injection.hdf

[global]
instruments = E1 E2 E3 C1 C2
mass1_ref = 30.00000000744724
mass2_ref = 30.000000000764615
minchirp = 26.11641690245814
maxchirp = 26.11661690245814
mincov = 33214210184.677437
maxcov = 3321421018467.7437
