
[data]
trigger-time = 1228906642.6946113
injection-file = /work/shashwat.singh/Prospects-of-LGWs/unlens/injection.hdf

[global]
instruments = E1 E2 E3 C1 C2
mass1_ref = 30.000000005332982
mass2_ref = 30.00000000926119
minchirp = 26.116416905236207
maxchirp = 26.116616905236206
mincov = 73650398134.25139
maxcov = 7365039813425.139
