
[data]
trigger-time = 1305772800.6765485
injection-file = /work/shashwat.singh/Prospects-of-LGWs/unlens/injection.hdf

[global]
instruments = E1 E2 E3 C1 C2
mass1_ref = 30.000000004420325
mass2_ref = 30.00000000962034
minchirp = 26.11641690499528
maxchirp = 26.11661690499528
mincov = 71059587056.91739
maxcov = 7105958705691.739
