
[data]
trigger-time = 1583091173.1262815
injection-file = /work/shashwat.singh/Prospects-of-LGWs/unlens/injection.hdf

[global]
instruments = E1 E2 E3 C1 C2
mass1_ref = 30.000000001002736
mass2_ref = 30.00000000605046
minchirp = 26.116416901953805
maxchirp = 26.116616901953805
mincov = 1032910562.9978241
maxcov = 103291056299.78241
