
[data]
trigger-time = 1763614285.2867303
injection-file = /work/shashwat.singh/Prospects-of-LGWs/unlens/injection.hdf

[global]
instruments = E1 E2 E3 C1 C2
mass1_ref = 30.000000002937643
mass2_ref = 30.000000008367884
minchirp = 26.11641690380474
maxchirp = 26.11661690380474
mincov = 103373562869.17014
maxcov = 10337356286917.014
