
[data]
trigger-time = 1941579738.8809319
injection-file = /work/shashwat.singh/Prospects-of-LGWs/unlens/injection.hdf

[global]
instruments = E1 E2 E3 C1 C2
mass1_ref = 30.000000003451
mass2_ref = 30.00000000685455
minchirp = 26.116416903369476
maxchirp = 26.116616903369476
mincov = 31739894562.84496
maxcov = 3173989456284.496
