
[data]
trigger-time = 1481561253.3657753
injection-file = /work/shashwat.singh/Prospects-of-LGWs/unlens/injection.hdf

[global]
instruments = E1 E2 E3 C1 C2
mass1_ref = 30.000000008389197
mass2_ref = 30.000000004463296
minchirp = 26.116416904478097
maxchirp = 26.116616904478096
mincov = 63606841343.334755
maxcov = 6360684134333.476
