
[data]
trigger-time = 1288105508.4315245
injection-file = /work/shashwat.singh/Prospects-of-LGWs/unlens/injection.hdf

[global]
instruments = E1 E2 E3 C1 C2
mass1_ref = 30.000000003087294
mass2_ref = 30.00000000911887
minchirp = 26.116416904196765
maxchirp = 26.116616904196764
mincov = 26632459774.219776
maxcov = 2663245977421.9775
