
[data]
trigger-time = 1622329065.53419
injection-file = /work/shashwat.singh/Prospects-of-LGWs/unlens/injection.hdf

[global]
instruments = E1 E2 E3 C1 C2
mass1_ref = 30.000000009712913
mass2_ref = 30.000000007062635
minchirp = 26.116416906185705
maxchirp = 26.116616906185705
mincov = 64203802778.11725
maxcov = 6420380277811.725
