
[data]
trigger-time = 1808794856.2774653
injection-file = /work/shashwat.singh/Prospects-of-LGWs/unlens/injection.hdf

[global]
instruments = E1 E2 E3 C1 C2
mass1_ref = 30.000000009524932
mass2_ref = 30.000000005699047
minchirp = 26.11641690551035
maxchirp = 26.116616905510348
mincov = 624324462.3977134
maxcov = 62432446239.77135
