
[data]
trigger-time = 1361448232.590069
injection-file = /work/shashwat.singh/Prospects-of-LGWs/unlens/injection.hdf

[global]
instruments = E1 E2 E3 C1 C2
mass1_ref = 30.000000007888044
mass2_ref = 30.000000004982613
minchirp = 26.116416904486
maxchirp = 26.116616904486
mincov = 175346993507.54385
maxcov = 17534699350754.385
