
[data]
trigger-time = 1519045183.7222555
injection-file = /work/shashwat.singh/Prospects-of-LGWs/unlens/injection.hdf

[global]
instruments = E1 E2 E3 C1 C2
mass1_ref = 30.000000001323535
mass2_ref = 30.00000000990482
minchirp = 26.11641690377115
maxchirp = 26.11661690377115
mincov = 146511234306.02542
maxcov = 14651123430602.541
