
[data]
trigger-time = 1408579347.5259273
injection-file = /work/shashwat.singh/Prospects-of-LGWs/unlens/injection.hdf

[global]
instruments = E1 E2 E3 C1 C2
mass1_ref = 30.000000002949403
mass2_ref = 30.000000003861796
minchirp = 26.11641690184847
maxchirp = 26.11661690184847
mincov = 12542302820.43468
maxcov = 1254230282043.4683
