
[data]
trigger-time = 1832904904.36021
injection-file = /work/shashwat.singh/Prospects-of-LGWs/unlens/injection.hdf

[global]
instruments = E1 E2 E3 C1 C2
mass1_ref = 30.000000004462883
mass2_ref = 30.000000005643013
minchirp = 26.116416903282573
maxchirp = 26.116616903282573
mincov = 125827973382.33781
maxcov = 12582797338233.781
