
[data]
trigger-time = 1550943093.6743507
injection-file = /work/shashwat.singh/Prospects-of-LGWs/unlens/injection.hdf

[global]
instruments = E1 E2 E3 C1 C2
mass1_ref = 30.00000000158899
mass2_ref = 30.00000000002114
minchirp = 26.116416899584575
maxchirp = 26.116616899584574
mincov = 170242306513.30756
maxcov = 17024230651330.754
