
[data]
trigger-time = 1056436289.7230836
injection-file = /work/shashwat.singh/Prospects-of-LGWs/unlens/injection.hdf

[global]
instruments = E1 E2 E3 C1 C2
mass1_ref = 30.000000004938105
mass2_ref = 30.000000009167753
minchirp = 26.116416905023655
maxchirp = 26.116616905023655
mincov = 173968169803.4273
maxcov = 17396816980342.732
