
[data]
trigger-time = 1793916414.8076317
injection-file = /work/shashwat.singh/Prospects-of-LGWs/unlens/injection.hdf

[global]
instruments = E1 E2 E3 C1 C2
mass1_ref = 30.000000005090968
mass2_ref = 30.00000000317742
minchirp = 26.116416902482747
maxchirp = 26.116616902482747
mincov = 88605200267.78677
maxcov = 8860520026778.678
