
[data]
trigger-time = 1618450783.2170434
injection-file = /work/shashwat.singh/Prospects-of-LGWs/unlens/injection.hdf

[global]
instruments = E1 E2 E3 C1 C2
mass1_ref = 30.000000008389378
mass2_ref = 30.0000000020708
minchirp = 26.11641690343678
maxchirp = 26.11661690343678
mincov = 37412723611.58687
maxcov = 3741272361158.6865
