
[data]
trigger-time = 1879234103.6749701
injection-file = /work/shashwat.singh/Prospects-of-LGWs/unlens/injection.hdf

[global]
instruments = E1 E2 E3 C1 C2
mass1_ref = 30.00000000309297
mass2_ref = 30.000000005851756
minchirp = 26.116416902777143
maxchirp = 26.116616902777142
mincov = 123648870217.82834
maxcov = 12364887021782.834
