
[data]
trigger-time = 1052568010.6232086
injection-file = /work/shashwat.singh/Prospects-of-LGWs/unlens/injection.hdf

[global]
instruments = E1 E2 E3 C1 C2
mass1_ref = 30.000000003216655
mass2_ref = 30.000000008804257
minchirp = 26.11641690411613
maxchirp = 26.11661690411613
mincov = 93930916354.90811
maxcov = 9393091635490.81
