
[data]
trigger-time = 1438568845.2204652
injection-file = /work/shashwat.singh/Prospects-of-LGWs/unlens/injection.hdf

[global]
instruments = E1 E2 E3 C1 C2
mass1_ref = 30.00000000604577
mass2_ref = 30.000000009558242
minchirp = 26.116416905675766
maxchirp = 26.116616905675766
mincov = 30898941305.27538
maxcov = 3089894130527.538
