
[data]
trigger-time = 1537053141.434688
injection-file = /work/shashwat.singh/Prospects-of-LGWs/unlens/injection.hdf

[global]
instruments = E1 E2 E3 C1 C2
mass1_ref = 30.000000000604427
mass2_ref = 30.00000000973221
minchirp = 26.11641690338301
maxchirp = 26.116616903383008
mincov = 106253097394.81284
maxcov = 10625309739481.285
