
[data]
trigger-time = 1537663549.5717955
injection-file = /work/shashwat.singh/Prospects-of-LGWs/unlens/injection.hdf

[global]
instruments = E1 E2 E3 C1 C2
mass1_ref = 30.00000000775435
mass2_ref = 30.00000000252152
minchirp = 26.116416903356555
maxchirp = 26.116616903356555
mincov = 75884433060.56598
maxcov = 7588443306056.598
