
[data]
trigger-time = 1355370098.6337385
injection-file = /work/shashwat.singh/Prospects-of-LGWs/unlens/injection.hdf

[global]
instruments = E1 E2 E3 C1 C2
mass1_ref = 30.000000000281045
mass2_ref = 30.000000006683425
minchirp = 26.116416901915187
maxchirp = 26.116616901915187
mincov = 114633929782.64568
maxcov = 11463392978264.568
