
[data]
trigger-time = 1578392300.3469903
injection-file = /work/shashwat.singh/Prospects-of-LGWs/unlens/injection.hdf

[global]
instruments = E1 E2 E3 C1 C2
mass1_ref = 30.000000009277844
mass2_ref = 30.000000005309012
minchirp = 26.116416905233024
maxchirp = 26.116616905233023
mincov = 45014029584.68168
maxcov = 4501402958468.168
