
[data]
trigger-time = 1840177701.727964
injection-file = /work/shashwat.singh/Prospects-of-LGWs/unlens/injection.hdf

[global]
instruments = E1 E2 E3 C1 C2
mass1_ref = 30.00000000819083
mass2_ref = 30.00000000922193
minchirp = 26.11641690646307
maxchirp = 26.11661690646307
mincov = 52935176328.65427
maxcov = 5293517632865.427
