
[data]
trigger-time = 1185072011.0977376
injection-file = /work/shashwat.singh/Prospects-of-LGWs/unlens/injection.hdf

[global]
instruments = E1 E2 E3 C1 C2
mass1_ref = 30.000000007569845
mass2_ref = 30.00000000725504
minchirp = 26.116416905336628
maxchirp = 26.116616905336627
mincov = 37366303865.16123
maxcov = 3736630386516.123
