
[data]
trigger-time = 1455747561.631963
injection-file = /work/shashwat.singh/Prospects-of-LGWs/unlens/injection.hdf

[global]
instruments = E1 E2 E3 C1 C2
mass1_ref = 30.00000000308818
mass2_ref = 30.0000000073964
minchirp = 26.116416903447405
maxchirp = 26.116616903447404
mincov = 38873311110.705185
maxcov = 3887331111070.5186
