
[data]
trigger-time = 1625969131.3641114
injection-file = /work/shashwat.singh/Prospects-of-LGWs/unlens/injection.hdf

[global]
instruments = E1 E2 E3 C1 C2
mass1_ref = 30.000000002272508
mass2_ref = 30.000000004434767
minchirp = 26.116416901803234
maxchirp = 26.116616901803233
mincov = 39044367983.40875
maxcov = 3904436798340.875
