
[data]
trigger-time = 1247720875.1433098
injection-file = /work/shashwat.singh/Prospects-of-LGWs/unlens/injection.hdf

[global]
instruments = E1 E2 E3 C1 C2
mass1_ref = 30.000000003069733
mass2_ref = 30.00000000785551
minchirp = 26.116416903639212
maxchirp = 26.116616903639212
mincov = 139244473596.24753
maxcov = 13924447359624.754
