
[data]
trigger-time = 1286943161.1736512
injection-file = /work/shashwat.singh/Prospects-of-LGWs/unlens/injection.hdf

[global]
instruments = E1 E2 E3 C1 C2
mass1_ref = 30.00000000975176
mass2_ref = 30.000000004215018
minchirp = 26.116416904963117
maxchirp = 26.116616904963116
mincov = 119080735732.27226
maxcov = 11908073573227.227
