
[data]
trigger-time = 1189866708.4074585
injection-file = /work/shashwat.singh/Prospects-of-LGWs/unlens/injection.hdf

[global]
instruments = E1 E2 E3 C1 C2
mass1_ref = 30.00000000344105
mass2_ref = 30.00000000515418
minchirp = 26.116416902625016
maxchirp = 26.116616902625015
mincov = 172962903729.9449
maxcov = 17296290372994.488
