
[data]
trigger-time = 1252313281.9489722
injection-file = /work/shashwat.singh/Prospects-of-LGWs/unlens/injection.hdf

[global]
instruments = E1 E2 E3 C1 C2
mass1_ref = 30.000000006100663
mass2_ref = 30.000000003776865
minchirp = 26.11641690318317
maxchirp = 26.116616903183168
mincov = 144437535916.0604
maxcov = 14443753591606.04
