
[data]
trigger-time = 1366635388.5259364
injection-file = /work/shashwat.singh/Prospects-of-LGWs/unlens/injection.hdf

[global]
instruments = E1 E2 E3 C1 C2
mass1_ref = 30.000000007342692
mass2_ref = 30.00000000971676
minchirp = 26.116416906309283
maxchirp = 26.116616906309282
mincov = 4760949074.657555
maxcov = 476094907465.7555
