
[data]
trigger-time = 1832981921.7232356
injection-file = /work/shashwat.singh/Prospects-of-LGWs/unlens/injection.hdf

[global]
instruments = E1 E2 E3 C1 C2
mass1_ref = 30.000000006354863
mass2_ref = 30.000000006217928
minchirp = 26.11641690435635
maxchirp = 26.11661690435635
mincov = 54929624997.940994
maxcov = 5492962499794.1
