
[data]
trigger-time = 1651205996.8817313
injection-file = /work/shashwat.singh/Prospects-of-LGWs/unlens/injection.hdf

[global]
instruments = E1 E2 E3 C1 C2
mass1_ref = 30.000000004095828
mass2_ref = 30.000000009944173
minchirp = 26.116416904994992
maxchirp = 26.11661690499499
mincov = 80845256692.89656
maxcov = 8084525669289.656
