
[data]
trigger-time = 1419188470.8944104
injection-file = /work/shashwat.singh/Prospects-of-LGWs/unlens/injection.hdf

[global]
instruments = E1 E2 E3 C1 C2
mass1_ref = 30.000000002506106
mass2_ref = 30.000000002778044
minchirp = 26.116416901183783
maxchirp = 26.116616901183782
mincov = 170448474647.12503
maxcov = 17044847464712.502
