
[data]
trigger-time = 1650363371.3622193
injection-file = /work/shashwat.singh/Prospects-of-LGWs/unlens/injection.hdf

[global]
instruments = E1 E2 E3 C1 C2
mass1_ref = 30.000000000383608
mass2_ref = 30.00000000866891
minchirp = 26.11641690282406
maxchirp = 26.11661690282406
mincov = 167431624228.55466
maxcov = 16743162422855.467
