
[data]
trigger-time = 1583502173.565511
injection-file = /work/shashwat.singh/Prospects-of-LGWs/unlens/injection.hdf

[global]
instruments = E1 E2 E3 C1 C2
mass1_ref = 30.000000006685628
mass2_ref = 30.000000005739377
minchirp = 26.11641690429202
maxchirp = 26.11661690429202
mincov = 49210909306.48359
maxcov = 4921090930648.358
