
[data]
trigger-time = 1392652637.4541993
injection-file = /work/shashwat.singh/Prospects-of-LGWs/unlens/injection.hdf

[global]
instruments = E1 E2 E3 C1 C2
mass1_ref = 30.00000000127816
mass2_ref = 30.000000002615327
minchirp = 26.116416900578464
maxchirp = 26.116616900578464
mincov = 175609778930.49747
maxcov = 17560977893049.746
