
[data]
trigger-time = 1706700233.0916388
injection-file = /work/shashwat.singh/Prospects-of-LGWs/unlens/injection.hdf

[global]
instruments = E1 E2 E3 C1 C2
mass1_ref = 30.000000004075233
mass2_ref = 30.000000000123208
minchirp = 26.1164169007112
maxchirp = 26.1166169007112
mincov = 4249649729.316606
maxcov = 424964972931.66064
