
[data]
trigger-time = 1146663598.0745053
injection-file = /work/shashwat.singh/Prospects-of-LGWs/unlens/injection.hdf

[global]
instruments = E1 E2 E3 C1 C2
mass1_ref = 30.00000000192649
mass2_ref = 30.00000000717781
minchirp = 26.1164169028466
maxchirp = 26.116616902846598
mincov = 157096695696.62784
maxcov = 15709669569662.783
