
[data]
trigger-time = 1837102998.4394665
injection-file = /work/shashwat.singh/Prospects-of-LGWs/unlens/injection.hdf

[global]
instruments = E1 E2 E3 C1 C2
mass1_ref = 30.000000002176897
mass2_ref = 30.000000004277577
minchirp = 26.1164169016932
maxchirp = 26.1166169016932
mincov = 106125081209.1453
maxcov = 10612508120914.53
