
[data]
trigger-time = 1336755428.4007964
injection-file = /work/shashwat.singh/Prospects-of-LGWs/unlens/injection.hdf

[global]
instruments = E1 E2 E3 C1 C2
mass1_ref = 30.00000000313317
mass2_ref = 30.000000008482424
minchirp = 26.116416903939708
maxchirp = 26.116616903939708
mincov = 11752067234.30601
maxcov = 1175206723430.6008
