
[data]
trigger-time = 1064904707.8130355
injection-file = /work/shashwat.singh/Prospects-of-LGWs/unlens/injection.hdf

[global]
instruments = E1 E2 E3 C1 C2
mass1_ref = 30.00000000446926
mass2_ref = 30.000000009412826
minchirp = 26.116416904926254
maxchirp = 26.116616904926254
mincov = 99570455811.73407
maxcov = 9957045581173.406
