
[data]
trigger-time = 1684725516.6150236
injection-file = /work/shashwat.singh/Prospects-of-LGWs/unlens/injection.hdf

[global]
instruments = E1 E2 E3 C1 C2
mass1_ref = 30.00000000108482
mass2_ref = 30.000000007601823
minchirp = 26.116416902664806
maxchirp = 26.116616902664806
mincov = 25574886094.238163
maxcov = 2557488609423.8164
