
[data]
trigger-time = 1610966682.49963
injection-file = /work/shashwat.singh/Prospects-of-LGWs/unlens/injection.hdf

[global]
instruments = E1 E2 E3 C1 C2
mass1_ref = 30.000000007545616
mass2_ref = 30.000000008702408
minchirp = 26.116416905956086
maxchirp = 26.116616905956086
mincov = 100848224199.78299
maxcov = 10084822419978.299
