
[data]
trigger-time = 1172545476.2733786
injection-file = /work/shashwat.singh/Prospects-of-LGWs/unlens/injection.hdf

[global]
instruments = E1 E2 E3 C1 C2
mass1_ref = 30.00000000118844
mass2_ref = 30.00000000449136
minchirp = 26.116416901356
maxchirp = 26.116616901356
mincov = 175691255886.7041
maxcov = 17569125588670.41
