
[data]
trigger-time = 1053065828.8822098
injection-file = /work/shashwat.singh/Prospects-of-LGWs/unlens/injection.hdf

[global]
instruments = E1 E2 E3 C1 C2
mass1_ref = 30.000000004563052
mass2_ref = 30.00000000707456
minchirp = 26.11641690394929
maxchirp = 26.11661690394929
mincov = 144211608729.87225
maxcov = 14421160872987.227
