
[data]
trigger-time = 1582818887.692195
injection-file = /work/shashwat.singh/Prospects-of-LGWs/unlens/injection.hdf

[global]
instruments = E1 E2 E3 C1 C2
mass1_ref = 30.000000002688676
mass2_ref = 30.00000000297413
minchirp = 26.116416901348604
maxchirp = 26.116616901348603
mincov = 44388955599.89766
maxcov = 4438895559989.766
