
[data]
trigger-time = 1364078734.3214157
injection-file = /work/shashwat.singh/Prospects-of-LGWs/unlens/injection.hdf

[global]
instruments = E1 E2 E3 C1 C2
mass1_ref = 30.000000007550728
mass2_ref = 30.000000006739704
minchirp = 26.116416905103996
maxchirp = 26.116616905103996
mincov = 89181804912.60208
maxcov = 8918180491260.207
