
[data]
trigger-time = 1141918101.599612
injection-file = /work/shashwat.singh/Prospects-of-LGWs/unlens/injection.hdf

[global]
instruments = E1 E2 E3 C1 C2
mass1_ref = 30.000000002733902
mass2_ref = 30.00000000856843
minchirp = 26.11641690380335
maxchirp = 26.11661690380335
mincov = 135829258596.83244
maxcov = 13582925859683.244
