
[data]
trigger-time = 1080253473.7158167
injection-file = /work/shashwat.singh/Prospects-of-LGWs/unlens/injection.hdf

[global]
instruments = E1 E2 E3 C1 C2
mass1_ref = 30.00000000531516
mass2_ref = 30.000000002613188
minchirp = 26.116416902334738
maxchirp = 26.116616902334737
mincov = 1342388448.2698576
maxcov = 134238844826.98576
