
[data]
trigger-time = 1535269745.8978696
injection-file = /work/shashwat.singh/Prospects-of-LGWs/unlens/injection.hdf

[global]
instruments = E1 E2 E3 C1 C2
mass1_ref = 30.000000007113794
mass2_ref = 30.00000000176154
minchirp = 26.116416902746938
maxchirp = 26.116616902746937
mincov = 141690836609.20792
maxcov = 14169083660920.791
