
[data]
trigger-time = 1312819064.3482254
injection-file = /work/shashwat.singh/Prospects-of-LGWs/unlens/injection.hdf

[global]
instruments = E1 E2 E3 C1 C2
mass1_ref = 30.000000000791314
mass2_ref = 30.000000008211234
minchirp = 26.11641690280231
maxchirp = 26.11661690280231
mincov = 79245705199.29605
maxcov = 7924570519929.6045
