
[data]
trigger-time = 1136747623.4078114
injection-file = /work/shashwat.singh/Prospects-of-LGWs/unlens/injection.hdf

[global]
instruments = E1 E2 E3 C1 C2
mass1_ref = 30.00000000053141
mass2_ref = 30.000000007931597
minchirp = 26.116416902567465
maxchirp = 26.116616902567465
mincov = 139616954354.45197
maxcov = 13961695435445.195
