
[data]
trigger-time = 1345625736.141851
injection-file = /work/shashwat.singh/Prospects-of-LGWs/unlens/injection.hdf

[global]
instruments = E1 E2 E3 C1 C2
mass1_ref = 30.000000005947054
mass2_ref = 30.00000000885974
minchirp = 26.116416905328755
maxchirp = 26.116616905328755
mincov = 1254270690.6661034
maxcov = 125427069066.61034
