
[data]
trigger-time = 1499539907.3747067
injection-file = /work/shashwat.singh/Prospects-of-LGWs/unlens/injection.hdf

[global]
instruments = E1 E2 E3 C1 C2
mass1_ref = 30.000000004596444
mass2_ref = 30.000000002590742
minchirp = 26.11641690201213
maxchirp = 26.11661690201213
mincov = 171861044052.31732
maxcov = 17186104405231.73
