
[data]
trigger-time = 1933185922.9950373
injection-file = /work/shashwat.singh/Prospects-of-LGWs/unlens/injection.hdf

[global]
instruments = E1 E2 E3 C1 C2
mass1_ref = 30.00000000531659
mass2_ref = 30.000000002565503
minchirp = 26.116416902314604
maxchirp = 26.116616902314604
mincov = 92631517844.73401
maxcov = 9263151784473.4
