
[data]
trigger-time = 1203297240.9364011
injection-file = /work/shashwat.singh/Prospects-of-LGWs/unlens/injection.hdf

[global]
instruments = E1 E2 E3 C1 C2
mass1_ref = 30.000000002039318
mass2_ref = 30.00000000067933
minchirp = 26.116416900067087
maxchirp = 26.116616900067086
mincov = 109170003777.50078
maxcov = 10917000377750.078
