
[data]
trigger-time = 1592903705.8690343
injection-file = /work/shashwat.singh/Prospects-of-LGWs/unlens/injection.hdf

[global]
instruments = E1 E2 E3 C1 C2
mass1_ref = 30.00000000541834
mass2_ref = 30.000000009524527
minchirp = 26.116416905387986
maxchirp = 26.116616905387986
mincov = 158928213653.594
maxcov = 15892821365359.398
