
[data]
trigger-time = 1852791115.6665325
injection-file = /work/shashwat.singh/Prospects-of-LGWs/unlens/injection.hdf

[global]
instruments = E1 E2 E3 C1 C2
mass1_ref = 30.000000008531547
mass2_ref = 30.000000001595875
minchirp = 26.11641690329194
maxchirp = 26.11661690329194
mincov = 16598609558.630993
maxcov = 1659860955863.0994
