
[data]
trigger-time = 1685820798.3976269
injection-file = /work/shashwat.singh/Prospects-of-LGWs/unlens/injection.hdf

[global]
instruments = E1 E2 E3 C1 C2
mass1_ref = 30.000000006987964
mass2_ref = 30.000000001830244
minchirp = 26.116416902722072
maxchirp = 26.116616902722072
mincov = 94890162676.21129
maxcov = 9489016267621.129
