
[data]
trigger-time = 1492559307.6092136
injection-file = /work/shashwat.singh/Prospects-of-LGWs/unlens/injection.hdf

[global]
instruments = E1 E2 E3 C1 C2
mass1_ref = 30.0000000054345
mass2_ref = 30.000000008288442
minchirp = 26.11641690485698
maxchirp = 26.11661690485698
mincov = 6377467164.505255
maxcov = 637746716450.5255
