
[data]
trigger-time = 1549981482.4315324
injection-file = /work/shashwat.singh/Prospects-of-LGWs/unlens/injection.hdf

[global]
instruments = E1 E2 E3 C1 C2
mass1_ref = 30.000000003807365
mass2_ref = 30.000000001394632
minchirp = 26.116416901148025
maxchirp = 26.116616901148024
mincov = 139744336395.94824
maxcov = 13974433639594.824
