
[data]
trigger-time = 1613732112.150018
injection-file = /work/shashwat.singh/Prospects-of-LGWs/unlens/injection.hdf

[global]
instruments = E1 E2 E3 C1 C2
mass1_ref = 30.000000002016634
mass2_ref = 30.000000005359755
minchirp = 26.116416902094485
maxchirp = 26.116616902094485
mincov = 27825555.1874632
maxcov = 2782555518.74632
