
[data]
trigger-time = 1269430048.8600657
injection-file = /work/shashwat.singh/Prospects-of-LGWs/unlens/injection.hdf

[global]
instruments = E1 E2 E3 C1 C2
mass1_ref = 30.000000001632873
mass2_ref = 30.00000000321643
minchirp = 26.116416900994505
maxchirp = 26.116616900994504
mincov = 30188366657.047173
maxcov = 3018836665704.7173
