
[data]
trigger-time = 1556016258.041147
injection-file = /work/shashwat.singh/Prospects-of-LGWs/unlens/injection.hdf

[global]
instruments = E1 E2 E3 C1 C2
mass1_ref = 30.0000000099066
mass2_ref = 30.00000000219423
minchirp = 26.116416904150917
maxchirp = 26.116616904150916
mincov = 125794297792.02824
maxcov = 12579429779202.824
