
[data]
trigger-time = 1798134469.714707
injection-file = /work/shashwat.singh/Prospects-of-LGWs/unlens/injection.hdf

[global]
instruments = E1 E2 E3 C1 C2
mass1_ref = 30.00000000768495
mass2_ref = 30.0000000022786
minchirp = 26.11641690322061
maxchirp = 26.11661690322061
mincov = 83752018116.07085
maxcov = 8375201811607.085
