
[data]
trigger-time = 1782060408.7362094
injection-file = /work/shashwat.singh/Prospects-of-LGWs/unlens/injection.hdf

[global]
instruments = E1 E2 E3 C1 C2
mass1_ref = 30.00000000577582
mass2_ref = 30.000000002075048
minchirp = 26.116416902301015
maxchirp = 26.116616902301015
mincov = 98806095445.15492
maxcov = 9880609544515.492
