
[data]
trigger-time = 1291345176.5181067
injection-file = /work/shashwat.singh/Prospects-of-LGWs/unlens/injection.hdf

[global]
instruments = E1 E2 E3 C1 C2
mass1_ref = 30.00000000113204
mass2_ref = 30.000000006965685
minchirp = 26.116416902408464
maxchirp = 26.116616902408463
mincov = 201487517.7973804
maxcov = 20148751779.738037
