
[data]
trigger-time = 1206606726.1965559
injection-file = /work/shashwat.singh/Prospects-of-LGWs/unlens/injection.hdf

[global]
instruments = E1 E2 E3 C1 C2
mass1_ref = 30.000000004427378
mass2_ref = 30.00000000886809
minchirp = 26.116416904670913
maxchirp = 26.116616904670913
mincov = 114095653934.01694
maxcov = 11409565393401.695
