
[data]
trigger-time = 1467999521.6557832
injection-file = /work/shashwat.singh/Prospects-of-LGWs/unlens/injection.hdf

[global]
instruments = E1 E2 E3 C1 C2
mass1_ref = 30.000000003444324
mass2_ref = 30.000000008738816
minchirp = 26.116416904186746
maxchirp = 26.116616904186746
mincov = 87900562691.93904
maxcov = 8790056269193.904
