
[data]
trigger-time = 1982669046.887547
injection-file = /work/shashwat.singh/Prospects-of-LGWs/unlens/injection.hdf

[global]
instruments = E1 E2 E3 C1 C2
mass1_ref = 30.00000000090951
mass2_ref = 30.00000000624688
minchirp = 26.116416901998722
maxchirp = 26.11661690199872
mincov = 138381578944.3965
maxcov = 13838157894439.65
