
[data]
trigger-time = 1205278209.6660988
injection-file = /work/shashwat.singh/Prospects-of-LGWs/unlens/injection.hdf

[global]
instruments = E1 E2 E3 C1 C2
mass1_ref = 30.000000005898354
mass2_ref = 30.000000008549858
minchirp = 26.116416905172674
maxchirp = 26.116616905172673
mincov = 85415927424.77473
maxcov = 8541592742477.473
