
[data]
trigger-time = 1495782031.114887
injection-file = /work/shashwat.singh/Prospects-of-LGWs/unlens/injection.hdf

[global]
instruments = E1 E2 E3 C1 C2
mass1_ref = 30.00000000634426
mass2_ref = 30.000000008157713
minchirp = 26.116416905196072
maxchirp = 26.11661690519607
mincov = 163049243849.23862
maxcov = 16304924384923.863
