
[data]
trigger-time = 1373024479.270672
injection-file = /work/shashwat.singh/Prospects-of-LGWs/unlens/injection.hdf

[global]
instruments = E1 E2 E3 C1 C2
mass1_ref = 30.000000008154064
mass2_ref = 30.000000009665765
minchirp = 26.116416906640254
maxchirp = 26.116616906640253
mincov = 61961465.09184027
maxcov = 6196146509.184027
