
[data]
trigger-time = 1561812997.0376172
injection-file = /work/shashwat.singh/Prospects-of-LGWs/unlens/injection.hdf

[global]
instruments = E1 E2 E3 C1 C2
mass1_ref = 30.00000000959399
mass2_ref = 30.00000000393969
minchirp = 26.1164169047746
maxchirp = 26.1166169047746
mincov = 83583012404.84787
maxcov = 8358301240484.786
