
[data]
trigger-time = 1446028390.3442507
injection-file = /work/shashwat.singh/Prospects-of-LGWs/unlens/injection.hdf

[global]
instruments = E1 E2 E3 C1 C2
mass1_ref = 30.00000000111387
mass2_ref = 30.000000008848932
minchirp = 26.116416903220287
maxchirp = 26.116616903220287
mincov = 129365480018.58743
maxcov = 12936548001858.742
