
[data]
trigger-time = 1542531088.1414983
injection-file = /work/shashwat.singh/Prospects-of-LGWs/unlens/injection.hdf

[global]
instruments = E1 E2 E3 C1 C2
mass1_ref = 30.000000007946532
mass2_ref = 30.000000009209707
minchirp = 26.11641690635141
maxchirp = 26.11661690635141
mincov = 120094933434.00179
maxcov = 12009493343400.178
