
[data]
trigger-time = 1380419165.6465354
injection-file = /work/shashwat.singh/Prospects-of-LGWs/unlens/injection.hdf

[global]
instruments = E1 E2 E3 C1 C2
mass1_ref = 30.000000001114998
mass2_ref = 30.000000009879386
minchirp = 26.116416903669307
maxchirp = 26.116616903669307
mincov = 75294942862.45975
maxcov = 7529494286245.976
