
[data]
trigger-time = 1356316450.5988007
injection-file = /work/shashwat.singh/Prospects-of-LGWs/unlens/injection.hdf

[global]
instruments = E1 E2 E3 C1 C2
mass1_ref = 30.000000001466415
mass2_ref = 30.000000007760388
minchirp = 26.116416902899925
maxchirp = 26.116616902899924
mincov = 132671271307.5538
maxcov = 13267127130755.38
