
[data]
trigger-time = 1410465258.0128841
injection-file = /work/shashwat.singh/Prospects-of-LGWs/unlens/injection.hdf

[global]
instruments = E1 E2 E3 C1 C2
mass1_ref = 30.000000003868912
mass2_ref = 30.00000000261184
minchirp = 26.116416901704635
maxchirp = 26.116616901704635
mincov = 534860582.0327609
maxcov = 53486058203.27609
