
[data]
trigger-time = 1531779061.46648
injection-file = /work/shashwat.singh/Prospects-of-LGWs/unlens/injection.hdf

[global]
instruments = E1 E2 E3 C1 C2
mass1_ref = 30.000000004830813
mass2_ref = 30.000000006125987
minchirp = 26.11641690365295
maxchirp = 26.11661690365295
mincov = 53357349961.73892
maxcov = 5335734996173.893
