
[data]
trigger-time = 1038431671.0743909
injection-file = /work/shashwat.singh/Prospects-of-LGWs/unlens/injection.hdf

[global]
instruments = E1 E2 E3 C1 C2
mass1_ref = 30.000000009640804
mass2_ref = 30.000000004054836
minchirp = 26.1164169048451
maxchirp = 26.1166169048451
mincov = 43538370323.46959
maxcov = 4353837032346.959
