
[data]
trigger-time = 1354488232.5316832
injection-file = /work/shashwat.singh/Prospects-of-LGWs/unlens/injection.hdf

[global]
instruments = E1 E2 E3 C1 C2
mass1_ref = 30.000000008002484
mass2_ref = 30.00000000848066
minchirp = 26.11641690605843
maxchirp = 26.11661690605843
mincov = 141404467158.01746
maxcov = 14140446715801.746
