
[data]
trigger-time = 1052292733.1141784
injection-file = /work/shashwat.singh/Prospects-of-LGWs/unlens/injection.hdf

[global]
instruments = E1 E2 E3 C1 C2
mass1_ref = 30.000000008844406
mass2_ref = 30.00000000949092
minchirp = 26.11641690686464
maxchirp = 26.11661690686464
mincov = 8736226767.758236
maxcov = 873622676775.8235
