
[data]
trigger-time = 1962082585.240974
injection-file = /work/shashwat.singh/Prospects-of-LGWs/unlens/injection.hdf

[global]
instruments = E1 E2 E3 C1 C2
mass1_ref = 30.00000000435755
mass2_ref = 30.00000000439393
minchirp = 26.116416902693025
maxchirp = 26.116616902693025
mincov = 161012825788.9652
maxcov = 16101282578896.521
