
[data]
trigger-time = 1831571041.6494384
injection-file = /work/shashwat.singh/Prospects-of-LGWs/unlens/injection.hdf

[global]
instruments = E1 E2 E3 C1 C2
mass1_ref = 30.000000000614225
mass2_ref = 30.00000000166246
minchirp = 26.116416899874707
maxchirp = 26.116616899874707
mincov = 70498489519.4142
maxcov = 7049848951941.42
