
[data]
trigger-time = 1076392408.7065673
injection-file = /work/shashwat.singh/Prospects-of-LGWs/unlens/injection.hdf

[global]
instruments = E1 E2 E3 C1 C2
mass1_ref = 30.00000000477992
mass2_ref = 30.000000002233843
minchirp = 26.116416901936642
maxchirp = 26.11661690193664
mincov = 2737427565.8260455
maxcov = 273742756582.60455
