
[data]
trigger-time = 1576565448.5322812
injection-file = /work/shashwat.singh/Prospects-of-LGWs/unlens/injection.hdf

[global]
instruments = E1 E2 E3 C1 C2
mass1_ref = 30.00000000878534
mass2_ref = 30.00000000734934
minchirp = 26.11641690590675
maxchirp = 26.11661690590675
mincov = 113454225936.01419
maxcov = 11345422593601.418
