
[data]
trigger-time = 1478351154.3650322
injection-file = /work/shashwat.singh/Prospects-of-LGWs/unlens/injection.hdf

[global]
instruments = E1 E2 E3 C1 C2
mass1_ref = 30.000000009863143
mass2_ref = 30.000000003992575
minchirp = 26.116416904914775
maxchirp = 26.116616904914775
mincov = 7560702139.1119795
maxcov = 756070213911.198
