
[data]
trigger-time = 1118800053.5650048
injection-file = /work/shashwat.singh/Prospects-of-LGWs/unlens/injection.hdf

[global]
instruments = E1 E2 E3 C1 C2
mass1_ref = 30.00000000804287
mass2_ref = 30.000000001559297
minchirp = 26.11641690306331
maxchirp = 26.11661690306331
mincov = 83778467166.73312
maxcov = 8377846716673.3125
