
[data]
trigger-time = 1442736088.344026
injection-file = /work/shashwat.singh/Prospects-of-LGWs/unlens/injection.hdf

[global]
instruments = E1 E2 E3 C1 C2
mass1_ref = 30.000000003464827
mass2_ref = 30.000000001274874
minchirp = 26.1164169009468
maxchirp = 26.1166169009468
mincov = 9713227231.77496
maxcov = 971322723177.4958
