
[data]
trigger-time = 1306567103.2695196
injection-file = /work/shashwat.singh/Prospects-of-LGWs/unlens/injection.hdf

[global]
instruments = E1 E2 E3 C1 C2
mass1_ref = 30.00000000664375
mass2_ref = 30.000000001633754
minchirp = 26.116416902486716
maxchirp = 26.116616902486715
mincov = 157609941173.95197
maxcov = 15760994117395.195
