
[data]
trigger-time = 1776684854.1757202
injection-file = /work/shashwat.singh/Prospects-of-LGWs/unlens/injection.hdf

[global]
instruments = E1 E2 E3 C1 C2
mass1_ref = 30.00000000037157
mass2_ref = 30.000000000531433
minchirp = 26.116416899276782
maxchirp = 26.11661689927678
mincov = 4916495140.4486265
maxcov = 491649514044.8627
