
[data]
trigger-time = 1622260275.8451169
injection-file = /work/shashwat.singh/Prospects-of-LGWs/unlens/injection.hdf

[global]
instruments = E1 E2 E3 C1 C2
mass1_ref = 30.00000000604611
mass2_ref = 30.00000000966853
minchirp = 26.11641690572392
maxchirp = 26.11661690572392
mincov = 122593756580.49536
maxcov = 12259375658049.535
