
[data]
trigger-time = 1299878779.4780102
injection-file = /work/shashwat.singh/Prospects-of-LGWs/unlens/injection.hdf

[global]
instruments = E1 E2 E3 C1 C2
mass1_ref = 30.000000003885308
mass2_ref = 30.000000000563176
minchirp = 26.116416900820038
maxchirp = 26.116616900820038
mincov = 166335443819.20877
maxcov = 16633544381920.877
