
[data]
trigger-time = 1024795759.7950239
injection-file = /work/shashwat.singh/Prospects-of-LGWs/unlens/injection.hdf

[global]
instruments = E1 E2 E3 C1 C2
mass1_ref = 30.0000000028067
mass2_ref = 30.00000000833308
minchirp = 26.116416903732596
maxchirp = 26.116616903732595
mincov = 94193359741.5551
maxcov = 9419335974155.51
