
[data]
trigger-time = 1343092131.4272366
injection-file = /work/shashwat.singh/Prospects-of-LGWs/unlens/injection.hdf

[global]
instruments = E1 E2 E3 C1 C2
mass1_ref = 30.000000002576463
mass2_ref = 30.000000006391883
minchirp = 26.116416902787424
maxchirp = 26.116616902787424
mincov = 88672238602.80392
maxcov = 8867223860280.393
