
[data]
trigger-time = 1061662320.3064648
injection-file = /work/shashwat.singh/Prospects-of-LGWs/unlens/injection.hdf

[global]
instruments = E1 E2 E3 C1 C2
mass1_ref = 30.000000002861768
mass2_ref = 30.000000004338577
minchirp = 26.116416902017857
maxchirp = 26.116616902017856
mincov = 46501910954.594284
maxcov = 4650191095459.428
