
[data]
trigger-time = 1672338817.6142488
injection-file = /work/shashwat.singh/Prospects-of-LGWs/unlens/injection.hdf

[global]
instruments = E1 E2 E3 C1 C2
mass1_ref = 30.000000001329834
mass2_ref = 30.00000000265578
minchirp = 26.116416900618564
maxchirp = 26.116616900618563
mincov = 15340037.579185944
maxcov = 1534003757.9185944
