
[data]
trigger-time = 1080275354.0276158
injection-file = /work/shashwat.singh/Prospects-of-LGWs/unlens/injection.hdf

[global]
instruments = E1 E2 E3 C1 C2
mass1_ref = 30.00000000458708
mass2_ref = 30.00000000956819
minchirp = 26.116416905045163
maxchirp = 26.116616905045163
mincov = 73209941353.05663
maxcov = 7320994135305.663
