
[data]
trigger-time = 1071740224.1479306
injection-file = /work/shashwat.singh/Prospects-of-LGWs/unlens/injection.hdf

[global]
instruments = E1 E2 E3 C1 C2
mass1_ref = 30.000000009859846
mass2_ref = 30.000000009262987
minchirp = 26.116416907207423
maxchirp = 26.116616907207423
mincov = 41291285.3246664
maxcov = 4129128532.4666405
