
[data]
trigger-time = 1390452528.1466742
injection-file = /work/shashwat.singh/Prospects-of-LGWs/unlens/injection.hdf

[global]
instruments = E1 E2 E3 C1 C2
mass1_ref = 30.00000000005557
mass2_ref = 30.0000000096195
minchirp = 26.116416903095047
maxchirp = 26.116616903095046
mincov = 165874106752.59097
maxcov = 16587410675259.098
