
[data]
trigger-time = 1730681920.974351
injection-file = /work/shashwat.singh/Prospects-of-LGWs/unlens/injection.hdf

[global]
instruments = E1 E2 E3 C1 C2
mass1_ref = 30.000000006933018
mass2_ref = 30.000000003761684
minchirp = 26.116416903538866
maxchirp = 26.116616903538866
mincov = 74939721637.27666
maxcov = 7493972163727.666
