
[data]
trigger-time = 1454121419.510315
injection-file = /work/shashwat.singh/Prospects-of-LGWs/unlens/injection.hdf

[global]
instruments = E1 E2 E3 C1 C2
mass1_ref = 30.000000003366534
mass2_ref = 30.000000003586564
minchirp = 26.116416901910238
maxchirp = 26.116616901910238
mincov = 55563412202.652016
maxcov = 5556341220265.201
