
[data]
trigger-time = 1222019190.868135
injection-file = /work/shashwat.singh/Prospects-of-LGWs/unlens/injection.hdf

[global]
instruments = E1 E2 E3 C1 C2
mass1_ref = 30.000000005683255
mass2_ref = 30.000000008608108
minchirp = 26.1164169051044
maxchirp = 26.1166169051044
mincov = 140298043967.0918
maxcov = 14029804396709.18
