
[data]
trigger-time = 1942208263.2425818
injection-file = /work/shashwat.singh/Prospects-of-LGWs/unlens/injection.hdf

[global]
instruments = E1 E2 E3 C1 C2
mass1_ref = 30.000000005847774
mass2_ref = 30.000000005401997
minchirp = 26.116416903780472
maxchirp = 26.11661690378047
mincov = 177045371969.02573
maxcov = 17704537196902.574
