
[data]
trigger-time = 1375223936.8279822
injection-file = /work/shashwat.singh/Prospects-of-LGWs/unlens/injection.hdf

[global]
instruments = E1 E2 E3 C1 C2
mass1_ref = 30.00000000662398
mass2_ref = 30.000000003357496
minchirp = 26.116416903228416
maxchirp = 26.116616903228415
mincov = 7501475484.559077
maxcov = 750147548455.9077
