
[data]
trigger-time = 1962050007.1222157
injection-file = /work/shashwat.singh/Prospects-of-LGWs/unlens/injection.hdf

[global]
instruments = E1 E2 E3 C1 C2
mass1_ref = 30.000000006826152
mass2_ref = 30.000000003313705
minchirp = 26.116416903297353
maxchirp = 26.116616903297352
mincov = 15279449905.861935
maxcov = 1527944990586.1936
