
[data]
trigger-time = 1488264119.410239
injection-file = /work/shashwat.singh/Prospects-of-LGWs/unlens/injection.hdf

[global]
instruments = E1 E2 E3 C1 C2
mass1_ref = 30.000000007411472
mass2_ref = 30.000000000193047
minchirp = 26.116416902193784
maxchirp = 26.116616902193783
mincov = 179288858824.53375
maxcov = 17928885882453.375
