
[data]
trigger-time = 1235481559.5198646
injection-file = /work/shashwat.singh/Prospects-of-LGWs/unlens/injection.hdf

[global]
instruments = E1 E2 E3 C1 C2
mass1_ref = 30.000000008247394
mass2_ref = 30.000000009422433
minchirp = 26.116416906574962
maxchirp = 26.11661690657496
mincov = 59591947688.34828
maxcov = 5959194768834.828
