
[data]
trigger-time = 1878688896.7419205
injection-file = /work/shashwat.singh/Prospects-of-LGWs/unlens/injection.hdf

[global]
instruments = E1 E2 E3 C1 C2
mass1_ref = 30.00000000051999
mass2_ref = 30.00000000621695
minchirp = 26.116416901816148
maxchirp = 26.116616901816148
mincov = 23969514004.031395
maxcov = 2396951400403.1396
