
[data]
trigger-time = 1891923867.581193
injection-file = /work/shashwat.singh/Prospects-of-LGWs/unlens/injection.hdf

[global]
instruments = E1 E2 E3 C1 C2
mass1_ref = 30.000000002325784
mass2_ref = 30.00000000097493
minchirp = 26.11641690032044
maxchirp = 26.11661690032044
mincov = 164053344709.38324
maxcov = 16405334470938.324
