
[data]
trigger-time = 1761311372.67617
injection-file = /work/shashwat.singh/Prospects-of-LGWs/unlens/injection.hdf

[global]
instruments = E1 E2 E3 C1 C2
mass1_ref = 30.0000000034024
mass2_ref = 30.00000000884107
minchirp = 26.116416904213004
maxchirp = 26.116616904213004
mincov = 179145015997.59497
maxcov = 17914501599759.496
