
[data]
trigger-time = 1045752789.1980898
injection-file = /work/shashwat.singh/Prospects-of-LGWs/unlens/injection.hdf

[global]
instruments = E1 E2 E3 C1 C2
mass1_ref = 30.000000001908543
mass2_ref = 30.00000000754622
minchirp = 26.11641690299915
maxchirp = 26.116616902999148
mincov = 161518616184.56403
maxcov = 16151861618456.404
