
[data]
trigger-time = 1046775385.5940942
injection-file = /work/shashwat.singh/Prospects-of-LGWs/unlens/injection.hdf

[global]
instruments = E1 E2 E3 C1 C2
mass1_ref = 30.000000009679823
mass2_ref = 30.000000006395478
minchirp = 26.116416905880907
maxchirp = 26.116616905880907
mincov = 112983968579.8532
maxcov = 11298396857985.32
