
[data]
trigger-time = 1293285685.0400949
injection-file = /work/shashwat.singh/Prospects-of-LGWs/unlens/injection.hdf

[global]
instruments = E1 E2 E3 C1 C2
mass1_ref = 30.000000003262738
mass2_ref = 30.000000008864752
minchirp = 26.116416904162524
maxchirp = 26.116616904162523
mincov = 71045230550.73544
maxcov = 7104523055073.544
