
[data]
trigger-time = 1354011866.7944276
injection-file = /work/shashwat.singh/Prospects-of-LGWs/unlens/injection.hdf

[global]
instruments = E1 E2 E3 C1 C2
mass1_ref = 30.000000009044157
mass2_ref = 30.000000000058304
minchirp = 26.116416902845803
maxchirp = 26.116616902845802
mincov = 151208947773.23007
maxcov = 15120894777323.008
