
[data]
trigger-time = 1718477355.9031956
injection-file = /work/shashwat.singh/Prospects-of-LGWs/unlens/injection.hdf

[global]
instruments = E1 E2 E3 C1 C2
mass1_ref = 30.000000000097558
mass2_ref = 30.000000004716092
minchirp = 26.116416900978987
maxchirp = 26.116616900978986
mincov = 145784507127.2623
maxcov = 14578450712726.23
