
[data]
trigger-time = 1027085641.1251805
injection-file = /work/shashwat.singh/Prospects-of-LGWs/unlens/injection.hdf

[global]
instruments = E1 E2 E3 C1 C2
mass1_ref = 30.000000003857505
mass2_ref = 30.00000000153053
minchirp = 26.116416901229005
maxchirp = 26.116616901229005
mincov = 177645891878.43927
maxcov = 17764589187843.93
