
[data]
trigger-time = 1341359180.8665843
injection-file = /work/shashwat.singh/Prospects-of-LGWs/unlens/injection.hdf

[global]
instruments = E1 E2 E3 C1 C2
mass1_ref = 30.000000003814648
mass2_ref = 30.00000000348349
minchirp = 26.116416902060426
maxchirp = 26.116616902060425
mincov = 162536244036.51483
maxcov = 16253624403651.482
