
[data]
trigger-time = 1028692251.9296188
injection-file = /work/shashwat.singh/Prospects-of-LGWs/unlens/injection.hdf

[global]
instruments = E1 E2 E3 C1 C2
mass1_ref = 30.000000003533955
mass2_ref = 30.00000000567597
minchirp = 26.116416902892578
maxchirp = 26.116616902892577
mincov = 105309769758.32964
maxcov = 10530976975832.965
