
[data]
trigger-time = 1265489491.8409314
injection-file = /work/shashwat.singh/Prospects-of-LGWs/unlens/injection.hdf

[global]
instruments = E1 E2 E3 C1 C2
mass1_ref = 30.00000000270144
mass2_ref = 30.000000002660006
minchirp = 26.116416901217427
maxchirp = 26.116616901217427
mincov = 11900154130.033735
maxcov = 1190015413003.3735
