
[data]
trigger-time = 1814550502.8252988
injection-file = /work/shashwat.singh/Prospects-of-LGWs/unlens/injection.hdf

[global]
instruments = E1 E2 E3 C1 C2
mass1_ref = 30.00000000206168
mass2_ref = 30.000000009635464
minchirp = 26.116416903975203
maxchirp = 26.116616903975203
mincov = 74617063106.24603
maxcov = 7461706310624.604
