
[data]
trigger-time = 1411785455.8200333
injection-file = /work/shashwat.singh/Prospects-of-LGWs/unlens/injection.hdf

[global]
instruments = E1 E2 E3 C1 C2
mass1_ref = 30.000000005339512
mass2_ref = 30.00000000685867
minchirp = 26.116416904193294
maxchirp = 26.116616904193293
mincov = 176721832666.97495
maxcov = 17672183266697.496
