
[data]
trigger-time = 1342409983.076178
injection-file = /work/shashwat.singh/Prospects-of-LGWs/unlens/injection.hdf

[global]
instruments = E1 E2 E3 C1 C2
mass1_ref = 30.000000009028376
mass2_ref = 30.000000006510373
minchirp = 26.116416905647355
maxchirp = 26.116616905647355
mincov = 126344325826.88078
maxcov = 12634432582688.078
