
[data]
trigger-time = 1129412511.120991
injection-file = /work/shashwat.singh/Prospects-of-LGWs/unlens/injection.hdf

[global]
instruments = E1 E2 E3 C1 C2
mass1_ref = 30.000000001902045
mass2_ref = 30.000000003136684
minchirp = 26.116416901076956
maxchirp = 26.116616901076956
mincov = 43374081977.08525
maxcov = 4337408197708.5254
