
[data]
trigger-time = 1737092978.7356458
injection-file = /work/shashwat.singh/Prospects-of-LGWs/unlens/injection.hdf

[global]
instruments = E1 E2 E3 C1 C2
mass1_ref = 30.000000007630714
mass2_ref = 30.00000000347926
minchirp = 26.11641690371962
maxchirp = 26.11661690371962
mincov = 14004344151.425482
maxcov = 1400434415142.5483
