
[data]
trigger-time = 1208439405.8423514
injection-file = /work/shashwat.singh/Prospects-of-LGWs/unlens/injection.hdf

[global]
instruments = E1 E2 E3 C1 C2
mass1_ref = 30.000000003468855
mass2_ref = 30.000000009664973
minchirp = 26.116416904600555
maxchirp = 26.116616904600555
mincov = 8744143428.711067
maxcov = 874414342871.1067
