
[data]
trigger-time = 1491567924.7966385
injection-file = /work/shashwat.singh/Prospects-of-LGWs/unlens/injection.hdf

[global]
instruments = E1 E2 E3 C1 C2
mass1_ref = 30.00000000231037
mass2_ref = 30.00000000767792
minchirp = 26.11641690323138
maxchirp = 26.116616903231378
mincov = 168180075301.22717
maxcov = 16818007530122.717
