
[data]
trigger-time = 1210779619.9846127
injection-file = /work/shashwat.singh/Prospects-of-LGWs/unlens/injection.hdf

[global]
instruments = E1 E2 E3 C1 C2
mass1_ref = 30.000000009113187
mass2_ref = 30.000000009369867
minchirp = 26.116416906928944
maxchirp = 26.116616906928943
mincov = 32490949314.374
maxcov = 3249094931437.4
