
[data]
trigger-time = 1628395095.150583
injection-file = /work/shashwat.singh/Prospects-of-LGWs/unlens/injection.hdf

[global]
instruments = E1 E2 E3 C1 C2
mass1_ref = 30.00000000860069
mass2_ref = 30.00000000578819
minchirp = 26.11641690514685
maxchirp = 26.11661690514685
mincov = 119266960433.94319
maxcov = 11926696043394.318
