
[data]
trigger-time = 1191286432.0330615
injection-file = /work/shashwat.singh/Prospects-of-LGWs/unlens/injection.hdf

[global]
instruments = E1 E2 E3 C1 C2
mass1_ref = 30.000000007908543
mass2_ref = 30.000000006680082
minchirp = 26.116416905233795
maxchirp = 26.116616905233794
mincov = 64217762602.63619
maxcov = 6421776260263.619
