
[data]
trigger-time = 1857422247.9217196
injection-file = /work/shashwat.singh/Prospects-of-LGWs/unlens/injection.hdf

[global]
instruments = E1 E2 E3 C1 C2
mass1_ref = 30.000000007091835
mass2_ref = 30.000000007153172
minchirp = 26.116416905084225
maxchirp = 26.116616905084225
mincov = 115680264101.88382
maxcov = 11568026410188.38
