
[data]
trigger-time = 1502144133.7871637
injection-file = /work/shashwat.singh/Prospects-of-LGWs/unlens/injection.hdf

[global]
instruments = E1 E2 E3 C1 C2
mass1_ref = 30.00000000322422
mass2_ref = 30.00000000347704
minchirp = 26.11641690180062
maxchirp = 26.11661690180062
mincov = 143930373991.21655
maxcov = 14393037399121.656
