
[data]
trigger-time = 1180195964.4191828
injection-file = /work/shashwat.singh/Prospects-of-LGWs/unlens/injection.hdf

[global]
instruments = E1 E2 E3 C1 C2
mass1_ref = 30.000000003533728
mass2_ref = 30.000000002806214
minchirp = 26.116416901643344
maxchirp = 26.116616901643344
mincov = 81591789444.74162
maxcov = 8159178944474.162
