
[data]
trigger-time = 1919759438.0607214
injection-file = /work/shashwat.singh/Prospects-of-LGWs/unlens/injection.hdf

[global]
instruments = E1 E2 E3 C1 C2
mass1_ref = 30.000000005064038
mass2_ref = 30.000000008398974
minchirp = 26.116416904743843
maxchirp = 26.116616904743843
mincov = 108639347185.14226
maxcov = 10863934718514.227
