
[data]
trigger-time = 1912542624.1568546
injection-file = /work/shashwat.singh/Prospects-of-LGWs/unlens/injection.hdf

[global]
instruments = E1 E2 E3 C1 C2
mass1_ref = 30.00000000959903
mass2_ref = 30.0000000050637
minchirp = 26.11641690526605
maxchirp = 26.11661690526605
mincov = 144924473555.44855
maxcov = 14492447355544.854
