
[data]
trigger-time = 1399497101.8029125
injection-file = /work/shashwat.singh/Prospects-of-LGWs/unlens/injection.hdf

[global]
instruments = E1 E2 E3 C1 C2
mass1_ref = 30.000000006083624
mass2_ref = 30.000000000337025
minchirp = 26.116416901678473
maxchirp = 26.116616901678473
mincov = 102587570299.15881
maxcov = 10258757029915.88
