
[data]
trigger-time = 1875231317.1370566
injection-file = /work/shashwat.singh/Prospects-of-LGWs/unlens/injection.hdf

[global]
instruments = E1 E2 E3 C1 C2
mass1_ref = 30.00000000589912
mass2_ref = 30.00000000245108
minchirp = 26.116416902518363
maxchirp = 26.116616902518363
mincov = 143737377127.18143
maxcov = 14373737712718.143
