
[data]
trigger-time = 1286442384.7623758
injection-file = /work/shashwat.singh/Prospects-of-LGWs/unlens/injection.hdf

[global]
instruments = E1 E2 E3 C1 C2
mass1_ref = 30.000000008967557
mass2_ref = 30.000000000529035
minchirp = 26.116416903017356
maxchirp = 26.116616903017356
mincov = 12556812311.241465
maxcov = 1255681231124.1465
