
[data]
trigger-time = 1666242066.2901754
injection-file = /work/shashwat.singh/Prospects-of-LGWs/unlens/injection.hdf

[global]
instruments = E1 E2 E3 C1 C2
mass1_ref = 30.00000000421623
mass2_ref = 30.000000000530008
minchirp = 26.116416900949645
maxchirp = 26.116616900949644
mincov = 162192658374.45102
maxcov = 16219265837445.102
