
[data]
trigger-time = 1381674412.8051999
injection-file = /work/shashwat.singh/Prospects-of-LGWs/unlens/injection.hdf

[global]
instruments = E1 E2 E3 C1 C2
mass1_ref = 30.000000009195347
mass2_ref = 30.000000005166353
minchirp = 26.11641690513502
maxchirp = 26.116616905135018
mincov = 113085203878.48666
maxcov = 11308520387848.668
