
[data]
trigger-time = 1429415051.9650187
injection-file = /work/shashwat.singh/Prospects-of-LGWs/unlens/injection.hdf

[global]
instruments = E1 E2 E3 C1 C2
mass1_ref = 30.000000003685436
mass2_ref = 30.000000003055778
minchirp = 26.11641690181801
maxchirp = 26.11661690181801
mincov = 23832407478.342846
maxcov = 2383240747834.2847
