
[data]
trigger-time = 1906024372.66301
injection-file = /work/shashwat.singh/Prospects-of-LGWs/unlens/injection.hdf

[global]
instruments = E1 E2 E3 C1 C2
mass1_ref = 30.000000000620457
mass2_ref = 30.00000000378779
minchirp = 26.116416900802527
maxchirp = 26.116616900802526
mincov = 164823449544.34393
maxcov = 16482344954434.395
