
[data]
trigger-time = 1809369378.1454039
injection-file = /work/shashwat.singh/Prospects-of-LGWs/unlens/injection.hdf

[global]
instruments = E1 E2 E3 C1 C2
mass1_ref = 30.000000002356792
mass2_ref = 30.000000008020102
minchirp = 26.11641690340053
maxchirp = 26.11661690340053
mincov = 118387613289.58313
maxcov = 11838761328958.312
