
[data]
trigger-time = 1611561748.487144
injection-file = /work/shashwat.singh/Prospects-of-LGWs/unlens/injection.hdf

[global]
instruments = E1 E2 E3 C1 C2
mass1_ref = 30.00000000732512
mass2_ref = 30.000000004859796
minchirp = 26.116416904187517
maxchirp = 26.116616904187516
mincov = 7919394066.756711
maxcov = 791939406675.6711
