
[data]
trigger-time = 1889497903.2481241
injection-file = /work/shashwat.singh/Prospects-of-LGWs/unlens/injection.hdf

[global]
instruments = E1 E2 E3 C1 C2
mass1_ref = 30.0000000051634
mass2_ref = 30.000000009055224
minchirp = 26.116416905072743
maxchirp = 26.116616905072743
mincov = 131592707767.48477
maxcov = 13159270776748.477
