
[data]
trigger-time = 1769034816.1845512
injection-file = /work/shashwat.singh/Prospects-of-LGWs/unlens/injection.hdf

[global]
instruments = E1 E2 E3 C1 C2
mass1_ref = 30.000000005323244
mass2_ref = 30.000000004793694
minchirp = 26.11641690328738
maxchirp = 26.11661690328738
mincov = 8549181872.306177
maxcov = 854918187230.6177
