
[data]
trigger-time = 1774888985.6355119
injection-file = /work/shashwat.singh/Prospects-of-LGWs/unlens/injection.hdf

[global]
instruments = E1 E2 E3 C1 C2
mass1_ref = 30.000000004436753
mass2_ref = 30.000000006925113
minchirp = 26.116416903829265
maxchirp = 26.116616903829264
mincov = 86306905384.40817
maxcov = 8630690538440.818
