
[data]
trigger-time = 1512602492.7794218
injection-file = /work/shashwat.singh/Prospects-of-LGWs/unlens/injection.hdf

[global]
instruments = E1 E2 E3 C1 C2
mass1_ref = 30.000000000286565
mass2_ref = 30.000000001201634
minchirp = 26.1164168995315
maxchirp = 26.1166168995315
mincov = 154895460274.54218
maxcov = 15489546027454.219
