
[data]
trigger-time = 1741111598.4319391
injection-file = /work/shashwat.singh/Prospects-of-LGWs/unlens/injection.hdf

[global]
instruments = E1 E2 E3 C1 C2
mass1_ref = 30.00000000667134
mass2_ref = 30.000000001844807
minchirp = 26.116416902590593
maxchirp = 26.116616902590593
mincov = 101475142292.81863
maxcov = 10147514229281.863
