
[data]
trigger-time = 1392935596.9099128
injection-file = /work/shashwat.singh/Prospects-of-LGWs/unlens/injection.hdf

[global]
instruments = E1 E2 E3 C1 C2
mass1_ref = 30.000000004836306
mass2_ref = 30.000000001277428
minchirp = 26.116416901544884
maxchirp = 26.116616901544884
mincov = 24452212731.11683
maxcov = 2445221273111.6826
