
[data]
trigger-time = 1767643574.8415594
injection-file = /work/shashwat.singh/Prospects-of-LGWs/unlens/injection.hdf

[global]
instruments = E1 E2 E3 C1 C2
mass1_ref = 30.00000000343761
mass2_ref = 30.000000005361148
minchirp = 26.116416902713606
maxchirp = 26.116616902713606
mincov = 67844189914.14823
maxcov = 6784418991414.823
