
[data]
trigger-time = 1357112345.7429926
injection-file = /work/shashwat.singh/Prospects-of-LGWs/unlens/injection.hdf

[global]
instruments = E1 E2 E3 C1 C2
mass1_ref = 30.00000000207928
mass2_ref = 30.00000000439785
minchirp = 26.116416901703058
maxchirp = 26.116616901703058
mincov = 20125962369.163372
maxcov = 2012596236916.3374
