
[data]
trigger-time = 1117282717.4083936
injection-file = /work/shashwat.singh/Prospects-of-LGWs/unlens/injection.hdf

[global]
instruments = E1 E2 E3 C1 C2
mass1_ref = 30.000000003183278
mass2_ref = 30.000000008855004
minchirp = 26.116416904123692
maxchirp = 26.116616904123692
mincov = 62216982197.18457
maxcov = 6221698219718.457
