
[data]
trigger-time = 1914128068.2749276
injection-file = /work/shashwat.singh/Prospects-of-LGWs/unlens/injection.hdf

[global]
instruments = E1 E2 E3 C1 C2
mass1_ref = 30.00000000583637
mass2_ref = 30.000000005637737
minchirp = 26.116416903878118
maxchirp = 26.116616903878118
mincov = 39966380534.19687
maxcov = 3996638053419.687
