
[data]
trigger-time = 1945228315.5120935
injection-file = /work/shashwat.singh/Prospects-of-LGWs/unlens/injection.hdf

[global]
instruments = E1 E2 E3 C1 C2
mass1_ref = 30.00000000749599
mass2_ref = 30.000000008939228
minchirp = 26.11641690603757
maxchirp = 26.11661690603757
mincov = 160341788257.16068
maxcov = 16034178825716.066
