
[data]
trigger-time = 1189455192.1278467
injection-file = /work/shashwat.singh/Prospects-of-LGWs/unlens/injection.hdf

[global]
instruments = E1 E2 E3 C1 C2
mass1_ref = 30.000000003394145
mass2_ref = 30.000000002920025
minchirp = 26.116416901632128
maxchirp = 26.116616901632128
mincov = 1052275455.8803709
maxcov = 105227545588.0371
