
[data]
trigger-time = 1279264112.8886507
injection-file = /work/shashwat.singh/Prospects-of-LGWs/unlens/injection.hdf

[global]
instruments = E1 E2 E3 C1 C2
mass1_ref = 30.000000004352398
mass2_ref = 30.000000004207127
minchirp = 26.116416902609473
maxchirp = 26.116616902609472
mincov = 36006166385.4088
maxcov = 3600616638540.88
