
[data]
trigger-time = 1204338851.885835
injection-file = /work/shashwat.singh/Prospects-of-LGWs/unlens/injection.hdf

[global]
instruments = E1 E2 E3 C1 C2
mass1_ref = 30.000000001303444
mass2_ref = 30.000000003069776
minchirp = 26.11641690078728
maxchirp = 26.116616900787278
mincov = 91917798559.34547
maxcov = 9191779855934.547
