
[data]
trigger-time = 1921278101.2642992
injection-file = /work/shashwat.singh/Prospects-of-LGWs/unlens/injection.hdf

[global]
instruments = E1 E2 E3 C1 C2
mass1_ref = 30.00000000700074
mass2_ref = 30.000000002325805
minchirp = 26.11641690294334
maxchirp = 26.11661690294334
mincov = 175103611093.18658
maxcov = 17510361109318.656
