
[data]
trigger-time = 1550898356.373095
injection-file = /work/shashwat.singh/Prospects-of-LGWs/unlens/injection.hdf

[global]
instruments = E1 E2 E3 C1 C2
mass1_ref = 30.000000002367923
mass2_ref = 30.000000009805248
minchirp = 26.116416904182405
maxchirp = 26.116616904182404
mincov = 54666331439.23774
maxcov = 5466633143923.773
