
[data]
trigger-time = 1454898258.5377178
injection-file = /work/shashwat.singh/Prospects-of-LGWs/unlens/injection.hdf

[global]
instruments = E1 E2 E3 C1 C2
mass1_ref = 30.000000002003535
mass2_ref = 30.000000003531973
minchirp = 26.116416901293196
maxchirp = 26.116616901293195
mincov = 122281759610.778
maxcov = 12228175961077.8
