
[data]
trigger-time = 1818169614.2346973
injection-file = /work/shashwat.singh/Prospects-of-LGWs/unlens/injection.hdf

[global]
instruments = E1 E2 E3 C1 C2
mass1_ref = 30.000000007741725
mass2_ref = 30.000000006974393
minchirp = 26.116416905289288
maxchirp = 26.116616905289288
mincov = 121899773380.37459
maxcov = 12189977338037.459
