
[data]
trigger-time = 1777022580.1666603
injection-file = /work/shashwat.singh/Prospects-of-LGWs/unlens/injection.hdf

[global]
instruments = E1 E2 E3 C1 C2
mass1_ref = 30.000000008135427
mass2_ref = 30.00000000663752
minchirp = 26.116416905314026
maxchirp = 26.116616905314025
mincov = 78062704531.48227
maxcov = 7806270453148.227
