
[data]
trigger-time = 1272786599.2127495
injection-file = /work/shashwat.singh/Prospects-of-LGWs/unlens/injection.hdf

[global]
instruments = E1 E2 E3 C1 C2
mass1_ref = 30.000000003903846
mass2_ref = 30.000000009279187
minchirp = 26.11641690462197
maxchirp = 26.11661690462197
mincov = 164379188891.49554
maxcov = 16437918889149.555
