
[data]
trigger-time = 1441106773.8429673
injection-file = /work/shashwat.singh/Prospects-of-LGWs/unlens/injection.hdf

[global]
instruments = E1 E2 E3 C1 C2
mass1_ref = 30.000000002875755
mass2_ref = 30.000000000360036
minchirp = 26.116416900292183
maxchirp = 26.116616900292183
mincov = 103419979227.47098
maxcov = 10341997922747.098
