
[data]
trigger-time = 1954131308.3141322
injection-file = /work/shashwat.singh/Prospects-of-LGWs/unlens/injection.hdf

[global]
instruments = E1 E2 E3 C1 C2
mass1_ref = 30.000000000949
mass2_ref = 30.000000008342397
minchirp = 26.11641690292804
maxchirp = 26.11661690292804
mincov = 108343181357.98308
maxcov = 10834318135798.309
