
[data]
trigger-time = 1850919802.9194298
injection-file = /work/shashwat.singh/Prospects-of-LGWs/unlens/injection.hdf

[global]
instruments = E1 E2 E3 C1 C2
mass1_ref = 30.000000008151115
mass2_ref = 30.000000004133568
minchirp = 26.116416904230945
maxchirp = 26.116616904230945
mincov = 161078813704.59457
maxcov = 16107881370459.457
