
[data]
trigger-time = 1048238937.5577172
injection-file = /work/shashwat.singh/Prospects-of-LGWs/unlens/injection.hdf

[global]
instruments = E1 E2 E3 C1 C2
mass1_ref = 30.000000009289256
mass2_ref = 30.00000000934182
minchirp = 26.116416906993372
maxchirp = 26.11661690699337
mincov = 133863879697.84616
maxcov = 13386387969784.617
