
[data]
trigger-time = 1173023878.344561
injection-file = /work/shashwat.singh/Prospects-of-LGWs/unlens/injection.hdf

[global]
instruments = E1 E2 E3 C1 C2
mass1_ref = 30.000000004223864
mass2_ref = 30.000000003779324
minchirp = 26.116416902367313
maxchirp = 26.116616902367312
mincov = 163545523195.77893
maxcov = 16354552319577.893
