
[data]
trigger-time = 1359206867.7648423
injection-file = /work/shashwat.singh/Prospects-of-LGWs/unlens/injection.hdf

[global]
instruments = E1 E2 E3 C1 C2
mass1_ref = 30.00000000279109
mass2_ref = 30.000000001221093
minchirp = 26.11641690063013
maxchirp = 26.11661690063013
mincov = 50909502052.876915
maxcov = 5090950205287.691
