
[data]
trigger-time = 1996022910.143774
injection-file = /work/shashwat.singh/Prospects-of-LGWs/unlens/injection.hdf

[global]
instruments = E1 E2 E3 C1 C2
mass1_ref = 30.000000008086477
mass2_ref = 30.000000003023317
minchirp = 26.116416903719543
maxchirp = 26.116616903719542
mincov = 3544366385.5685816
maxcov = 354436638556.85815
