
[data]
trigger-time = 1223352343.4021823
injection-file = /work/shashwat.singh/Prospects-of-LGWs/unlens/injection.hdf

[global]
instruments = E1 E2 E3 C1 C2
mass1_ref = 30.000000006295775
mass2_ref = 30.000000002501775
minchirp = 26.11641690271308
maxchirp = 26.11661690271308
mincov = 107448391297.26463
maxcov = 10744839129726.463
