
[data]
trigger-time = 1212487436.513494
injection-file = /work/shashwat.singh/Prospects-of-LGWs/unlens/injection.hdf

[global]
instruments = E1 E2 E3 C1 C2
mass1_ref = 30.000000002093724
mass2_ref = 30.000000003112895
minchirp = 26.11641690115004
maxchirp = 26.11661690115004
mincov = 153777721544.9245
maxcov = 15377772154492.45
