
[data]
trigger-time = 1938522423.1122956
injection-file = /work/shashwat.singh/Prospects-of-LGWs/unlens/injection.hdf

[global]
instruments = E1 E2 E3 C1 C2
mass1_ref = 30.000000002460645
mass2_ref = 30.000000003753993
minchirp = 26.116416901588803
maxchirp = 26.116616901588802
mincov = 179496554102.0268
maxcov = 17949655410202.68
