
[data]
trigger-time = 1982161096.7313185
injection-file = /work/shashwat.singh/Prospects-of-LGWs/unlens/injection.hdf

[global]
instruments = E1 E2 E3 C1 C2
mass1_ref = 30.000000005997652
mass2_ref = 30.000000001505303
minchirp = 26.116416902149574
maxchirp = 26.116616902149573
mincov = 102481694570.09544
maxcov = 10248169457009.545
