
[data]
trigger-time = 1619323726.4582422
injection-file = /work/shashwat.singh/Prospects-of-LGWs/unlens/injection.hdf

[global]
instruments = E1 E2 E3 C1 C2
mass1_ref = 30.000000004316465
mass2_ref = 30.00000000609599
minchirp = 26.11641690341601
maxchirp = 26.11661690341601
mincov = 30084560471.40612
maxcov = 3008456047140.6123
