
[data]
trigger-time = 1516538048.4787016
injection-file = /work/shashwat.singh/Prospects-of-LGWs/unlens/injection.hdf

[global]
instruments = E1 E2 E3 C1 C2
mass1_ref = 30.000000008210225
mass2_ref = 30.000000003379334
minchirp = 26.116416903928375
maxchirp = 26.116616903928374
mincov = 149656737542.02258
maxcov = 14965673754202.258
