
[data]
trigger-time = 1564931714.257554
injection-file = /work/shashwat.singh/Prospects-of-LGWs/unlens/injection.hdf

[global]
instruments = E1 E2 E3 C1 C2
mass1_ref = 30.000000002068372
mass2_ref = 30.00000000002776
minchirp = 26.116416899796118
maxchirp = 26.116616899796117
mincov = 5771330395.121839
maxcov = 577133039512.1838
