
[data]
trigger-time = 1434543348.843961
injection-file = /work/shashwat.singh/Prospects-of-LGWs/unlens/injection.hdf

[global]
instruments = E1 E2 E3 C1 C2
mass1_ref = 30.000000009737903
mass2_ref = 30.000000005472856
minchirp = 26.11641690550459
maxchirp = 26.11661690550459
mincov = 112658441352.97041
maxcov = 11265844135297.041
