
[data]
trigger-time = 1857444422.746283
injection-file = /work/shashwat.singh/Prospects-of-LGWs/unlens/injection.hdf

[global]
instruments = E1 E2 E3 C1 C2
mass1_ref = 30.000000003276565
mass2_ref = 30.000000003088967
minchirp = 26.116416901654482
maxchirp = 26.11661690165448
mincov = 112267751902.53438
maxcov = 11226775190253.438
