
[data]
trigger-time = 1063311906.1070849
injection-file = /work/shashwat.singh/Prospects-of-LGWs/unlens/injection.hdf

[global]
instruments = E1 E2 E3 C1 C2
mass1_ref = 30.00000000949132
mass2_ref = 30.000000007313925
minchirp = 26.116416906198634
maxchirp = 26.116616906198633
mincov = 107950937859.44836
maxcov = 10795093785944.836
