
[data]
trigger-time = 1045749525.1647875
injection-file = /work/shashwat.singh/Prospects-of-LGWs/unlens/injection.hdf

[global]
instruments = E1 E2 E3 C1 C2
mass1_ref = 30.000000009850872
mass2_ref = 30.000000009373146
minchirp = 26.116416907251462
maxchirp = 26.116616907251462
mincov = 162257681396.52542
maxcov = 16225768139652.541
