
[data]
trigger-time = 1211359856.4797018
injection-file = /work/shashwat.singh/Prospects-of-LGWs/unlens/injection.hdf

[global]
instruments = E1 E2 E3 C1 C2
mass1_ref = 30.00000000448775
mass2_ref = 30.000000007195318
minchirp = 26.116416903969075
maxchirp = 26.116616903969074
mincov = 71209185653.85544
maxcov = 7120918565385.543
