
[data]
trigger-time = 1255503910.0380192
injection-file = /work/shashwat.singh/Prospects-of-LGWs/unlens/injection.hdf

[global]
instruments = E1 E2 E3 C1 C2
mass1_ref = 30.000000008407046
mass2_ref = 30.000000005662248
minchirp = 26.11641690500774
maxchirp = 26.11661690500774
mincov = 178984937512.0158
maxcov = 17898493751201.58
