
[data]
trigger-time = 1005723274.0122976
injection-file = /work/shashwat.singh/Prospects-of-LGWs/unlens/injection.hdf

[global]
instruments = E1 E2 E3 C1 C2
mass1_ref = 30.00000000434095
mass2_ref = 30.00000000699713
minchirp = 26.11641690381891
maxchirp = 26.116616903818908
mincov = 147519898533.66522
maxcov = 14751989853366.521
