
[data]
trigger-time = 1264637626.452914
injection-file = /work/shashwat.singh/Prospects-of-LGWs/unlens/injection.hdf

[global]
instruments = E1 E2 E3 C1 C2
mass1_ref = 30.000000008466724
mass2_ref = 30.000000003824507
minchirp = 26.116416904233795
maxchirp = 26.116616904233794
mincov = 61262923994.85045
maxcov = 6126292399485.045
