
[data]
trigger-time = 1967137055.9496064
injection-file = /work/shashwat.singh/Prospects-of-LGWs/unlens/injection.hdf

[global]
instruments = E1 E2 E3 C1 C2
mass1_ref = 30.000000002873335
mass2_ref = 30.000000005768236
minchirp = 26.116416902645188
maxchirp = 26.116616902645188
mincov = 104968488790.11794
maxcov = 10496848879011.793
