
[data]
trigger-time = 1219021730.2594886
injection-file = /work/shashwat.singh/Prospects-of-LGWs/unlens/injection.hdf

[global]
instruments = E1 E2 E3 C1 C2
mass1_ref = 30.000000006328627
mass2_ref = 30.000000000128583
minchirp = 26.11641690169439
maxchirp = 26.11661690169439
mincov = 109007230510.35283
maxcov = 10900723051035.283
