
[data]
trigger-time = 1230080181.9788885
injection-file = /work/shashwat.singh/Prospects-of-LGWs/unlens/injection.hdf

[global]
instruments = E1 E2 E3 C1 C2
mass1_ref = 30.00000000715844
mass2_ref = 30.000000006699633
minchirp = 26.116416904915802
maxchirp = 26.1166169049158
mincov = 27546224948.324913
maxcov = 2754622494832.491
