
[data]
trigger-time = 1924934107.3238215
injection-file = /work/shashwat.singh/Prospects-of-LGWs/unlens/injection.hdf

[global]
instruments = E1 E2 E3 C1 C2
mass1_ref = 30.000000006523027
mass2_ref = 30.000000003018712
minchirp = 26.11641690303701
maxchirp = 26.11661690303701
mincov = 85749068542.8531
maxcov = 8574906854285.311
