
[data]
trigger-time = 1160954287.4608572
injection-file = /work/shashwat.singh/Prospects-of-LGWs/unlens/injection.hdf

[global]
instruments = E1 E2 E3 C1 C2
mass1_ref = 30.00000000356126
mass2_ref = 30.000000008351186
minchirp = 26.116416904068917
maxchirp = 26.116616904068916
mincov = 47104005391.88526
maxcov = 4710400539188.526
