
[data]
trigger-time = 1431684161.9725442
injection-file = /work/shashwat.singh/Prospects-of-LGWs/unlens/injection.hdf

[global]
instruments = E1 E2 E3 C1 C2
mass1_ref = 30.00000000995052
mass2_ref = 30.000000009323966
minchirp = 26.116416907273432
maxchirp = 26.116616907273432
mincov = 1872939.820065315
maxcov = 187293982.0065315
