
[data]
trigger-time = 1457586191.9361145
injection-file = /work/shashwat.singh/Prospects-of-LGWs/unlens/injection.hdf

[global]
instruments = E1 E2 E3 C1 C2
mass1_ref = 30.000000000420798
mass2_ref = 30.00000000975677
minchirp = 26.11641690331377
maxchirp = 26.11661690331377
mincov = 44074430857.695465
maxcov = 4407443085769.547
