
[data]
trigger-time = 1496436926.1031036
injection-file = /work/shashwat.singh/Prospects-of-LGWs/unlens/injection.hdf

[global]
instruments = E1 E2 E3 C1 C2
mass1_ref = 30.000000008364378
mass2_ref = 30.00000000562237
minchirp = 26.11641690497181
maxchirp = 26.11661690497181
mincov = 86461350512.79312
maxcov = 8646135051279.312
