
[data]
trigger-time = 1982675178.1234074
injection-file = /work/shashwat.singh/Prospects-of-LGWs/unlens/injection.hdf

[global]
instruments = E1 E2 E3 C1 C2
mass1_ref = 30.000000008272778
mass2_ref = 30.00000000816093
minchirp = 26.11641690603691
maxchirp = 26.11661690603691
mincov = 6206397040.927556
maxcov = 620639704092.7556
