
[data]
trigger-time = 1651269818.9553475
injection-file = /work/shashwat.singh/Prospects-of-LGWs/unlens/injection.hdf

[global]
instruments = E1 E2 E3 C1 C2
mass1_ref = 30.000000003270234
mass2_ref = 30.000000006136126
minchirp = 26.11641690297808
maxchirp = 26.11661690297808
mincov = 143585381885.638
maxcov = 14358538188563.799
