
[data]
trigger-time = 1046939183.5888081
injection-file = /work/shashwat.singh/Prospects-of-LGWs/unlens/injection.hdf

[global]
instruments = E1 E2 E3 C1 C2
mass1_ref = 30.000000006864553
mass2_ref = 30.000000000994632
minchirp = 26.116416902304632
maxchirp = 26.11661690230463
mincov = 42028166980.982346
maxcov = 4202816698098.2344
