
[data]
trigger-time = 1315174704.153977
injection-file = /work/shashwat.singh/Prospects-of-LGWs/unlens/injection.hdf

[global]
instruments = E1 E2 E3 C1 C2
mass1_ref = 30.000000008648513
mass2_ref = 30.000000001869843
minchirp = 26.116416903462106
maxchirp = 26.116616903462106
mincov = 28192949377.675377
maxcov = 2819294937767.538
