
[data]
trigger-time = 1817738480.068709
injection-file = /work/shashwat.singh/Prospects-of-LGWs/unlens/injection.hdf

[global]
instruments = E1 E2 E3 C1 C2
mass1_ref = 30.000000008040047
mass2_ref = 30.000000002296513
minchirp = 26.116416903382973
maxchirp = 26.116616903382972
mincov = 96594533738.71501
maxcov = 9659453373871.502
