
[data]
trigger-time = 1842144186.7129884
injection-file = /work/shashwat.singh/Prospects-of-LGWs/unlens/injection.hdf

[global]
instruments = E1 E2 E3 C1 C2
mass1_ref = 30.00000000644898
mass2_ref = 30.000000004724285
minchirp = 26.11641690374717
maxchirp = 26.11661690374717
mincov = 130085356848.85103
maxcov = 13008535684885.102
