
[data]
trigger-time = 1073936795.4594092
injection-file = /work/shashwat.singh/Prospects-of-LGWs/unlens/injection.hdf

[global]
instruments = E1 E2 E3 C1 C2
mass1_ref = 30.000000004540485
mass2_ref = 30.00000000768846
minchirp = 26.11641690420668
maxchirp = 26.11661690420668
mincov = 150727956932.7593
maxcov = 15072795693275.93
