
[data]
trigger-time = 1290646220.2405035
injection-file = /work/shashwat.singh/Prospects-of-LGWs/unlens/injection.hdf

[global]
instruments = E1 E2 E3 C1 C2
mass1_ref = 30.0000000089186
mass2_ref = 30.000000001970175
minchirp = 26.11641690362334
maxchirp = 26.11661690362334
mincov = 135750296866.51228
maxcov = 13575029686651.229
