
[data]
trigger-time = 1390243277.3518364
injection-file = /work/shashwat.singh/Prospects-of-LGWs/unlens/injection.hdf

[global]
instruments = E1 E2 E3 C1 C2
mass1_ref = 30.000000005976833
mass2_ref = 30.00000000933263
minchirp = 26.116416905547556
maxchirp = 26.116616905547556
mincov = 99979771897.06168
maxcov = 9997977189706.168
