
[data]
trigger-time = 1360565140.6033647
injection-file = /work/shashwat.singh/Prospects-of-LGWs/unlens/injection.hdf

[global]
instruments = E1 E2 E3 C1 C2
mass1_ref = 30.000000008107182
mass2_ref = 30.000000000553438
minchirp = 26.116416902653476
maxchirp = 26.116616902653476
mincov = 42285458689.911385
maxcov = 4228545868991.138
