
[data]
trigger-time = 1084536975.7110868
injection-file = /work/shashwat.singh/Prospects-of-LGWs/unlens/injection.hdf

[global]
instruments = E1 E2 E3 C1 C2
mass1_ref = 30.000000006650836
mass2_ref = 30.00000000658925
minchirp = 26.116416904646808
maxchirp = 26.116616904646808
mincov = 46613496751.60655
maxcov = 4661349675160.655
