
[data]
trigger-time = 1939966610.9451637
injection-file = /work/shashwat.singh/Prospects-of-LGWs/unlens/injection.hdf

[global]
instruments = E1 E2 E3 C1 C2
mass1_ref = 30.000000008189208
mass2_ref = 30.00000000776723
minchirp = 26.116416905829166
maxchirp = 26.116616905829165
mincov = 100384895341.7236
maxcov = 10038489534172.361
