
[data]
trigger-time = 1294078295.6639476
injection-file = /work/shashwat.singh/Prospects-of-LGWs/unlens/injection.hdf

[global]
instruments = E1 E2 E3 C1 C2
mass1_ref = 30.000000009978553
mass2_ref = 30.000000006487447
minchirp = 26.11641690605097
maxchirp = 26.116616906050968
mincov = 47091904428.77077
maxcov = 4709190442877.077
