
[data]
trigger-time = 1451948050.573078
injection-file = /work/shashwat.singh/Prospects-of-LGWs/unlens/injection.hdf

[global]
instruments = E1 E2 E3 C1 C2
mass1_ref = 30.000000006095096
mass2_ref = 30.000000001973557
minchirp = 26.11641690239581
maxchirp = 26.11661690239581
mincov = 60241086151.49681
maxcov = 6024108615149.682
