
[data]
trigger-time = 1034825555.1874708
injection-file = /work/shashwat.singh/Prospects-of-LGWs/unlens/injection.hdf

[global]
instruments = E1 E2 E3 C1 C2
mass1_ref = 30.00000000527391
mass2_ref = 30.00000000377163
minchirp = 26.116416902821026
maxchirp = 26.116616902821026
mincov = 123261220217.1563
maxcov = 12326122021715.629
