
[data]
trigger-time = 1730962019.7046728
injection-file = /work/shashwat.singh/Prospects-of-LGWs/unlens/injection.hdf

[global]
instruments = E1 E2 E3 C1 C2
mass1_ref = 30.0000000065858
mass2_ref = 30.00000000057619
minchirp = 26.116416902001163
maxchirp = 26.116616902001162
mincov = 71890007897.7833
maxcov = 7189000789778.329
