
[data]
trigger-time = 1747672568.6307406
injection-file = /work/shashwat.singh/Prospects-of-LGWs/unlens/injection.hdf

[global]
instruments = E1 E2 E3 C1 C2
mass1_ref = 30.000000003079784
mass2_ref = 30.00000000696728
minchirp = 26.116416903256965
maxchirp = 26.116616903256965
mincov = 50190385654.67763
maxcov = 5019038565467.763
