
[data]
trigger-time = 1066683767.6509167
injection-file = /work/shashwat.singh/Prospects-of-LGWs/unlens/injection.hdf

[global]
instruments = E1 E2 E3 C1 C2
mass1_ref = 30.00000000226567
mass2_ref = 30.000000008636622
minchirp = 26.116416903629222
maxchirp = 26.11661690362922
mincov = 92647312684.64394
maxcov = 9264731268464.393
