
[data]
trigger-time = 1556868193.5592563
injection-file = /work/shashwat.singh/Prospects-of-LGWs/unlens/injection.hdf

[global]
instruments = E1 E2 E3 C1 C2
mass1_ref = 30.000000003982105
mass2_ref = 30.00000000070039
minchirp = 26.116416900921898
maxchirp = 26.116616900921898
mincov = 150980008185.8322
maxcov = 15098000818583.223
