
[data]
trigger-time = 1557056236.8453097
injection-file = /work/shashwat.singh/Prospects-of-LGWs/unlens/injection.hdf

[global]
instruments = E1 E2 E3 C1 C2
mass1_ref = 30.000000006356746
mass2_ref = 30.00000000761555
minchirp = 26.11641690496552
maxchirp = 26.116616904965518
mincov = 134113313199.00098
maxcov = 13411331319900.098
