
[data]
trigger-time = 1725601348.9398327
injection-file = /work/shashwat.singh/Prospects-of-LGWs/unlens/injection.hdf

[global]
instruments = E1 E2 E3 C1 C2
mass1_ref = 30.000000003778368
mass2_ref = 30.00000000438921
minchirp = 26.116416902438868
maxchirp = 26.116616902438867
mincov = 156069246222.50327
maxcov = 15606924622250.328
