
[data]
trigger-time = 1035292565.3679192
injection-file = /work/shashwat.singh/Prospects-of-LGWs/unlens/injection.hdf

[global]
instruments = E1 E2 E3 C1 C2
mass1_ref = 30.00000000531449
mass2_ref = 30.00000000375272
minchirp = 26.11641690283046
maxchirp = 26.116616902830458
mincov = 171157434572.03342
maxcov = 17115743457203.342
