
[data]
trigger-time = 1531962171.2253816
injection-file = /work/shashwat.singh/Prospects-of-LGWs/unlens/injection.hdf

[global]
instruments = E1 E2 E3 C1 C2
mass1_ref = 30.000000000874213
mass2_ref = 30.000000008867552
minchirp = 26.116416903124076
maxchirp = 26.116616903124076
mincov = 36583582538.35893
maxcov = 3658358253835.893
