
[data]
trigger-time = 1463764307.0045557
injection-file = /work/shashwat.singh/Prospects-of-LGWs/unlens/injection.hdf

[global]
instruments = E1 E2 E3 C1 C2
mass1_ref = 30.000000004878768
mass2_ref = 30.00000000930665
minchirp = 26.116416905058287
maxchirp = 26.116616905058287
mincov = 81548041449.10515
maxcov = 8154804144910.516
