
[data]
trigger-time = 1673582035.292718
injection-file = /work/shashwat.singh/Prospects-of-LGWs/unlens/injection.hdf

[global]
instruments = E1 E2 E3 C1 C2
mass1_ref = 30.00000000152592
mass2_ref = 30.00000000151453
minchirp = 26.116416900207156
maxchirp = 26.116616900207156
mincov = 57745890491.280396
maxcov = 5774589049128.039
