
[data]
trigger-time = 1439061755.7036734
injection-file = /work/shashwat.singh/Prospects-of-LGWs/unlens/injection.hdf

[global]
instruments = E1 E2 E3 C1 C2
mass1_ref = 30.00000000812919
mass2_ref = 30.000000007925863
minchirp = 26.116416905872093
maxchirp = 26.116616905872093
mincov = 164181552819.49432
maxcov = 16418155281949.432
