
[data]
trigger-time = 1313556728.247034
injection-file = /work/shashwat.singh/Prospects-of-LGWs/unlens/injection.hdf

[global]
instruments = E1 E2 E3 C1 C2
mass1_ref = 30.000000004689
mass2_ref = 30.000000006752604
minchirp = 26.11641690386397
maxchirp = 26.11661690386397
mincov = 21678077171.236774
maxcov = 2167807717123.6772
