
[data]
trigger-time = 1356135849.550559
injection-file = /work/shashwat.singh/Prospects-of-LGWs/unlens/injection.hdf

[global]
instruments = E1 E2 E3 C1 C2
mass1_ref = 30.000000006028316
mass2_ref = 30.0000000068674
minchirp = 26.116416904496912
maxchirp = 26.11661690449691
mincov = 115841432297.64413
maxcov = 11584143229764.414
