
[data]
trigger-time = 1464806687.2997532
injection-file = /work/shashwat.singh/Prospects-of-LGWs/unlens/injection.hdf

[global]
instruments = E1 E2 E3 C1 C2
mass1_ref = 30.00000000547368
mass2_ref = 30.000000001664834
minchirp = 26.116416901990945
maxchirp = 26.116616901990945
mincov = 153742564262.4293
maxcov = 15374256426242.93
