
[data]
trigger-time = 1474843839.7252104
injection-file = /work/shashwat.singh/Prospects-of-LGWs/unlens/injection.hdf

[global]
instruments = E1 E2 E3 C1 C2
mass1_ref = 30.00000000578626
mass2_ref = 30.00000000892648
minchirp = 26.116416905287817
maxchirp = 26.116616905287817
mincov = 66452038145.50722
maxcov = 6645203814550.722
