
[data]
trigger-time = 1240519889.2436192
injection-file = /work/shashwat.singh/Prospects-of-LGWs/unlens/injection.hdf

[global]
instruments = E1 E2 E3 C1 C2
mass1_ref = 30.000000006838
mass2_ref = 30.000000004367315
minchirp = 26.11641690376112
maxchirp = 26.11661690376112
mincov = 174247998718.68765
maxcov = 17424799871868.766
