
[data]
trigger-time = 1011373622.4908767
injection-file = /work/shashwat.singh/Prospects-of-LGWs/unlens/injection.hdf

[global]
instruments = E1 E2 E3 C1 C2
mass1_ref = 30.00000000926771
mass2_ref = 30.00000000267362
minchirp = 26.11641690408149
maxchirp = 26.11661690408149
mincov = 151477920155.19583
maxcov = 15147792015519.582
