
[data]
trigger-time = 1775984259.3157847
injection-file = /work/shashwat.singh/Prospects-of-LGWs/unlens/injection.hdf

[global]
instruments = E1 E2 E3 C1 C2
mass1_ref = 30.000000007869154
mass2_ref = 30.000000003609518
minchirp = 26.116416903880108
maxchirp = 26.116616903880107
mincov = 30191755383.137024
maxcov = 3019175538313.702
