
[data]
trigger-time = 1457413885.1764479
injection-file = /work/shashwat.singh/Prospects-of-LGWs/unlens/injection.hdf

[global]
instruments = E1 E2 E3 C1 C2
mass1_ref = 30.00000000348924
mass2_ref = 30.00000000588163
minchirp = 26.116416902962634
maxchirp = 26.116616902962633
mincov = 114532767446.78793
maxcov = 11453276744678.793
