
[data]
trigger-time = 1275742215.2793128
injection-file = /work/shashwat.singh/Prospects-of-LGWs/unlens/injection.hdf

[global]
instruments = E1 E2 E3 C1 C2
mass1_ref = 30.000000000703853
mass2_ref = 30.000000005653074
minchirp = 26.116416901650737
maxchirp = 26.116616901650737
mincov = 170836250400.31476
maxcov = 17083625040031.477
