
[data]
trigger-time = 1357444402.8212154
injection-file = /work/shashwat.singh/Prospects-of-LGWs/unlens/injection.hdf

[global]
instruments = E1 E2 E3 C1 C2
mass1_ref = 30.00000000695591
mass2_ref = 30.000000005312568
minchirp = 26.11641690422389
maxchirp = 26.11661690422389
mincov = 100793997813.80789
maxcov = 10079399781380.79
