
[data]
trigger-time = 1549807476.634903
injection-file = /work/shashwat.singh/Prospects-of-LGWs/unlens/injection.hdf

[global]
instruments = E1 E2 E3 C1 C2
mass1_ref = 30.000000000575312
mass2_ref = 30.000000004614133
minchirp = 26.116416901142564
maxchirp = 26.116616901142564
mincov = 172867457209.8991
maxcov = 17286745720989.912
