
[data]
trigger-time = 1374194130.9148495
injection-file = /work/shashwat.singh/Prospects-of-LGWs/unlens/injection.hdf

[global]
instruments = E1 E2 E3 C1 C2
mass1_ref = 30.000000006335927
mass2_ref = 30.000000001083787
minchirp = 26.116416902113343
maxchirp = 26.116616902113343
mincov = 97246216354.6666
maxcov = 9724621635466.658
