
[data]
trigger-time = 1110721050.049344
injection-file = /work/shashwat.singh/Prospects-of-LGWs/unlens/injection.hdf

[global]
instruments = E1 E2 E3 C1 C2
mass1_ref = 30.000000008058862
mass2_ref = 30.000000004496695
minchirp = 26.11641690434885
maxchirp = 26.11661690434885
mincov = 24801230163.51914
maxcov = 2480123016351.9136
