
[data]
trigger-time = 1939662244.0621843
injection-file = /work/shashwat.singh/Prospects-of-LGWs/unlens/injection.hdf

[global]
instruments = E1 E2 E3 C1 C2
mass1_ref = 30.000000008881518
mass2_ref = 30.000000002873616
minchirp = 26.11641690400044
maxchirp = 26.11661690400044
mincov = 96978371684.59344
maxcov = 9697837168459.344
