
[data]
trigger-time = 1291281292.5493073
injection-file = /work/shashwat.singh/Prospects-of-LGWs/unlens/injection.hdf

[global]
instruments = E1 E2 E3 C1 C2
mass1_ref = 30.000000002293184
mass2_ref = 30.00000000551995
minchirp = 26.116416902284588
maxchirp = 26.116616902284587
mincov = 149986595665.49063
maxcov = 14998659566549.062
