
[data]
trigger-time = 1999971916.6051412
injection-file = /work/shashwat.singh/Prospects-of-LGWs/unlens/injection.hdf

[global]
instruments = E1 E2 E3 C1 C2
mass1_ref = 30.000000009794256
mass2_ref = 30.00000000488132
minchirp = 26.11641690527164
maxchirp = 26.11661690527164
mincov = 91603781140.73743
maxcov = 9160378114073.742
