
[data]
trigger-time = 1163611954.4129646
injection-file = /work/shashwat.singh/Prospects-of-LGWs/unlens/injection.hdf

[global]
instruments = E1 E2 E3 C1 C2
mass1_ref = 30.000000009330233
mass2_ref = 30.00000000588625
minchirp = 26.116416905507084
maxchirp = 26.116616905507083
mincov = 178533110010.31793
maxcov = 17853311001031.793
