
[data]
trigger-time = 1264024502.0726547
injection-file = /work/shashwat.singh/Prospects-of-LGWs/unlens/injection.hdf

[global]
instruments = E1 E2 E3 C1 C2
mass1_ref = 30.000000007496087
mass2_ref = 30.000000004239105
minchirp = 26.116416903991766
maxchirp = 26.116616903991765
mincov = 9290296760.653248
maxcov = 929029676065.3247
