
[data]
trigger-time = 1953188758.936609
injection-file = /work/shashwat.singh/Prospects-of-LGWs/unlens/injection.hdf

[global]
instruments = E1 E2 E3 C1 C2
mass1_ref = 30.000000004564328
mass2_ref = 30.000000009144614
minchirp = 26.116416904850887
maxchirp = 26.116616904850886
mincov = 62701000800.90631
maxcov = 6270100080090.631
