
[data]
trigger-time = 1713005919.147781
injection-file = /work/shashwat.singh/Prospects-of-LGWs/unlens/injection.hdf

[global]
instruments = E1 E2 E3 C1 C2
mass1_ref = 30.00000000638235
mass2_ref = 30.00000000203889
minchirp = 26.116416902549286
maxchirp = 26.116616902549286
mincov = 7975798729.716998
maxcov = 797579872971.6998
