
[data]
trigger-time = 1038291437.3706368
injection-file = /work/shashwat.singh/Prospects-of-LGWs/unlens/injection.hdf

[global]
instruments = E1 E2 E3 C1 C2
mass1_ref = 30.000000009750742
mass2_ref = 30.00000000541145
minchirp = 26.11641690548345
maxchirp = 26.11661690548345
mincov = 81688345461.21902
maxcov = 8168834546121.902
