
[data]
trigger-time = 1901208700.5519195
injection-file = /work/shashwat.singh/Prospects-of-LGWs/unlens/injection.hdf

[global]
instruments = E1 E2 E3 C1 C2
mass1_ref = 30.00000000356978
mass2_ref = 30.00000000817593
minchirp = 26.116416903996342
maxchirp = 26.11661690399634
mincov = 114747863999.80289
maxcov = 11474786399980.29
