
[data]
trigger-time = 1958463731.0898168
injection-file = /work/shashwat.singh/Prospects-of-LGWs/unlens/injection.hdf

[global]
instruments = E1 E2 E3 C1 C2
mass1_ref = 30.00000000367185
mass2_ref = 30.00000000629251
minchirp = 26.116416903220962
maxchirp = 26.11661690322096
mincov = 72893238476.43422
maxcov = 7289323847643.422
