
[data]
trigger-time = 1360084185.8836124
injection-file = /work/shashwat.singh/Prospects-of-LGWs/unlens/injection.hdf

[global]
instruments = E1 E2 E3 C1 C2
mass1_ref = 30.000000004610758
mass2_ref = 30.00000000118204
minchirp = 26.116416901405188
maxchirp = 26.116616901405187
mincov = 29778707849.215523
maxcov = 2977870784921.5522
