
[data]
trigger-time = 1830699068.1568704
injection-file = /work/shashwat.singh/Prospects-of-LGWs/unlens/injection.hdf

[global]
instruments = E1 E2 E3 C1 C2
mass1_ref = 30.000000004099785
mass2_ref = 30.000000001296765
minchirp = 26.11641690123271
maxchirp = 26.11661690123271
mincov = 104092236251.28839
maxcov = 10409223625128.84
