
[data]
trigger-time = 1353727771.5608916
injection-file = /work/shashwat.singh/Prospects-of-LGWs/unlens/injection.hdf

[global]
instruments = E1 E2 E3 C1 C2
mass1_ref = 30.00000000943498
mass2_ref = 30.00000000686416
minchirp = 26.116416905978337
maxchirp = 26.116616905978336
mincov = 138033737585.88333
maxcov = 13803373758588.332
