
[data]
trigger-time = 1388315507.2830505
injection-file = /work/shashwat.singh/Prospects-of-LGWs/unlens/injection.hdf

[global]
instruments = E1 E2 E3 C1 C2
mass1_ref = 30.00000000948807
mass2_ref = 30.00000000077692
minchirp = 26.11641690335182
maxchirp = 26.11661690335182
mincov = 101002998339.16539
maxcov = 10100299833916.54
