
[data]
trigger-time = 1061275126.9124571
injection-file = /work/shashwat.singh/Prospects-of-LGWs/unlens/injection.hdf

[global]
instruments = E1 E2 E3 C1 C2
mass1_ref = 30.000000002277076
mass2_ref = 30.000000002880522
minchirp = 26.1164169011287
maxchirp = 26.1166169011287
mincov = 135749216155.6235
maxcov = 13574921615562.352
