
[data]
trigger-time = 1463918049.4960704
injection-file = /work/shashwat.singh/Prospects-of-LGWs/unlens/injection.hdf

[global]
instruments = E1 E2 E3 C1 C2
mass1_ref = 30.00000000212574
mass2_ref = 30.00000000254665
minchirp = 26.1164169009175
maxchirp = 26.1166169009175
mincov = 3779988229.466529
maxcov = 377998822946.6529
