
[data]
trigger-time = 1787003180.8727424
injection-file = /work/shashwat.singh/Prospects-of-LGWs/unlens/injection.hdf

[global]
instruments = E1 E2 E3 C1 C2
mass1_ref = 30.000000005454336
mass2_ref = 30.000000004764786
minchirp = 26.116416903331857
maxchirp = 26.116616903331856
mincov = 42762431843.12788
maxcov = 4276243184312.7876
