
[data]
trigger-time = 1070320180.2949526
injection-file = /work/shashwat.singh/Prospects-of-LGWs/unlens/injection.hdf

[global]
instruments = E1 E2 E3 C1 C2
mass1_ref = 30.00000000928101
mass2_ref = 30.00000000853364
minchirp = 26.116416906638
maxchirp = 26.116616906638
mincov = 17370253188.855827
maxcov = 1737025318885.583
