
[data]
trigger-time = 1607060052.174446
injection-file = /work/shashwat.singh/Prospects-of-LGWs/unlens/injection.hdf

[global]
instruments = E1 E2 E3 C1 C2
mass1_ref = 30.000000008704475
mass2_ref = 30.00000000888843
minchirp = 26.116416906541485
maxchirp = 26.116616906541484
mincov = 131536303075.88472
maxcov = 13153630307588.473
