
[data]
trigger-time = 1174308375.505406
injection-file = /work/shashwat.singh/Prospects-of-LGWs/unlens/injection.hdf

[global]
instruments = E1 E2 E3 C1 C2
mass1_ref = 30.000000007240974
mass2_ref = 30.00000000339365
minchirp = 26.116416903512714
maxchirp = 26.116616903512714
mincov = 133882133859.3864
maxcov = 13388213385938.64
