
[data]
trigger-time = 1348213397.4825687
injection-file = /work/shashwat.singh/Prospects-of-LGWs/unlens/injection.hdf

[global]
instruments = E1 E2 E3 C1 C2
mass1_ref = 30.000000004970634
mass2_ref = 30.000000005440103
minchirp = 26.11641690341526
maxchirp = 26.11661690341526
mincov = 155841355987.67627
maxcov = 15584135598767.627
