
[data]
trigger-time = 1795298605.7362719
injection-file = /work/shashwat.singh/Prospects-of-LGWs/unlens/injection.hdf

[global]
instruments = E1 E2 E3 C1 C2
mass1_ref = 30.00000000758573
mass2_ref = 30.000000007062066
minchirp = 26.11641690525955
maxchirp = 26.116616905259548
mincov = 119559890538.40454
maxcov = 11955989053840.453
