
[data]
trigger-time = 1268271054.1584413
injection-file = /work/shashwat.singh/Prospects-of-LGWs/unlens/injection.hdf

[global]
instruments = E1 E2 E3 C1 C2
mass1_ref = 30.00000000991857
mass2_ref = 30.00000000188089
minchirp = 26.116416904019736
maxchirp = 26.116616904019736
mincov = 122916066794.97522
maxcov = 12291606679497.521
