
[data]
trigger-time = 1718546414.078684
injection-file = /work/shashwat.singh/Prospects-of-LGWs/unlens/injection.hdf

[global]
instruments = E1 E2 E3 C1 C2
mass1_ref = 30.000000001590326
mass2_ref = 30.000000002929283
minchirp = 26.116416900851
maxchirp = 26.116616900851
mincov = 31479716896.44436
maxcov = 3147971689644.436
