
[data]
trigger-time = 1802796535.0038657
injection-file = /work/shashwat.singh/Prospects-of-LGWs/unlens/injection.hdf

[global]
instruments = E1 E2 E3 C1 C2
mass1_ref = 30.000000007257523
mass2_ref = 30.000000008407483
minchirp = 26.116416905702316
maxchirp = 26.116616905702315
mincov = 313284444.6254824
maxcov = 31328444462.548237
