
[data]
trigger-time = 1861411022.48698
injection-file = /work/shashwat.singh/Prospects-of-LGWs/unlens/injection.hdf

[global]
instruments = E1 E2 E3 C1 C2
mass1_ref = 30.000000004458784
mass2_ref = 30.000000009188266
minchirp = 26.11641690482395
maxchirp = 26.11661690482395
mincov = 14838760148.261206
maxcov = 1483876014826.1206
