
[data]
trigger-time = 1162397534.951333
injection-file = /work/shashwat.singh/Prospects-of-LGWs/unlens/injection.hdf

[global]
instruments = E1 E2 E3 C1 C2
mass1_ref = 30.00000000433991
mass2_ref = 30.000000003370754
minchirp = 26.116416902239987
maxchirp = 26.116616902239986
mincov = 154355601584.56906
maxcov = 15435560158456.906
