
[data]
trigger-time = 1758719017.2584658
injection-file = /work/shashwat.singh/Prospects-of-LGWs/unlens/injection.hdf

[global]
instruments = E1 E2 E3 C1 C2
mass1_ref = 30.000000007180496
mass2_ref = 30.000000003818258
minchirp = 26.116416903671208
maxchirp = 26.116616903671208
mincov = 56905438263.50862
maxcov = 5690543826350.861
