
[data]
trigger-time = 1487365176.7695336
injection-file = /work/shashwat.singh/Prospects-of-LGWs/unlens/injection.hdf

[global]
instruments = E1 E2 E3 C1 C2
mass1_ref = 30.000000008091025
mass2_ref = 30.000000006384163
minchirp = 26.116416905184415
maxchirp = 26.116616905184415
mincov = 4117038493.4277296
maxcov = 411703849342.77295
