
[data]
trigger-time = 1891667398.3585787
injection-file = /work/shashwat.singh/Prospects-of-LGWs/unlens/injection.hdf

[global]
instruments = E1 E2 E3 C1 C2
mass1_ref = 30.000000008207042
mass2_ref = 30.0000000050391
minchirp = 26.116416904649444
maxchirp = 26.116616904649444
mincov = 178947673796.39154
maxcov = 17894767379639.156
