
[data]
trigger-time = 1216193625.7847872
injection-file = /work/shashwat.singh/Prospects-of-LGWs/unlens/injection.hdf

[global]
instruments = E1 E2 E3 C1 C2
mass1_ref = 30.000000007176762
mass2_ref = 30.000000001301014
minchirp = 26.116416902573892
maxchirp = 26.11661690257389
mincov = 140747317608.2081
maxcov = 14074731760820.81
