
[data]
trigger-time = 1175470854.8566146
injection-file = /work/shashwat.singh/Prospects-of-LGWs/unlens/injection.hdf

[global]
instruments = E1 E2 E3 C1 C2
mass1_ref = 30.00000000343028
mass2_ref = 30.000000000401847
minchirp = 26.116416900551755
maxchirp = 26.116616900551755
mincov = 9689102508.592747
maxcov = 968910250859.2747
