
[data]
trigger-time = 1159785007.7975805
injection-file = /work/shashwat.singh/Prospects-of-LGWs/unlens/injection.hdf

[global]
instruments = E1 E2 E3 C1 C2
mass1_ref = 30.00000000089032
mass2_ref = 30.00000000094237
minchirp = 26.11641689968145
maxchirp = 26.11661689968145
mincov = 62872815.0527349
maxcov = 6287281505.27349
