
[data]
trigger-time = 1535212311.7029147
injection-file = /work/shashwat.singh/Prospects-of-LGWs/unlens/injection.hdf

[global]
instruments = E1 E2 E3 C1 C2
mass1_ref = 30.000000007317237
mass2_ref = 30.000000000879748
minchirp = 26.116416902451668
maxchirp = 26.116616902451668
mincov = 29004884454.858875
maxcov = 2900488445485.8877
