
[data]
trigger-time = 1389402994.1577935
injection-file = /work/shashwat.singh/Prospects-of-LGWs/unlens/injection.hdf

[global]
instruments = E1 E2 E3 C1 C2
mass1_ref = 30.000000002779164
mass2_ref = 30.000000009395613
minchirp = 26.116416904183104
maxchirp = 26.116616904183104
mincov = 31292837165.38978
maxcov = 3129283716538.9775
