
[data]
trigger-time = 1565457204.7170243
injection-file = /work/shashwat.singh/Prospects-of-LGWs/unlens/injection.hdf

[global]
instruments = E1 E2 E3 C1 C2
mass1_ref = 30.00000000369525
mass2_ref = 30.000000001046025
minchirp = 26.116416900947485
maxchirp = 26.116616900947484
mincov = 13616060910.991528
maxcov = 1361606091099.1526
