
[data]
trigger-time = 1222727175.9584682
injection-file = /work/shashwat.singh/Prospects-of-LGWs/unlens/injection.hdf

[global]
instruments = E1 E2 E3 C1 C2
mass1_ref = 30.000000009224237
mass2_ref = 30.00000000248567
minchirp = 26.116416903980756
maxchirp = 26.116616903980756
mincov = 176316012062.6307
maxcov = 17631601206263.07
