
[data]
trigger-time = 1703928864.5081716
injection-file = /work/shashwat.singh/Prospects-of-LGWs/unlens/injection.hdf

[global]
instruments = E1 E2 E3 C1 C2
mass1_ref = 30.000000002559013
mass2_ref = 30.000000002708404
minchirp = 26.1164169011765
maxchirp = 26.1166169011765
mincov = 129992344288.66806
maxcov = 12999234428866.807
