
[data]
trigger-time = 1138629513.3230007
injection-file = /work/shashwat.singh/Prospects-of-LGWs/unlens/injection.hdf

[global]
instruments = E1 E2 E3 C1 C2
mass1_ref = 30.000000000354778
mass2_ref = 30.000000001524544
minchirp = 26.116416899701747
maxchirp = 26.116616899701746
mincov = 35958035362.06012
maxcov = 3595803536206.0117
