
[data]
trigger-time = 1953702609.8150437
injection-file = /work/shashwat.singh/Prospects-of-LGWs/unlens/injection.hdf

[global]
instruments = E1 E2 E3 C1 C2
mass1_ref = 30.000000008701313
mass2_ref = 30.000000002817853
minchirp = 26.116416903897733
maxchirp = 26.116616903897732
mincov = 157909266842.18033
maxcov = 15790926684218.031
