
[data]
trigger-time = 1348043635.3510022
injection-file = /work/shashwat.singh/Prospects-of-LGWs/unlens/injection.hdf

[global]
instruments = E1 E2 E3 C1 C2
mass1_ref = 30.000000004242633
mass2_ref = 30.000000006352508
minchirp = 26.11641690349553
maxchirp = 26.11661690349553
mincov = 94752261253.05022
maxcov = 9475226125305.021
