
[data]
trigger-time = 1233669483.70008
injection-file = /work/shashwat.singh/Prospects-of-LGWs/unlens/injection.hdf

[global]
instruments = E1 E2 E3 C1 C2
mass1_ref = 30.00000000077951
mass2_ref = 30.00000000694523
minchirp = 26.116416902246115
maxchirp = 26.116616902246115
mincov = 18637020325.499527
maxcov = 1863702032549.9526
