
[data]
trigger-time = 1272715677.6717892
injection-file = /work/shashwat.singh/Prospects-of-LGWs/unlens/injection.hdf

[global]
instruments = E1 E2 E3 C1 C2
mass1_ref = 30.00000000904165
mass2_ref = 30.00000000977468
minchirp = 26.116416907074008
maxchirp = 26.116616907074008
mincov = 11669572518.621248
maxcov = 1166957251862.1248
