
[data]
trigger-time = 1823919982.1065845
injection-file = /work/shashwat.singh/Prospects-of-LGWs/unlens/injection.hdf

[global]
instruments = E1 E2 E3 C1 C2
mass1_ref = 30.000000007854208
mass2_ref = 30.00000000533084
minchirp = 26.116416904622852
maxchirp = 26.116616904622852
mincov = 91238312406.66652
maxcov = 9123831240666.652
