
[data]
trigger-time = 1455643026.0402958
injection-file = /work/shashwat.singh/Prospects-of-LGWs/unlens/injection.hdf

[global]
instruments = E1 E2 E3 C1 C2
mass1_ref = 30.00000000782582
mass2_ref = 30.000000009899253
minchirp = 26.116416906599014
maxchirp = 26.116616906599013
mincov = 102466350770.50632
maxcov = 10246635077050.633
