
[data]
trigger-time = 1516971252.6086931
injection-file = /work/shashwat.singh/Prospects-of-LGWs/unlens/injection.hdf

[global]
instruments = E1 E2 E3 C1 C2
mass1_ref = 30.00000000797921
mass2_ref = 30.000000002881407
minchirp = 26.116416903611082
maxchirp = 26.11661690361108
mincov = 128051979072.81807
maxcov = 12805197907281.807
