
[data]
trigger-time = 1454852362.6060982
injection-file = /work/shashwat.singh/Prospects-of-LGWs/unlens/injection.hdf

[global]
instruments = E1 E2 E3 C1 C2
mass1_ref = 30.00000000828295
mass2_ref = 30.000000007037684
minchirp = 26.11641690555242
maxchirp = 26.11661690555242
mincov = 49683071111.690025
maxcov = 4968307111169.003
