
[data]
trigger-time = 1424707436.44624
injection-file = /work/shashwat.singh/Prospects-of-LGWs/unlens/injection.hdf

[global]
instruments = E1 E2 E3 C1 C2
mass1_ref = 30.000000007415753
mass2_ref = 30.00000000337999
minchirp = 26.116416903582845
maxchirp = 26.116616903582845
mincov = 149652405198.86804
maxcov = 14965240519886.805
