
[data]
trigger-time = 1637183220.2360158
injection-file = /work/shashwat.singh/Prospects-of-LGWs/unlens/injection.hdf

[global]
instruments = E1 E2 E3 C1 C2
mass1_ref = 30.000000003900777
mass2_ref = 30.00000000977929
minchirp = 26.116416904838317
maxchirp = 26.116616904838317
mincov = 111661860553.33594
maxcov = 11166186055333.594
