
[data]
trigger-time = 1484903053.782133
injection-file = /work/shashwat.singh/Prospects-of-LGWs/unlens/injection.hdf

[global]
instruments = E1 E2 E3 C1 C2
mass1_ref = 30.000000001885518
mass2_ref = 30.000000004757784
minchirp = 26.11641690177539
maxchirp = 26.11661690177539
mincov = 78990119499.39888
maxcov = 7899011949939.888
