
[data]
trigger-time = 1163253211.7524128
injection-file = /work/shashwat.singh/Prospects-of-LGWs/unlens/injection.hdf

[global]
instruments = E1 E2 E3 C1 C2
mass1_ref = 30.000000002651973
mass2_ref = 30.000000008809398
minchirp = 26.116416903872572
maxchirp = 26.116616903872572
mincov = 117292023927.29785
maxcov = 11729202392729.785
