
[data]
trigger-time = 1508748426.182715
injection-file = /work/shashwat.singh/Prospects-of-LGWs/unlens/injection.hdf

[global]
instruments = E1 E2 E3 C1 C2
mass1_ref = 30.000000007406186
mass2_ref = 30.00000000068161
minchirp = 26.11641690240414
maxchirp = 26.11661690240414
mincov = 98666133629.47122
maxcov = 9866613362947.121
