
[data]
trigger-time = 1631294819.724702
injection-file = /work/shashwat.singh/Prospects-of-LGWs/unlens/injection.hdf

[global]
instruments = E1 E2 E3 C1 C2
mass1_ref = 30.00000000555469
mass2_ref = 30.000000004032866
minchirp = 26.11641690305695
maxchirp = 26.11661690305695
mincov = 170321998812.47247
maxcov = 17032199881247.248
