
[data]
trigger-time = 1118571781.86131
injection-file = /work/shashwat.singh/Prospects-of-LGWs/unlens/injection.hdf

[global]
instruments = E1 E2 E3 C1 C2
mass1_ref = 30.00000000555646
mass2_ref = 30.000000008856688
minchirp = 26.11641690515741
maxchirp = 26.11661690515741
mincov = 142934849435.7139
maxcov = 14293484943571.389
