
[data]
trigger-time = 1519475768.4716089
injection-file = /work/shashwat.singh/Prospects-of-LGWs/unlens/injection.hdf

[global]
instruments = E1 E2 E3 C1 C2
mass1_ref = 30.000000008441656
mass2_ref = 30.00000000752827
minchirp = 26.11641690583504
maxchirp = 26.11661690583504
mincov = 106939737925.61038
maxcov = 10693973792561.04
