
[data]
trigger-time = 1677845207.608834
injection-file = /work/shashwat.singh/Prospects-of-LGWs/unlens/injection.hdf

[global]
instruments = E1 E2 E3 C1 C2
mass1_ref = 30.000000004159244
mass2_ref = 30.000000008558313
minchirp = 26.116416904419363
maxchirp = 26.116616904419363
mincov = 214638.51712006432
maxcov = 21463851.712006435
