
[data]
trigger-time = 1132864913.652145
injection-file = /work/shashwat.singh/Prospects-of-LGWs/unlens/injection.hdf

[global]
instruments = E1 E2 E3 C1 C2
mass1_ref = 30.000000007754206
mass2_ref = 30.000000000983935
minchirp = 26.11641690268722
maxchirp = 26.11661690268722
mincov = 150452366583.23962
maxcov = 15045236658323.963
