
[data]
trigger-time = 1874191169.618183
injection-file = /work/shashwat.singh/Prospects-of-LGWs/unlens/injection.hdf

[global]
instruments = E1 E2 E3 C1 C2
mass1_ref = 30.000000001966328
mass2_ref = 30.000000002472444
minchirp = 26.116416900815814
maxchirp = 26.116616900815814
mincov = 131153791642.49333
maxcov = 13115379164249.334
