
[data]
trigger-time = 1134295004.7617817
injection-file = /work/shashwat.singh/Prospects-of-LGWs/unlens/injection.hdf

[global]
instruments = E1 E2 E3 C1 C2
mass1_ref = 30.000000009771572
mass2_ref = 30.000000007499445
minchirp = 26.116416906401373
maxchirp = 26.116616906401372
mincov = 29459306542.111187
maxcov = 2945930654211.1187
