
[data]
trigger-time = 1453625125.6637526
injection-file = /work/shashwat.singh/Prospects-of-LGWs/unlens/injection.hdf

[global]
instruments = E1 E2 E3 C1 C2
mass1_ref = 30.00000000037865
mass2_ref = 30.00000000569491
minchirp = 26.116416901527394
maxchirp = 26.116616901527394
mincov = 96699968081.78731
maxcov = 9669996808178.73
