
[data]
trigger-time = 1132347774.1650863
injection-file = /work/shashwat.singh/Prospects-of-LGWs/unlens/injection.hdf

[global]
instruments = E1 E2 E3 C1 C2
mass1_ref = 30.000000002964857
mass2_ref = 30.00000000843275
minchirp = 26.116416903844822
maxchirp = 26.11661690384482
mincov = 113016116613.86287
maxcov = 11301611661386.287
