
[data]
trigger-time = 1099526307.5446806
injection-file = /work/shashwat.singh/Prospects-of-LGWs/unlens/injection.hdf

[global]
instruments = E1 E2 E3 C1 C2
mass1_ref = 30.000000000977977
mass2_ref = 30.000000009230106
minchirp = 26.11641690332705
maxchirp = 26.11661690332705
mincov = 134389058244.97209
maxcov = 13438905824497.209
