
[data]
trigger-time = 1690217095.338626
injection-file = /work/shashwat.singh/Prospects-of-LGWs/unlens/injection.hdf

[global]
instruments = E1 E2 E3 C1 C2
mass1_ref = 30.000000004290808
mass2_ref = 30.00000000562238
minchirp = 26.11641690319869
maxchirp = 26.11661690319869
mincov = 153586179692.69775
maxcov = 15358617969269.775
