
[data]
trigger-time = 1223422294.3007762
injection-file = /work/shashwat.singh/Prospects-of-LGWs/unlens/injection.hdf

[global]
instruments = E1 E2 E3 C1 C2
mass1_ref = 30.000000007316668
mass2_ref = 30.000000006384898
minchirp = 26.11641690484768
maxchirp = 26.116616904847678
mincov = 22334372720.786175
maxcov = 2233437272078.6177
