
[data]
trigger-time = 1801293275.5602746
injection-file = /work/shashwat.singh/Prospects-of-LGWs/unlens/injection.hdf

[global]
instruments = E1 E2 E3 C1 C2
mass1_ref = 30.000000002847113
mass2_ref = 30.00000000193934
minchirp = 26.11641690096715
maxchirp = 26.11661690096715
mincov = 8299979340.192476
maxcov = 829997934019.2476
