
[data]
trigger-time = 1891851375.5173635
injection-file = /work/shashwat.singh/Prospects-of-LGWs/unlens/injection.hdf

[global]
instruments = E1 E2 E3 C1 C2
mass1_ref = 30.00000000993692
mass2_ref = 30.00000000174813
minchirp = 26.116416903969935
maxchirp = 26.116616903969934
mincov = 87928517055.63638
maxcov = 8792851705563.639
