
[data]
trigger-time = 1933995918.4320164
injection-file = /work/shashwat.singh/Prospects-of-LGWs/unlens/injection.hdf

[global]
instruments = E1 E2 E3 C1 C2
mass1_ref = 30.000000005449362
mass2_ref = 30.00000000239852
minchirp = 26.11641690229971
maxchirp = 26.11661690229971
mincov = 156373498164.90552
maxcov = 15637349816490.55
