
[data]
trigger-time = 1383636522.1281915
injection-file = /work/shashwat.singh/Prospects-of-LGWs/unlens/injection.hdf

[global]
instruments = E1 E2 E3 C1 C2
mass1_ref = 30.00000000940961
mass2_ref = 30.000000005199897
minchirp = 26.116416905242883
maxchirp = 26.116616905242882
mincov = 172637074386.6793
maxcov = 17263707438667.93
