
[data]
trigger-time = 1458819348.6827984
injection-file = /work/shashwat.singh/Prospects-of-LGWs/unlens/injection.hdf

[global]
instruments = E1 E2 E3 C1 C2
mass1_ref = 30.00000000821291
mass2_ref = 30.00000000525777
minchirp = 26.11641690474718
maxchirp = 26.11661690474718
mincov = 75170568154.61604
maxcov = 7517056815461.604
