
[data]
trigger-time = 1750309349.505771
injection-file = /work/shashwat.singh/Prospects-of-LGWs/unlens/injection.hdf

[global]
instruments = E1 E2 E3 C1 C2
mass1_ref = 30.000000003991097
mass2_ref = 30.00000000014431
minchirp = 26.116416900683767
maxchirp = 26.116616900683766
mincov = 171770252251.49298
maxcov = 17177025225149.297
