
[data]
trigger-time = 1519981659.8231003
injection-file = /work/shashwat.singh/Prospects-of-LGWs/unlens/injection.hdf

[global]
instruments = E1 E2 E3 C1 C2
mass1_ref = 30.000000004970506
mass2_ref = 30.00000000184293
minchirp = 26.116416901849444
maxchirp = 26.116616901849444
mincov = 39587215570.72018
maxcov = 3958721557072.0176
