
[data]
trigger-time = 1286509910.1926832
injection-file = /work/shashwat.singh/Prospects-of-LGWs/unlens/injection.hdf

[global]
instruments = E1 E2 E3 C1 C2
mass1_ref = 30.000000006419487
mass2_ref = 30.000000001149655
minchirp = 26.116416902178383
maxchirp = 26.116616902178382
mincov = 25862291540.387672
maxcov = 2586229154038.767
