
[data]
trigger-time = 1131454847.9721036
injection-file = /work/shashwat.singh/Prospects-of-LGWs/unlens/injection.hdf

[global]
instruments = E1 E2 E3 C1 C2
mass1_ref = 30.000000001471093
mass2_ref = 30.000000006356196
minchirp = 26.116416902290748
maxchirp = 26.116616902290748
mincov = 117321294910.81259
maxcov = 11732129491081.26
