
[data]
trigger-time = 1274039647.505972
injection-file = /work/shashwat.singh/Prospects-of-LGWs/unlens/injection.hdf

[global]
instruments = E1 E2 E3 C1 C2
mass1_ref = 30.00000000863459
mass2_ref = 30.000000002535533
minchirp = 26.1164169037458
maxchirp = 26.1166169037458
mincov = 109828164368.53067
maxcov = 10982816436853.066
