
[data]
trigger-time = 1902193999.8712854
injection-file = /work/shashwat.singh/Prospects-of-LGWs/unlens/injection.hdf

[global]
instruments = E1 E2 E3 C1 C2
mass1_ref = 30.00000000637945
mass2_ref = 30.000000009868454
minchirp = 26.116416905956036
maxchirp = 26.116616905956036
mincov = 49709629558.56673
maxcov = 4970962955856.673
