
[data]
trigger-time = 1790443226.028049
injection-file = /work/shashwat.singh/Prospects-of-LGWs/unlens/injection.hdf

[global]
instruments = E1 E2 E3 C1 C2
mass1_ref = 30.000000007397475
mass2_ref = 30.00000000346436
minchirp = 26.116416903611615
maxchirp = 26.116616903611614
mincov = 114053722659.1871
maxcov = 11405372265918.71
