
[data]
trigger-time = 1768532758.9280672
injection-file = /work/shashwat.singh/Prospects-of-LGWs/unlens/injection.hdf

[global]
instruments = E1 E2 E3 C1 C2
mass1_ref = 30.00000000340345
mass2_ref = 30.000000000982453
minchirp = 26.1164169007928
maxchirp = 26.1166169007928
mincov = 12723304962.585186
maxcov = 1272330496258.5186
