
[data]
trigger-time = 1602436887.0123124
injection-file = /work/shashwat.singh/Prospects-of-LGWs/unlens/injection.hdf

[global]
instruments = E1 E2 E3 C1 C2
mass1_ref = 30.00000000745956
mass2_ref = 30.000000006181903
minchirp = 26.116416904821516
maxchirp = 26.116616904821516
mincov = 173733095524.63712
maxcov = 17373309552463.71
