
[data]
trigger-time = 1338468056.663723
injection-file = /work/shashwat.singh/Prospects-of-LGWs/unlens/injection.hdf

[global]
instruments = E1 E2 E3 C1 C2
mass1_ref = 30.000000001146443
mass2_ref = 30.000000007953734
minchirp = 26.116416902844804
maxchirp = 26.116616902844804
mincov = 168678550625.31268
maxcov = 16867855062531.27
