
[data]
trigger-time = 1164760343.0841675
injection-file = /work/shashwat.singh/Prospects-of-LGWs/unlens/injection.hdf

[global]
instruments = E1 E2 E3 C1 C2
mass1_ref = 30.000000009137388
mass2_ref = 30.000000007521407
minchirp = 26.116416906134887
maxchirp = 26.116616906134887
mincov = 139449688555.02368
maxcov = 13944968855502.367
