
[data]
trigger-time = 1424316202.936397
injection-file = /work/shashwat.singh/Prospects-of-LGWs/unlens/injection.hdf

[global]
instruments = E1 E2 E3 C1 C2
mass1_ref = 30.000000007009355
mass2_ref = 30.000000006567248
minchirp = 26.116416904793283
maxchirp = 26.116616904793283
mincov = 24104266745.025425
maxcov = 2410426674502.5425
