
[data]
trigger-time = 1100034301.2383728
injection-file = /work/shashwat.singh/Prospects-of-LGWs/unlens/injection.hdf

[global]
instruments = E1 E2 E3 C1 C2
mass1_ref = 30.000000005111694
mass2_ref = 30.000000002922697
minchirp = 26.116416902380895
maxchirp = 26.116616902380894
mincov = 83944045690.41557
maxcov = 8394404569041.558
