
[data]
trigger-time = 1797640224.1361256
injection-file = /work/shashwat.singh/Prospects-of-LGWs/unlens/injection.hdf

[global]
instruments = E1 E2 E3 C1 C2
mass1_ref = 30.000000001929152
mass2_ref = 30.000000003171166
minchirp = 26.116416901103765
maxchirp = 26.116616901103765
mincov = 140771482195.36206
maxcov = 14077148219536.207
