
[data]
trigger-time = 1181335438.4977882
injection-file = /work/shashwat.singh/Prospects-of-LGWs/unlens/injection.hdf

[global]
instruments = E1 E2 E3 C1 C2
mass1_ref = 30.000000003456933
mass2_ref = 30.000000007049795
minchirp = 26.116416903457043
maxchirp = 26.116616903457043
mincov = 1447575167.3483844
maxcov = 144757516734.83844
