
[data]
trigger-time = 1455051171.6887722
injection-file = /work/shashwat.singh/Prospects-of-LGWs/unlens/injection.hdf

[global]
instruments = E1 E2 E3 C1 C2
mass1_ref = 30.000000001259323
mass2_ref = 30.000000000383167
minchirp = 26.116416899598658
maxchirp = 26.116616899598657
mincov = 58994791387.23832
maxcov = 5899479138723.832
