
[data]
trigger-time = 1394714833.8955688
injection-file = /work/shashwat.singh/Prospects-of-LGWs/unlens/injection.hdf

[global]
instruments = E1 E2 E3 C1 C2
mass1_ref = 30.00000000425407
mass2_ref = 30.000000006779914
minchirp = 26.116416903686545
maxchirp = 26.116616903686545
mincov = 64239560280.78075
maxcov = 6423956028078.075
