
[data]
trigger-time = 1586867557.8451486
injection-file = /work/shashwat.singh/Prospects-of-LGWs/unlens/injection.hdf

[global]
instruments = E1 E2 E3 C1 C2
mass1_ref = 30.000000004222407
mass2_ref = 30.000000004192827
minchirp = 26.116416902546668
maxchirp = 26.116616902546667
mincov = 165175146973.32755
maxcov = 16517514697332.754
