
[data]
trigger-time = 1152888901.9167209
injection-file = /work/shashwat.singh/Prospects-of-LGWs/unlens/injection.hdf

[global]
instruments = E1 E2 E3 C1 C2
mass1_ref = 30.00000000286608
mass2_ref = 30.000000005908866
minchirp = 26.116416902703243
maxchirp = 26.116616902703242
mincov = 98184867629.50879
maxcov = 9818486762950.879
