
[data]
trigger-time = 1437868744.990542
injection-file = /work/shashwat.singh/Prospects-of-LGWs/unlens/injection.hdf

[global]
instruments = E1 E2 E3 C1 C2
mass1_ref = 30.000000005416165
mass2_ref = 30.000000008143278
minchirp = 26.116416904785815
maxchirp = 26.116616904785815
mincov = 23970718553.29657
maxcov = 2397071855329.657
