
[data]
trigger-time = 1863504468.3298826
injection-file = /work/shashwat.singh/Prospects-of-LGWs/unlens/injection.hdf

[global]
instruments = E1 E2 E3 C1 C2
mass1_ref = 30.000000007126523
mass2_ref = 30.000000004877066
minchirp = 26.11641690410859
maxchirp = 26.11661690410859
mincov = 141642407101.23737
maxcov = 14164240710123.734
