
[data]
trigger-time = 1581410449.6239638
injection-file = /work/shashwat.singh/Prospects-of-LGWs/unlens/injection.hdf

[global]
instruments = E1 E2 E3 C1 C2
mass1_ref = 30.000000005924807
mass2_ref = 30.000000005207877
minchirp = 26.116416903729505
maxchirp = 26.116616903729504
mincov = 54196267073.64888
maxcov = 5419626707364.889
