
[data]
trigger-time = 1411125412.8996677
injection-file = /work/shashwat.singh/Prospects-of-LGWs/unlens/injection.hdf

[global]
instruments = E1 E2 E3 C1 C2
mass1_ref = 30.00000000409618
mass2_ref = 30.00000000349924
minchirp = 26.116416902189822
maxchirp = 26.116616902189822
mincov = 29610074508.331005
maxcov = 2961007450833.1006
