
[data]
trigger-time = 1755277036.6875205
injection-file = /work/shashwat.singh/Prospects-of-LGWs/unlens/injection.hdf

[global]
instruments = E1 E2 E3 C1 C2
mass1_ref = 30.000000004105523
mass2_ref = 30.00000000982616
minchirp = 26.11641690494784
maxchirp = 26.11661690494784
mincov = 116466268056.00916
maxcov = 11646626805600.916
