
[data]
trigger-time = 1560703595.7381501
injection-file = /work/shashwat.singh/Prospects-of-LGWs/unlens/injection.hdf

[global]
instruments = E1 E2 E3 C1 C2
mass1_ref = 30.00000000549546
mass2_ref = 30.000000009271627
minchirp = 26.116416905311475
maxchirp = 26.116616905311474
mincov = 86672645624.89885
maxcov = 8667264562489.885
