
[data]
trigger-time = 1493784880.0393207
injection-file = /work/shashwat.singh/Prospects-of-LGWs/unlens/injection.hdf

[global]
instruments = E1 E2 E3 C1 C2
mass1_ref = 30.000000004622933
mass2_ref = 30.00000000634141
minchirp = 26.11641690365623
maxchirp = 26.11661690365623
mincov = 101729192797.0232
maxcov = 10172919279702.32
