
[data]
trigger-time = 1226319377.97523
injection-file = /work/shashwat.singh/Prospects-of-LGWs/unlens/injection.hdf

[global]
instruments = E1 E2 E3 C1 C2
mass1_ref = 30.000000001514742
mass2_ref = 30.0000000072034
minchirp = 26.116416902678516
maxchirp = 26.116616902678516
mincov = 14785872340.347809
maxcov = 1478587234034.7808
