
[data]
trigger-time = 1810984603.26214
injection-file = /work/shashwat.singh/Prospects-of-LGWs/unlens/injection.hdf

[global]
instruments = E1 E2 E3 C1 C2
mass1_ref = 30.000000002461732
mass2_ref = 30.000000004489767
minchirp = 26.116416901909542
maxchirp = 26.11661690190954
mincov = 65772607107.642685
maxcov = 6577260710764.269
