
[data]
trigger-time = 1298874982.9613123
injection-file = /work/shashwat.singh/Prospects-of-LGWs/unlens/injection.hdf

[global]
instruments = E1 E2 E3 C1 C2
mass1_ref = 30.00000000037402
mass2_ref = 30.00000000085398
minchirp = 26.116416899418244
maxchirp = 26.116616899418243
mincov = 101898227669.10161
maxcov = 10189822766910.16
