
[data]
trigger-time = 1999659801.1338005
injection-file = /work/shashwat.singh/Prospects-of-LGWs/unlens/injection.hdf

[global]
instruments = E1 E2 E3 C1 C2
mass1_ref = 30.000000000532513
mass2_ref = 30.00000000084203
minchirp = 26.11641689948203
maxchirp = 26.11661689948203
mincov = 55237290575.21675
maxcov = 5523729057521.675
