
[data]
trigger-time = 1399603408.2280314
injection-file = /work/shashwat.singh/Prospects-of-LGWs/unlens/injection.hdf

[global]
instruments = E1 E2 E3 C1 C2
mass1_ref = 30.00000000941318
mass2_ref = 30.00000000686479
minchirp = 26.116416905969125
maxchirp = 26.116616905969124
mincov = 132649584732.93965
maxcov = 13264958473293.965
