
[data]
trigger-time = 1135867946.6101131
injection-file = /work/shashwat.singh/Prospects-of-LGWs/unlens/injection.hdf

[global]
instruments = E1 E2 E3 C1 C2
mass1_ref = 30.00000000896267
mass2_ref = 30.000000002682086
minchirp = 26.1164169039524
maxchirp = 26.116616903952398
mincov = 27490401027.988556
maxcov = 2749040102798.8555
