
[data]
trigger-time = 1467792580.7705643
injection-file = /work/shashwat.singh/Prospects-of-LGWs/unlens/injection.hdf

[global]
instruments = E1 E2 E3 C1 C2
mass1_ref = 30.00000000252785
mass2_ref = 30.00000000373257
minchirp = 26.11641690160873
maxchirp = 26.11661690160873
mincov = 141934257782.60638
maxcov = 14193425778260.637
