
[data]
trigger-time = 1440470453.953085
injection-file = /work/shashwat.singh/Prospects-of-LGWs/unlens/injection.hdf

[global]
instruments = E1 E2 E3 C1 C2
mass1_ref = 30.000000006054663
mass2_ref = 30.000000005236856
minchirp = 26.116416903798644
maxchirp = 26.116616903798644
mincov = 53840146231.94472
maxcov = 5384014623194.472
