
[data]
trigger-time = 1799548494.7130733
injection-file = /work/shashwat.singh/Prospects-of-LGWs/unlens/injection.hdf

[global]
instruments = E1 E2 E3 C1 C2
mass1_ref = 30.000000001940684
mass2_ref = 30.000000009777967
minchirp = 26.116416903984565
maxchirp = 26.116616903984564
mincov = 110669970805.08723
maxcov = 11066997080508.723
