
[data]
trigger-time = 1880748678.9084668
injection-file = /work/shashwat.singh/Prospects-of-LGWs/unlens/injection.hdf

[global]
instruments = E1 E2 E3 C1 C2
mass1_ref = 30.00000000333824
mass2_ref = 30.000000008927266
minchirp = 26.116416904222596
maxchirp = 26.116616904222596
mincov = 66776066606.73486
maxcov = 6677606660673.486
