
[data]
trigger-time = 1379529162.2560291
injection-file = /work/shashwat.singh/Prospects-of-LGWs/unlens/injection.hdf

[global]
instruments = E1 E2 E3 C1 C2
mass1_ref = 30.000000008931714
mass2_ref = 30.000000009147886
minchirp = 26.11641690675333
maxchirp = 26.11661690675333
mincov = 91790505695.38454
maxcov = 9179050569538.453
