
[data]
trigger-time = 1946292310.482012
injection-file = /work/shashwat.singh/Prospects-of-LGWs/unlens/injection.hdf

[global]
instruments = E1 E2 E3 C1 C2
mass1_ref = 30.00000000144157
mass2_ref = 30.00000000730786
minchirp = 26.116416902692134
maxchirp = 26.116616902692133
mincov = 91619890228.82181
maxcov = 9161989022882.182
