
[data]
trigger-time = 1797020170.446694
injection-file = /work/shashwat.singh/Prospects-of-LGWs/unlens/injection.hdf

[global]
instruments = E1 E2 E3 C1 C2
mass1_ref = 30.000000007198526
mass2_ref = 30.000000006741992
minchirp = 26.116416904951688
maxchirp = 26.116616904951687
mincov = 142049731656.44406
maxcov = 14204973165644.406
