
[data]
trigger-time = 1872290937.895819
injection-file = /work/shashwat.singh/Prospects-of-LGWs/unlens/injection.hdf

[global]
instruments = E1 E2 E3 C1 C2
mass1_ref = 30.00000000426981
mass2_ref = 30.00000000214882
minchirp = 26.116416901677596
maxchirp = 26.116616901677595
mincov = 178745344599.72403
maxcov = 17874534459972.402
