
[data]
trigger-time = 1794676986.7716255
injection-file = /work/shashwat.singh/Prospects-of-LGWs/unlens/injection.hdf

[global]
instruments = E1 E2 E3 C1 C2
mass1_ref = 30.000000001122956
mass2_ref = 30.000000008246833
minchirp = 26.116416902962165
maxchirp = 26.116616902962164
mincov = 52490639839.587234
maxcov = 5249063983958.723
