
[data]
trigger-time = 1820219830.4301367
injection-file = /work/shashwat.singh/Prospects-of-LGWs/unlens/injection.hdf

[global]
instruments = E1 E2 E3 C1 C2
mass1_ref = 30.00000000119502
mass2_ref = 30.000000002450516
minchirp = 26.116416900470536
maxchirp = 26.116616900470536
mincov = 648085476.3337297
maxcov = 64808547633.37297
