
[data]
trigger-time = 1105491274.6689284
injection-file = /work/shashwat.singh/Prospects-of-LGWs/unlens/injection.hdf

[global]
instruments = E1 E2 E3 C1 C2
mass1_ref = 30.00000000499592
mass2_ref = 30.000000002639357
minchirp = 26.116416902207174
maxchirp = 26.116616902207173
mincov = 3974097302.838014
maxcov = 397409730283.8014
