
[data]
trigger-time = 1423616035.0783048
injection-file = /work/shashwat.singh/Prospects-of-LGWs/unlens/injection.hdf

[global]
instruments = E1 E2 E3 C1 C2
mass1_ref = 30.000000006520818
mass2_ref = 30.00000000294327
minchirp = 26.11641690300321
maxchirp = 26.11661690300321
mincov = 107102595247.01117
maxcov = 10710259524701.117
