
[data]
trigger-time = 1428756433.291891
injection-file = /work/shashwat.singh/Prospects-of-LGWs/unlens/injection.hdf

[global]
instruments = E1 E2 E3 C1 C2
mass1_ref = 30.000000007167188
mass2_ref = 30.00000000142139
minchirp = 26.11641690262212
maxchirp = 26.11661690262212
mincov = 136970647686.83867
maxcov = 13697064768683.867
