
[data]
trigger-time = 1705979483.7323112
injection-file = /work/shashwat.singh/Prospects-of-LGWs/unlens/injection.hdf

[global]
instruments = E1 E2 E3 C1 C2
mass1_ref = 30.00000000076122
mass2_ref = 30.000000000758973
minchirp = 26.116416899545428
maxchirp = 26.116616899545427
mincov = 67868472285.06156
maxcov = 6786847228506.156
