
[data]
trigger-time = 1284037483.9138083
injection-file = /work/shashwat.singh/Prospects-of-LGWs/unlens/injection.hdf

[global]
instruments = E1 E2 E3 C1 C2
mass1_ref = 30.000000007137245
mass2_ref = 30.000000005845948
minchirp = 26.116416904534987
maxchirp = 26.116616904534986
mincov = 17801396148.319138
maxcov = 1780139614831.9138
