
[data]
trigger-time = 1976308882.2509623
injection-file = /work/shashwat.singh/Prospects-of-LGWs/unlens/injection.hdf

[global]
instruments = E1 E2 E3 C1 C2
mass1_ref = 30.000000001872678
mass2_ref = 30.000000009712537
minchirp = 26.11641690392648
maxchirp = 26.11661690392648
mincov = 168311201352.33267
maxcov = 16831120135233.266
