
[data]
trigger-time = 1859466161.529922
injection-file = /work/shashwat.singh/Prospects-of-LGWs/unlens/injection.hdf

[global]
instruments = E1 E2 E3 C1 C2
mass1_ref = 30.000000004242498
mass2_ref = 30.000000004545633
minchirp = 26.11641690270898
maxchirp = 26.11661690270898
mincov = 27207540166.714348
maxcov = 2720754016671.4346
