
[data]
trigger-time = 1801784086.9005394
injection-file = /work/shashwat.singh/Prospects-of-LGWs/unlens/injection.hdf

[global]
instruments = E1 E2 E3 C1 C2
mass1_ref = 30.00000000832218
mass2_ref = 30.000000008533984
minchirp = 26.116416906220795
maxchirp = 26.116616906220795
mincov = 29875196268.73872
maxcov = 2987519626873.872
