
[data]
trigger-time = 1852375756.185669
injection-file = /work/shashwat.singh/Prospects-of-LGWs/unlens/injection.hdf

[global]
instruments = E1 E2 E3 C1 C2
mass1_ref = 30.00000000520349
mass2_ref = 30.000000006769636
minchirp = 26.11641690409533
maxchirp = 26.11661690409533
mincov = 79452253181.32687
maxcov = 7945225318132.687
