
[data]
trigger-time = 1144380217.9714265
injection-file = /work/shashwat.singh/Prospects-of-LGWs/unlens/injection.hdf

[global]
instruments = E1 E2 E3 C1 C2
mass1_ref = 30.000000009756906
mass2_ref = 30.000000004884384
minchirp = 26.116416905256717
maxchirp = 26.116616905256716
mincov = 125409365659.42378
maxcov = 12540936565942.379
