
[data]
trigger-time = 1701652195.085531
injection-file = /work/shashwat.singh/Prospects-of-LGWs/unlens/injection.hdf

[global]
instruments = E1 E2 E3 C1 C2
mass1_ref = 30.00000000483824
mass2_ref = 30.000000003874575
minchirp = 26.1164169026762
maxchirp = 26.1166169026762
mincov = 52973909923.85847
maxcov = 5297390992385.847
