
[data]
trigger-time = 1831667951.942501
injection-file = /work/shashwat.singh/Prospects-of-LGWs/unlens/injection.hdf

[global]
instruments = E1 E2 E3 C1 C2
mass1_ref = 30.000000003508273
mass2_ref = 30.000000004656613
minchirp = 26.1164169024377
maxchirp = 26.1166169024377
mincov = 125839766719.58415
maxcov = 12583976671958.416
