
[data]
trigger-time = 1350578618.213576
injection-file = /work/shashwat.singh/Prospects-of-LGWs/unlens/injection.hdf

[global]
instruments = E1 E2 E3 C1 C2
mass1_ref = 30.000000000226862
mass2_ref = 30.000000005393158
minchirp = 26.11641690132998
maxchirp = 26.11661690132998
mincov = 60588388931.02124
maxcov = 6058838893102.124
