
[data]
trigger-time = 1843001064.474074
injection-file = /work/shashwat.singh/Prospects-of-LGWs/unlens/injection.hdf

[global]
instruments = E1 E2 E3 C1 C2
mass1_ref = 30.000000002879986
mass2_ref = 30.000000006223516
minchirp = 26.116416902846254
maxchirp = 26.116616902846253
mincov = 5522449918.146138
maxcov = 552244991814.6138
