
[data]
trigger-time = 1037411495.3625498
injection-file = /work/shashwat.singh/Prospects-of-LGWs/unlens/injection.hdf

[global]
instruments = E1 E2 E3 C1 C2
mass1_ref = 30.00000000774829
mass2_ref = 30.00000000415271
minchirp = 26.116416904063936
maxchirp = 26.116616904063935
mincov = 68125102391.882225
maxcov = 6812510239188.223
