
[data]
trigger-time = 1617491712.7533345
injection-file = /work/shashwat.singh/Prospects-of-LGWs/unlens/injection.hdf

[global]
instruments = E1 E2 E3 C1 C2
mass1_ref = 30.000000001771852
mass2_ref = 30.000000001289422
minchirp = 26.116416900216223
maxchirp = 26.116616900216222
mincov = 63923709495.31831
maxcov = 6392370949531.831
