
[data]
trigger-time = 1898185911.936233
injection-file = /work/shashwat.singh/Prospects-of-LGWs/unlens/injection.hdf

[global]
instruments = E1 E2 E3 C1 C2
mass1_ref = 30.000000008909883
mass2_ref = 30.000000007905342
minchirp = 26.116416906202975
maxchirp = 26.116616906202974
mincov = 172967377663.10706
maxcov = 17296737766310.705
