
[data]
trigger-time = 1989956867.756785
injection-file = /work/shashwat.singh/Prospects-of-LGWs/unlens/injection.hdf

[global]
instruments = E1 E2 E3 C1 C2
mass1_ref = 30.000000001213113
mass2_ref = 30.00000000958929
minchirp = 26.116416903585744
maxchirp = 26.116616903585744
mincov = 121158717214.82776
maxcov = 12115871721482.775
