
[data]
trigger-time = 1901183850.6586747
injection-file = /work/shashwat.singh/Prospects-of-LGWs/unlens/injection.hdf

[global]
instruments = E1 E2 E3 C1 C2
mass1_ref = 30.000000005171835
mass2_ref = 30.00000000081536
minchirp = 26.116416901489803
maxchirp = 26.116616901489802
mincov = 67922608653.69717
maxcov = 6792260865369.717
