
[data]
trigger-time = 1768499243.52393
injection-file = /work/shashwat.singh/Prospects-of-LGWs/unlens/injection.hdf

[global]
instruments = E1 E2 E3 C1 C2
mass1_ref = 30.000000008585356
mass2_ref = 30.000000008878093
minchirp = 26.11641690648513
maxchirp = 26.11661690648513
mincov = 395864273.27997464
maxcov = 39586427327.99747
