
[data]
trigger-time = 1239399777.570002
injection-file = /work/shashwat.singh/Prospects-of-LGWs/unlens/injection.hdf

[global]
instruments = E1 E2 E3 C1 C2
mass1_ref = 30.00000000218779
mass2_ref = 30.000000000530356
minchirp = 26.116416900066866
maxchirp = 26.116616900066866
mincov = 151828259195.64523
maxcov = 15182825919564.523
