
[data]
trigger-time = 1732500970.099812
injection-file = /work/shashwat.singh/Prospects-of-LGWs/unlens/injection.hdf

[global]
instruments = E1 E2 E3 C1 C2
mass1_ref = 30.00000000998208
mass2_ref = 30.00000000531804
minchirp = 26.11641690554349
maxchirp = 26.116616905543488
mincov = 119360576932.90349
maxcov = 11936057693290.35
