
[data]
trigger-time = 1507694226.962739
injection-file = /work/shashwat.singh/Prospects-of-LGWs/unlens/injection.hdf

[global]
instruments = E1 E2 E3 C1 C2
mass1_ref = 30.00000000212527
mass2_ref = 30.00000000289832
minchirp = 26.11641690107037
maxchirp = 26.11661690107037
mincov = 88655980422.34372
maxcov = 8865598042234.371
