
[data]
trigger-time = 1755386601.3299875
injection-file = /work/shashwat.singh/Prospects-of-LGWs/unlens/injection.hdf

[global]
instruments = E1 E2 E3 C1 C2
mass1_ref = 30.0000000098547
mass2_ref = 30.000000005949538
minchirp = 26.116416905762918
maxchirp = 26.116616905762918
mincov = 128747325630.535
maxcov = 12874732563053.5
