
[data]
trigger-time = 1038051646.560374
injection-file = /work/shashwat.singh/Prospects-of-LGWs/unlens/injection.hdf

[global]
instruments = E1 E2 E3 C1 C2
mass1_ref = 30.000000001930157
mass2_ref = 30.000000003135025
minchirp = 26.116416901088474
maxchirp = 26.116616901088474
mincov = 103603417538.46074
maxcov = 10360341753846.074
