
[data]
trigger-time = 1515352519.0530677
injection-file = /work/shashwat.singh/Prospects-of-LGWs/unlens/injection.hdf

[global]
instruments = E1 E2 E3 C1 C2
mass1_ref = 30.000000004749047
mass2_ref = 30.000000002332204
minchirp = 26.11641690196602
maxchirp = 26.11661690196602
mincov = 48761246494.14021
maxcov = 4876124649414.021
