
[data]
trigger-time = 1942742215.7441711
injection-file = /work/shashwat.singh/Prospects-of-LGWs/unlens/injection.hdf

[global]
instruments = E1 E2 E3 C1 C2
mass1_ref = 30.00000000849386
mass2_ref = 30.000000006008687
minchirp = 26.116416905196324
maxchirp = 26.116616905196324
mincov = 156013883420.47516
maxcov = 15601388342047.516
