
[data]
trigger-time = 1140478262.6763008
injection-file = /work/shashwat.singh/Prospects-of-LGWs/unlens/injection.hdf

[global]
instruments = E1 E2 E3 C1 C2
mass1_ref = 30.000000005561226
mass2_ref = 30.000000001017742
minchirp = 26.11641690174739
maxchirp = 26.11661690174739
mincov = 103655973123.24702
maxcov = 10365597312324.703
