
[data]
trigger-time = 1482724261.7905445
injection-file = /work/shashwat.singh/Prospects-of-LGWs/unlens/injection.hdf

[global]
instruments = E1 E2 E3 C1 C2
mass1_ref = 30.000000009386657
mass2_ref = 30.000000008263026
minchirp = 26.116416906566194
maxchirp = 26.116616906566193
mincov = 136856972585.08513
maxcov = 13685697258508.514
