
[data]
trigger-time = 1753352312.3019207
injection-file = /work/shashwat.singh/Prospects-of-LGWs/unlens/injection.hdf

[global]
instruments = E1 E2 E3 C1 C2
mass1_ref = 30.000000000052513
mass2_ref = 30.000000003927376
minchirp = 26.116416900616073
maxchirp = 26.116616900616073
mincov = 151388126179.78687
maxcov = 15138812617978.688
