
[data]
trigger-time = 1351484402.6847641
injection-file = /work/shashwat.singh/Prospects-of-LGWs/unlens/injection.hdf

[global]
instruments = E1 E2 E3 C1 C2
mass1_ref = 30.000000007512647
mass2_ref = 30.000000003168076
minchirp = 26.116416903532777
maxchirp = 26.116616903532776
mincov = 119619375343.76486
maxcov = 11961937534376.486
