
[data]
trigger-time = 1399506059.499493
injection-file = /work/shashwat.singh/Prospects-of-LGWs/unlens/injection.hdf

[global]
instruments = E1 E2 E3 C1 C2
mass1_ref = 30.000000004617895
mass2_ref = 30.00000000403759
minchirp = 26.116416902651245
maxchirp = 26.116616902651245
mincov = 33689986887.01226
maxcov = 3368998688701.226
