
[data]
trigger-time = 1751925282.2979918
injection-file = /work/shashwat.singh/Prospects-of-LGWs/unlens/injection.hdf

[global]
instruments = E1 E2 E3 C1 C2
mass1_ref = 30.000000006820656
mass2_ref = 30.00000000884647
minchirp = 26.116416905703236
maxchirp = 26.116616905703236
mincov = 140707790904.899
maxcov = 14070779090489.9
