
[data]
trigger-time = 1100441548.7260404
injection-file = /work/shashwat.singh/Prospects-of-LGWs/unlens/injection.hdf

[global]
instruments = E1 E2 E3 C1 C2
mass1_ref = 30.000000000596078
mass2_ref = 30.00000000354002
minchirp = 26.116416900684065
maxchirp = 26.116616900684065
mincov = 88707459689.85574
maxcov = 8870745968985.574
