
[data]
trigger-time = 1028073177.4927632
injection-file = /work/shashwat.singh/Prospects-of-LGWs/unlens/injection.hdf

[global]
instruments = E1 E2 E3 C1 C2
mass1_ref = 30.000000009649153
mass2_ref = 30.00000000761193
minchirp = 26.11641690639705
maxchirp = 26.11661690639705
mincov = 74251681970.8594
maxcov = 7425168197085.941
