
[data]
trigger-time = 1429856318.7915878
injection-file = /work/shashwat.singh/Prospects-of-LGWs/unlens/injection.hdf

[global]
instruments = E1 E2 E3 C1 C2
mass1_ref = 30.000000006449174
mass2_ref = 30.00000000995489
minchirp = 26.116416906024007
maxchirp = 26.116616906024007
mincov = 150863341833.0235
maxcov = 15086334183302.348
