
[data]
trigger-time = 1061696701.652733
injection-file = /work/shashwat.singh/Prospects-of-LGWs/unlens/injection.hdf

[global]
instruments = E1 E2 E3 C1 C2
mass1_ref = 30.000000000616406
mass2_ref = 30.000000007902486
minchirp = 26.116416902591787
maxchirp = 26.116616902591787
mincov = 17791387873.441586
maxcov = 1779138787344.1587
