
[data]
trigger-time = 1536261981.0669594
injection-file = /work/shashwat.singh/Prospects-of-LGWs/unlens/injection.hdf

[global]
instruments = E1 E2 E3 C1 C2
mass1_ref = 30.00000000408159
mass2_ref = 30.000000005139697
minchirp = 26.11641690289752
maxchirp = 26.11661690289752
mincov = 80395739628.2514
maxcov = 8039573962825.141
