
[data]
trigger-time = 1112382453.3697543
injection-file = /work/shashwat.singh/Prospects-of-LGWs/unlens/injection.hdf

[global]
instruments = E1 E2 E3 C1 C2
mass1_ref = 30.000000005986195
mass2_ref = 30.00000000815166
minchirp = 26.116416905037582
maxchirp = 26.11661690503758
mincov = 105791099427.20813
maxcov = 10579109942720.812
