
[data]
trigger-time = 1852943817.2824905
injection-file = /work/shashwat.singh/Prospects-of-LGWs/unlens/injection.hdf

[global]
instruments = E1 E2 E3 C1 C2
mass1_ref = 30.00000000773261
mass2_ref = 30.0000000088552
minchirp = 26.11641690610399
maxchirp = 26.11661690610399
mincov = 72267679750.81708
maxcov = 7226767975081.708
