
[data]
trigger-time = 1598199664.0062032
injection-file = /work/shashwat.singh/Prospects-of-LGWs/unlens/injection.hdf

[global]
instruments = E1 E2 E3 C1 C2
mass1_ref = 30.000000005457508
mass2_ref = 30.000000006159716
minchirp = 26.116416903940415
maxchirp = 26.116616903940415
mincov = 158767335445.41647
maxcov = 15876733544541.648
