
[data]
trigger-time = 1233406680.2458184
injection-file = /work/shashwat.singh/Prospects-of-LGWs/unlens/injection.hdf

[global]
instruments = E1 E2 E3 C1 C2
mass1_ref = 30.000000007269865
mass2_ref = 30.000000002270816
minchirp = 26.116416903036548
maxchirp = 26.116616903036547
mincov = 43597599363.45509
maxcov = 4359759936345.51
