
[data]
trigger-time = 1251135216.1457195
injection-file = /work/shashwat.singh/Prospects-of-LGWs/unlens/injection.hdf

[global]
instruments = E1 E2 E3 C1 C2
mass1_ref = 30.0000000017854
mass2_ref = 30.00000000050619
minchirp = 26.116416899881198
maxchirp = 26.116616899881198
mincov = 148600210213.27838
maxcov = 14860021021327.836
