
[data]
trigger-time = 1845897932.8247676
injection-file = /work/shashwat.singh/Prospects-of-LGWs/unlens/injection.hdf

[global]
instruments = E1 E2 E3 C1 C2
mass1_ref = 30.000000002248953
mass2_ref = 30.00000000254401
minchirp = 26.116416900969984
maxchirp = 26.116616900969984
mincov = 124433666657.42876
maxcov = 12443366665742.875
