
[data]
trigger-time = 1446283502.3990006
injection-file = /work/shashwat.singh/Prospects-of-LGWs/unlens/injection.hdf

[global]
instruments = E1 E2 E3 C1 C2
mass1_ref = 30.000000001650335
mass2_ref = 30.000000009666504
minchirp = 26.116416903809665
maxchirp = 26.116616903809664
mincov = 157683839595.66388
maxcov = 15768383959566.387
