
[data]
trigger-time = 1548995416.2051575
injection-file = /work/shashwat.singh/Prospects-of-LGWs/unlens/injection.hdf

[global]
instruments = E1 E2 E3 C1 C2
mass1_ref = 30.000000002358437
mass2_ref = 30.000000009207294
minchirp = 26.116416903918
maxchirp = 26.116616903918
mincov = 128172172782.8138
maxcov = 12817217278281.379
