
[data]
trigger-time = 1691028441.9606128
injection-file = /work/shashwat.singh/Prospects-of-LGWs/unlens/injection.hdf

[global]
instruments = E1 E2 E3 C1 C2
mass1_ref = 30.00000000266684
mass2_ref = 30.000000005217306
minchirp = 26.1164169023155
maxchirp = 26.1166169023155
mincov = 97871528439.85144
maxcov = 9787152843985.145
