
[data]
trigger-time = 1026698790.4841431
injection-file = /work/shashwat.singh/Prospects-of-LGWs/unlens/injection.hdf

[global]
instruments = E1 E2 E3 C1 C2
mass1_ref = 30.00000000967891
mass2_ref = 30.000000008699526
minchirp = 26.116416906883405
maxchirp = 26.116616906883404
mincov = 104781642174.79784
maxcov = 10478164217479.783
