
[data]
trigger-time = 1180182757.824875
injection-file = /work/shashwat.singh/Prospects-of-LGWs/unlens/injection.hdf

[global]
instruments = E1 E2 E3 C1 C2
mass1_ref = 30.000000004280743
mass2_ref = 30.000000001263412
minchirp = 26.116416901296958
maxchirp = 26.116616901296958
mincov = 37523806985.49695
maxcov = 3752380698549.695
