
[data]
trigger-time = 1591223822.6492937
injection-file = /work/shashwat.singh/Prospects-of-LGWs/unlens/injection.hdf

[global]
instruments = E1 E2 E3 C1 C2
mass1_ref = 30.000000001934996
mass2_ref = 30.000000002313154
minchirp = 26.11641690073284
maxchirp = 26.11661690073284
mincov = 173703462205.36166
maxcov = 17370346220536.168
