
[data]
trigger-time = 1199927072.1747034
injection-file = /work/shashwat.singh/Prospects-of-LGWs/unlens/injection.hdf

[global]
instruments = E1 E2 E3 C1 C2
mass1_ref = 30.000000004351833
mass2_ref = 30.000000001181085
minchirp = 26.116416901292066
maxchirp = 26.116616901292065
mincov = 8187613139.482366
maxcov = 818761313948.2366
