
[data]
trigger-time = 1423147102.7775917
injection-file = /work/shashwat.singh/Prospects-of-LGWs/unlens/injection.hdf

[global]
instruments = E1 E2 E3 C1 C2
mass1_ref = 30.000000008935547
mass2_ref = 30.0000000091037
minchirp = 26.116416906735765
maxchirp = 26.116616906735764
mincov = 3548429171.2760763
maxcov = 354842917127.60767
