
[data]
trigger-time = 1121048119.560504
injection-file = /work/shashwat.singh/Prospects-of-LGWs/unlens/injection.hdf

[global]
instruments = E1 E2 E3 C1 C2
mass1_ref = 30.000000000620002
mass2_ref = 30.000000002314042
minchirp = 26.11641690016084
maxchirp = 26.11661690016084
mincov = 62866151348.4424
maxcov = 6286615134844.239
