
[data]
trigger-time = 1285570617.158634
injection-file = /work/shashwat.singh/Prospects-of-LGWs/unlens/injection.hdf

[global]
instruments = E1 E2 E3 C1 C2
mass1_ref = 30.00000000309639
mass2_ref = 30.00000000997716
minchirp = 26.11641690457432
maxchirp = 26.116616904574318
mincov = 4997596329.744341
maxcov = 499759632974.43414
