
[data]
trigger-time = 1093410455.1933184
injection-file = /work/shashwat.singh/Prospects-of-LGWs/unlens/injection.hdf

[global]
instruments = E1 E2 E3 C1 C2
mass1_ref = 30.000000009135537
mass2_ref = 30.00000000628652
minchirp = 26.116416905596566
maxchirp = 26.116616905596565
mincov = 163490629437.46295
maxcov = 16349062943746.293
