
[data]
trigger-time = 1285174242.7664242
injection-file = /work/shashwat.singh/Prospects-of-LGWs/unlens/injection.hdf

[global]
instruments = E1 E2 E3 C1 C2
mass1_ref = 30.000000009201116
mass2_ref = 30.000000005409788
minchirp = 26.11641690524349
maxchirp = 26.11661690524349
mincov = 71267761385.09807
maxcov = 7126776138509.807
