
[data]
trigger-time = 1878293230.9538007
injection-file = /work/shashwat.singh/Prospects-of-LGWs/unlens/injection.hdf

[global]
instruments = E1 E2 E3 C1 C2
mass1_ref = 30.000000000996028
mass2_ref = 30.000000006013188
minchirp = 26.116416901934663
maxchirp = 26.116616901934663
mincov = 133628777628.82861
maxcov = 13362877762882.861
