
[data]
trigger-time = 1061212006.7328638
injection-file = /work/shashwat.singh/Prospects-of-LGWs/unlens/injection.hdf

[global]
instruments = E1 E2 E3 C1 C2
mass1_ref = 30.000000007973643
mass2_ref = 30.0000000016609
minchirp = 26.116416903077404
maxchirp = 26.116616903077404
mincov = 110145248204.08089
maxcov = 11014524820408.088
