
[data]
trigger-time = 1408337064.8327463
injection-file = /work/shashwat.singh/Prospects-of-LGWs/unlens/injection.hdf

[global]
instruments = E1 E2 E3 C1 C2
mass1_ref = 30.000000007700766
mass2_ref = 30.000000005332176
minchirp = 26.116416904556644
maxchirp = 26.116616904556643
mincov = 111760088667.49533
maxcov = 11176008866749.533
