
[data]
trigger-time = 1921362520.2789607
injection-file = /work/shashwat.singh/Prospects-of-LGWs/unlens/injection.hdf

[global]
instruments = E1 E2 E3 C1 C2
mass1_ref = 30.000000005300294
mass2_ref = 30.000000008394554
minchirp = 26.116416904844755
maxchirp = 26.116616904844754
mincov = 108364135262.83322
maxcov = 10836413526283.322
