
[data]
trigger-time = 1012438684.8379347
injection-file = /work/shashwat.singh/Prospects-of-LGWs/unlens/injection.hdf

[global]
instruments = E1 E2 E3 C1 C2
mass1_ref = 30.000000001786013
mass2_ref = 30.000000005303207
minchirp = 26.116416901969487
maxchirp = 26.116616901969486
mincov = 37509359255.451706
maxcov = 3750935925545.171
