
[data]
trigger-time = 1099078788.9806273
injection-file = /work/shashwat.singh/Prospects-of-LGWs/unlens/injection.hdf

[global]
instruments = E1 E2 E3 C1 C2
mass1_ref = 30.000000008028884
mass2_ref = 30.000000008233776
minchirp = 26.11641690596246
maxchirp = 26.11661690596246
mincov = 7879436900.593137
maxcov = 787943690059.3137
