
[data]
trigger-time = 1887952060.5374143
injection-file = /work/shashwat.singh/Prospects-of-LGWs/unlens/injection.hdf

[global]
instruments = E1 E2 E3 C1 C2
mass1_ref = 30.000000007652222
mass2_ref = 30.000000000629548
minchirp = 26.116416902488574
maxchirp = 26.116616902488573
mincov = 153903563754.64566
maxcov = 15390356375464.566
