
[data]
trigger-time = 1957173552.7416577
injection-file = /work/shashwat.singh/Prospects-of-LGWs/unlens/injection.hdf

[global]
instruments = E1 E2 E3 C1 C2
mass1_ref = 30.000000004357464
mass2_ref = 30.0000000095278
minchirp = 26.116416904927636
maxchirp = 26.116616904927636
mincov = 162857814953.0072
maxcov = 16285781495300.72
