
[data]
trigger-time = 1987145140.7327929
injection-file = /work/shashwat.singh/Prospects-of-LGWs/unlens/injection.hdf

[global]
instruments = E1 E2 E3 C1 C2
mass1_ref = 30.000000001554547
mass2_ref = 30.00000000056067
minchirp = 26.116416899804427
maxchirp = 26.116616899804427
mincov = 101759027662.01067
maxcov = 10175902766201.066
