
[data]
trigger-time = 1258316602.3102384
injection-file = /work/shashwat.singh/Prospects-of-LGWs/unlens/injection.hdf

[global]
instruments = E1 E2 E3 C1 C2
mass1_ref = 30.000000001215565
mass2_ref = 30.000000003520377
minchirp = 26.11641690094516
maxchirp = 26.11661690094516
mincov = 43061045320.46664
maxcov = 4306104532046.664
