
[data]
trigger-time = 1600896728.3504894
injection-file = /work/shashwat.singh/Prospects-of-LGWs/unlens/injection.hdf

[global]
instruments = E1 E2 E3 C1 C2
mass1_ref = 30.00000000216508
mass2_ref = 30.00000000487052
minchirp = 26.11641690194615
maxchirp = 26.11661690194615
mincov = 967894949.6791608
maxcov = 96789494967.91609
