
[data]
trigger-time = 1388233909.9310129
injection-file = /work/shashwat.singh/Prospects-of-LGWs/unlens/injection.hdf

[global]
instruments = E1 E2 E3 C1 C2
mass1_ref = 30.00000000438747
mass2_ref = 30.000000003964495
minchirp = 26.11641690251913
maxchirp = 26.11661690251913
mincov = 43208255796.06879
maxcov = 4320825579606.879
