
[data]
trigger-time = 1941192768.369996
injection-file = /work/shashwat.singh/Prospects-of-LGWs/unlens/injection.hdf

[global]
instruments = E1 E2 E3 C1 C2
mass1_ref = 30.000000002382745
mass2_ref = 30.000000009275936
minchirp = 26.116416903958463
maxchirp = 26.116616903958462
mincov = 74438676178.19046
maxcov = 7443867617819.047
