
[data]
trigger-time = 1910438128.98163
injection-file = /work/shashwat.singh/Prospects-of-LGWs/unlens/injection.hdf

[global]
instruments = E1 E2 E3 C1 C2
mass1_ref = 30.000000006734982
mass2_ref = 30.000000008480807
minchirp = 26.11641690550678
maxchirp = 26.11661690550678
mincov = 1334844099.388546
maxcov = 133484409938.8546
