
[data]
trigger-time = 1351177634.0375507
injection-file = /work/shashwat.singh/Prospects-of-LGWs/unlens/injection.hdf

[global]
instruments = E1 E2 E3 C1 C2
mass1_ref = 30.00000000693151
mass2_ref = 30.00000000621416
minchirp = 26.11641690460571
maxchirp = 26.11661690460571
mincov = 90522073884.40657
maxcov = 9052207388440.656
