
[data]
trigger-time = 1357626415.5393276
injection-file = /work/shashwat.singh/Prospects-of-LGWs/unlens/injection.hdf

[global]
instruments = E1 E2 E3 C1 C2
mass1_ref = 30.000000002977607
mass2_ref = 30.000000004179647
minchirp = 26.1164169019991
maxchirp = 26.116616901999098
mincov = 48375409788.11741
maxcov = 4837540978811.74
