
[data]
trigger-time = 1223921927.991782
injection-file = /work/shashwat.singh/Prospects-of-LGWs/unlens/injection.hdf

[global]
instruments = E1 E2 E3 C1 C2
mass1_ref = 30.00000000559012
mass2_ref = 30.000000003380862
minchirp = 26.116416902788572
maxchirp = 26.11661690278857
mincov = 170665300499.35452
maxcov = 17066530049935.451
