
[data]
trigger-time = 1679733960.6909108
injection-file = /work/shashwat.singh/Prospects-of-LGWs/unlens/injection.hdf

[global]
instruments = E1 E2 E3 C1 C2
mass1_ref = 30.00000000872732
mass2_ref = 30.00000000221507
minchirp = 26.116416903646673
maxchirp = 26.116616903646673
mincov = 168946611668.90536
maxcov = 16894661166890.537
