
[data]
trigger-time = 1470822765.7864184
injection-file = /work/shashwat.singh/Prospects-of-LGWs/unlens/injection.hdf

[global]
instruments = E1 E2 E3 C1 C2
mass1_ref = 30.000000008293995
mass2_ref = 30.000000008226156
minchirp = 26.116416906074537
maxchirp = 26.116616906074537
mincov = 28635338360.220245
maxcov = 2863533836022.0244
