
[data]
trigger-time = 1738438556.0197487
injection-file = /work/shashwat.singh/Prospects-of-LGWs/unlens/injection.hdf

[global]
instruments = E1 E2 E3 C1 C2
mass1_ref = 30.00000000209699
mass2_ref = 30.00000000096074
minchirp = 26.116416900214677
maxchirp = 26.116616900214677
mincov = 173876354756.75537
maxcov = 17387635475675.537
