
[data]
trigger-time = 1213751275.6955912
injection-file = /work/shashwat.singh/Prospects-of-LGWs/unlens/injection.hdf

[global]
instruments = E1 E2 E3 C1 C2
mass1_ref = 30.000000000189125
mass2_ref = 30.000000001034156
minchirp = 26.11641689941619
maxchirp = 26.11661689941619
mincov = 66274679580.08474
maxcov = 6627467958008.475
