
[data]
trigger-time = 1666440274.9524224
injection-file = /work/shashwat.singh/Prospects-of-LGWs/unlens/injection.hdf

[global]
instruments = E1 E2 E3 C1 C2
mass1_ref = 30.000000000320444
mass2_ref = 30.000000006486292
minchirp = 26.116416901846527
maxchirp = 26.116616901846527
mincov = 51436274941.245224
maxcov = 5143627494124.522
