
[data]
trigger-time = 1065774597.0500098
injection-file = /work/shashwat.singh/Prospects-of-LGWs/unlens/injection.hdf

[global]
instruments = E1 E2 E3 C1 C2
mass1_ref = 30.00000000227679
mass2_ref = 30.00000000113861
minchirp = 26.116416900370364
maxchirp = 26.116616900370364
mincov = 78668658850.35799
maxcov = 7866865885035.799
