
[data]
trigger-time = 1572427870.3160732
injection-file = /work/shashwat.singh/Prospects-of-LGWs/unlens/injection.hdf

[global]
instruments = E1 E2 E3 C1 C2
mass1_ref = 30.00000000590114
mass2_ref = 30.000000005534204
minchirp = 26.116416903861246
maxchirp = 26.116616903861246
mincov = 31243503229.762085
maxcov = 3124350322976.2085
