
[data]
trigger-time = 1651291414.3419294
injection-file = /work/shashwat.singh/Prospects-of-LGWs/unlens/injection.hdf

[global]
instruments = E1 E2 E3 C1 C2
mass1_ref = 30.000000000409667
mass2_ref = 30.00000000124627
minchirp = 26.116416899604513
maxchirp = 26.116616899604512
mincov = 63455920940.47896
maxcov = 6345592094047.8955
