
[data]
trigger-time = 1533740328.5075066
injection-file = /work/shashwat.singh/Prospects-of-LGWs/unlens/injection.hdf

[global]
instruments = E1 E2 E3 C1 C2
mass1_ref = 30.000000001598227
mass2_ref = 30.000000002074135
minchirp = 26.11641690048221
maxchirp = 26.11661690048221
mincov = 42934586632.27052
maxcov = 4293458663227.052
