
[data]
trigger-time = 1724138706.5314393
injection-file = /work/shashwat.singh/Prospects-of-LGWs/unlens/injection.hdf

[global]
instruments = E1 E2 E3 C1 C2
mass1_ref = 30.00000000549802
mass2_ref = 30.00000000820865
minchirp = 26.116416904849903
maxchirp = 26.116616904849902
mincov = 160154493662.9463
maxcov = 16015449366294.629
