
[data]
trigger-time = 1331037799.3627815
injection-file = /work/shashwat.singh/Prospects-of-LGWs/unlens/injection.hdf

[global]
instruments = E1 E2 E3 C1 C2
mass1_ref = 30.000000008735032
mass2_ref = 30.000000005695895
minchirp = 26.11641690516515
maxchirp = 26.11661690516515
mincov = 142243696004.0985
maxcov = 14224369600409.852
