
[data]
trigger-time = 1339362798.6771102
injection-file = /work/shashwat.singh/Prospects-of-LGWs/unlens/injection.hdf

[global]
instruments = E1 E2 E3 C1 C2
mass1_ref = 30.00000000339534
mass2_ref = 30.00000000044607
minchirp = 26.116416900555798
maxchirp = 26.116616900555798
mincov = 807578592.7032952
maxcov = 80757859270.32953
