
[data]
trigger-time = 1525861553.9810412
injection-file = /work/shashwat.singh/Prospects-of-LGWs/unlens/injection.hdf

[global]
instruments = E1 E2 E3 C1 C2
mass1_ref = 30.000000000422816
mass2_ref = 30.000000001977767
minchirp = 26.116416899928637
maxchirp = 26.116616899928637
mincov = 174135569316.69843
maxcov = 17413556931669.844
