
[data]
trigger-time = 1527750819.8882039
injection-file = /work/shashwat.singh/Prospects-of-LGWs/unlens/injection.hdf

[global]
instruments = E1 E2 E3 C1 C2
mass1_ref = 30.000000000357666
mass2_ref = 30.000000006151357
minchirp = 26.116416901716942
maxchirp = 26.11661690171694
mincov = 53810968509.25148
maxcov = 5381096850925.147
