
[data]
trigger-time = 1373591370.1069343
injection-file = /work/shashwat.singh/Prospects-of-LGWs/unlens/injection.hdf

[global]
instruments = E1 E2 E3 C1 C2
mass1_ref = 30.000000002764075
mass2_ref = 30.000000007991435
minchirp = 26.116416903565334
maxchirp = 26.116616903565333
mincov = 24627923401.312836
maxcov = 2462792340131.2837
