
[data]
trigger-time = 1682440557.274185
injection-file = /work/shashwat.singh/Prospects-of-LGWs/unlens/injection.hdf

[global]
instruments = E1 E2 E3 C1 C2
mass1_ref = 30.000000004092108
mass2_ref = 30.000000006985
minchirp = 26.116416903705314
maxchirp = 26.116616903705314
mincov = 171985672323.47424
maxcov = 17198567232347.424
