
[data]
trigger-time = 1000609208.4351709
injection-file = /work/shashwat.singh/Prospects-of-LGWs/unlens/injection.hdf

[global]
instruments = E1 E2 E3 C1 C2
mass1_ref = 30.000000005615565
mass2_ref = 30.000000001839233
minchirp = 26.116416902128616
maxchirp = 26.116616902128616
mincov = 10912087638.730066
maxcov = 1091208763873.0066
