
[data]
trigger-time = 1587485789.884766
injection-file = /work/shashwat.singh/Prospects-of-LGWs/unlens/injection.hdf

[global]
instruments = E1 E2 E3 C1 C2
mass1_ref = 30.00000000827417
mass2_ref = 30.000000006360146
minchirp = 26.11641690525368
maxchirp = 26.11661690525368
mincov = 131919486572.2552
maxcov = 13191948657225.52
