
[data]
trigger-time = 1438481657.0891733
injection-file = /work/shashwat.singh/Prospects-of-LGWs/unlens/injection.hdf

[global]
instruments = E1 E2 E3 C1 C2
mass1_ref = 30.000000005410755
mass2_ref = 30.00000000576416
minchirp = 26.11641690374789
maxchirp = 26.11661690374789
mincov = 85088225531.46223
maxcov = 8508822553146.223
