
[data]
trigger-time = 1647104977.9844027
injection-file = /work/shashwat.singh/Prospects-of-LGWs/unlens/injection.hdf

[global]
instruments = E1 E2 E3 C1 C2
mass1_ref = 30.000000009906504
mass2_ref = 30.00000000943432
minchirp = 26.116416907302305
maxchirp = 26.116616907302305
mincov = 103067602736.19687
maxcov = 10306760273619.688
