
[data]
trigger-time = 1974693873.885145
injection-file = /work/shashwat.singh/Prospects-of-LGWs/unlens/injection.hdf

[global]
instruments = E1 E2 E3 C1 C2
mass1_ref = 30.00000000695521
mass2_ref = 30.000000002737206
minchirp = 26.116416903102596
maxchirp = 26.116616903102596
mincov = 176069114782.50378
maxcov = 17606911478250.38
