
[data]
trigger-time = 1238208796.514074
injection-file = /work/shashwat.singh/Prospects-of-LGWs/unlens/injection.hdf

[global]
instruments = E1 E2 E3 C1 C2
mass1_ref = 30.000000004248438
mass2_ref = 30.000000000864837
minchirp = 26.116416901109407
maxchirp = 26.116616901109406
mincov = 51575804830.21678
maxcov = 5157580483021.678
