
[data]
trigger-time = 1233994489.9744518
injection-file = /work/shashwat.singh/Prospects-of-LGWs/unlens/injection.hdf

[global]
instruments = E1 E2 E3 C1 C2
mass1_ref = 30.000000005886335
mass2_ref = 30.000000004087887
minchirp = 26.116416903225257
maxchirp = 26.116616903225257
mincov = 35451779395.2815
maxcov = 3545177939528.15
