
[data]
trigger-time = 1816645278.25734
injection-file = /work/shashwat.singh/Prospects-of-LGWs/unlens/injection.hdf

[global]
instruments = E1 E2 E3 C1 C2
mass1_ref = 30.00000000556622
mass2_ref = 30.000000005460425
minchirp = 26.11641690368335
maxchirp = 26.11661690368335
mincov = 86596509301.75082
maxcov = 8659650930175.083
