
[data]
trigger-time = 1858322566.1029117
injection-file = /work/shashwat.singh/Prospects-of-LGWs/unlens/injection.hdf

[global]
instruments = E1 E2 E3 C1 C2
mass1_ref = 30.00000000865975
mass2_ref = 30.00000000298258
minchirp = 26.116416903951343
maxchirp = 26.116616903951343
mincov = 170744583693.50458
maxcov = 17074458369350.457
