
[data]
trigger-time = 1341223586.4374814
injection-file = /work/shashwat.singh/Prospects-of-LGWs/unlens/injection.hdf

[global]
instruments = E1 E2 E3 C1 C2
mass1_ref = 30.00000000625165
mass2_ref = 30.000000005134872
minchirp = 26.116416903839998
maxchirp = 26.116616903839997
mincov = 112128299378.19804
maxcov = 11212829937819.805
