
[data]
trigger-time = 1711515848.953566
injection-file = /work/shashwat.singh/Prospects-of-LGWs/unlens/injection.hdf

[global]
instruments = E1 E2 E3 C1 C2
mass1_ref = 30.000000002952024
mass2_ref = 30.000000004414716
minchirp = 26.116416902090286
maxchirp = 26.116616902090286
mincov = 65442679640.37482
maxcov = 6544267964037.481
