
[data]
trigger-time = 1406054851.4674244
injection-file = /work/shashwat.singh/Prospects-of-LGWs/unlens/injection.hdf

[global]
instruments = E1 E2 E3 C1 C2
mass1_ref = 30.00000000686079
mass2_ref = 30.000000002673456
minchirp = 26.116416903033745
maxchirp = 26.116616903033744
mincov = 170322206224.5917
maxcov = 17032220622459.17
