
[data]
trigger-time = 1053915183.9090606
injection-file = /work/shashwat.singh/Prospects-of-LGWs/unlens/injection.hdf

[global]
instruments = E1 E2 E3 C1 C2
mass1_ref = 30.000000000647532
mass2_ref = 30.00000000598847
minchirp = 26.11641690177221
maxchirp = 26.11661690177221
mincov = 158796432671.57455
maxcov = 15879643267157.457
