
[data]
trigger-time = 1305955338.5026417
injection-file = /work/shashwat.singh/Prospects-of-LGWs/unlens/injection.hdf

[global]
instruments = E1 E2 E3 C1 C2
mass1_ref = 30.000000001431292
mass2_ref = 30.0000000071772
minchirp = 26.11641690263079
maxchirp = 26.11661690263079
mincov = 139226731366.4393
maxcov = 13922673136643.93
