
[data]
trigger-time = 1911710220.0343947
injection-file = /work/shashwat.singh/Prospects-of-LGWs/unlens/injection.hdf

[global]
instruments = E1 E2 E3 C1 C2
mass1_ref = 30.000000009598885
mass2_ref = 30.00000000618268
minchirp = 26.11641690575305
maxchirp = 26.116616905753048
mincov = 111222308438.81111
maxcov = 11122230843881.111
