
[data]
trigger-time = 1581291629.1059759
injection-file = /work/shashwat.singh/Prospects-of-LGWs/unlens/injection.hdf

[global]
instruments = E1 E2 E3 C1 C2
mass1_ref = 30.00000000408792
mass2_ref = 30.000000004220848
minchirp = 26.116416902500326
maxchirp = 26.116616902500326
mincov = 26431269312.55142
maxcov = 2643126931255.142
