
[data]
trigger-time = 1724033371.0736625
injection-file = /work/shashwat.singh/Prospects-of-LGWs/unlens/injection.hdf

[global]
instruments = E1 E2 E3 C1 C2
mass1_ref = 30.000000001380723
mass2_ref = 30.000000002207468
minchirp = 26.116416900445575
maxchirp = 26.116616900445575
mincov = 164287929825.6153
maxcov = 16428792982561.527
