
[data]
trigger-time = 1416700166.9134648
injection-file = /work/shashwat.singh/Prospects-of-LGWs/unlens/injection.hdf

[global]
instruments = E1 E2 E3 C1 C2
mass1_ref = 30.00000000407426
mass2_ref = 30.000000003013
minchirp = 26.116416901968634
maxchirp = 26.116616901968634
mincov = 102273275638.15344
maxcov = 10227327563815.344
