
[data]
trigger-time = 1915553370.6231818
injection-file = /work/shashwat.singh/Prospects-of-LGWs/unlens/injection.hdf

[global]
instruments = E1 E2 E3 C1 C2
mass1_ref = 30.000000009551467
mass2_ref = 30.000000004936854
minchirp = 26.116416905190132
maxchirp = 26.11661690519013
mincov = 28257048160.45862
maxcov = 2825704816045.862
