
[data]
trigger-time = 1030779753.9697211
injection-file = /work/shashwat.singh/Prospects-of-LGWs/unlens/injection.hdf

[global]
instruments = E1 E2 E3 C1 C2
mass1_ref = 30.000000005027868
mass2_ref = 30.00000000730529
minchirp = 26.116416904252045
maxchirp = 26.116616904252044
mincov = 135192691450.43047
maxcov = 13519269145043.047
