
[data]
trigger-time = 1676855262.4730968
injection-file = /work/shashwat.singh/Prospects-of-LGWs/unlens/injection.hdf

[global]
instruments = E1 E2 E3 C1 C2
mass1_ref = 30.000000009707207
mass2_ref = 30.0000000034918
minchirp = 26.116416904628924
maxchirp = 26.116616904628923
mincov = 171396611376.85223
maxcov = 17139661137685.223
