
[data]
trigger-time = 1861895539.6575515
injection-file = /work/shashwat.singh/Prospects-of-LGWs/unlens/injection.hdf

[global]
instruments = E1 E2 E3 C1 C2
mass1_ref = 30.000000000631612
mass2_ref = 30.000000002097796
minchirp = 26.11641690007177
maxchirp = 26.11661690007177
mincov = 587884210.3737743
maxcov = 58788421037.377426
