
[data]
trigger-time = 1957008400.7711072
injection-file = /work/shashwat.singh/Prospects-of-LGWs/unlens/injection.hdf

[global]
instruments = E1 E2 E3 C1 C2
mass1_ref = 30.00000000448627
mass2_ref = 30.00000000831212
minchirp = 26.11641690445455
maxchirp = 26.11661690445455
mincov = 61973377527.0168
maxcov = 6197337752701.68
