
[data]
trigger-time = 1935856930.7935312
injection-file = /work/shashwat.singh/Prospects-of-LGWs/unlens/injection.hdf

[global]
instruments = E1 E2 E3 C1 C2
mass1_ref = 30.000000002617128
mass2_ref = 30.000000006345697
minchirp = 26.116416902785023
maxchirp = 26.116616902785022
mincov = 155489820724.5618
maxcov = 15548982072456.18
