
[data]
trigger-time = 1431450816.8175159
injection-file = /work/shashwat.singh/Prospects-of-LGWs/unlens/injection.hdf

[global]
instruments = E1 E2 E3 C1 C2
mass1_ref = 30.0000000022476
mass2_ref = 30.00000000156767
minchirp = 26.11641690054442
maxchirp = 26.116616900544418
mincov = 84887499903.37163
maxcov = 8488749990337.163
