
[data]
trigger-time = 1309700657.1202862
injection-file = /work/shashwat.singh/Prospects-of-LGWs/unlens/injection.hdf

[global]
instruments = E1 E2 E3 C1 C2
mass1_ref = 30.000000008117425
mass2_ref = 30.00000000796111
minchirp = 26.11641690588231
maxchirp = 26.11661690588231
mincov = 161996537900.7134
maxcov = 16199653790071.34
