
[data]
trigger-time = 1822360305.3754318
injection-file = /work/shashwat.singh/Prospects-of-LGWs/unlens/injection.hdf

[global]
instruments = E1 E2 E3 C1 C2
mass1_ref = 30.000000000519112
mass2_ref = 30.00000000558025
minchirp = 26.116416901538624
maxchirp = 26.116616901538624
mincov = 88904141689.41379
maxcov = 8890414168941.379
