
[data]
trigger-time = 1997315699.7217515
injection-file = /work/shashwat.singh/Prospects-of-LGWs/unlens/injection.hdf

[global]
instruments = E1 E2 E3 C1 C2
mass1_ref = 30.00000000561348
mass2_ref = 30.000000006342024
minchirp = 26.11641690408766
maxchirp = 26.11661690408766
mincov = 7885027300.844037
maxcov = 788502730084.4037
