
[data]
trigger-time = 1424656979.8733158
injection-file = /work/shashwat.singh/Prospects-of-LGWs/unlens/injection.hdf

[global]
instruments = E1 E2 E3 C1 C2
mass1_ref = 30.000000001502126
mass2_ref = 30.00000000046885
minchirp = 26.116416899741644
maxchirp = 26.116616899741643
mincov = 96849413679.94052
maxcov = 9684941367994.053
