
[data]
trigger-time = 1244666329.179443
injection-file = /work/shashwat.singh/Prospects-of-LGWs/unlens/injection.hdf

[global]
instruments = E1 E2 E3 C1 C2
mass1_ref = 30.00000000919064
mass2_ref = 30.000000004554725
minchirp = 26.116416904866742
maxchirp = 26.116616904866742
mincov = 25270615968.681343
maxcov = 2527061596868.1343
