
[data]
trigger-time = 1740936099.472147
injection-file = /work/shashwat.singh/Prospects-of-LGWs/unlens/injection.hdf

[global]
instruments = E1 E2 E3 C1 C2
mass1_ref = 30.000000005420883
mass2_ref = 30.000000008447238
minchirp = 26.11641690492017
maxchirp = 26.11661690492017
mincov = 177148646321.7575
maxcov = 17714864632175.75
