
[data]
trigger-time = 1877802346.5910296
injection-file = /work/shashwat.singh/Prospects-of-LGWs/unlens/injection.hdf

[global]
instruments = E1 E2 E3 C1 C2
mass1_ref = 30.000000009706838
mass2_ref = 30.000000008870334
minchirp = 26.11641690696991
maxchirp = 26.11661690696991
mincov = 159836668548.4303
maxcov = 15983666854843.03
