
[data]
trigger-time = 1157466094.5014255
injection-file = /work/shashwat.singh/Prospects-of-LGWs/unlens/injection.hdf

[global]
instruments = E1 E2 E3 C1 C2
mass1_ref = 30.000000006369554
mass2_ref = 30.000000006645728
minchirp = 26.116416904548956
maxchirp = 26.116616904548955
mincov = 148753102480.36014
maxcov = 14875310248036.014
