
[data]
trigger-time = 1575414052.1941855
injection-file = /work/shashwat.singh/Prospects-of-LGWs/unlens/injection.hdf

[global]
instruments = E1 E2 E3 C1 C2
mass1_ref = 30.00000000149165
mass2_ref = 30.000000007248982
minchirp = 26.116416902688307
maxchirp = 26.116616902688307
mincov = 135746137727.7393
maxcov = 13574613772773.93
