
[data]
trigger-time = 1384474734.4701467
injection-file = /work/shashwat.singh/Prospects-of-LGWs/unlens/injection.hdf

[global]
instruments = E1 E2 E3 C1 C2
mass1_ref = 30.000000008877564
mass2_ref = 30.000000008708874
minchirp = 26.116416906538664
maxchirp = 26.116616906538663
mincov = 155110883286.982
maxcov = 15511088328698.201
