
[data]
trigger-time = 1735971298.6464415
injection-file = /work/shashwat.singh/Prospects-of-LGWs/unlens/injection.hdf

[global]
instruments = E1 E2 E3 C1 C2
mass1_ref = 30.000000005845504
mass2_ref = 30.000000001666848
minchirp = 26.116416902153667
maxchirp = 26.116616902153666
mincov = 76728131944.14165
maxcov = 7672813194414.165
