
[data]
trigger-time = 1244011227.27686
injection-file = /work/shashwat.singh/Prospects-of-LGWs/unlens/injection.hdf

[global]
instruments = E1 E2 E3 C1 C2
mass1_ref = 30.000000000875772
mass2_ref = 30.00000000649985
minchirp = 26.11641690209415
maxchirp = 26.11661690209415
mincov = 15933471258.113733
maxcov = 1593347125811.3733
