
[data]
trigger-time = 1369653130.2963998
injection-file = /work/shashwat.singh/Prospects-of-LGWs/unlens/injection.hdf

[global]
instruments = E1 E2 E3 C1 C2
mass1_ref = 30.000000008673247
mass2_ref = 30.000000007255224
minchirp = 26.116416905816994
maxchirp = 26.116616905816993
mincov = 172334608525.10376
maxcov = 17233460852510.375
