
[data]
trigger-time = 1545869656.674818
injection-file = /work/shashwat.singh/Prospects-of-LGWs/unlens/injection.hdf

[global]
instruments = E1 E2 E3 C1 C2
mass1_ref = 30.000000000455103
mass2_ref = 30.000000002594277
minchirp = 26.116416900211043
maxchirp = 26.116616900211042
mincov = 96033402652.68343
maxcov = 9603340265268.342
