
[data]
trigger-time = 1878322867.8081803
injection-file = /work/shashwat.singh/Prospects-of-LGWs/unlens/injection.hdf

[global]
instruments = E1 E2 E3 C1 C2
mass1_ref = 30.000000001348564
mass2_ref = 30.00000000499773
minchirp = 26.11641690164611
maxchirp = 26.11661690164611
mincov = 16079804200.671427
maxcov = 1607980420067.1426
