
[data]
trigger-time = 1288973228.05572
injection-file = /work/shashwat.singh/Prospects-of-LGWs/unlens/injection.hdf

[global]
instruments = E1 E2 E3 C1 C2
mass1_ref = 30.000000008289877
mass2_ref = 30.00000000284865
minchirp = 26.116416903732052
maxchirp = 26.11661690373205
mincov = 167803513927.40643
maxcov = 16780351392740.643
