
[data]
trigger-time = 1136383338.163764
injection-file = /work/shashwat.singh/Prospects-of-LGWs/unlens/injection.hdf

[global]
instruments = E1 E2 E3 C1 C2
mass1_ref = 30.000000002195975
mass2_ref = 30.00000000743309
minchirp = 26.11641690307502
maxchirp = 26.11661690307502
mincov = 122904539462.03694
maxcov = 12290453946203.693
