
[data]
trigger-time = 1286117418.8542528
injection-file = /work/shashwat.singh/Prospects-of-LGWs/unlens/injection.hdf

[global]
instruments = E1 E2 E3 C1 C2
mass1_ref = 30.000000009527014
mass2_ref = 30.000000009128712
minchirp = 26.1164169070041
maxchirp = 26.1166169070041
mincov = 12580162796.327484
maxcov = 1258016279632.7485
