
[data]
trigger-time = 1998526068.5918446
injection-file = /work/shashwat.singh/Prospects-of-LGWs/unlens/injection.hdf

[global]
instruments = E1 E2 E3 C1 C2
mass1_ref = 30.0000000049624
mass2_ref = 30.000000004556252
minchirp = 26.11641690302696
maxchirp = 26.11661690302696
mincov = 97192732728.91531
maxcov = 9719273272891.531
