
[data]
trigger-time = 1326695056.6896608
injection-file = /work/shashwat.singh/Prospects-of-LGWs/unlens/injection.hdf

[global]
instruments = E1 E2 E3 C1 C2
mass1_ref = 30.000000006001265
mass2_ref = 30.000000007493373
minchirp = 26.116416904757607
maxchirp = 26.116616904757606
mincov = 5061929071.521081
maxcov = 506192907152.1081
