
[data]
trigger-time = 1631141736.822548
injection-file = /work/shashwat.singh/Prospects-of-LGWs/unlens/injection.hdf

[global]
instruments = E1 E2 E3 C1 C2
mass1_ref = 30.00000000788369
mass2_ref = 30.000000008195418
minchirp = 26.116416905882563
maxchirp = 26.116616905882562
mincov = 90246565767.18622
maxcov = 9024656576718.621
