
[data]
trigger-time = 1652367813.5454137
injection-file = /work/shashwat.singh/Prospects-of-LGWs/unlens/injection.hdf

[global]
instruments = E1 E2 E3 C1 C2
mass1_ref = 30.0000000058749
mass2_ref = 30.000000008326648
minchirp = 26.116416905065307
maxchirp = 26.116616905065307
mincov = 112557016140.72522
maxcov = 11255701614072.521
