
[data]
trigger-time = 1226279637.088878
injection-file = /work/shashwat.singh/Prospects-of-LGWs/unlens/injection.hdf

[global]
instruments = E1 E2 E3 C1 C2
mass1_ref = 30.000000000445
mass2_ref = 30.00000000870882
minchirp = 26.116416902868156
maxchirp = 26.116616902868156
mincov = 127720016730.84464
maxcov = 12772001673084.463
