
[data]
trigger-time = 1721746066.1926746
injection-file = /work/shashwat.singh/Prospects-of-LGWs/unlens/injection.hdf

[global]
instruments = E1 E2 E3 C1 C2
mass1_ref = 30.000000007042015
mass2_ref = 30.00000000486882
minchirp = 26.116416904068217
maxchirp = 26.116616904068216
mincov = 23909183705.209496
maxcov = 2390918370520.949
