
[data]
trigger-time = 1998007654.7482877
injection-file = /work/shashwat.singh/Prospects-of-LGWs/unlens/injection.hdf

[global]
instruments = E1 E2 E3 C1 C2
mass1_ref = 30.00000000691839
mass2_ref = 30.00000000028703
minchirp = 26.116416902020067
maxchirp = 26.116616902020066
mincov = 128312121815.33907
maxcov = 12831212181533.906
