
[data]
trigger-time = 1499851753.9833834
injection-file = /work/shashwat.singh/Prospects-of-LGWs/unlens/injection.hdf

[global]
instruments = E1 E2 E3 C1 C2
mass1_ref = 30.000000005750962
mass2_ref = 30.00000000249532
minchirp = 26.116416902473127
maxchirp = 26.116616902473126
mincov = 124862202159.84912
maxcov = 12486220215984.912
