
[data]
trigger-time = 1997562920.090476
injection-file = /work/shashwat.singh/Prospects-of-LGWs/unlens/injection.hdf

[global]
instruments = E1 E2 E3 C1 C2
mass1_ref = 30.000000003137433
mass2_ref = 30.000000003309626
minchirp = 26.11641690168997
maxchirp = 26.11661690168997
mincov = 156714869453.58734
maxcov = 15671486945358.734
