
[data]
trigger-time = 1231786930.691117
injection-file = /work/shashwat.singh/Prospects-of-LGWs/unlens/injection.hdf

[global]
instruments = E1 E2 E3 C1 C2
mass1_ref = 30.000000004630728
mass2_ref = 30.000000004461928
minchirp = 26.116416902841532
maxchirp = 26.116616902841532
mincov = 177720016845.83823
maxcov = 17772001684583.824
