
[data]
trigger-time = 1621696428.6080363
injection-file = /work/shashwat.singh/Prospects-of-LGWs/unlens/injection.hdf

[global]
instruments = E1 E2 E3 C1 C2
mass1_ref = 30.000000009741605
mass2_ref = 30.0000000018056
minchirp = 26.116416903909936
maxchirp = 26.116616903909936
mincov = 102302084388.85738
maxcov = 10230208438885.738
