
[data]
trigger-time = 1072117780.7691178
injection-file = /work/shashwat.singh/Prospects-of-LGWs/unlens/injection.hdf

[global]
instruments = E1 E2 E3 C1 C2
mass1_ref = 30.00000000040674
mass2_ref = 30.000000004553716
minchirp = 26.11641690104289
maxchirp = 26.11661690104289
mincov = 66554495244.91925
maxcov = 6655449524491.925
