
[data]
trigger-time = 1084664755.8103795
injection-file = /work/shashwat.singh/Prospects-of-LGWs/unlens/injection.hdf

[global]
instruments = E1 E2 E3 C1 C2
mass1_ref = 30.000000000696872
mass2_ref = 30.00000000516349
minchirp = 26.116416901434594
maxchirp = 26.116616901434593
mincov = 623531926.1372416
maxcov = 62353192613.72415
