
[data]
trigger-time = 1777198363.395451
injection-file = /work/shashwat.singh/Prospects-of-LGWs/unlens/injection.hdf

[global]
instruments = E1 E2 E3 C1 C2
mass1_ref = 30.00000000834496
mass2_ref = 30.00000000815062
minchirp = 26.116416906063844
maxchirp = 26.116616906063843
mincov = 38103854569.56085
maxcov = 3810385456956.085
