
[data]
trigger-time = 1051015117.2769943
injection-file = /work/shashwat.singh/Prospects-of-LGWs/unlens/injection.hdf

[global]
instruments = E1 E2 E3 C1 C2
mass1_ref = 30.000000000750227
mass2_ref = 30.000000005162953
minchirp = 26.116416901457583
maxchirp = 26.116616901457583
mincov = 103276775304.0197
maxcov = 10327677530401.97
