
[data]
trigger-time = 1848061300.7841005
injection-file = /work/shashwat.singh/Prospects-of-LGWs/unlens/injection.hdf

[global]
instruments = E1 E2 E3 C1 C2
mass1_ref = 30.000000007336084
mass2_ref = 30.00000000128912
minchirp = 26.116416902638065
maxchirp = 26.116616902638064
mincov = 139779119388.13837
maxcov = 13977911938813.836
