
[data]
trigger-time = 1351809847.5918376
injection-file = /work/shashwat.singh/Prospects-of-LGWs/unlens/injection.hdf

[global]
instruments = E1 E2 E3 C1 C2
mass1_ref = 30.000000005039798
mass2_ref = 30.00000000271951
minchirp = 26.11641690226116
maxchirp = 26.11661690226116
mincov = 32147095004.186115
maxcov = 3214709500418.6113
