
[data]
trigger-time = 1848435307.6830144
injection-file = /work/shashwat.singh/Prospects-of-LGWs/unlens/injection.hdf

[global]
instruments = E1 E2 E3 C1 C2
mass1_ref = 30.00000000634392
mass2_ref = 30.000000003410975
minchirp = 26.11641690312979
maxchirp = 26.11661690312979
mincov = 64672469071.22263
maxcov = 6467246907122.264
