
[data]
trigger-time = 1223816482.2606075
injection-file = /work/shashwat.singh/Prospects-of-LGWs/unlens/injection.hdf

[global]
instruments = E1 E2 E3 C1 C2
mass1_ref = 30.000000006518295
mass2_ref = 30.000000009611416
minchirp = 26.11641690590459
maxchirp = 26.11661690590459
mincov = 120139432258.41428
maxcov = 12013943225841.428
