
[data]
trigger-time = 1024206959.8791757
injection-file = /work/shashwat.singh/Prospects-of-LGWs/unlens/injection.hdf

[global]
instruments = E1 E2 E3 C1 C2
mass1_ref = 30.000000007155954
mass2_ref = 30.000000006447664
minchirp = 26.116416904805043
maxchirp = 26.116616904805042
mincov = 117702005073.03867
maxcov = 11770200507303.867
