
[data]
trigger-time = 1738210999.2776222
injection-file = /work/shashwat.singh/Prospects-of-LGWs/unlens/injection.hdf

[global]
instruments = E1 E2 E3 C1 C2
mass1_ref = 30.000000005448776
mass2_ref = 30.000000004134318
minchirp = 26.116416903055008
maxchirp = 26.116616903055007
mincov = 141604183808.20154
maxcov = 14160418380820.154
