
[data]
trigger-time = 1298242118.111308
injection-file = /work/shashwat.singh/Prospects-of-LGWs/unlens/injection.hdf

[global]
instruments = E1 E2 E3 C1 C2
mass1_ref = 30.00000000483735
mass2_ref = 30.00000000345562
minchirp = 26.116416902493448
maxchirp = 26.116616902493448
mincov = 1506428166.415027
maxcov = 150642816641.5027
