
[data]
trigger-time = 1503505767.3009095
injection-file = /work/shashwat.singh/Prospects-of-LGWs/unlens/injection.hdf

[global]
instruments = E1 E2 E3 C1 C2
mass1_ref = 30.000000000890847
mass2_ref = 30.000000004217988
minchirp = 26.11641690110747
maxchirp = 26.11661690110747
mincov = 355640230.0199966
maxcov = 35564023001.99966
