
[data]
trigger-time = 1764599578.6994207
injection-file = /work/shashwat.singh/Prospects-of-LGWs/unlens/injection.hdf

[global]
instruments = E1 E2 E3 C1 C2
mass1_ref = 30.000000006010158
mass2_ref = 30.00000000888403
minchirp = 26.116416905366798
maxchirp = 26.116616905366797
mincov = 55883910461.00596
maxcov = 5588391046100.596
