
[data]
trigger-time = 1882852213.0038815
injection-file = /work/shashwat.singh/Prospects-of-LGWs/unlens/injection.hdf

[global]
instruments = E1 E2 E3 C1 C2
mass1_ref = 30.000000000604956
mass2_ref = 30.00000000946696
minchirp = 26.11641690326778
maxchirp = 26.11661690326778
mincov = 140191611979.94626
maxcov = 14019161197994.627
