
[data]
trigger-time = 1577986092.0295959
injection-file = /work/shashwat.singh/Prospects-of-LGWs/unlens/injection.hdf

[global]
instruments = E1 E2 E3 C1 C2
mass1_ref = 30.0000000077311
mass2_ref = 30.000000009225452
minchirp = 26.116416906264494
maxchirp = 26.116616906264493
mincov = 1068287685.5264626
maxcov = 106828768552.64626
