
[data]
trigger-time = 1951862861.709619
injection-file = /work/shashwat.singh/Prospects-of-LGWs/unlens/injection.hdf

[global]
instruments = E1 E2 E3 C1 C2
mass1_ref = 30.000000007869517
mass2_ref = 30.000000009125454
minchirp = 26.116416906281216
maxchirp = 26.116616906281216
mincov = 174611261645.17905
maxcov = 17461126164517.906
