
[data]
trigger-time = 1388205340.5058749
injection-file = /work/shashwat.singh/Prospects-of-LGWs/unlens/injection.hdf

[global]
instruments = E1 E2 E3 C1 C2
mass1_ref = 30.000000007904433
mass2_ref = 30.000000002019085
minchirp = 26.116416903203184
maxchirp = 26.116616903203184
mincov = 155511918250.66028
maxcov = 15551191825066.027
