
[data]
trigger-time = 1257158788.556324
injection-file = /work/shashwat.singh/Prospects-of-LGWs/unlens/injection.hdf

[global]
instruments = E1 E2 E3 C1 C2
mass1_ref = 30.00000000871525
mass2_ref = 30.000000003947658
minchirp = 26.116416904395575
maxchirp = 26.116616904395574
mincov = 66064587145.02814
maxcov = 6606458714502.813
