
[data]
trigger-time = 1343305649.5587583
injection-file = /work/shashwat.singh/Prospects-of-LGWs/unlens/injection.hdf

[global]
instruments = E1 E2 E3 C1 C2
mass1_ref = 30.000000009841106
mass2_ref = 30.00000000465599
minchirp = 26.11641690519395
maxchirp = 26.11661690519395
mincov = 94658733451.61086
maxcov = 9465873345161.086
