
[data]
trigger-time = 1472616493.0908303
injection-file = /work/shashwat.singh/Prospects-of-LGWs/unlens/injection.hdf

[global]
instruments = E1 E2 E3 C1 C2
mass1_ref = 30.000000000379952
mass2_ref = 30.000000002784112
minchirp = 26.116416900260965
maxchirp = 26.116616900260965
mincov = 16857695172.231192
maxcov = 1685769517223.1191
