
[data]
trigger-time = 1451109558.66997
injection-file = /work/shashwat.singh/Prospects-of-LGWs/unlens/injection.hdf

[global]
instruments = E1 E2 E3 C1 C2
mass1_ref = 30.000000009254038
mass2_ref = 30.000000004766942
minchirp = 26.11641690498671
maxchirp = 26.11661690498671
mincov = 79623006436.88428
maxcov = 7962300643688.428
