
[data]
trigger-time = 1820988083.2266605
injection-file = /work/shashwat.singh/Prospects-of-LGWs/unlens/injection.hdf

[global]
instruments = E1 E2 E3 C1 C2
mass1_ref = 30.00000000545451
mass2_ref = 30.000000009531597
minchirp = 26.116416905406805
maxchirp = 26.116616905406804
mincov = 7933394611.160852
maxcov = 793339461116.0852
