
[data]
trigger-time = 1457726122.0732179
injection-file = /work/shashwat.singh/Prospects-of-LGWs/unlens/injection.hdf

[global]
instruments = E1 E2 E3 C1 C2
mass1_ref = 30.00000000725786
mass2_ref = 30.000000004731355
minchirp = 26.116416904102334
maxchirp = 26.116616904102333
mincov = 58929302864.22974
maxcov = 5892930286422.974
