
[data]
trigger-time = 1947465589.4084318
injection-file = /work/shashwat.singh/Prospects-of-LGWs/unlens/injection.hdf

[global]
instruments = E1 E2 E3 C1 C2
mass1_ref = 30.000000002122786
mass2_ref = 30.000000003066106
minchirp = 26.116416901142323
maxchirp = 26.116616901142322
mincov = 88389551592.2207
maxcov = 8838955159222.07
