
[data]
trigger-time = 1255095800.1679163
injection-file = /work/shashwat.singh/Prospects-of-LGWs/unlens/injection.hdf

[global]
instruments = E1 E2 E3 C1 C2
mass1_ref = 30.00000000529398
mass2_ref = 30.0000000016254
minchirp = 26.11641690189556
maxchirp = 26.116616901895558
mincov = 87371602223.42766
maxcov = 8737160222342.766
