
[data]
trigger-time = 1624338797.7957287
injection-file = /work/shashwat.singh/Prospects-of-LGWs/unlens/injection.hdf

[global]
instruments = E1 E2 E3 C1 C2
mass1_ref = 30.000000003219245
mass2_ref = 30.000000009868096
minchirp = 26.116416904580323
maxchirp = 26.116616904580322
mincov = 85058535028.08176
maxcov = 8505853502808.176
