
[data]
trigger-time = 1927456820.7994223
injection-file = /work/shashwat.singh/Prospects-of-LGWs/unlens/injection.hdf

[global]
instruments = E1 E2 E3 C1 C2
mass1_ref = 30.000000004620233
mass2_ref = 30.000000003864617
minchirp = 26.116416902576972
maxchirp = 26.116616902576972
mincov = 17021750.395947013
maxcov = 1702175039.5947013
