
[data]
trigger-time = 1600667359.4410894
injection-file = /work/shashwat.singh/Prospects-of-LGWs/unlens/injection.hdf

[global]
instruments = E1 E2 E3 C1 C2
mass1_ref = 30.00000000790092
mass2_ref = 30.000000004649316
minchirp = 26.116416904346533
maxchirp = 26.116616904346532
mincov = 89149004197.89441
maxcov = 8914900419789.441
