
[data]
trigger-time = 1205315302.1048074
injection-file = /work/shashwat.singh/Prospects-of-LGWs/unlens/injection.hdf

[global]
instruments = E1 E2 E3 C1 C2
mass1_ref = 30.000000007708934
mass2_ref = 30.00000000084134
minchirp = 26.116416902605447
maxchirp = 26.116616902605447
mincov = 65159565272.914536
maxcov = 6515956527291.454
