
[data]
trigger-time = 1418849601.2094874
injection-file = /work/shashwat.singh/Prospects-of-LGWs/unlens/injection.hdf

[global]
instruments = E1 E2 E3 C1 C2
mass1_ref = 30.00000000991011
mass2_ref = 30.0000000006245
minchirp = 26.11641690346918
maxchirp = 26.11661690346918
mincov = 14760916473.987814
maxcov = 1476091647398.7815
