
[data]
trigger-time = 1368541966.1919837
injection-file = /work/shashwat.singh/Prospects-of-LGWs/unlens/injection.hdf

[global]
instruments = E1 E2 E3 C1 C2
mass1_ref = 30.000000004210957
mass2_ref = 30.00000000176065
minchirp = 26.116416901483017
maxchirp = 26.116616901483017
mincov = 135981583373.4241
maxcov = 13598158337342.41
