
[data]
trigger-time = 1272652597.664338
injection-file = /work/shashwat.singh/Prospects-of-LGWs/unlens/injection.hdf

[global]
instruments = E1 E2 E3 C1 C2
mass1_ref = 30.000000001595268
mass2_ref = 30.00000000582008
minchirp = 26.116416902111443
maxchirp = 26.116616902111442
mincov = 143921497801.92493
maxcov = 14392149780192.492
