
[data]
trigger-time = 1315375220.1942942
injection-file = /work/shashwat.singh/Prospects-of-LGWs/unlens/injection.hdf

[global]
instruments = E1 E2 E3 C1 C2
mass1_ref = 30.000000004212886
mass2_ref = 30.000000004596487
minchirp = 26.116416902718225
maxchirp = 26.116616902718224
mincov = 33084716406.09309
maxcov = 3308471640609.309
