
[data]
trigger-time = 1190807818.9389462
injection-file = /work/shashwat.singh/Prospects-of-LGWs/unlens/injection.hdf

[global]
instruments = E1 E2 E3 C1 C2
mass1_ref = 30.000000001407834
mass2_ref = 30.00000000925703
minchirp = 26.116416903525874
maxchirp = 26.116616903525873
mincov = 63094111188.45797
maxcov = 6309411118845.797
