
[data]
trigger-time = 1174987158.2308092
injection-file = /work/shashwat.singh/Prospects-of-LGWs/unlens/injection.hdf

[global]
instruments = E1 E2 E3 C1 C2
mass1_ref = 30.000000002232568
mass2_ref = 30.000000005830273
minchirp = 26.11641690239328
maxchirp = 26.11661690239328
mincov = 2743649021.4876924
maxcov = 274364902148.76923
