
[data]
trigger-time = 1980883498.5786195
injection-file = /work/shashwat.singh/Prospects-of-LGWs/unlens/injection.hdf

[global]
instruments = E1 E2 E3 C1 C2
mass1_ref = 30.000000008296194
mass2_ref = 30.0000000056351
minchirp = 26.116416904947673
maxchirp = 26.116616904947673
mincov = 142039389188.60052
maxcov = 14203938918860.055
