
[data]
trigger-time = 1204188485.060438
injection-file = /work/shashwat.singh/Prospects-of-LGWs/unlens/injection.hdf

[global]
instruments = E1 E2 E3 C1 C2
mass1_ref = 30.0000000062161
mass2_ref = 30.000000004571607
minchirp = 26.116416903579346
maxchirp = 26.116616903579345
mincov = 89533161799.43474
maxcov = 8953316179943.475
