
[data]
trigger-time = 1139791733.7453876
injection-file = /work/shashwat.singh/Prospects-of-LGWs/unlens/injection.hdf

[global]
instruments = E1 E2 E3 C1 C2
mass1_ref = 30.0000000014625
mass2_ref = 30.00000000331145
minchirp = 26.116416900961706
maxchirp = 26.116616900961706
mincov = 170248727932.66144
maxcov = 17024872793266.145
