
[data]
trigger-time = 1493936848.1031082
injection-file = /work/shashwat.singh/Prospects-of-LGWs/unlens/injection.hdf

[global]
instruments = E1 E2 E3 C1 C2
mass1_ref = 30.000000001434856
mass2_ref = 30.000000005566253
minchirp = 26.116416901931135
maxchirp = 26.116616901931135
mincov = 13959914383.645243
maxcov = 1395991438364.5242
