
[data]
trigger-time = 1430279798.3036196
injection-file = /work/shashwat.singh/Prospects-of-LGWs/unlens/injection.hdf

[global]
instruments = E1 E2 E3 C1 C2
mass1_ref = 30.000000008960754
mass2_ref = 30.00000000127938
minchirp = 26.116416903341
maxchirp = 26.116616903341
mincov = 103938376089.4412
maxcov = 10393837608944.12
