
[data]
trigger-time = 1292339081.9786975
injection-file = /work/shashwat.singh/Prospects-of-LGWs/unlens/injection.hdf

[global]
instruments = E1 E2 E3 C1 C2
mass1_ref = 30.000000007485955
mass2_ref = 30.000000008598676
minchirp = 26.116416905884968
maxchirp = 26.116616905884968
mincov = 71351168461.60687
maxcov = 7135116846160.6875
