
[data]
trigger-time = 1765147580.8651667
injection-file = /work/shashwat.singh/Prospects-of-LGWs/unlens/injection.hdf

[global]
instruments = E1 E2 E3 C1 C2
mass1_ref = 30.000000008582173
mass2_ref = 30.00000000351632
minchirp = 26.1164169041499
maxchirp = 26.1166169041499
mincov = 64441908969.60521
maxcov = 6444190896960.521
