
[data]
trigger-time = 1743336129.8282478
injection-file = /work/shashwat.singh/Prospects-of-LGWs/unlens/injection.hdf

[global]
instruments = E1 E2 E3 C1 C2
mass1_ref = 30.000000008544717
mass2_ref = 30.00000000751428
minchirp = 26.11641690587381
maxchirp = 26.11661690587381
mincov = 64347764381.76084
maxcov = 6434776438176.084
