
[data]
trigger-time = 1097312519.2893565
injection-file = /work/shashwat.singh/Prospects-of-LGWs/unlens/injection.hdf

[global]
instruments = E1 E2 E3 C1 C2
mass1_ref = 30.00000000315671
mass2_ref = 30.00000000523671
minchirp = 26.11641690253717
maxchirp = 26.11661690253717
mincov = 172443559505.09357
maxcov = 17244355950509.357
