
[data]
trigger-time = 1216870144.284841
injection-file = /work/shashwat.singh/Prospects-of-LGWs/unlens/injection.hdf

[global]
instruments = E1 E2 E3 C1 C2
mass1_ref = 30.000000001991424
mass2_ref = 30.000000007243596
minchirp = 26.116416902903502
maxchirp = 26.116616902903502
mincov = 151881148346.9536
maxcov = 15188114834695.361
