
[data]
trigger-time = 1822468232.2255607
injection-file = /work/shashwat.singh/Prospects-of-LGWs/unlens/injection.hdf

[global]
instruments = E1 E2 E3 C1 C2
mass1_ref = 30.000000009927483
mass2_ref = 30.000000003172886
minchirp = 26.11641690458599
maxchirp = 26.11661690458599
mincov = 7486092798.304759
maxcov = 748609279830.476
