
[data]
trigger-time = 1489415886.317239
injection-file = /work/shashwat.singh/Prospects-of-LGWs/unlens/injection.hdf

[global]
instruments = E1 E2 E3 C1 C2
mass1_ref = 30.000000002240444
mass2_ref = 30.00000000732604
minchirp = 26.116416903047778
maxchirp = 26.116616903047777
mincov = 84742319480.45877
maxcov = 8474231948045.878
