
[data]
trigger-time = 1576655194.9858882
injection-file = /work/shashwat.singh/Prospects-of-LGWs/unlens/injection.hdf

[global]
instruments = E1 E2 E3 C1 C2
mass1_ref = 30.00000000202266
mass2_ref = 30.00000000868811
minchirp = 26.116416903545858
maxchirp = 26.116616903545857
mincov = 95057575070.30421
maxcov = 9505757507030.422
