
[data]
trigger-time = 1162294277.674784
injection-file = /work/shashwat.singh/Prospects-of-LGWs/unlens/injection.hdf

[global]
instruments = E1 E2 E3 C1 C2
mass1_ref = 30.000000003169802
mass2_ref = 30.000000008369728
minchirp = 26.116416903906593
maxchirp = 26.116616903906593
mincov = 89986146248.76001
maxcov = 8998614624876.0
