
[data]
trigger-time = 1625923280.4568636
injection-file = /work/shashwat.singh/Prospects-of-LGWs/unlens/injection.hdf

[global]
instruments = E1 E2 E3 C1 C2
mass1_ref = 30.00000000126883
mass2_ref = 30.000000002464745
minchirp = 26.116416900508856
maxchirp = 26.116616900508856
mincov = 43112399392.0806
maxcov = 4311239939208.0596
