
[data]
trigger-time = 1566358595.431965
injection-file = /work/shashwat.singh/Prospects-of-LGWs/unlens/injection.hdf

[global]
instruments = E1 E2 E3 C1 C2
mass1_ref = 30.000000008651085
mass2_ref = 30.000000005219633
minchirp = 26.116416904921305
maxchirp = 26.116616904921305
mincov = 73627471681.04352
maxcov = 7362747168104.352
