
[data]
trigger-time = 1884670521.1515014
injection-file = /work/shashwat.singh/Prospects-of-LGWs/unlens/injection.hdf

[global]
instruments = E1 E2 E3 C1 C2
mass1_ref = 30.000000002918238
mass2_ref = 30.000000003004693
minchirp = 26.116416901461832
maxchirp = 26.116616901461832
mincov = 2183421364.866583
maxcov = 218342136486.6583
