
[data]
trigger-time = 1778010773.9694417
injection-file = /work/shashwat.singh/Prospects-of-LGWs/unlens/injection.hdf

[global]
instruments = E1 E2 E3 C1 C2
mass1_ref = 30.000000007994725
mass2_ref = 30.00000000196664
minchirp = 26.116416903219662
maxchirp = 26.11661690321966
mincov = 2351612425.398563
maxcov = 235161242539.8563
