
[data]
trigger-time = 1628538573.6978836
injection-file = /work/shashwat.singh/Prospects-of-LGWs/unlens/injection.hdf

[global]
instruments = E1 E2 E3 C1 C2
mass1_ref = 30.000000003524637
mass2_ref = 30.000000002474035
minchirp = 26.116416901494798
maxchirp = 26.116616901494798
mincov = 141348922213.73233
maxcov = 14134892221373.232
