
[data]
trigger-time = 1692597167.1966596
injection-file = /work/shashwat.singh/Prospects-of-LGWs/unlens/injection.hdf

[global]
instruments = E1 E2 E3 C1 C2
mass1_ref = 30.0000000010388
mass2_ref = 30.000000000322046
minchirp = 26.116416899476068
maxchirp = 26.116616899476067
mincov = 178557198241.35162
maxcov = 17855719824135.164
