
[data]
trigger-time = 1053783703.8759302
injection-file = /work/shashwat.singh/Prospects-of-LGWs/unlens/injection.hdf

[global]
instruments = E1 E2 E3 C1 C2
mass1_ref = 30.000000002131454
mass2_ref = 30.00000000345866
minchirp = 26.116416901316963
maxchirp = 26.116616901316963
mincov = 152059869314.36075
maxcov = 15205986931436.074
