
[data]
trigger-time = 1723936478.552087
injection-file = /work/shashwat.singh/Prospects-of-LGWs/unlens/injection.hdf

[global]
instruments = E1 E2 E3 C1 C2
mass1_ref = 30.000000005903974
mass2_ref = 30.000000001649806
minchirp = 26.116416902171697
maxchirp = 26.116616902171696
mincov = 113043182477.17776
maxcov = 11304318247717.775
