
[data]
trigger-time = 1901488241.87112
injection-file = /work/shashwat.singh/Prospects-of-LGWs/unlens/injection.hdf

[global]
instruments = E1 E2 E3 C1 C2
mass1_ref = 30.00000000194616
mass2_ref = 30.000000004662866
minchirp = 26.11641690176047
maxchirp = 26.11661690176047
mincov = 127581275376.78362
maxcov = 12758127537678.361
