
[data]
trigger-time = 1429369880.0581617
injection-file = /work/shashwat.singh/Prospects-of-LGWs/unlens/injection.hdf

[global]
instruments = E1 E2 E3 C1 C2
mass1_ref = 30.000000009395485
mass2_ref = 30.000000000558394
minchirp = 26.1164169032164
maxchirp = 26.1166169032164
mincov = 100528443276.33182
maxcov = 10052844327633.182
