
[data]
trigger-time = 1220210575.0666285
injection-file = /work/shashwat.singh/Prospects-of-LGWs/unlens/injection.hdf

[global]
instruments = E1 E2 E3 C1 C2
mass1_ref = 30.00000000701276
mass2_ref = 30.000000000221288
minchirp = 26.116416902032526
maxchirp = 26.116616902032526
mincov = 171647509757.0058
maxcov = 17164750975700.578
