
[data]
trigger-time = 1598255671.279109
injection-file = /home/ss/Prospects-of-LGWs/unlens/injection.hdf

[global]
instruments = E1 E2 E3
mass1_ref = 30.000000002566075
mass2_ref = 30.000000006937373
minchirp = 26.11641690302034
maxchirp = 26.11661690302034
mincov = 27089990765.867374
maxcov = 2708999076586.7373
