
[data]
trigger-time = 1701273032.117498
injection-file = /work/shashwat.singh/Prospects-of-LGWs/unlens/injection.hdf

[global]
instruments = E1 E2 E3 C1 C2
mass1_ref = 30.000000001398302
mass2_ref = 30.000000003124327
minchirp = 26.116416900852315
maxchirp = 26.116616900852314
mincov = 156307673137.20178
maxcov = 15630767313720.178
