
[data]
trigger-time = 1517719794.9220693
injection-file = /work/shashwat.singh/Prospects-of-LGWs/unlens/injection.hdf

[global]
instruments = E1 E2 E3 C1 C2
mass1_ref = 30.00000000648517
mass2_ref = 30.000000007757254
minchirp = 26.1164169050831
maxchirp = 26.1166169050831
mincov = 177452080823.30466
maxcov = 17745208082330.465
