
[data]
trigger-time = 1461455806.8531547
injection-file = /work/shashwat.singh/Prospects-of-LGWs/unlens/injection.hdf

[global]
instruments = E1 E2 E3 C1 C2
mass1_ref = 30.000000003058677
mass2_ref = 30.00000000201444
minchirp = 26.116416901091927
maxchirp = 26.116616901091927
mincov = 70259867852.60806
maxcov = 7025986785260.807
