
[data]
trigger-time = 1004493073.9430251
injection-file = /work/shashwat.singh/Prospects-of-LGWs/unlens/injection.hdf

[global]
instruments = E1 E2 E3 C1 C2
mass1_ref = 30.000000009682925
mass2_ref = 30.000000009631915
minchirp = 26.116416907290997
maxchirp = 26.116616907290997
mincov = 45112659766.99686
maxcov = 4511265976699.686
