
[data]
trigger-time = 1384317828.122948
injection-file = /work/shashwat.singh/Prospects-of-LGWs/unlens/injection.hdf

[global]
instruments = E1 E2 E3 C1 C2
mass1_ref = 30.000000000164803
mass2_ref = 30.00000000881572
minchirp = 26.116416902792725
maxchirp = 26.116616902792725
mincov = 108472780266.97136
maxcov = 10847278026697.137
