
[data]
trigger-time = 1198534186.7928815
injection-file = /work/shashwat.singh/Prospects-of-LGWs/unlens/injection.hdf

[global]
instruments = E1 E2 E3 C1 C2
mass1_ref = 30.00000000269057
mass2_ref = 30.00000000083361
minchirp = 26.11641690041771
maxchirp = 26.11661690041771
mincov = 42565675.59807615
maxcov = 4256567559.8076153
