
[data]
trigger-time = 1263649486.474886
injection-file = /work/shashwat.singh/Prospects-of-LGWs/unlens/injection.hdf

[global]
instruments = E1 E2 E3 C1 C2
mass1_ref = 30.0000000092814
mass2_ref = 30.00000000367786
minchirp = 26.11641690452457
maxchirp = 26.11661690452457
mincov = 63735571773.34922
maxcov = 6373557177334.922
