
[data]
trigger-time = 1423549893.5088437
injection-file = /work/shashwat.singh/Prospects-of-LGWs/unlens/injection.hdf

[global]
instruments = E1 E2 E3 C1 C2
mass1_ref = 30.000000005038892
mass2_ref = 30.000000006902077
minchirp = 26.116416904081333
maxchirp = 26.116616904081333
mincov = 10369846164.407299
maxcov = 1036984616440.7299
