
[data]
trigger-time = 1464471701.1359005
injection-file = /work/shashwat.singh/Prospects-of-LGWs/unlens/injection.hdf

[global]
instruments = E1 E2 E3 C1 C2
mass1_ref = 30.000000004470504
mass2_ref = 30.000000004164306
minchirp = 26.116416902642246
maxchirp = 26.116616902642246
mincov = 86081000527.42906
maxcov = 8608100052742.906
