
[data]
trigger-time = 1663833707.6951022
injection-file = /work/shashwat.singh/Prospects-of-LGWs/unlens/injection.hdf

[global]
instruments = E1 E2 E3 C1 C2
mass1_ref = 30.000000003951147
mass2_ref = 30.00000000342601
minchirp = 26.11641690209482
maxchirp = 26.11661690209482
mincov = 73933958375.06909
maxcov = 7393395837506.909
