
[data]
trigger-time = 1222558658.6435084
injection-file = /work/shashwat.singh/Prospects-of-LGWs/unlens/injection.hdf

[global]
instruments = E1 E2 E3 C1 C2
mass1_ref = 30.00000000117718
mass2_ref = 30.000000002396323
minchirp = 26.116416900439184
maxchirp = 26.116616900439183
mincov = 43368288994.26918
maxcov = 4336828899426.9185
