
[data]
trigger-time = 1018502809.4007767
injection-file = /work/shashwat.singh/Prospects-of-LGWs/unlens/injection.hdf

[global]
instruments = E1 E2 E3 C1 C2
mass1_ref = 30.000000001413504
mass2_ref = 30.00000000996334
minchirp = 26.11641690383578
maxchirp = 26.11661690383578
mincov = 115820524978.30037
maxcov = 11582052497830.037
