
[data]
trigger-time = 1329667742.5847728
injection-file = /work/shashwat.singh/Prospects-of-LGWs/unlens/injection.hdf

[global]
instruments = E1 E2 E3 C1 C2
mass1_ref = 30.000000006750373
mass2_ref = 30.000000006468078
minchirp = 26.11641690463739
maxchirp = 26.11661690463739
mincov = 135420994323.72794
maxcov = 13542099432372.793
