
[data]
trigger-time = 1889866087.0407543
injection-file = /work/shashwat.singh/Prospects-of-LGWs/unlens/injection.hdf

[global]
instruments = E1 E2 E3 C1 C2
mass1_ref = 30.00000000013796
mass2_ref = 30.000000009801603
minchirp = 26.11641690321017
maxchirp = 26.11661690321017
mincov = 119273237244.1636
maxcov = 11927323724416.36
