
[data]
trigger-time = 1892998164.7332401
injection-file = /work/shashwat.singh/Prospects-of-LGWs/unlens/injection.hdf

[global]
instruments = E1 E2 E3 C1 C2
mass1_ref = 30.000000001966054
mass2_ref = 30.000000002821995
minchirp = 26.11641690096784
maxchirp = 26.11661690096784
mincov = 18892658243.340645
maxcov = 1889265824334.0647
