
[data]
trigger-time = 1262727901.9011354
injection-file = /work/shashwat.singh/Prospects-of-LGWs/unlens/injection.hdf

[global]
instruments = E1 E2 E3 C1 C2
mass1_ref = 30.000000007080967
mass2_ref = 30.000000004835
minchirp = 26.11641690407045
maxchirp = 26.11661690407045
mincov = 2458806068.80803
maxcov = 245880606880.80298
