
[data]
trigger-time = 1054051587.1892053
injection-file = /work/shashwat.singh/Prospects-of-LGWs/unlens/injection.hdf

[global]
instruments = E1 E2 E3 C1 C2
mass1_ref = 30.000000003388905
mass2_ref = 30.00000000716366
minchirp = 26.116416903476996
maxchirp = 26.116616903476995
mincov = 106008533012.88431
maxcov = 10600853301288.432
