
[data]
trigger-time = 1043338751.4674859
injection-file = /work/shashwat.singh/Prospects-of-LGWs/unlens/injection.hdf

[global]
instruments = E1 E2 E3 C1 C2
mass1_ref = 30.00000000186697
mass2_ref = 30.00000000241914
minchirp = 26.11641690074936
maxchirp = 26.11661690074936
mincov = 172067279792.17178
maxcov = 17206727979217.178
