
[data]
trigger-time = 1716608914.3706217
injection-file = /work/shashwat.singh/Prospects-of-LGWs/unlens/injection.hdf

[global]
instruments = E1 E2 E3 C1 C2
mass1_ref = 30.000000009145538
mass2_ref = 30.000000006393975
minchirp = 26.11641690564769
maxchirp = 26.11661690564769
mincov = 27656323039.494804
maxcov = 2765632303949.4805
