
[data]
trigger-time = 1267149052.2232654
injection-file = /work/shashwat.singh/Prospects-of-LGWs/unlens/injection.hdf

[global]
instruments = E1 E2 E3 C1 C2
mass1_ref = 30.000000009543392
mass2_ref = 30.000000004027427
minchirp = 26.116416904790768
maxchirp = 26.116616904790767
mincov = 128406836527.00732
maxcov = 12840683652700.732
