
[data]
trigger-time = 1161727102.5718775
injection-file = /work/shashwat.singh/Prospects-of-LGWs/unlens/injection.hdf

[global]
instruments = E1 E2 E3 C1 C2
mass1_ref = 30.000000006663104
mass2_ref = 30.00000000361442
minchirp = 26.116416903357276
maxchirp = 26.116616903357276
mincov = 146407846336.47394
maxcov = 14640784633647.393
