
[data]
trigger-time = 1971317333.5271196
injection-file = /work/shashwat.singh/Prospects-of-LGWs/unlens/injection.hdf

[global]
instruments = E1 E2 E3 C1 C2
mass1_ref = 30.000000000380943
mass2_ref = 30.00000000066494
minchirp = 26.116416899338972
maxchirp = 26.116616899338972
mincov = 173737064276.0049
maxcov = 17373706427600.49
