
[data]
trigger-time = 1986606525.1430469
injection-file = /work/shashwat.singh/Prospects-of-LGWs/unlens/injection.hdf

[global]
instruments = E1 E2 E3 C1 C2
mass1_ref = 30.00000000471228
mass2_ref = 30.000000002542798
minchirp = 26.11641690204168
maxchirp = 26.11661690204168
mincov = 106598438337.6642
maxcov = 10659843833766.42
