
[data]
trigger-time = 1308652171.83683
injection-file = /work/shashwat.singh/Prospects-of-LGWs/unlens/injection.hdf

[global]
instruments = E1 E2 E3 C1 C2
mass1_ref = 30.000000008640303
mass2_ref = 30.000000009727035
minchirp = 26.116416906878573
maxchirp = 26.116616906878573
mincov = 151915730173.37152
maxcov = 15191573017337.15
