
[data]
trigger-time = 1288294205.4292665
injection-file = /work/shashwat.singh/Prospects-of-LGWs/unlens/injection.hdf

[global]
instruments = E1 E2 E3 C1 C2
mass1_ref = 30.000000007779438
mass2_ref = 30.0000000042933
minchirp = 26.11641690413869
maxchirp = 26.116616904138688
mincov = 35699570446.47961
maxcov = 3569957044647.961
