
[data]
trigger-time = 1400566845.156403
injection-file = /work/shashwat.singh/Prospects-of-LGWs/unlens/injection.hdf

[global]
instruments = E1 E2 E3 C1 C2
mass1_ref = 30.000000002958714
mass2_ref = 30.000000002239016
minchirp = 26.11641690114617
maxchirp = 26.11661690114617
mincov = 155514312216.22427
maxcov = 15551431221622.426
