
[data]
trigger-time = 1486424793.6541889
injection-file = /work/shashwat.singh/Prospects-of-LGWs/unlens/injection.hdf

[global]
instruments = E1 E2 E3 C1 C2
mass1_ref = 30.00000000826567
mass2_ref = 30.00000000350956
minchirp = 26.11641690400919
maxchirp = 26.116616904009188
mincov = 135610636480.60103
maxcov = 13561063648060.102
