
[data]
trigger-time = 1178843794.8524003
injection-file = /work/shashwat.singh/Prospects-of-LGWs/unlens/injection.hdf

[global]
instruments = E1 E2 E3 C1 C2
mass1_ref = 30.00000000991568
mass2_ref = 30.000000005645944
minchirp = 26.116416905657314
maxchirp = 26.116616905657313
mincov = 66156221852.26836
maxcov = 6615622185226.836
