
[data]
trigger-time = 1746030374.8767033
injection-file = /work/shashwat.singh/Prospects-of-LGWs/unlens/injection.hdf

[global]
instruments = E1 E2 E3 C1 C2
mass1_ref = 30.000000005238594
mass2_ref = 30.000000003378577
minchirp = 26.116416902634565
maxchirp = 26.116616902634565
mincov = 99636902237.70065
maxcov = 9963690223770.066
