
[data]
trigger-time = 1738257645.1915278
injection-file = /work/shashwat.singh/Prospects-of-LGWs/unlens/injection.hdf

[global]
instruments = E1 E2 E3 C1 C2
mass1_ref = 30.000000005633616
mass2_ref = 30.000000007235865
minchirp = 26.116416904485494
maxchirp = 26.116616904485493
mincov = 2733902189.828681
maxcov = 273390218982.86807
