
[data]
trigger-time = 1740183671.2032702
injection-file = /work/shashwat.singh/Prospects-of-LGWs/unlens/injection.hdf

[global]
instruments = E1 E2 E3 C1 C2
mass1_ref = 30.000000000626738
mass2_ref = 30.000000003195044
minchirp = 26.11641690054725
maxchirp = 26.11661690054725
mincov = 127352024003.72066
maxcov = 12735202400372.066
