
[data]
trigger-time = 1719114861.1179779
injection-file = /work/shashwat.singh/Prospects-of-LGWs/unlens/injection.hdf

[global]
instruments = E1 E2 E3 C1 C2
mass1_ref = 30.00000000693793
mass2_ref = 30.00000000545789
minchirp = 26.116416904279316
maxchirp = 26.116616904279315
mincov = 110139313182.29831
maxcov = 11013931318229.832
