
[data]
trigger-time = 1074355810.9745164
injection-file = /work/shashwat.singh/Prospects-of-LGWs/unlens/injection.hdf

[global]
instruments = E1 E2 E3 C1 C2
mass1_ref = 30.000000000011656
mass2_ref = 30.000000004783143
minchirp = 26.11641690097078
maxchirp = 26.11661690097078
mincov = 109730020567.7909
maxcov = 10973002056779.09
