
[data]
trigger-time = 1360649075.0641274
injection-file = /work/shashwat.singh/Prospects-of-LGWs/unlens/injection.hdf

[global]
instruments = E1 E2 E3 C1 C2
mass1_ref = 30.0000000067212
mass2_ref = 30.000000002093582
minchirp = 26.116416902720584
maxchirp = 26.116616902720583
mincov = 94787458456.96313
maxcov = 9478745845696.312
