
[data]
trigger-time = 1210009376.1048787
injection-file = /work/shashwat.singh/Prospects-of-LGWs/unlens/injection.hdf

[global]
instruments = E1 E2 E3 C1 C2
mass1_ref = 30.00000000446864
mass2_ref = 30.000000002972968
minchirp = 26.11641690212287
maxchirp = 26.11661690212287
mincov = 172029571337.93427
maxcov = 17202957133793.428
