
[data]
trigger-time = 1550936437.6062229
injection-file = /work/shashwat.singh/Prospects-of-LGWs/unlens/injection.hdf

[global]
instruments = E1 E2 E3 C1 C2
mass1_ref = 30.000000009892528
mass2_ref = 30.000000008851814
minchirp = 26.116416907042673
maxchirp = 26.116616907042673
mincov = 93206384993.27695
maxcov = 9320638499327.695
