
[data]
trigger-time = 1115903228.385511
injection-file = /work/shashwat.singh/Prospects-of-LGWs/unlens/injection.hdf

[global]
instruments = E1 E2 E3 C1 C2
mass1_ref = 30.0000000091681
mass2_ref = 30.000000009598008
minchirp = 26.116416907052148
maxchirp = 26.116616907052148
mincov = 24909356186.482918
maxcov = 2490935618648.292
