
[data]
trigger-time = 1536803979.4738297
injection-file = /work/shashwat.singh/Prospects-of-LGWs/unlens/injection.hdf

[global]
instruments = E1 E2 E3 C1 C2
mass1_ref = 30.00000000038041
mass2_ref = 30.000000000964974
minchirp = 26.116416899469336
maxchirp = 26.116616899469335
mincov = 161050709094.60858
maxcov = 16105070909460.857
