
[data]
trigger-time = 1002037855.0236789
injection-file = /work/shashwat.singh/Prospects-of-LGWs/unlens/injection.hdf

[global]
instruments = E1 E2 E3 C1 C2
mass1_ref = 30.00000000102976
mass2_ref = 30.000000003837027
minchirp = 26.11641690100212
maxchirp = 26.116616901002118
mincov = 75767898451.27545
maxcov = 7576789845127.545
