
[data]
trigger-time = 1258827304.0774577
injection-file = /work/shashwat.singh/Prospects-of-LGWs/unlens/injection.hdf

[global]
instruments = E1 E2 E3 C1 C2
mass1_ref = 30.000000006143242
mass2_ref = 30.00000000128463
minchirp = 26.116416902116892
maxchirp = 26.116616902116892
mincov = 19419993453.43945
maxcov = 1941999345343.945
