
[data]
trigger-time = 1036157599.1732017
injection-file = /work/shashwat.singh/Prospects-of-LGWs/unlens/injection.hdf

[global]
instruments = E1 E2 E3 C1 C2
mass1_ref = 30.000000000990536
mass2_ref = 30.00000000747248
minchirp = 26.116416902567465
maxchirp = 26.116616902567465
mincov = 67233475844.80935
maxcov = 6723347584480.936
