
[data]
trigger-time = 1054347510.730602
injection-file = /work/shashwat.singh/Prospects-of-LGWs/unlens/injection.hdf

[global]
instruments = E1 E2 E3 C1 C2
mass1_ref = 30.000000006851188
mass2_ref = 30.000000001899455
minchirp = 26.116416902692663
maxchirp = 26.116616902692662
mincov = 111748033916.34628
maxcov = 11174803391634.629
