
[data]
trigger-time = 1957582456.7094111
injection-file = /work/shashwat.singh/Prospects-of-LGWs/unlens/injection.hdf

[global]
instruments = E1 E2 E3 C1 C2
mass1_ref = 30.000000000830617
mass2_ref = 30.000000005393566
minchirp = 26.116416901592956
maxchirp = 26.116616901592955
mincov = 144784931286.30856
maxcov = 14478493128630.857
