
[data]
trigger-time = 1613250859.5403385
injection-file = /work/shashwat.singh/Prospects-of-LGWs/unlens/injection.hdf

[global]
instruments = E1 E2 E3 C1 C2
mass1_ref = 30.00000000287996
mass2_ref = 30.000000005861818
minchirp = 26.116416902688805
maxchirp = 26.116616902688804
mincov = 57895736667.43854
maxcov = 5789573666743.854
