
[data]
trigger-time = 1104890672.3122642
injection-file = /work/shashwat.singh/Prospects-of-LGWs/unlens/injection.hdf

[global]
instruments = E1 E2 E3 C1 C2
mass1_ref = 30.00000000507032
mass2_ref = 30.00000000457581
minchirp = 26.116416903082445
maxchirp = 26.116616903082445
mincov = 168594156530.63568
maxcov = 16859415653063.57
