
[data]
trigger-time = 1445753261.6605139
injection-file = /work/shashwat.singh/Prospects-of-LGWs/unlens/injection.hdf

[global]
instruments = E1 E2 E3 C1 C2
mass1_ref = 30.000000002479254
mass2_ref = 30.0000000099443
minchirp = 26.11641690429139
maxchirp = 26.11661690429139
mincov = 12400527954.519855
maxcov = 1240052795451.9856
