
[data]
trigger-time = 1532613658.895813
injection-file = /work/shashwat.singh/Prospects-of-LGWs/unlens/injection.hdf

[global]
instruments = E1 E2 E3 C1 C2
mass1_ref = 30.000000004677474
mass2_ref = 30.00000000727605
minchirp = 26.116416904086798
maxchirp = 26.116616904086797
mincov = 83937181856.60464
maxcov = 8393718185660.465
