
[data]
trigger-time = 1514538145.50934
injection-file = /work/shashwat.singh/Prospects-of-LGWs/unlens/injection.hdf

[global]
instruments = E1 E2 E3 C1 C2
mass1_ref = 30.000000005615505
mass2_ref = 30.000000009347126
minchirp = 26.116416905396587
maxchirp = 26.116616905396587
mincov = 79828325532.8928
maxcov = 7982832553289.281
