
[data]
trigger-time = 1144993174.6804864
injection-file = /work/shashwat.singh/Prospects-of-LGWs/unlens/injection.hdf

[global]
instruments = E1 E2 E3 C1 C2
mass1_ref = 30.000000008188028
mass2_ref = 30.00000000399321
minchirp = 26.116416904185915
maxchirp = 26.116616904185914
mincov = 159177797177.2287
maxcov = 15917779717722.87
