
[data]
trigger-time = 1995220572.2434242
injection-file = /work/shashwat.singh/Prospects-of-LGWs/unlens/injection.hdf

[global]
instruments = E1 E2 E3 C1 C2
mass1_ref = 30.000000004401016
mass2_ref = 30.000000008220375
minchirp = 26.116416904377505
maxchirp = 26.116616904377505
mincov = 67892095044.291954
maxcov = 6789209504429.195
