
[data]
trigger-time = 1139083239.0901399
injection-file = /work/shashwat.singh/Prospects-of-LGWs/unlens/injection.hdf

[global]
instruments = E1 E2 E3 C1 C2
mass1_ref = 30.000000003703217
mass2_ref = 30.00000000946481
minchirp = 26.11641690461544
maxchirp = 26.11661690461544
mincov = 45383258118.00264
maxcov = 4538325811800.265
