
[data]
trigger-time = 1806672749.303966
injection-file = /work/shashwat.singh/Prospects-of-LGWs/unlens/injection.hdf

[global]
instruments = E1 E2 E3 C1 C2
mass1_ref = 30.000000002761112
mass2_ref = 30.00000000779048
minchirp = 26.11641690347657
maxchirp = 26.11661690347657
mincov = 142060165725.8996
maxcov = 14206016572589.959
