
[data]
trigger-time = 1187223796.2406917
injection-file = /work/shashwat.singh/Prospects-of-LGWs/unlens/injection.hdf

[global]
instruments = E1 E2 E3 C1 C2
mass1_ref = 30.00000000715705
mass2_ref = 30.00000000627951
minchirp = 26.116416904732326
maxchirp = 26.116616904732325
mincov = 80318943380.70358
maxcov = 8031894338070.359
