
[data]
trigger-time = 1530167152.1586504
injection-file = /work/shashwat.singh/Prospects-of-LGWs/unlens/injection.hdf

[global]
instruments = E1 E2 E3 C1 C2
mass1_ref = 30.000000006056514
mass2_ref = 30.00000000192251
minchirp = 26.116416902356796
maxchirp = 26.116616902356796
mincov = 82009148492.13087
maxcov = 8200914849213.087
