
[data]
trigger-time = 1476718988.7648754
injection-file = /work/shashwat.singh/Prospects-of-LGWs/unlens/injection.hdf

[global]
instruments = E1 E2 E3 C1 C2
mass1_ref = 30.00000000437186
mass2_ref = 30.000000005254357
minchirp = 26.11641690307378
maxchirp = 26.11661690307378
mincov = 154831620484.2779
maxcov = 15483162048427.791
