
[data]
trigger-time = 1574792261.0821567
injection-file = /work/shashwat.singh/Prospects-of-LGWs/unlens/injection.hdf

[global]
instruments = E1 E2 E3 C1 C2
mass1_ref = 30.000000001505352
mass2_ref = 30.00000000877043
minchirp = 26.11641690335652
maxchirp = 26.11661690335652
mincov = 1240253570.8805463
maxcov = 124025357088.05464
