
[data]
trigger-time = 1439425863.778669
injection-file = /work/shashwat.singh/Prospects-of-LGWs/unlens/injection.hdf

[global]
instruments = E1 E2 E3 C1 C2
mass1_ref = 30.000000004972232
mass2_ref = 30.00000000041068
minchirp = 26.116416901226774
maxchirp = 26.116616901226774
mincov = 51014615778.70271
maxcov = 5101461577870.271
