
[data]
trigger-time = 1737841211.342302
injection-file = /work/shashwat.singh/Prospects-of-LGWs/unlens/injection.hdf

[global]
instruments = E1 E2 E3 C1 C2
mass1_ref = 30.000000006179484
mass2_ref = 30.00000000577898
minchirp = 26.116416904088947
maxchirp = 26.116616904088946
mincov = 154482219103.50223
maxcov = 15448221910350.223
