
[data]
trigger-time = 1098608451.964701
injection-file = /work/shashwat.singh/Prospects-of-LGWs/unlens/injection.hdf

[global]
instruments = E1 E2 E3 C1 C2
mass1_ref = 30.000000001964132
mass2_ref = 30.00000000869969
minchirp = 26.116416903525423
maxchirp = 26.116616903525422
mincov = 100250100312.19942
maxcov = 10025010031219.941
