
[data]
trigger-time = 1891971724.9971502
injection-file = /work/shashwat.singh/Prospects-of-LGWs/unlens/injection.hdf

[global]
instruments = E1 E2 E3 C1 C2
mass1_ref = 30.00000000122457
mass2_ref = 30.000000005239386
minchirp = 26.116416901697324
maxchirp = 26.116616901697324
mincov = 175800377073.08286
maxcov = 17580037707308.285
