
[data]
trigger-time = 1692350687.749771
injection-file = /work/shashwat.singh/Prospects-of-LGWs/unlens/injection.hdf

[global]
instruments = E1 E2 E3 C1 C2
mass1_ref = 30.000000003576986
mass2_ref = 30.000000003853884
minchirp = 26.1164169021182
maxchirp = 26.1166169021182
mincov = 44069483374.72374
maxcov = 4406948337472.374
