
[data]
trigger-time = 1651670607.7654588
injection-file = /work/shashwat.singh/Prospects-of-LGWs/unlens/injection.hdf

[global]
instruments = E1 E2 E3 C1 C2
mass1_ref = 30.000000007919997
mass2_ref = 30.000000003818382
minchirp = 26.11641690399315
maxchirp = 26.11661690399315
mincov = 49270329845.07346
maxcov = 4927032984507.346
