
[data]
trigger-time = 1784656204.034043
injection-file = /work/shashwat.singh/Prospects-of-LGWs/unlens/injection.hdf

[global]
instruments = E1 E2 E3 C1 C2
mass1_ref = 30.000000009784877
mass2_ref = 30.000000004214954
minchirp = 26.116416904977505
maxchirp = 26.116616904977505
mincov = 56668078813.41471
maxcov = 5666807881341.471
