
[data]
trigger-time = 1050635195.329272
injection-file = /work/shashwat.singh/Prospects-of-LGWs/unlens/injection.hdf

[global]
instruments = E1 E2 E3 C1 C2
mass1_ref = 30.000000006269033
mass2_ref = 30.000000004199233
minchirp = 26.116416903440303
maxchirp = 26.116616903440303
mincov = 337237967.64360887
maxcov = 33723796764.360886
