
[data]
trigger-time = 1759222420.5105343
injection-file = /work/shashwat.singh/Prospects-of-LGWs/unlens/injection.hdf

[global]
instruments = E1 E2 E3 C1 C2
mass1_ref = 30.000000008594608
mass2_ref = 30.000000000354312
minchirp = 26.11641690277897
maxchirp = 26.11661690277897
mincov = 171025488505.11798
maxcov = 17102548850511.799
