
[data]
trigger-time = 1551019534.7352166
injection-file = /work/shashwat.singh/Prospects-of-LGWs/unlens/injection.hdf

[global]
instruments = E1 E2 E3 C1 C2
mass1_ref = 30.000000002878
mass2_ref = 30.00000000303566
minchirp = 26.116416901457796
maxchirp = 26.116616901457796
mincov = 80051186993.22906
maxcov = 8005118699322.906
