
[data]
trigger-time = 1358836201.0044456
injection-file = /work/shashwat.singh/Prospects-of-LGWs/unlens/injection.hdf

[global]
instruments = E1 E2 E3 C1 C2
mass1_ref = 30.000000005363834
mass2_ref = 30.000000004903676
minchirp = 26.116416903352917
maxchirp = 26.116616903352917
mincov = 163243496253.11935
maxcov = 16324349625311.936
