
[data]
trigger-time = 1416887104.2622514
injection-file = /work/shashwat.singh/Prospects-of-LGWs/unlens/injection.hdf

[global]
instruments = E1 E2 E3 C1 C2
mass1_ref = 30.00000000374443
mass2_ref = 30.000000000819295
minchirp = 26.1164169008702
maxchirp = 26.1166169008702
mincov = 137546329538.8961
maxcov = 13754632953889.61
