
[data]
trigger-time = 1864645429.5654078
injection-file = /work/shashwat.singh/Prospects-of-LGWs/unlens/injection.hdf

[global]
instruments = E1 E2 E3 C1 C2
mass1_ref = 30.00000000496325
mass2_ref = 30.000000001001126
minchirp = 26.116416901479873
maxchirp = 26.116616901479873
mincov = 59491976306.84489
maxcov = 5949197630684.488
