
[data]
trigger-time = 1925356872.8677769
injection-file = /home/ss/Prospects-of-LGWs/unlens/injection.hdf

[global]
instruments = E1 E2 E3 C1
mass1_ref = 30.000000008385772
mass2_ref = 30.000000003215657
minchirp = 26.11641690393354
maxchirp = 26.11661690393354
mincov = 30628469346.061256
maxcov = 3062846934606.1255
