
[data]
trigger-time = 1960542627.373752
injection-file = /work/shashwat.singh/Prospects-of-LGWs/unlens/injection.hdf

[global]
instruments = E1 E2 E3 C1 C2
mass1_ref = 30.000000008063058
mass2_ref = 30.000000002203773
minchirp = 26.116416903352622
maxchirp = 26.11661690335262
mincov = 118752714833.60368
maxcov = 11875271483360.37
