
[data]
trigger-time = 1177740694.3520877
injection-file = /work/shashwat.singh/Prospects-of-LGWs/unlens/injection.hdf

[global]
instruments = E1 E2 E3 C1 C2
mass1_ref = 30.00000000804233
mass2_ref = 30.000000000012413
minchirp = 26.116416902389755
maxchirp = 26.116616902389755
mincov = 27980636725.75283
maxcov = 2798063672575.283
