
[data]
trigger-time = 1019133548.1707326
injection-file = /work/shashwat.singh/Prospects-of-LGWs/unlens/injection.hdf

[global]
instruments = E1 E2 E3 C1 C2
mass1_ref = 30.000000001103224
mass2_ref = 30.000000004767166
minchirp = 26.11641690143896
maxchirp = 26.11661690143896
mincov = 55109779570.73672
maxcov = 5510977957073.672
