
[data]
trigger-time = 1475349616.3582547
injection-file = /work/shashwat.singh/Prospects-of-LGWs/unlens/injection.hdf

[global]
instruments = E1 E2 E3 C1 C2
mass1_ref = 30.000000005210698
mass2_ref = 30.000000004878196
minchirp = 26.116416903275173
maxchirp = 26.116616903275172
mincov = 21309331778.106655
maxcov = 2130933177810.6655
