
[data]
trigger-time = 1260668500.0701654
injection-file = /work/shashwat.singh/Prospects-of-LGWs/unlens/injection.hdf

[global]
instruments = E1 E2 E3 C1 C2
mass1_ref = 30.000000003177433
mass2_ref = 30.000000003344958
minchirp = 26.11641690172276
maxchirp = 26.11661690172276
mincov = 7424271383.831778
maxcov = 742427138383.1777
