
[data]
trigger-time = 1946303987.736013
injection-file = /work/shashwat.singh/Prospects-of-LGWs/unlens/injection.hdf

[global]
instruments = E1 E2 E3 C1 C2
mass1_ref = 30.000000005135174
mass2_ref = 30.000000001965134
minchirp = 26.116416901974315
maxchirp = 26.116616901974314
mincov = 1570756090.5211322
maxcov = 157075609052.11322
