
[data]
trigger-time = 1899968513.2244854
injection-file = /work/shashwat.singh/Prospects-of-LGWs/unlens/injection.hdf

[global]
instruments = E1 E2 E3 C1 C2
mass1_ref = 30.00000000909638
mass2_ref = 30.00000000503888
minchirp = 26.116416905036452
maxchirp = 26.11661690503645
mincov = 48438287245.33575
maxcov = 4843828724533.575
