
[data]
trigger-time = 1225958483.0536714
injection-file = /work/shashwat.singh/Prospects-of-LGWs/unlens/injection.hdf

[global]
instruments = E1 E2 E3 C1 C2
mass1_ref = 30.000000000358295
mass2_ref = 30.0000000041129
minchirp = 26.116416900829925
maxchirp = 26.116616900829925
mincov = 173514351718.2749
maxcov = 17351435171827.49
