
[data]
trigger-time = 1863778534.084859
injection-file = /work/shashwat.singh/Prospects-of-LGWs/unlens/injection.hdf

[global]
instruments = E1 E2 E3 C1 C2
mass1_ref = 30.000000006153332
mass2_ref = 30.00000000439887
minchirp = 26.11641690347684
maxchirp = 26.11661690347684
mincov = 90874860747.84247
maxcov = 9087486074784.246
