
[data]
trigger-time = 1340140189.7210884
injection-file = /work/shashwat.singh/Prospects-of-LGWs/unlens/injection.hdf

[global]
instruments = E1 E2 E3 C1 C2
mass1_ref = 30.0000000056845
mass2_ref = 30.00000000220472
minchirp = 26.11641690231771
maxchirp = 26.11661690231771
mincov = 65451805822.345276
maxcov = 6545180582234.527
