
[data]
trigger-time = 1572929910.8079515
injection-file = /work/shashwat.singh/Prospects-of-LGWs/unlens/injection.hdf

[global]
instruments = E1 E2 E3 C1 C2
mass1_ref = 30.000000006617814
mass2_ref = 30.000000006976617
minchirp = 26.116416904801042
maxchirp = 26.11661690480104
mincov = 106150091186.48184
maxcov = 10615009118648.186
