
[data]
trigger-time = 1566834299.8853307
injection-file = /work/shashwat.singh/Prospects-of-LGWs/unlens/injection.hdf

[global]
instruments = E1 E2 E3 C1 C2
mass1_ref = 30.000000009821356
mass2_ref = 30.000000006601937
minchirp = 26.116416906032377
maxchirp = 26.116616906032377
mincov = 166454686252.97256
maxcov = 16645468625297.256
