
[data]
trigger-time = 1002558739.3479548
injection-file = /work/shashwat.singh/Prospects-of-LGWs/unlens/injection.hdf

[global]
instruments = E1 E2 E3 C1 C2
mass1_ref = 30.000000004890673
mass2_ref = 30.00000000894772
minchirp = 26.116416904907233
maxchirp = 26.116616904907232
mincov = 170076609399.99814
maxcov = 17007660939999.814
