
[data]
trigger-time = 1648654960.5582733
injection-file = /work/shashwat.singh/Prospects-of-LGWs/unlens/injection.hdf

[global]
instruments = E1 E2 E3 C1 C2
mass1_ref = 30.000000007900326
mass2_ref = 30.000000009611984
minchirp = 26.1164169065064
maxchirp = 26.1166169065064
mincov = 47621363171.33885
maxcov = 4762136317133.886
