
[data]
trigger-time = 1452742177.2097926
injection-file = /work/shashwat.singh/Prospects-of-LGWs/unlens/injection.hdf

[global]
instruments = E1 E2 E3 C1 C2
mass1_ref = 30.00000000823314
mass2_ref = 30.00000000290909
minchirp = 26.11641690373366
maxchirp = 26.11661690373366
mincov = 101779091387.97084
maxcov = 10177909138797.084
