
[data]
trigger-time = 1077161499.5297632
injection-file = /work/shashwat.singh/Prospects-of-LGWs/unlens/injection.hdf

[global]
instruments = E1 E2 E3 C1 C2
mass1_ref = 30.000000006930545
mass2_ref = 30.000000000815024
minchirp = 26.116416902255178
maxchirp = 26.116616902255178
mincov = 102542782817.6705
maxcov = 10254278281767.05
