
[data]
trigger-time = 1605496532.5241108
injection-file = /work/shashwat.singh/Prospects-of-LGWs/unlens/injection.hdf

[global]
instruments = E1 E2 E3 C1 C2
mass1_ref = 30.000000005823594
mass2_ref = 30.00000000723405
minchirp = 26.116416904567394
maxchirp = 26.116616904567394
mincov = 3148651788.210359
maxcov = 314865178821.0359
