
[data]
trigger-time = 1285496027.006946
injection-file = /work/shashwat.singh/Prospects-of-LGWs/unlens/injection.hdf

[global]
instruments = E1 E2 E3 C1 C2
mass1_ref = 30.0000000006447
mass2_ref = 30.000000009737928
minchirp = 26.116416903403024
maxchirp = 26.116616903403024
mincov = 174776994906.57614
maxcov = 17477699490657.615
