
[data]
trigger-time = 1165895067.8091645
injection-file = /work/shashwat.singh/Prospects-of-LGWs/unlens/injection.hdf

[global]
instruments = E1 E2 E3 C1 C2
mass1_ref = 30.000000009554952
mass2_ref = 30.000000007085976
minchirp = 26.11641690612711
maxchirp = 26.11661690612711
mincov = 68823577487.7724
maxcov = 6882357748777.24
