
[data]
trigger-time = 1508557947.3324046
injection-file = /work/shashwat.singh/Prospects-of-LGWs/unlens/injection.hdf

[global]
instruments = E1 E2 E3 C1 C2
mass1_ref = 30.000000005689525
mass2_ref = 30.000000003316917
minchirp = 26.116416902804005
maxchirp = 26.116616902804004
mincov = 644185522.1694028
maxcov = 64418552216.94028
