
[data]
trigger-time = 1966844749.9853983
injection-file = /work/shashwat.singh/Prospects-of-LGWs/unlens/injection.hdf

[global]
instruments = E1 E2 E3 C1 C2
mass1_ref = 30.000000003710714
mass2_ref = 30.000000008505204
minchirp = 26.116416904201014
maxchirp = 26.116616904201013
mincov = 69988711865.68042
maxcov = 6998871186568.042
