
[data]
trigger-time = 1584195828.5306754
injection-file = /home/ss/Prospects-of-LGWs/unlens/injection.hdf

[global]
instruments = E1 E2 E3 C1
mass1_ref = 30.000000004133046
mass2_ref = 30.000000000339025
minchirp = 26.116416900830306
maxchirp = 26.116616900830305
mincov = 15115560487.428339
maxcov = 1511556048742.834
