
[data]
trigger-time = 1407406228.2014585
injection-file = /work/shashwat.singh/Prospects-of-LGWs/unlens/injection.hdf

[global]
instruments = E1 E2 E3 C1 C2
mass1_ref = 30.00000000409301
mass2_ref = 30.000000008126406
minchirp = 26.116416904202534
maxchirp = 26.116616904202534
mincov = 67975953395.28811
maxcov = 6797595339528.811
