
[data]
trigger-time = 1333613309.7982156
injection-file = /work/shashwat.singh/Prospects-of-LGWs/unlens/injection.hdf

[global]
instruments = E1 E2 E3 C1 C2
mass1_ref = 30.000000007850762
mass2_ref = 30.000000009698034
minchirp = 26.116416906522282
maxchirp = 26.11661690652228
mincov = 61953132360.88216
maxcov = 6195313236088.215
