
[data]
trigger-time = 1772812981.1634808
injection-file = /work/shashwat.singh/Prospects-of-LGWs/unlens/injection.hdf

[global]
instruments = E1 E2 E3 C1 C2
mass1_ref = 30.00000000449355
mass2_ref = 30.000000001318973
minchirp = 26.11641690141377
maxchirp = 26.11661690141377
mincov = 132228876568.00217
maxcov = 13222887656800.217
