
[data]
trigger-time = 1093592892.745327
injection-file = /work/shashwat.singh/Prospects-of-LGWs/unlens/injection.hdf

[global]
instruments = E1 E2 E3 C1 C2
mass1_ref = 30.000000004460045
mass2_ref = 30.000000009683376
minchirp = 26.11641690504001
maxchirp = 26.116616905040008
mincov = 80662150009.92691
maxcov = 8066215000992.691
