
[data]
trigger-time = 1506859472.242092
injection-file = /work/shashwat.singh/Prospects-of-LGWs/unlens/injection.hdf

[global]
instruments = E1 E2 E3 C1 C2
mass1_ref = 30.000000004538883
mass2_ref = 30.00000000513449
minchirp = 26.116416903094304
maxchirp = 26.116616903094304
mincov = 81590245.31405516
maxcov = 8159024531.405516
