
[data]
trigger-time = 1482212893.1343422
injection-file = /work/shashwat.singh/Prospects-of-LGWs/unlens/injection.hdf

[global]
instruments = E1 E2 E3 C1 C2
mass1_ref = 30.00000000486901
mass2_ref = 30.000000004062198
minchirp = 26.11641690277126
maxchirp = 26.11661690277126
mincov = 62485702717.30574
maxcov = 6248570271730.574
