
[data]
trigger-time = 1427612404.8802445
injection-file = /work/shashwat.singh/Prospects-of-LGWs/unlens/injection.hdf

[global]
instruments = E1 E2 E3 C1 C2
mass1_ref = 30.000000004902674
mass2_ref = 30.00000000899719
minchirp = 26.116416904933992
maxchirp = 26.11661690493399
mincov = 2907694405.086349
maxcov = 290769440508.6349
