
[data]
trigger-time = 1884349256.7397099
injection-file = /work/shashwat.singh/Prospects-of-LGWs/unlens/injection.hdf

[global]
instruments = E1 E2 E3 C1 C2
mass1_ref = 30.000000007923507
mass2_ref = 30.00000000130489
minchirp = 26.116416902900617
maxchirp = 26.116616902900617
mincov = 129086017921.4858
maxcov = 12908601792148.578
