
[data]
trigger-time = 1154274659.6189766
injection-file = /work/shashwat.singh/Prospects-of-LGWs/unlens/injection.hdf

[global]
instruments = E1 E2 E3 C1 C2
mass1_ref = 30.000000006183026
mass2_ref = 30.000000005662166
minchirp = 26.116416904039646
maxchirp = 26.116616904039645
mincov = 166762911157.56668
maxcov = 16676291115756.668
