
[data]
trigger-time = 1809387890.917292
injection-file = /work/shashwat.singh/Prospects-of-LGWs/unlens/injection.hdf

[global]
instruments = E1 E2 E3 C1 C2
mass1_ref = 30.00000000654781
mass2_ref = 30.00000000747653
minchirp = 26.116416904988174
maxchirp = 26.116616904988174
mincov = 174864983664.54977
maxcov = 17486498366454.979
