
[data]
trigger-time = 1440249989.4943862
injection-file = /work/shashwat.singh/Prospects-of-LGWs/unlens/injection.hdf

[global]
instruments = E1 E2 E3 C1 C2
mass1_ref = 30.000000006594036
mass2_ref = 30.00000000453709
minchirp = 26.11641690372883
maxchirp = 26.11661690372883
mincov = 50294389747.03438
maxcov = 5029438974703.438
