
[data]
trigger-time = 1482561495.649261
injection-file = /work/shashwat.singh/Prospects-of-LGWs/unlens/injection.hdf

[global]
instruments = E1 E2 E3 C1 C2
mass1_ref = 30.000000009978887
mass2_ref = 30.000000004265775
minchirp = 26.116416905084073
maxchirp = 26.116616905084072
mincov = 13045018707.41279
maxcov = 1304501870741.279
