
[data]
trigger-time = 1393191537.2482462
injection-file = /work/shashwat.singh/Prospects-of-LGWs/unlens/injection.hdf

[global]
instruments = E1 E2 E3 C1 C2
mass1_ref = 30.00000000809605
mass2_ref = 30.000000009887923
minchirp = 26.116416906711702
maxchirp = 26.1166169067117
mincov = 164465626774.21005
maxcov = 16446562677421.006
