
[data]
trigger-time = 1749131139.7531612
injection-file = /work/shashwat.singh/Prospects-of-LGWs/unlens/injection.hdf

[global]
instruments = E1 E2 E3 C1 C2
mass1_ref = 30.000000007301356
mass2_ref = 30.00000000070401
minchirp = 26.11641690236826
maxchirp = 26.11661690236826
mincov = 68252960288.14082
maxcov = 6825296028814.082
