
[data]
trigger-time = 1978810519.8747306
injection-file = /work/shashwat.singh/Prospects-of-LGWs/unlens/injection.hdf

[global]
instruments = E1 E2 E3 C1 C2
mass1_ref = 30.000000004003663
mass2_ref = 30.000000002241528
minchirp = 26.1164169016021
maxchirp = 26.1166169016021
mincov = 55431729241.66776
maxcov = 5543172924166.776
