
[data]
trigger-time = 1971237858.164071
injection-file = /work/shashwat.singh/Prospects-of-LGWs/unlens/injection.hdf

[global]
instruments = E1 E2 E3 C1 C2
mass1_ref = 30.00000000539066
mass2_ref = 30.000000009630664
minchirp = 26.11641690542214
maxchirp = 26.116616905422138
mincov = 126001226599.84639
maxcov = 12600122659984.639
