
[data]
trigger-time = 1737370392.556961
injection-file = /work/shashwat.singh/Prospects-of-LGWs/unlens/injection.hdf

[global]
instruments = E1 E2 E3 C1 C2
mass1_ref = 30.000000007802083
mass2_ref = 30.00000000372422
minchirp = 26.116416903900838
maxchirp = 26.116616903900837
mincov = 173713327859.58942
maxcov = 17371332785958.941
