
[data]
trigger-time = 1570100367.493562
injection-file = /work/shashwat.singh/Prospects-of-LGWs/unlens/injection.hdf

[global]
instruments = E1 E2 E3 C1 C2
mass1_ref = 30.000000008211213
mass2_ref = 30.000000000094218
minchirp = 26.116416902498873
maxchirp = 26.116616902498873
mincov = 84362528261.67908
maxcov = 8436252826167.908
