
[data]
trigger-time = 1084812921.187396
injection-file = /work/shashwat.singh/Prospects-of-LGWs/unlens/injection.hdf

[global]
instruments = E1 E2 E3 C1 C2
mass1_ref = 30.00000000514034
mass2_ref = 30.000000000972417
minchirp = 26.116416901544454
maxchirp = 26.116616901544454
mincov = 38228116159.8331
maxcov = 3822811615983.31
