
[data]
trigger-time = 1899781933.4867258
injection-file = /work/shashwat.singh/Prospects-of-LGWs/unlens/injection.hdf

[global]
instruments = E1 E2 E3 C1 C2
mass1_ref = 30.000000001859735
mass2_ref = 30.000000000886473
minchirp = 26.116416900079084
maxchirp = 26.116616900079084
mincov = 52485398076.045685
maxcov = 5248539807604.568
