
[data]
trigger-time = 1568496779.3739517
injection-file = /work/shashwat.singh/Prospects-of-LGWs/unlens/injection.hdf

[global]
instruments = E1 E2 E3 C1 C2
mass1_ref = 30.000000007435066
mass2_ref = 30.000000009575096
minchirp = 26.116416906287828
maxchirp = 26.116616906287828
mincov = 136385230129.38025
maxcov = 13638523012938.025
