
[data]
trigger-time = 1324664406.8388362
injection-file = /work/shashwat.singh/Prospects-of-LGWs/unlens/injection.hdf

[global]
instruments = E1 E2 E3 C1 C2
mass1_ref = 30.00000000407803
mass2_ref = 30.000000002290644
minchirp = 26.11641690165585
maxchirp = 26.11661690165585
mincov = 154965642364.28503
maxcov = 15496564236428.504
