
[data]
trigger-time = 1074517472.3380802
injection-file = /work/shashwat.singh/Prospects-of-LGWs/unlens/injection.hdf

[global]
instruments = E1 E2 E3 C1 C2
mass1_ref = 30.000000004841187
mass2_ref = 30.00000000604746
minchirp = 26.116416903623282
maxchirp = 26.11661690362328
mincov = 174965813844.5231
maxcov = 17496581384452.309
