
[data]
trigger-time = 1070758646.6705928
injection-file = /work/shashwat.singh/Prospects-of-LGWs/unlens/injection.hdf

[global]
instruments = E1 E2 E3 C1 C2
mass1_ref = 30.00000000030417
mass2_ref = 30.00000000378952
minchirp = 26.11641690066561
maxchirp = 26.11661690066561
mincov = 12563417056.7534
maxcov = 1256341705675.34
