
[data]
trigger-time = 1651205414.295066
injection-file = /work/shashwat.singh/Prospects-of-LGWs/unlens/injection.hdf

[global]
instruments = E1 E2 E3 C1 C2
mass1_ref = 30.000000005123443
mass2_ref = 30.000000005252197
minchirp = 26.116416903399983
maxchirp = 26.116616903399983
mincov = 161314150058.38684
maxcov = 16131415005838.684
