
[data]
trigger-time = 1132656300.402126
injection-file = /work/shashwat.singh/Prospects-of-LGWs/unlens/injection.hdf

[global]
instruments = E1 E2 E3 C1 C2
mass1_ref = 30.000000008325543
mass2_ref = 30.000000002141938
minchirp = 26.11641690343996
maxchirp = 26.116616903439958
mincov = 963733379.043738
maxcov = 96373337904.3738
