
[data]
trigger-time = 1397198713.2665908
injection-file = /work/shashwat.singh/Prospects-of-LGWs/unlens/injection.hdf

[global]
instruments = E1 E2 E3 C1 C2
mass1_ref = 30.000000007327657
mass2_ref = 30.000000003245663
minchirp = 26.11641690348603
maxchirp = 26.11661690348603
mincov = 26318914185.624107
maxcov = 2631891418562.4106
