
[data]
trigger-time = 1306615417.3632767
injection-file = /work/shashwat.singh/Prospects-of-LGWs/unlens/injection.hdf

[global]
instruments = E1 E2 E3 C1 C2
mass1_ref = 30.000000000668457
mass2_ref = 30.000000007847728
minchirp = 26.11641690259061
maxchirp = 26.11661690259061
mincov = 94362600608.57443
maxcov = 9436260060857.443
