
[data]
trigger-time = 1389083318.5440483
injection-file = /work/shashwat.singh/Prospects-of-LGWs/unlens/injection.hdf

[global]
instruments = E1 E2 E3 C1 C2
mass1_ref = 30.00000000278669
mass2_ref = 30.000000004687006
minchirp = 26.11641690213684
maxchirp = 26.11661690213684
mincov = 3060927123.5095954
maxcov = 306092712350.95953
