
[data]
trigger-time = 1630237550.0932817
injection-file = /work/shashwat.singh/Prospects-of-LGWs/unlens/injection.hdf

[global]
instruments = E1 E2 E3 C1 C2
mass1_ref = 30.000000008456958
mass2_ref = 30.000000007295068
minchirp = 26.11641690574019
maxchirp = 26.11661690574019
mincov = 129920392464.16544
maxcov = 12992039246416.543
