
[data]
trigger-time = 1125905273.211614
injection-file = /work/shashwat.singh/Prospects-of-LGWs/unlens/injection.hdf

[global]
instruments = E1 E2 E3 C1 C2
mass1_ref = 30.00000000174193
mass2_ref = 30.00000000064767
minchirp = 26.11641689992386
maxchirp = 26.11661689992386
mincov = 152491131007.12967
maxcov = 15249113100712.967
