
[data]
trigger-time = 1244114695.284192
injection-file = /work/shashwat.singh/Prospects-of-LGWs/unlens/injection.hdf

[global]
instruments = E1 E2 E3 C1 C2
mass1_ref = 30.000000002864805
mass2_ref = 30.000000006452836
minchirp = 26.116416902939466
maxchirp = 26.116616902939466
mincov = 59464087425.58938
maxcov = 5946408742558.9375
