
[data]
trigger-time = 1319117456.8669825
injection-file = /work/shashwat.singh/Prospects-of-LGWs/unlens/injection.hdf

[global]
instruments = E1 E2 E3 C1 C2
mass1_ref = 30.000000004911104
mass2_ref = 30.000000006866767
minchirp = 26.11641690401034
maxchirp = 26.11661690401034
mincov = 76292793259.7451
maxcov = 7629279325974.511
