
[data]
trigger-time = 1137780954.0937579
injection-file = /work/shashwat.singh/Prospects-of-LGWs/unlens/injection.hdf

[global]
instruments = E1 E2 E3 C1 C2
mass1_ref = 30.000000004022183
mass2_ref = 30.000000007321272
minchirp = 26.11641690382125
maxchirp = 26.11661690382125
mincov = 11014786313.764585
maxcov = 1101478631376.4585
