
[data]
trigger-time = 1624567871.983231
injection-file = /work/shashwat.singh/Prospects-of-LGWs/unlens/injection.hdf

[global]
instruments = E1 E2 E3 C1 C2
mass1_ref = 30.000000009655494
mass2_ref = 30.00000000015701
minchirp = 26.116416903154864
maxchirp = 26.116616903154863
mincov = 164993904673.48044
maxcov = 16499390467348.045
