
[data]
trigger-time = 1602500578.9712722
injection-file = /work/shashwat.singh/Prospects-of-LGWs/unlens/injection.hdf

[global]
instruments = E1 E2 E3 C1 C2
mass1_ref = 30.00000000851881
mass2_ref = 30.000000000589868
minchirp = 26.116416902848506
maxchirp = 26.116616902848506
mincov = 35765991742.26311
maxcov = 3576599174226.3105
