
[data]
trigger-time = 1099651157.5699317
injection-file = /work/shashwat.singh/Prospects-of-LGWs/unlens/injection.hdf

[global]
instruments = E1 E2 E3 C1 C2
mass1_ref = 30.000000008495583
mass2_ref = 30.000000003024546
minchirp = 26.116416903898152
maxchirp = 26.11661690389815
mincov = 14339094986.330395
maxcov = 1433909498633.0396
