
[data]
trigger-time = 1795221343.5337412
injection-file = /work/shashwat.singh/Prospects-of-LGWs/unlens/injection.hdf

[global]
instruments = E1 E2 E3 C1 C2
mass1_ref = 30.00000000762241
mass2_ref = 30.00000000003438
minchirp = 26.11641690221654
maxchirp = 26.11661690221654
mincov = 21073318.77291693
maxcov = 2107331877.2916932
