
[data]
trigger-time = 1950614835.969583
injection-file = /work/shashwat.singh/Prospects-of-LGWs/unlens/injection.hdf

[global]
instruments = E1 E2 E3 C1 C2
mass1_ref = 30.00000000767711
mass2_ref = 30.0000000056425
minchirp = 26.116416904681422
maxchirp = 26.116616904681422
mincov = 5156680881.784647
maxcov = 515668088178.46466
