
[data]
trigger-time = 1344086111.331035
injection-file = /work/shashwat.singh/Prospects-of-LGWs/unlens/injection.hdf

[global]
instruments = E1 E2 E3 C1 C2
mass1_ref = 30.000000002898297
mass2_ref = 30.000000008014183
minchirp = 26.116416903633656
maxchirp = 26.116616903633656
mincov = 16089438066.03248
maxcov = 1608943806603.248
