
[data]
trigger-time = 1472975613.2862062
injection-file = /work/shashwat.singh/Prospects-of-LGWs/unlens/injection.hdf

[global]
instruments = E1 E2 E3 C1 C2
mass1_ref = 30.000000001756856
mass2_ref = 30.000000005288822
minchirp = 26.116416901950533
maxchirp = 26.116616901950533
mincov = 103253696665.5762
maxcov = 10325369666557.62
