
[data]
trigger-time = 1301391720.9980564
injection-file = /work/shashwat.singh/Prospects-of-LGWs/unlens/injection.hdf

[global]
instruments = E1 E2 E3 C1 C2
mass1_ref = 30.00000000470678
mass2_ref = 30.00000000392078
minchirp = 26.116416902639088
maxchirp = 26.116616902639088
mincov = 82833287826.70985
maxcov = 8283328782670.985
