
[data]
trigger-time = 1402537772.6658287
injection-file = /work/shashwat.singh/Prospects-of-LGWs/unlens/injection.hdf

[global]
instruments = E1 E2 E3 C1 C2
mass1_ref = 30.000000002862958
mass2_ref = 30.000000008554956
minchirp = 26.11641690385366
maxchirp = 26.11661690385366
mincov = 100044494653.0646
maxcov = 10004449465306.46
