
[data]
trigger-time = 1536086195.8972456
injection-file = /work/shashwat.singh/Prospects-of-LGWs/unlens/injection.hdf

[global]
instruments = E1 E2 E3 C1 C2
mass1_ref = 30.00000000738928
mass2_ref = 30.00000000537523
minchirp = 26.1164169044398
maxchirp = 26.116616904439798
mincov = 24117738132.048473
maxcov = 2411773813204.8477
