
[data]
trigger-time = 1671876297.850411
injection-file = /work/shashwat.singh/Prospects-of-LGWs/unlens/injection.hdf

[global]
instruments = E1 E2 E3 C1 C2
mass1_ref = 30.000000003615096
mass2_ref = 30.000000006522093
minchirp = 26.116416903296194
maxchirp = 26.116616903296194
mincov = 142353968928.509
maxcov = 14235396892850.9
