
[data]
trigger-time = 1358796455.4228888
injection-file = /work/shashwat.singh/Prospects-of-LGWs/unlens/injection.hdf

[global]
instruments = E1 E2 E3 C1 C2
mass1_ref = 30.000000005073094
mass2_ref = 30.0000000043723
minchirp = 26.11641690299507
maxchirp = 26.11661690299507
mincov = 40560833263.61817
maxcov = 4056083326361.817
