
[data]
trigger-time = 1955431344.8523765
injection-file = /work/shashwat.singh/Prospects-of-LGWs/unlens/injection.hdf

[global]
instruments = E1 E2 E3 C1 C2
mass1_ref = 30.000000002603144
mass2_ref = 30.000000002342293
minchirp = 26.116416901036352
maxchirp = 26.116616901036352
mincov = 35484403107.9956
maxcov = 3548440310799.56
