
[data]
trigger-time = 1015110543.3390659
injection-file = /work/shashwat.singh/Prospects-of-LGWs/unlens/injection.hdf

[global]
instruments = E1 E2 E3 C1 C2
mass1_ref = 30.000000006366882
mass2_ref = 30.000000002211
minchirp = 26.116416902617466
maxchirp = 26.116616902617466
mincov = 121002027262.7867
maxcov = 12100202726278.67
