
[data]
trigger-time = 1798902982.41437
injection-file = /work/shashwat.singh/Prospects-of-LGWs/unlens/injection.hdf

[global]
instruments = E1 E2 E3 C1 C2
mass1_ref = 30.000000002387115
mass2_ref = 30.000000009138944
minchirp = 26.11641690390073
maxchirp = 26.11661690390073
mincov = 175080811556.01215
maxcov = 17508081155601.215
