
[data]
trigger-time = 1415997368.2926872
injection-file = /work/shashwat.singh/Prospects-of-LGWs/unlens/injection.hdf

[global]
instruments = E1 E2 E3 C1 C2
mass1_ref = 30.00000000295163
mass2_ref = 30.000000008556423
minchirp = 26.116416903892897
maxchirp = 26.116616903892897
mincov = 142961051035.0982
maxcov = 14296105103509.82
