
[data]
trigger-time = 1051043038.9468573
injection-file = /work/shashwat.singh/Prospects-of-LGWs/unlens/injection.hdf

[global]
instruments = E1 E2 E3 C1 C2
mass1_ref = 30.00000000377444
mass2_ref = 30.00000000479164
minchirp = 26.11641690261233
maxchirp = 26.11661690261233
mincov = 104995839735.76538
maxcov = 10499583973576.54
