
[data]
trigger-time = 1659241155.825912
injection-file = /work/shashwat.singh/Prospects-of-LGWs/unlens/injection.hdf

[global]
instruments = E1 E2 E3 C1 C2
mass1_ref = 30.00000000875926
mass2_ref = 30.000000000985782
minchirp = 26.1164169031255
maxchirp = 26.1166169031255
mincov = 167196748831.12973
maxcov = 16719674883112.973
