
[data]
trigger-time = 1348159514.0006166
injection-file = /work/shashwat.singh/Prospects-of-LGWs/unlens/injection.hdf

[global]
instruments = E1 E2 E3 C1 C2
mass1_ref = 30.00000000221405
mass2_ref = 30.00000000031928
minchirp = 26.116416899986422
maxchirp = 26.116616899986422
mincov = 131771955174.64006
maxcov = 13177195517464.006
