
[data]
trigger-time = 1374793793.3269773
injection-file = /work/shashwat.singh/Prospects-of-LGWs/unlens/injection.hdf

[global]
instruments = E1 E2 E3 C1 C2
mass1_ref = 30.000000004035346
mass2_ref = 30.000000003781345
minchirp = 26.116416902286137
maxchirp = 26.116616902286136
mincov = 33325056495.694298
maxcov = 3332505649569.4297
