
[data]
trigger-time = 1900062210.1032991
injection-file = /work/shashwat.singh/Prospects-of-LGWs/unlens/injection.hdf

[global]
instruments = E1 E2 E3 C1 C2
mass1_ref = 30.000000002980055
mass2_ref = 30.000000009099647
minchirp = 26.11641690414172
maxchirp = 26.11661690414172
mincov = 90056824736.35764
maxcov = 9005682473635.764
