
[data]
trigger-time = 1342561467.3999205
injection-file = /work/shashwat.singh/Prospects-of-LGWs/unlens/injection.hdf

[global]
instruments = E1 E2 E3 C1 C2
mass1_ref = 30.00000000786495
mass2_ref = 30.000000007889078
minchirp = 26.116416905741065
maxchirp = 26.116616905741065
mincov = 174865760893.44333
maxcov = 17486576089344.334
