
[data]
trigger-time = 1559601032.038418
injection-file = /work/shashwat.singh/Prospects-of-LGWs/unlens/injection.hdf

[global]
instruments = E1 E2 E3 C1 C2
mass1_ref = 30.000000007419185
mass2_ref = 30.000000008991396
minchirp = 26.116416906026846
maxchirp = 26.116616906026845
mincov = 3868683448.0305853
maxcov = 386868344803.05853
