
[data]
trigger-time = 1621406318.0177774
injection-file = /work/shashwat.singh/Prospects-of-LGWs/unlens/injection.hdf

[global]
instruments = E1 E2 E3 C1 C2
mass1_ref = 30.000000006523997
mass2_ref = 30.000000003696282
minchirp = 26.11641690333236
maxchirp = 26.11661690333236
mincov = 100377498478.84105
maxcov = 10037749847884.105
