
[data]
trigger-time = 1987356857.4672117
injection-file = /work/shashwat.singh/Prospects-of-LGWs/unlens/injection.hdf

[global]
instruments = E1 E2 E3 C1 C2
mass1_ref = 30.000000002407074
mass2_ref = 30.00000000106382
minchirp = 26.11641690039452
maxchirp = 26.11661690039452
mincov = 151943149023.7044
maxcov = 15194314902370.441
