
[data]
trigger-time = 1075177340.2518525
injection-file = /work/shashwat.singh/Prospects-of-LGWs/unlens/injection.hdf

[global]
instruments = E1 E2 E3 C1 C2
mass1_ref = 30.000000001247315
mass2_ref = 30.000000007426873
minchirp = 26.116416902659385
maxchirp = 26.116616902659384
mincov = 17648695863.95556
maxcov = 1764869586395.5562
