
[data]
trigger-time = 1066521173.7900238
injection-file = /work/shashwat.singh/Prospects-of-LGWs/unlens/injection.hdf

[global]
instruments = E1 E2 E3 C1 C2
mass1_ref = 30.000000005537725
mass2_ref = 30.000000009944745
minchirp = 26.11641690562286
maxchirp = 26.11661690562286
mincov = 9440285139.004162
maxcov = 944028513900.4163
