
[data]
trigger-time = 1743585456.782316
injection-file = /work/shashwat.singh/Prospects-of-LGWs/unlens/injection.hdf

[global]
instruments = E1 E2 E3 C1 C2
mass1_ref = 30.00000000793186
mass2_ref = 30.00000000235502
minchirp = 26.11641690336135
maxchirp = 26.11661690336135
mincov = 43666416906.31911
maxcov = 4366641690631.911
