
[data]
trigger-time = 1256001510.0519638
injection-file = /work/shashwat.singh/Prospects-of-LGWs/unlens/injection.hdf

[global]
instruments = E1 E2 E3 C1 C2
mass1_ref = 30.000000009083617
mass2_ref = 30.000000005124086
minchirp = 26.116416905067986
maxchirp = 26.116616905067985
mincov = 619650833.9670502
maxcov = 61965083396.70502
