
[data]
trigger-time = 1543172814.2667346
injection-file = /work/shashwat.singh/Prospects-of-LGWs/unlens/injection.hdf

[global]
instruments = E1 E2 E3 C1 C2
mass1_ref = 30.000000001167525
mass2_ref = 30.000000008422752
minchirp = 26.116416903058138
maxchirp = 26.116616903058137
mincov = 47935660715.88241
maxcov = 4793566071588.241
