
[data]
trigger-time = 1848078917.1946943
injection-file = /work/shashwat.singh/Prospects-of-LGWs/unlens/injection.hdf

[global]
instruments = E1 E2 E3 C1 C2
mass1_ref = 30.000000002154934
mass2_ref = 30.000000007536645
minchirp = 26.11641690310223
maxchirp = 26.11661690310223
mincov = 6777219853.854216
maxcov = 677721985385.4215
