
[data]
trigger-time = 1265154773.516423
injection-file = /work/shashwat.singh/Prospects-of-LGWs/unlens/injection.hdf

[global]
instruments = E1 E2 E3 C1 C2
mass1_ref = 30.000000002403645
mass2_ref = 30.00000000721845
minchirp = 26.116416903071986
maxchirp = 26.116616903071986
mincov = 36719395908.64403
maxcov = 3671939590864.4033
