
[data]
trigger-time = 1297846457.7585838
injection-file = /work/shashwat.singh/Prospects-of-LGWs/unlens/injection.hdf

[global]
instruments = E1 E2 E3 C1 C2
mass1_ref = 30.000000007980056
mass2_ref = 30.00000000663932
minchirp = 26.116416905247178
maxchirp = 26.116616905247177
mincov = 2623061489.9981217
maxcov = 262306148999.81216
