
[data]
trigger-time = 1863807049.0989385
injection-file = /work/shashwat.singh/Prospects-of-LGWs/unlens/injection.hdf

[global]
instruments = E1 E2 E3 C1 C2
mass1_ref = 30.00000000618051
mass2_ref = 30.00000000613816
minchirp = 26.11641690424574
maxchirp = 26.11661690424574
mincov = 171278343453.52753
maxcov = 17127834345352.754
