
[data]
trigger-time = 1086640535.534308
injection-file = /work/shashwat.singh/Prospects-of-LGWs/unlens/injection.hdf

[global]
instruments = E1 E2 E3 C1 C2
mass1_ref = 30.000000009903943
mass2_ref = 30.0000000080963
minchirp = 26.116416906718786
maxchirp = 26.116616906718786
mincov = 90948540836.97101
maxcov = 9094854083697.102
