
[data]
trigger-time = 1036937284.2425418
injection-file = /work/shashwat.singh/Prospects-of-LGWs/unlens/injection.hdf

[global]
instruments = E1 E2 E3 C1 C2
mass1_ref = 30.000000007756483
mass2_ref = 30.000000002988184
minchirp = 26.116416903560612
maxchirp = 26.11661690356061
mincov = 143004809376.07513
maxcov = 14300480937607.512
