
[data]
trigger-time = 1338652800.8833404
injection-file = /work/shashwat.singh/Prospects-of-LGWs/unlens/injection.hdf

[global]
instruments = E1 E2 E3 C1 C2
mass1_ref = 30.00000000511577
mass2_ref = 30.000000003884203
minchirp = 26.11641690280119
maxchirp = 26.11661690280119
mincov = 85304195251.77371
maxcov = 8530419525177.371
