
[data]
trigger-time = 1335048279.0687156
injection-file = /work/shashwat.singh/Prospects-of-LGWs/unlens/injection.hdf

[global]
instruments = E1 E2 E3 C1 C2
mass1_ref = 30.000000005414275
mass2_ref = 30.00000000124014
minchirp = 26.116416901780227
maxchirp = 26.116616901780226
mincov = 1804163300.482864
maxcov = 180416330048.2864
