
[data]
trigger-time = 1618864345.709528
injection-file = /work/shashwat.singh/Prospects-of-LGWs/unlens/injection.hdf

[global]
instruments = E1 E2 E3 C1 C2
mass1_ref = 30.000000001733543
mass2_ref = 30.000000006706273
minchirp = 26.11641690255737
maxchirp = 26.116616902557368
mincov = 85314684317.11415
maxcov = 8531468431711.415
