
[data]
trigger-time = 1003904111.4186198
injection-file = /work/shashwat.singh/Prospects-of-LGWs/unlens/injection.hdf

[global]
instruments = E1 E2 E3 C1 C2
mass1_ref = 30.00000000696279
mass2_ref = 30.00000000175795
minchirp = 26.116416902679646
maxchirp = 26.116616902679645
mincov = 178986079461.72296
maxcov = 17898607946172.297
