
[data]
trigger-time = 1380579476.23855
injection-file = /work/shashwat.singh/Prospects-of-LGWs/unlens/injection.hdf

[global]
instruments = E1 E2 E3 C1 C2
mass1_ref = 30.0000000053374
mass2_ref = 30.000000000615348
minchirp = 26.116416901474807
maxchirp = 26.116616901474806
mincov = 72368957505.13374
maxcov = 7236895750513.374
