
[data]
trigger-time = 1981994955.0311785
injection-file = /work/shashwat.singh/Prospects-of-LGWs/unlens/injection.hdf

[global]
instruments = E1 E2 E3 C1 C2
mass1_ref = 30.000000002431126
mass2_ref = 30.00000000038675
minchirp = 26.116416900110274
maxchirp = 26.116616900110273
mincov = 172088942213.59042
maxcov = 17208894221359.043
