
[data]
trigger-time = 1657022021.4625916
injection-file = /work/shashwat.singh/Prospects-of-LGWs/unlens/injection.hdf

[global]
instruments = E1 E2 E3 C1 C2
mass1_ref = 30.00000000975314
mass2_ref = 30.000000001757478
minchirp = 26.116416903894013
maxchirp = 26.116616903894013
mincov = 174452178579.28134
maxcov = 17445217857928.135
