
[data]
trigger-time = 1583820215.1015656
injection-file = /work/shashwat.singh/Prospects-of-LGWs/unlens/injection.hdf

[global]
instruments = E1 E2 E3 C1 C2
mass1_ref = 30.000000009239162
mass2_ref = 30.000000000125457
minchirp = 26.116416902959912
maxchirp = 26.116616902959912
mincov = 152517651363.14352
maxcov = 15251765136314.354
