
[data]
trigger-time = 1288704419.644468
injection-file = /work/shashwat.singh/Prospects-of-LGWs/unlens/injection.hdf

[global]
instruments = E1 E2 E3 C1 C2
mass1_ref = 30.000000003790692
mass2_ref = 30.000000009642125
minchirp = 26.1164169047307
maxchirp = 26.116616904730698
mincov = 45427894578.81414
maxcov = 4542789457881.414
