
[data]
trigger-time = 1855754570.2792263
injection-file = /work/shashwat.singh/Prospects-of-LGWs/unlens/injection.hdf

[global]
instruments = E1 E2 E3 C1 C2
mass1_ref = 30.000000000594287
mass2_ref = 30.000000001559417
minchirp = 26.11641689982118
maxchirp = 26.116616899821178
mincov = 142057611188.6976
maxcov = 14205761118869.762
