
[data]
trigger-time = 1805713606.2537544
injection-file = /work/shashwat.singh/Prospects-of-LGWs/unlens/injection.hdf

[global]
instruments = E1 E2 E3 C1 C2
mass1_ref = 30.00000000350041
mass2_ref = 30.000000005674373
minchirp = 26.11641690287728
maxchirp = 26.11661690287728
mincov = 144646738863.8255
maxcov = 14464673886382.549
