
[data]
trigger-time = 1598856667.379386
injection-file = /work/shashwat.singh/Prospects-of-LGWs/unlens/injection.hdf

[global]
instruments = E1 E2 E3 C1 C2
mass1_ref = 30.00000000938886
mass2_ref = 30.00000000591603
minchirp = 26.116416905545567
maxchirp = 26.116616905545566
mincov = 149223471123.77924
maxcov = 14922347112377.922
