
[data]
trigger-time = 1464523630.252225
injection-file = /work/shashwat.singh/Prospects-of-LGWs/unlens/injection.hdf

[global]
instruments = E1 E2 E3 C1 C2
mass1_ref = 30.000000009137306
mass2_ref = 30.000000008685518
minchirp = 26.11641690664156
maxchirp = 26.11661690664156
mincov = 120904087928.47505
maxcov = 12090408792847.504
