
[data]
trigger-time = 1029225824.8129132
injection-file = /work/shashwat.singh/Prospects-of-LGWs/unlens/injection.hdf

[global]
instruments = E1 E2 E3 C1 C2
mass1_ref = 30.00000000107956
mass2_ref = 30.000000000010644
minchirp = 26.116416899358263
maxchirp = 26.116616899358263
mincov = 31531328321.32649
maxcov = 3153132832132.649
