
[data]
trigger-time = 1307975183.1996753
injection-file = /work/shashwat.singh/Prospects-of-LGWs/unlens/injection.hdf

[global]
instruments = E1 E2 E3 C1 C2
mass1_ref = 30.00000000973378
mass2_ref = 30.000000005296393
minchirp = 26.116416905425986
maxchirp = 26.116616905425985
mincov = 146722178894.2436
maxcov = 14672217889424.357
