
[data]
trigger-time = 1040048275.669925
injection-file = /work/shashwat.singh/Prospects-of-LGWs/unlens/injection.hdf

[global]
instruments = E1 E2 E3 C1 C2
mass1_ref = 30.000000002117634
mass2_ref = 30.000000002681013
minchirp = 26.116416900972457
maxchirp = 26.116616900972456
mincov = 15399305053.759192
maxcov = 1539930505375.9192
