
[data]
trigger-time = 1797657187.9035301
injection-file = /work/shashwat.singh/Prospects-of-LGWs/unlens/injection.hdf

[global]
instruments = E1 E2 E3 C1 C2
mass1_ref = 30.00000000489324
mass2_ref = 30.000000004862372
minchirp = 26.1164169031301
maxchirp = 26.1166169031301
mincov = 36834992336.60786
maxcov = 3683499233660.7856
