
[data]
trigger-time = 1067542438.4481325
injection-file = /work/shashwat.singh/Prospects-of-LGWs/unlens/injection.hdf

[global]
instruments = E1 E2 E3 C1 C2
mass1_ref = 30.000000004709396
mass2_ref = 30.000000006279933
minchirp = 26.11641690366711
maxchirp = 26.116616903667108
mincov = 105305470591.8717
maxcov = 10530547059187.17
