
[data]
trigger-time = 1286497188.8359528
injection-file = /work/shashwat.singh/Prospects-of-LGWs/unlens/injection.hdf

[global]
instruments = E1 E2 E3 C1 C2
mass1_ref = 30.000000007720402
mass2_ref = 30.000000009060308
minchirp = 26.116416906187954
maxchirp = 26.116616906187954
mincov = 73337036856.78508
maxcov = 7333703685678.508
