
[data]
trigger-time = 1838105456.034179
injection-file = /work/shashwat.singh/Prospects-of-LGWs/unlens/injection.hdf

[global]
instruments = E1 E2 E3 C1 C2
mass1_ref = 30.00000000301166
mass2_ref = 30.000000004929543
minchirp = 26.116416902340333
maxchirp = 26.116616902340333
mincov = 3878793700.3907866
maxcov = 387879370039.0787
