
[data]
trigger-time = 1894513763.5986338
injection-file = /work/shashwat.singh/Prospects-of-LGWs/unlens/injection.hdf

[global]
instruments = E1 E2 E3 C1 C2
mass1_ref = 30.00000000190585
mass2_ref = 30.0000000073095
minchirp = 26.116416902894937
maxchirp = 26.116616902894936
mincov = 14787982664.937098
maxcov = 1478798266493.7097
