
[data]
trigger-time = 1590894364.715574
injection-file = /work/shashwat.singh/Prospects-of-LGWs/unlens/injection.hdf

[global]
instruments = E1 E2 E3 C1 C2
mass1_ref = 30.000000006586827
mass2_ref = 30.00000000612245
minchirp = 26.116416904415757
maxchirp = 26.116616904415757
mincov = 237115040.1166649
maxcov = 23711504011.66649
