
[data]
trigger-time = 1557820828.6509821
injection-file = /work/shashwat.singh/Prospects-of-LGWs/unlens/injection.hdf

[global]
instruments = E1 E2 E3 C1 C2
mass1_ref = 30.00000000110675
mass2_ref = 30.00000000876007
minchirp = 26.116416903178504
maxchirp = 26.116616903178503
mincov = 48101078501.57756
maxcov = 4810107850157.756
