
[data]
trigger-time = 1171162181.138904
injection-file = /work/shashwat.singh/Prospects-of-LGWs/unlens/injection.hdf

[global]
instruments = E1 E2 E3 C1 C2
mass1_ref = 30.000000003316437
mass2_ref = 30.000000007883813
minchirp = 26.116416903758918
maxchirp = 26.116616903758917
mincov = 70825450214.70724
maxcov = 7082545021470.725
