
[data]
trigger-time = 1758075655.78421
injection-file = /work/shashwat.singh/Prospects-of-LGWs/unlens/injection.hdf

[global]
instruments = E1 E2 E3 C1 C2
mass1_ref = 30.000000000034582
mass2_ref = 30.000000001910998
minchirp = 26.116416899730588
maxchirp = 26.116616899730587
mincov = 139070674833.60724
maxcov = 13907067483360.723
