
[data]
trigger-time = 1838048307.3078752
injection-file = /work/shashwat.singh/Prospects-of-LGWs/unlens/injection.hdf

[global]
instruments = E1 E2 E3 C1 C2
mass1_ref = 30.000000007559265
mass2_ref = 30.000000004157016
minchirp = 26.11641690398353
maxchirp = 26.11661690398353
mincov = 163922030453.57733
maxcov = 16392203045357.732
