
[data]
trigger-time = 1758336538.3904438
injection-file = /work/shashwat.singh/Prospects-of-LGWs/unlens/injection.hdf

[global]
instruments = E1 E2 E3 C1 C2
mass1_ref = 30.000000001179743
mass2_ref = 30.00000000093558
minchirp = 26.11641689980447
maxchirp = 26.11661689980447
mincov = 42145928731.02581
maxcov = 4214592873102.581
