
[data]
trigger-time = 1104619744.5228531
injection-file = /home/ss/Prospects-of-LGWs/unlens/injection.hdf

[global]
instruments = E1 E2 E3 C1
mass1_ref = 30.0000000093567
mass2_ref = 30.00000000253179
minchirp = 26.11641690405849
maxchirp = 26.11661690405849
mincov = 10745542782.651247
maxcov = 1074554278265.1246
