
[data]
trigger-time = 1764026451.6706502
injection-file = /work/shashwat.singh/Prospects-of-LGWs/unlens/injection.hdf

[global]
instruments = E1 E2 E3 C1 C2
mass1_ref = 30.000000009100223
mass2_ref = 30.00000000433331
minchirp = 26.11641690473101
maxchirp = 26.11661690473101
mincov = 152074456918.48773
maxcov = 15207445691848.773
