
[data]
trigger-time = 1861376592.6220527
injection-file = /work/shashwat.singh/Prospects-of-LGWs/unlens/injection.hdf

[global]
instruments = E1 E2 E3 C1 C2
mass1_ref = 30.000000005427147
mass2_ref = 30.000000005125163
minchirp = 26.116416903476885
maxchirp = 26.116616903476885
mincov = 80123928361.31386
maxcov = 8012392836131.386
