
[data]
trigger-time = 1762038673.1615982
injection-file = /work/shashwat.singh/Prospects-of-LGWs/unlens/injection.hdf

[global]
instruments = E1 E2 E3 C1 C2
mass1_ref = 30.00000000464075
mass2_ref = 30.000000000499554
minchirp = 26.116416901121173
maxchirp = 26.116616901121173
mincov = 145405651764.63947
maxcov = 14540565176463.947
