
[data]
trigger-time = 1836527535.947271
injection-file = /work/shashwat.singh/Prospects-of-LGWs/unlens/injection.hdf

[global]
instruments = E1 E2 E3 C1 C2
mass1_ref = 30.00000000081321
mass2_ref = 30.00000000705817
minchirp = 26.11641690230994
maxchirp = 26.11661690230994
mincov = 30431472706.192486
maxcov = 3043147270619.2485
