
[data]
trigger-time = 1279050410.8800309
injection-file = /work/shashwat.singh/Prospects-of-LGWs/unlens/injection.hdf

[global]
instruments = E1 E2 E3 C1 C2
mass1_ref = 30.000000004609518
mass2_ref = 30.000000003292566
minchirp = 26.11641690232331
maxchirp = 26.116616902323308
mincov = 112330376693.78955
maxcov = 11233037669378.955
