
[data]
trigger-time = 1961398104.3469534
injection-file = /work/shashwat.singh/Prospects-of-LGWs/unlens/injection.hdf

[global]
instruments = E1 E2 E3 C1 C2
mass1_ref = 30.000000003529966
mass2_ref = 30.00000000810645
minchirp = 26.116416903948767
maxchirp = 26.116616903948767
mincov = 133095381864.0406
maxcov = 13309538186404.06
