
[data]
trigger-time = 1204720248.0354826
injection-file = /work/shashwat.singh/Prospects-of-LGWs/unlens/injection.hdf

[global]
instruments = E1 E2 E3 C1 C2
mass1_ref = 30.00000000288877
mass2_ref = 30.000000009279198
minchirp = 26.116416904180138
maxchirp = 26.116616904180137
mincov = 140539678407.33478
maxcov = 14053967840733.479
