
[data]
trigger-time = 1690341400.5043364
injection-file = /work/shashwat.singh/Prospects-of-LGWs/unlens/injection.hdf

[global]
instruments = E1 E2 E3 C1 C2
mass1_ref = 30.00000000431787
mass2_ref = 30.000000004977217
minchirp = 26.116416902929647
maxchirp = 26.116616902929646
mincov = 37038897328.01102
maxcov = 3703889732801.1016
