
[data]
trigger-time = 1046515479.1205199
injection-file = /work/shashwat.singh/Prospects-of-LGWs/unlens/injection.hdf

[global]
instruments = E1 E2 E3 C1 C2
mass1_ref = 30.00000000692109
mass2_ref = 30.000000006044772
minchirp = 26.116416904527444
maxchirp = 26.116616904527444
mincov = 177514579356.93756
maxcov = 17751457935693.758
