
[data]
trigger-time = 1804027410.6419463
injection-file = /work/shashwat.singh/Prospects-of-LGWs/unlens/injection.hdf

[global]
instruments = E1 E2 E3 C1 C2
mass1_ref = 30.000000004475673
mass2_ref = 30.000000006552412
minchirp = 26.116416903683977
maxchirp = 26.116616903683976
mincov = 51548107575.23532
maxcov = 5154810757523.532
