
[data]
trigger-time = 1588777412.1335282
injection-file = /work/shashwat.singh/Prospects-of-LGWs/unlens/injection.hdf

[global]
instruments = E1 E2 E3 C1 C2
mass1_ref = 30.000000001492605
mass2_ref = 30.000000002964235
minchirp = 26.116416900823676
maxchirp = 26.116616900823676
mincov = 35795270134.074165
maxcov = 3579527013407.4165
