
[data]
trigger-time = 1643014977.6682858
injection-file = /work/shashwat.singh/Prospects-of-LGWs/unlens/injection.hdf

[global]
instruments = E1 E2 E3 C1 C2
mass1_ref = 30.000000008883
mass2_ref = 30.000000002094417
minchirp = 26.11641690366192
maxchirp = 26.11661690366192
mincov = 178087193659.87894
maxcov = 17808719365987.895
