
[data]
trigger-time = 1328898402.457354
injection-file = /work/shashwat.singh/Prospects-of-LGWs/unlens/injection.hdf

[global]
instruments = E1 E2 E3 C1 C2
mass1_ref = 30.000000001779203
mass2_ref = 30.00000000136572
minchirp = 26.116416900252634
maxchirp = 26.116616900252634
mincov = 104075812056.20291
maxcov = 10407581205620.291
