
[data]
trigger-time = 1058289491.9672972
injection-file = /work/shashwat.singh/Prospects-of-LGWs/unlens/injection.hdf

[global]
instruments = E1 E2 E3 C1 C2
mass1_ref = 30.00000000322022
mass2_ref = 30.00000000017393
minchirp = 26.116416900361113
maxchirp = 26.116616900361112
mincov = 142517953446.3189
maxcov = 14251795344631.893
