
[data]
trigger-time = 1644016583.7923694
injection-file = /work/shashwat.singh/Prospects-of-LGWs/unlens/injection.hdf

[global]
instruments = E1 E2 E3 C1 C2
mass1_ref = 30.000000005103455
mass2_ref = 30.000000009222198
minchirp = 26.116416905119326
maxchirp = 26.116616905119326
mincov = 166553615209.91656
maxcov = 16655361520991.656
