
[data]
trigger-time = 1707283619.6006856
injection-file = /work/shashwat.singh/Prospects-of-LGWs/unlens/injection.hdf

[global]
instruments = E1 E2 E3 C1 C2
mass1_ref = 30.000000009353823
mass2_ref = 30.000000009725326
minchirp = 26.11641690718841
maxchirp = 26.11661690718841
mincov = 90037183237.18356
maxcov = 9003718323718.355
