
[data]
trigger-time = 1078843785.5833418
injection-file = /work/shashwat.singh/Prospects-of-LGWs/unlens/injection.hdf

[global]
instruments = E1 E2 E3 C1 C2
mass1_ref = 30.00000000458468
mass2_ref = 30.00000000681858
minchirp = 26.116416903847284
maxchirp = 26.116616903847284
mincov = 147866230463.44138
maxcov = 14786623046344.139
