
[data]
trigger-time = 1717264077.8403335
injection-file = /work/shashwat.singh/Prospects-of-LGWs/unlens/injection.hdf

[global]
instruments = E1 E2 E3 C1 C2
mass1_ref = 30.000000009926577
mass2_ref = 30.00000000238567
minchirp = 26.116416904242943
maxchirp = 26.116616904242942
mincov = 158036747841.14688
maxcov = 15803674784114.688
