
[data]
trigger-time = 1734190315.6410503
injection-file = /work/shashwat.singh/Prospects-of-LGWs/unlens/injection.hdf

[global]
instruments = E1 E2 E3 C1 C2
mass1_ref = 30.000000002494865
mass2_ref = 30.00000000309843
minchirp = 26.11641690131835
maxchirp = 26.11661690131835
mincov = 82248744244.27695
maxcov = 8224874424427.694
