
[data]
trigger-time = 1144610452.3513484
injection-file = /work/shashwat.singh/Prospects-of-LGWs/unlens/injection.hdf

[global]
instruments = E1 E2 E3 C1 C2
mass1_ref = 30.000000004534368
mass2_ref = 30.000000006893245
minchirp = 26.116416903857882
maxchirp = 26.11661690385788
mincov = 29083267071.38847
maxcov = 2908326707138.847
