
[data]
trigger-time = 1816111029.7586167
injection-file = /work/shashwat.singh/Prospects-of-LGWs/unlens/injection.hdf

[global]
instruments = E1 E2 E3 C1 C2
mass1_ref = 30.000000006419913
mass2_ref = 30.000000008389254
minchirp = 26.11641690532979
maxchirp = 26.11661690532979
mincov = 20662001878.813766
maxcov = 2066200187881.3767
