
[data]
trigger-time = 1587292859.8461742
injection-file = /work/shashwat.singh/Prospects-of-LGWs/unlens/injection.hdf

[global]
instruments = E1 E2 E3 C1 C2
mass1_ref = 30.000000008902955
mass2_ref = 30.00000000035692
minchirp = 26.11641690291432
maxchirp = 26.11661690291432
mincov = 172263279297.61887
maxcov = 17226327929761.887
