
[data]
trigger-time = 1559278906.7084985
injection-file = /work/shashwat.singh/Prospects-of-LGWs/unlens/injection.hdf

[global]
instruments = E1 E2 E3 C1 C2
mass1_ref = 30.000000001884846
mass2_ref = 30.00000000030592
minchirp = 26.11641689983731
maxchirp = 26.11661689983731
mincov = 175397551533.862
maxcov = 17539755153386.2
