
[data]
trigger-time = 1711843122.3583565
injection-file = /work/shashwat.singh/Prospects-of-LGWs/unlens/injection.hdf

[global]
instruments = E1 E2 E3 C1 C2
mass1_ref = 30.00000000733796
mass2_ref = 30.000000003873595
minchirp = 26.116416903763838
maxchirp = 26.116616903763838
mincov = 143020625747.6651
maxcov = 14302062574766.512
