
[data]
trigger-time = 1255506507.252207
injection-file = /work/shashwat.singh/Prospects-of-LGWs/unlens/injection.hdf

[global]
instruments = E1 E2 E3 C1 C2
mass1_ref = 30.000000008363156
mass2_ref = 30.00000000015782
minchirp = 26.116416902592693
maxchirp = 26.116616902592693
mincov = 39069314421.12192
maxcov = 3906931442112.192
