
[data]
trigger-time = 1245136084.5917144
injection-file = /work/shashwat.singh/Prospects-of-LGWs/unlens/injection.hdf

[global]
instruments = E1 E2 E3 C1 C2
mass1_ref = 30.000000003750852
mass2_ref = 30.000000003776222
minchirp = 26.116416902160076
maxchirp = 26.116616902160075
mincov = 176631985845.34097
maxcov = 17663198584534.098
