
[data]
trigger-time = 1597694963.5940323
injection-file = /work/shashwat.singh/Prospects-of-LGWs/unlens/injection.hdf

[global]
instruments = E1 E2 E3 C1 C2
mass1_ref = 30.000000002263466
mass2_ref = 30.00000000423776
minchirp = 26.116416901713546
maxchirp = 26.116616901713545
mincov = 91150239668.38028
maxcov = 9115023966838.027
