
[data]
trigger-time = 1183309953.0246215
injection-file = /work/shashwat.singh/Prospects-of-LGWs/unlens/injection.hdf

[global]
instruments = E1 E2 E3 C1 C2
mass1_ref = 30.000000008608644
mass2_ref = 30.000000004406406
minchirp = 26.116416904548856
maxchirp = 26.116616904548856
mincov = 153007580622.2405
maxcov = 15300758062224.05
