
[data]
trigger-time = 1492321740.2711275
injection-file = /work/shashwat.singh/Prospects-of-LGWs/unlens/injection.hdf

[global]
instruments = E1 E2 E3 C1 C2
mass1_ref = 30.000000009020294
mass2_ref = 30.00000000616465
minchirp = 26.116416905493356
maxchirp = 26.116616905493355
mincov = 56096151069.65682
maxcov = 5609615106965.683
