
[data]
trigger-time = 1515629801.9418707
injection-file = /work/shashwat.singh/Prospects-of-LGWs/unlens/injection.hdf

[global]
instruments = E1 E2 E3 C1 C2
mass1_ref = 30.0000000089874
mass2_ref = 30.000000009321983
minchirp = 26.11641690685335
maxchirp = 26.11661690685335
mincov = 123044321319.66208
maxcov = 12304432131966.209
