
[data]
trigger-time = 1284131583.2740502
injection-file = /work/shashwat.singh/Prospects-of-LGWs/unlens/injection.hdf

[global]
instruments = E1 E2 E3 C1 C2
mass1_ref = 30.000000001166367
mass2_ref = 30.000000002075293
minchirp = 26.116416900294738
maxchirp = 26.116616900294737
mincov = 3670225818.249854
maxcov = 367022581824.9854
