
[data]
trigger-time = 1355256176.2924445
injection-file = /work/shashwat.singh/Prospects-of-LGWs/unlens/injection.hdf

[global]
instruments = E1 E2 E3 C1 C2
mass1_ref = 30.000000009220717
mass2_ref = 30.000000008918782
minchirp = 26.1164169067794
maxchirp = 26.1166169067794
mincov = 160799785927.1341
maxcov = 16079978592713.408
