
[data]
trigger-time = 1207478447.170702
injection-file = /work/shashwat.singh/Prospects-of-LGWs/unlens/injection.hdf

[global]
instruments = E1 E2 E3 C1 C2
mass1_ref = 30.000000003594188
mass2_ref = 30.000000007431606
minchirp = 26.116416903682982
maxchirp = 26.11661690368298
mincov = 65794023135.80162
maxcov = 6579402313580.162
