
[data]
trigger-time = 1525034015.9834855
injection-file = /work/shashwat.singh/Prospects-of-LGWs/unlens/injection.hdf

[global]
instruments = E1 E2 E3 C1 C2
mass1_ref = 30.000000005494464
mass2_ref = 30.000000006574417
minchirp = 26.116416904137008
maxchirp = 26.116616904137008
mincov = 92878247417.54343
maxcov = 9287824741754.342
