
[data]
trigger-time = 1923852733.4066756
injection-file = /work/shashwat.singh/Prospects-of-LGWs/unlens/injection.hdf

[global]
instruments = E1 E2 E3 C1 C2
mass1_ref = 30.000000000724388
mass2_ref = 30.00000000654876
minchirp = 26.116416902049544
maxchirp = 26.116616902049543
mincov = 65126444363.541245
maxcov = 6512644436354.125
