
[data]
trigger-time = 1320609146.0272048
injection-file = /work/shashwat.singh/Prospects-of-LGWs/unlens/injection.hdf

[global]
instruments = E1 E2 E3 C1 C2
mass1_ref = 30.00000000181799
mass2_ref = 30.000000008325905
minchirp = 26.116416903299115
maxchirp = 26.116616903299114
mincov = 119844999759.72095
maxcov = 11984499975972.094
