
[data]
trigger-time = 1049828252.5700246
injection-file = /work/shashwat.singh/Prospects-of-LGWs/unlens/injection.hdf

[global]
instruments = E1 E2 E3 C1 C2
mass1_ref = 30.0000000058026
mass2_ref = 30.00000000124397
minchirp = 26.11641690195092
maxchirp = 26.11661690195092
mincov = 70973763634.16924
maxcov = 7097376363416.924
