
[data]
trigger-time = 1097844945.2310925
injection-file = /work/shashwat.singh/Prospects-of-LGWs/unlens/injection.hdf

[global]
instruments = E1 E2 E3 C1 C2
mass1_ref = 30.0000000051453
mass2_ref = 30.000000000205244
minchirp = 26.116416901212684
maxchirp = 26.116616901212684
mincov = 75391875583.94914
maxcov = 7539187558394.914
