
[data]
trigger-time = 1908289533.48251
injection-file = /work/shashwat.singh/Prospects-of-LGWs/unlens/injection.hdf

[global]
instruments = E1 E2 E3 C1 C2
mass1_ref = 30.000000002304244
mass2_ref = 30.00000000180378
minchirp = 26.116416900671844
maxchirp = 26.116616900671843
mincov = 40718617897.82776
maxcov = 4071861789782.776
