
[data]
trigger-time = 1450138560.9599025
injection-file = /work/shashwat.singh/Prospects-of-LGWs/unlens/injection.hdf

[global]
instruments = E1 E2 E3 C1 C2
mass1_ref = 30.000000000718686
mass2_ref = 30.0000000038445
minchirp = 26.116416900869968
maxchirp = 26.116616900869968
mincov = 112916359547.50537
maxcov = 11291635954750.537
