
[data]
trigger-time = 1165052921.3965478
injection-file = /work/shashwat.singh/Prospects-of-LGWs/unlens/injection.hdf

[global]
instruments = E1 E2 E3 C1 C2
mass1_ref = 30.0000000004835
mass2_ref = 30.000000001930612
minchirp = 26.116416899934528
maxchirp = 26.116616899934527
mincov = 58426202088.58435
maxcov = 5842620208858.436
