
[data]
trigger-time = 1158205793.288067
injection-file = /work/shashwat.singh/Prospects-of-LGWs/unlens/injection.hdf

[global]
instruments = E1 E2 E3 C1 C2
mass1_ref = 30.000000001654715
mass2_ref = 30.00000000238037
minchirp = 26.116416900640097
maxchirp = 26.116616900640096
mincov = 33734827444.95183
maxcov = 3373482744495.183
