
[data]
trigger-time = 1054200502.4414164
injection-file = /work/shashwat.singh/Prospects-of-LGWs/unlens/injection.hdf

[global]
instruments = E1 E2 E3 C1 C2
mass1_ref = 30.000000006708397
mass2_ref = 30.00000000257665
minchirp = 26.116416902925273
maxchirp = 26.116616902925273
mincov = 134962543826.48276
maxcov = 13496254382648.277
