
[data]
trigger-time = 1313589034.8805172
injection-file = /work/shashwat.singh/Prospects-of-LGWs/unlens/injection.hdf

[global]
instruments = E1 E2 E3 C1 C2
mass1_ref = 30.000000005182592
mass2_ref = 30.00000000149327
minchirp = 26.116416901789563
maxchirp = 26.116616901789563
mincov = 52084193574.03405
maxcov = 5208419357403.405
