
[data]
trigger-time = 1395516671.2511594
injection-file = /work/shashwat.singh/Prospects-of-LGWs/unlens/injection.hdf

[global]
instruments = E1 E2 E3 C1 C2
mass1_ref = 30.000000007837553
mass2_ref = 30.000000003958323
minchirp = 26.116416904018177
maxchirp = 26.116616904018176
mincov = 97696607691.96674
maxcov = 9769660769196.674
