
[data]
trigger-time = 1209694773.8341808
injection-file = /work/shashwat.singh/Prospects-of-LGWs/unlens/injection.hdf

[global]
instruments = E1 E2 E3 C1 C2
mass1_ref = 30.0000000023606
mass2_ref = 30.00000000361439
minchirp = 26.116416901484488
maxchirp = 26.116616901484488
mincov = 143898371864.50922
maxcov = 14389837186450.922
