
[data]
trigger-time = 1392858236.0888152
injection-file = /work/shashwat.singh/Prospects-of-LGWs/unlens/injection.hdf

[global]
instruments = E1 E2 E3 C1 C2
mass1_ref = 30.0000000091196
mass2_ref = 30.00000000461551
minchirp = 26.116416904862277
maxchirp = 26.116616904862276
mincov = 178770991246.13013
maxcov = 17877099124613.01
