
[data]
trigger-time = 1385091241.0028415
injection-file = /work/shashwat.singh/Prospects-of-LGWs/unlens/injection.hdf

[global]
instruments = E1 E2 E3 C1 C2
mass1_ref = 30.000000009890552
mass2_ref = 30.000000004532524
minchirp = 26.116416905161735
maxchirp = 26.116616905161735
mincov = 88131273239.52377
maxcov = 8813127323952.377
