
[data]
trigger-time = 1321521376.8782492
injection-file = /work/shashwat.singh/Prospects-of-LGWs/unlens/injection.hdf

[global]
instruments = E1 E2 E3 C1 C2
mass1_ref = 30.000000004394735
mass2_ref = 30.000000009291334
minchirp = 26.116416904840932
maxchirp = 26.11661690484093
mincov = 57309750751.92291
maxcov = 5730975075192.291
