
[data]
trigger-time = 1626463317.8760657
injection-file = /work/shashwat.singh/Prospects-of-LGWs/unlens/injection.hdf

[global]
instruments = E1 E2 E3 C1 C2
mass1_ref = 30.00000000690648
mass2_ref = 30.000000003937593
minchirp = 26.11641690360388
maxchirp = 26.11661690360388
mincov = 56628822767.68169
maxcov = 5662882276768.169
