
[data]
trigger-time = 1404071551.620749
injection-file = /work/shashwat.singh/Prospects-of-LGWs/unlens/injection.hdf

[global]
instruments = E1 E2 E3 C1 C2
mass1_ref = 30.000000005696233
mass2_ref = 30.000000001142208
minchirp = 26.11641690186033
maxchirp = 26.11661690186033
mincov = 111066671558.65157
maxcov = 11106667155865.156
