
[data]
trigger-time = 1211999170.7910204
injection-file = /work/shashwat.singh/Prospects-of-LGWs/unlens/injection.hdf

[global]
instruments = E1 E2 E3 C1 C2
mass1_ref = 30.00000000163156
mass2_ref = 30.000000006380656
minchirp = 26.116416902371242
maxchirp = 26.11661690237124
mincov = 63620795926.72728
maxcov = 6362079592672.729
