
[data]
trigger-time = 1976942975.9816263
injection-file = /work/shashwat.singh/Prospects-of-LGWs/unlens/injection.hdf

[global]
instruments = E1 E2 E3 C1 C2
mass1_ref = 30.00000000432482
mass2_ref = 30.00000000948733
minchirp = 26.116416904895814
maxchirp = 26.116616904895814
mincov = 22437217057.892418
maxcov = 2243721705789.2417
