
[data]
trigger-time = 1022072998.337984
injection-file = /work/shashwat.singh/Prospects-of-LGWs/unlens/injection.hdf

[global]
instruments = E1 E2 E3 C1 C2
mass1_ref = 30.000000003639908
mass2_ref = 30.00000000405268
minchirp = 26.116416902232118
maxchirp = 26.116616902232117
mincov = 20669540.424975332
maxcov = 2066954042.4975333
