
[data]
trigger-time = 1615972972.759925
injection-file = /work/shashwat.singh/Prospects-of-LGWs/unlens/injection.hdf

[global]
instruments = E1 E2 E3 C1 C2
mass1_ref = 30.00000000244505
mass2_ref = 30.000000003293096
minchirp = 26.116416901381395
maxchirp = 26.116616901381395
mincov = 157352642885.61087
maxcov = 15735264288561.086
