
[data]
trigger-time = 1307022229.216514
injection-file = /work/shashwat.singh/Prospects-of-LGWs/unlens/injection.hdf

[global]
instruments = E1 E2 E3 C1 C2
mass1_ref = 30.00000000484692
mass2_ref = 30.00000000439125
minchirp = 26.11641690290487
maxchirp = 26.11661690290487
mincov = 71486313832.54085
maxcov = 7148631383254.084
