
[data]
trigger-time = 1116702882.0168939
injection-file = /work/shashwat.singh/Prospects-of-LGWs/unlens/injection.hdf

[global]
instruments = E1 E2 E3 C1 C2
mass1_ref = 30.00000000854486
mass2_ref = 30.00000000535623
minchirp = 26.116416904934525
maxchirp = 26.116616904934524
mincov = 92978315517.06686
maxcov = 9297831551706.688
