
[data]
trigger-time = 1780549780.3269303
injection-file = /work/shashwat.singh/Prospects-of-LGWs/unlens/injection.hdf

[global]
instruments = E1 E2 E3 C1 C2
mass1_ref = 30.000000006182024
mass2_ref = 30.00000000990532
minchirp = 26.116416905886148
maxchirp = 26.116616905886147
mincov = 110611437367.51472
maxcov = 11061143736751.473
