
[data]
trigger-time = 1028069854.7733121
injection-file = /work/shashwat.singh/Prospects-of-LGWs/unlens/injection.hdf

[global]
instruments = E1 E2 E3 C1 C2
mass1_ref = 30.000000003205432
mass2_ref = 30.000000009442626
minchirp = 26.116416904389112
maxchirp = 26.11661690438911
mincov = 84725083270.82938
maxcov = 8472508327082.9375
