
[data]
trigger-time = 1462501239.931672
injection-file = /work/shashwat.singh/Prospects-of-LGWs/unlens/injection.hdf

[global]
instruments = E1 E2 E3 C1 C2
mass1_ref = 30.000000009286982
mass2_ref = 30.000000003740354
minchirp = 26.116416904554203
maxchirp = 26.116616904554203
mincov = 8712653038.714647
maxcov = 871265303871.4647
