
[data]
trigger-time = 1792701660.6726873
injection-file = /work/shashwat.singh/Prospects-of-LGWs/unlens/injection.hdf

[global]
instruments = E1 E2 E3 C1 C2
mass1_ref = 30.000000009634004
mass2_ref = 30.000000003390056
minchirp = 26.11641690455278
maxchirp = 26.116616904552778
mincov = 8074000563.226481
maxcov = 807400056322.6482
