
[data]
trigger-time = 1466680399.1325402
injection-file = /work/shashwat.singh/Prospects-of-LGWs/unlens/injection.hdf

[global]
instruments = E1 E2 E3 C1 C2
mass1_ref = 30.000000001940435
mass2_ref = 30.00000000235203
minchirp = 26.116416900752128
maxchirp = 26.116616900752128
mincov = 131257008833.88
maxcov = 13125700883388.0
