
[data]
trigger-time = 1223890180.2320023
injection-file = /work/shashwat.singh/Prospects-of-LGWs/unlens/injection.hdf

[global]
instruments = E1 E2 E3 C1 C2
mass1_ref = 30.000000001301867
mass2_ref = 30.000000007621654
minchirp = 26.116416902767913
maxchirp = 26.116616902767912
mincov = 116310500502.82645
maxcov = 11631050050282.645
