
[data]
trigger-time = 1230806075.956044
injection-file = /work/shashwat.singh/Prospects-of-LGWs/unlens/injection.hdf

[global]
instruments = E1 E2 E3 C1 C2
mass1_ref = 30.000000001304322
mass2_ref = 30.000000009878956
minchirp = 26.11641690375153
maxchirp = 26.11661690375153
mincov = 18001066210.935505
maxcov = 1800106621093.5503
