
[data]
trigger-time = 1570040817.9158406
injection-file = /work/shashwat.singh/Prospects-of-LGWs/unlens/injection.hdf

[global]
instruments = E1 E2 E3 C1 C2
mass1_ref = 30.000000002468866
mass2_ref = 30.000000002527408
minchirp = 26.11641690105848
maxchirp = 26.116616901058478
mincov = 21679539985.463596
maxcov = 2167953998546.3596
