
[data]
trigger-time = 1723805133.9990203
injection-file = /work/shashwat.singh/Prospects-of-LGWs/unlens/injection.hdf

[global]
instruments = E1 E2 E3 C1 C2
mass1_ref = 30.000000006493792
mass2_ref = 30.00000000511192
minchirp = 26.116416903935406
maxchirp = 26.116616903935405
mincov = 1988426.2490819674
maxcov = 198842624.90819675
