
[data]
trigger-time = 1289422673.1721582
injection-file = /work/shashwat.singh/Prospects-of-LGWs/unlens/injection.hdf

[global]
instruments = E1 E2 E3 C1 C2
mass1_ref = 30.00000000090814
mass2_ref = 30.000000009141683
minchirp = 26.116416903258163
maxchirp = 26.116616903258162
mincov = 80987959705.79291
maxcov = 8098795970579.291
