
[data]
trigger-time = 1526092480.411671
injection-file = /work/shashwat.singh/Prospects-of-LGWs/unlens/injection.hdf

[global]
instruments = E1 E2 E3 C1 C2
mass1_ref = 30.0000000083998
mass2_ref = 30.000000006415178
minchirp = 26.11641690533232
maxchirp = 26.116616905332318
mincov = 70580234614.9783
maxcov = 7058023461497.83
