
[data]
trigger-time = 1665161804.698436
injection-file = /work/shashwat.singh/Prospects-of-LGWs/unlens/injection.hdf

[global]
instruments = E1 E2 E3 C1 C2
mass1_ref = 30.000000003607074
mass2_ref = 30.00000000772205
minchirp = 26.116416903815015
maxchirp = 26.116616903815014
mincov = 164153988721.90677
maxcov = 16415398872190.676
