
[data]
trigger-time = 1236208708.983811
injection-file = /work/shashwat.singh/Prospects-of-LGWs/unlens/injection.hdf

[global]
instruments = E1 E2 E3 C1 C2
mass1_ref = 30.000000001203524
mass2_ref = 30.000000008305086
minchirp = 26.116416903022586
maxchirp = 26.116616903022585
mincov = 147968989491.38864
maxcov = 14796898949138.865
