
[data]
trigger-time = 1902306769.949761
injection-file = /work/shashwat.singh/Prospects-of-LGWs/unlens/injection.hdf

[global]
instruments = E1 E2 E3 C1 C2
mass1_ref = 30.000000005934957
mass2_ref = 30.000000001273925
minchirp = 26.116416902021573
maxchirp = 26.116616902021573
mincov = 164520183703.97028
maxcov = 16452018370397.03
