
[data]
trigger-time = 1409936146.6590657
injection-file = /work/shashwat.singh/Prospects-of-LGWs/unlens/injection.hdf

[global]
instruments = E1 E2 E3 C1 C2
mass1_ref = 30.000000005405013
mass2_ref = 30.000000008768485
minchirp = 26.1164169050531
maxchirp = 26.1166169050531
mincov = 136152947142.57707
maxcov = 13615294714257.707
