
[data]
trigger-time = 1161557616.3074782
injection-file = /work/shashwat.singh/Prospects-of-LGWs/unlens/injection.hdf

[global]
instruments = E1 E2 E3 C1 C2
mass1_ref = 30.00000000002828
mass2_ref = 30.00000000336171
minchirp = 26.116416900359305
maxchirp = 26.116616900359304
mincov = 163973996614.58844
maxcov = 16397399661458.846
