
[data]
trigger-time = 1166552812.879536
injection-file = /work/shashwat.singh/Prospects-of-LGWs/unlens/injection.hdf

[global]
instruments = E1 E2 E3 C1 C2
mass1_ref = 30.000000005724942
mass2_ref = 30.000000008650602
minchirp = 26.116416905141044
maxchirp = 26.116616905141044
mincov = 130176654536.00894
maxcov = 13017665453600.895
