
[data]
trigger-time = 1509210118.6506839
injection-file = /work/shashwat.singh/Prospects-of-LGWs/unlens/injection.hdf

[global]
instruments = E1 E2 E3 C1 C2
mass1_ref = 30.000000009607415
mass2_ref = 30.00000000815213
minchirp = 26.116416906614017
maxchirp = 26.116616906614016
mincov = 75326921352.51523
maxcov = 7532692135251.523
