
[data]
trigger-time = 1544909915.9998274
injection-file = /work/shashwat.singh/Prospects-of-LGWs/unlens/injection.hdf

[global]
instruments = E1 E2 E3 C1 C2
mass1_ref = 30.00000000021966
mass2_ref = 30.000000000656016
minchirp = 26.116416899264888
maxchirp = 26.116616899264887
mincov = 165750229974.9501
maxcov = 16575022997495.01
