
[data]
trigger-time = 1039861305.3679885
injection-file = /work/shashwat.singh/Prospects-of-LGWs/unlens/injection.hdf

[global]
instruments = E1 E2 E3 C1 C2
mass1_ref = 30.00000000252879
mass2_ref = 30.00000000618563
minchirp = 26.116416902676896
maxchirp = 26.116616902676896
mincov = 96918301113.1495
maxcov = 9691830111314.95
