
[data]
trigger-time = 1206273110.1157427
injection-file = /work/shashwat.singh/Prospects-of-LGWs/unlens/injection.hdf

[global]
instruments = E1 E2 E3 C1 C2
mass1_ref = 30.00000000887968
mass2_ref = 30.00000000958702
minchirp = 26.11641690692182
maxchirp = 26.11661690692182
mincov = 88746226934.02975
maxcov = 8874622693402.975
