
[data]
trigger-time = 1104133968.6680226
injection-file = /work/shashwat.singh/Prospects-of-LGWs/unlens/injection.hdf

[global]
instruments = E1 E2 E3 C1 C2
mass1_ref = 30.000000007208882
mass2_ref = 30.000000008959596
minchirp = 26.11641690592146
maxchirp = 26.11661690592146
mincov = 179693269422.39346
maxcov = 17969326942239.344
