
[data]
trigger-time = 1181199325.1257539
injection-file = /work/shashwat.singh/Prospects-of-LGWs/unlens/injection.hdf

[global]
instruments = E1 E2 E3 C1 C2
mass1_ref = 30.000000001905903
mass2_ref = 30.000000003463633
minchirp = 26.11641690122095
maxchirp = 26.11661690122095
mincov = 121551851336.82309
maxcov = 12155185133682.309
