
[data]
trigger-time = 1888952885.5134497
injection-file = /work/shashwat.singh/Prospects-of-LGWs/unlens/injection.hdf

[global]
instruments = E1 E2 E3 C1 C2
mass1_ref = 30.000000003642754
mass2_ref = 30.00000000192956
minchirp = 26.116416901309215
maxchirp = 26.116616901309214
mincov = 145268887735.7784
maxcov = 14526888773577.842
