
[data]
trigger-time = 1723362845.9187245
injection-file = /work/shashwat.singh/Prospects-of-LGWs/unlens/injection.hdf

[global]
instruments = E1 E2 E3 C1 C2
mass1_ref = 30.00000000856205
mass2_ref = 30.000000008563877
minchirp = 26.116416906338216
maxchirp = 26.116616906338216
mincov = 160547614370.13434
maxcov = 16054761437013.434
