
[data]
trigger-time = 1957284253.8330076
injection-file = /work/shashwat.singh/Prospects-of-LGWs/unlens/injection.hdf

[global]
instruments = E1 E2 E3 C1 C2
mass1_ref = 30.000000000829893
mass2_ref = 30.000000009118395
minchirp = 26.116416903213967
maxchirp = 26.116616903213966
mincov = 172747199955.98172
maxcov = 17274719995598.172
