
[data]
trigger-time = 1336211253.1296177
injection-file = /work/shashwat.singh/Prospects-of-LGWs/unlens/injection.hdf

[global]
instruments = E1 E2 E3 C1 C2
mass1_ref = 30.00000000862568
mass2_ref = 30.00000000819845
minchirp = 26.11641690620685
maxchirp = 26.11661690620685
mincov = 149318270597.8723
maxcov = 14931827059787.23
