
[data]
trigger-time = 1857080523.8193693
injection-file = /work/shashwat.singh/Prospects-of-LGWs/unlens/injection.hdf

[global]
instruments = E1 E2 E3 C1 C2
mass1_ref = 30.000000001749594
mass2_ref = 30.00000000458371
minchirp = 26.116416901640456
maxchirp = 26.116616901640455
mincov = 150559058860.51303
maxcov = 15055905886051.305
