
[data]
trigger-time = 1443591376.1813269
injection-file = /work/shashwat.singh/Prospects-of-LGWs/unlens/injection.hdf

[global]
instruments = E1 E2 E3 C1 C2
mass1_ref = 30.00000000589532
mass2_ref = 30.00000000950093
minchirp = 26.116416905585332
maxchirp = 26.11661690558533
mincov = 34001251047.757336
maxcov = 3400125104775.7334
