
[data]
trigger-time = 1685130761.8382235
injection-file = /work/shashwat.singh/Prospects-of-LGWs/unlens/injection.hdf

[global]
instruments = E1 E2 E3 C1 C2
mass1_ref = 30.000000001594273
mass2_ref = 30.00000000618889
minchirp = 26.116416902271542
maxchirp = 26.11661690227154
mincov = 83722254976.0384
maxcov = 8372225497603.84
