
[data]
trigger-time = 1859631230.0628705
injection-file = /work/shashwat.singh/Prospects-of-LGWs/unlens/injection.hdf

[global]
instruments = E1 E2 E3 C1 C2
mass1_ref = 30.000000001382563
mass2_ref = 30.000000009414816
minchirp = 26.116416903583556
maxchirp = 26.116616903583555
mincov = 92850026879.26172
maxcov = 9285002687926.172
