
[data]
trigger-time = 1001044715.8786422
injection-file = /work/shashwat.singh/Prospects-of-LGWs/unlens/injection.hdf

[global]
instruments = E1 E2 E3 C1 C2
mass1_ref = 30.00000000369977
mass2_ref = 30.000000008056617
minchirp = 26.11641690400099
maxchirp = 26.11661690400099
mincov = 119258989414.84155
maxcov = 11925898941484.156
