
[data]
trigger-time = 1811151012.0995927
injection-file = /work/shashwat.singh/Prospects-of-LGWs/unlens/injection.hdf

[global]
instruments = E1 E2 E3 C1 C2
mass1_ref = 30.00000000121784
mass2_ref = 30.00000000191725
minchirp = 26.116416900248353
maxchirp = 26.116616900248353
mincov = 27980760609.866016
maxcov = 2798076060986.6016
