
[data]
trigger-time = 1826784298.0776012
injection-file = /work/shashwat.singh/Prospects-of-LGWs/unlens/injection.hdf

[global]
instruments = E1 E2 E3 C1 C2
mass1_ref = 30.000000006413906
mass2_ref = 30.00000000094373
minchirp = 26.11641690208632
maxchirp = 26.11661690208632
mincov = 41280552410.69768
maxcov = 4128055241069.7676
