
[data]
trigger-time = 1596800029.5412319
injection-file = /work/shashwat.singh/Prospects-of-LGWs/unlens/injection.hdf

[global]
instruments = E1 E2 E3 C1 C2
mass1_ref = 30.000000004833996
mass2_ref = 30.000000007543896
minchirp = 26.116416904271517
maxchirp = 26.116616904271517
mincov = 15140877742.342478
maxcov = 1514087774234.2478
