
[data]
trigger-time = 1992402323.8646364
injection-file = /work/shashwat.singh/Prospects-of-LGWs/unlens/injection.hdf

[global]
instruments = E1 E2 E3 C1 C2
mass1_ref = 30.000000003142222
mass2_ref = 30.000000000854435
minchirp = 26.11641690062337
maxchirp = 26.11661690062337
mincov = 113423240680.58841
maxcov = 11342324068058.84
