
[data]
trigger-time = 1262001849.8096967
injection-file = /work/shashwat.singh/Prospects-of-LGWs/unlens/injection.hdf

[global]
instruments = E1 E2 E3 C1 C2
mass1_ref = 30.000000005710177
mass2_ref = 30.000000001489994
minchirp = 26.11641690201778
maxchirp = 26.11661690201778
mincov = 157357189896.18124
maxcov = 15735718989618.125
