
[data]
trigger-time = 1389544516.4008973
injection-file = /work/shashwat.singh/Prospects-of-LGWs/unlens/injection.hdf

[global]
instruments = E1 E2 E3 C1 C2
mass1_ref = 30.000000004399457
mass2_ref = 30.00000000518468
minchirp = 26.116416903055462
maxchirp = 26.116616903055462
mincov = 57795025740.327286
maxcov = 5779502574032.729
