
[data]
trigger-time = 1651632540.4433184
injection-file = /work/shashwat.singh/Prospects-of-LGWs/unlens/injection.hdf

[global]
instruments = E1 E2 E3 C1 C2
mass1_ref = 30.000000005200793
mass2_ref = 30.000000000559087
minchirp = 26.116416901390856
maxchirp = 26.116616901390856
mincov = 99603230674.69894
maxcov = 9960323067469.895
