
[data]
trigger-time = 1019551590.0274057
injection-file = /work/shashwat.singh/Prospects-of-LGWs/unlens/injection.hdf

[global]
instruments = E1 E2 E3 C1 C2
mass1_ref = 30.00000000886897
mass2_ref = 30.00000000340762
minchirp = 26.11641690422742
maxchirp = 26.11661690422742
mincov = 63889507082.44585
maxcov = 6388950708244.585
