
[data]
trigger-time = 1979631866.1355357
injection-file = /work/shashwat.singh/Prospects-of-LGWs/unlens/injection.hdf

[global]
instruments = E1 E2 E3 C1 C2
mass1_ref = 30.00000000134058
mass2_ref = 30.000000007271804
minchirp = 26.116416902632483
maxchirp = 26.116616902632483
mincov = 52939569497.27341
maxcov = 5293956949727.341
