
[data]
trigger-time = 1137295349.5943224
injection-file = /work/shashwat.singh/Prospects-of-LGWs/unlens/injection.hdf

[global]
instruments = E1 E2 E3 C1 C2
mass1_ref = 30.00000000146131
mass2_ref = 30.000000005120317
minchirp = 26.116416901748543
maxchirp = 26.116616901748543
mincov = 106469825055.1344
maxcov = 10646982505513.44
