
[data]
trigger-time = 1154581771.3953247
injection-file = /work/shashwat.singh/Prospects-of-LGWs/unlens/injection.hdf

[global]
instruments = E1 E2 E3 C1 C2
mass1_ref = 30.00000000620901
mass2_ref = 30.000000007649668
minchirp = 26.116416904916065
maxchirp = 26.116616904916064
mincov = 105324384513.15504
maxcov = 10532438451315.504
