
[data]
trigger-time = 1333841317.5241046
injection-file = /work/shashwat.singh/Prospects-of-LGWs/unlens/injection.hdf

[global]
instruments = E1 E2 E3 C1 C2
mass1_ref = 30.00000000998543
mass2_ref = 30.000000009237347
minchirp = 26.116416907250926
maxchirp = 26.116616907250926
mincov = 137375791220.08469
maxcov = 13737579122008.469
