
[data]
trigger-time = 1449607056.2597277
injection-file = /work/shashwat.singh/Prospects-of-LGWs/unlens/injection.hdf

[global]
instruments = E1 E2 E3 C1 C2
mass1_ref = 30.000000002032465
mass2_ref = 30.000000009818997
minchirp = 26.11641690404237
maxchirp = 26.11661690404237
mincov = 175946331746.21045
maxcov = 17594633174621.047
