
[data]
trigger-time = 1858356232.287512
injection-file = /work/shashwat.singh/Prospects-of-LGWs/unlens/injection.hdf

[global]
instruments = E1 E2 E3 C1 C2
mass1_ref = 30.000000003451603
mass2_ref = 30.00000000703612
minchirp = 26.116416903448773
maxchirp = 26.116616903448772
mincov = 13390860367.564053
maxcov = 1339086036756.4053
