
[data]
trigger-time = 1578608595.1183348
injection-file = /work/shashwat.singh/Prospects-of-LGWs/unlens/injection.hdf

[global]
instruments = E1 E2 E3 C1 C2
mass1_ref = 30.000000009626646
mass2_ref = 30.000000009404904
minchirp = 26.116416907167686
maxchirp = 26.116616907167685
mincov = 161458031.3998115
maxcov = 16145803139.981152
