
[data]
trigger-time = 1411060048.130572
injection-file = /work/shashwat.singh/Prospects-of-LGWs/unlens/injection.hdf

[global]
instruments = E1 E2 E3 C1 C2
mass1_ref = 30.0000000027186
mass2_ref = 30.000000007558466
minchirp = 26.116416903357077
maxchirp = 26.116616903357077
mincov = 72548222775.01718
maxcov = 7254822277501.718
