
[data]
trigger-time = 1014113614.9586062
injection-file = /work/shashwat.singh/Prospects-of-LGWs/unlens/injection.hdf

[global]
instruments = E1 E2 E3 C1 C2
mass1_ref = 30.00000000500788
mass2_ref = 30.00000000921871
minchirp = 26.116416905076207
maxchirp = 26.116616905076206
mincov = 10849514326.267235
maxcov = 1084951432626.7235
