
[data]
trigger-time = 1716710783.1485715
injection-file = /work/shashwat.singh/Prospects-of-LGWs/unlens/injection.hdf

[global]
instruments = E1 E2 E3 C1 C2
mass1_ref = 30.000000006447497
mass2_ref = 30.00000000160398
minchirp = 26.116416902388334
maxchirp = 26.116616902388333
mincov = 63069023390.60121
maxcov = 6306902339060.121
