
[data]
trigger-time = 1601899585.8593717
injection-file = /work/shashwat.singh/Prospects-of-LGWs/unlens/injection.hdf

[global]
instruments = E1 E2 E3 C1 C2
mass1_ref = 30.00000000610467
mass2_ref = 30.000000000344325
minchirp = 26.116416901690815
maxchirp = 26.116616901690815
mincov = 135028278100.43425
maxcov = 13502827810043.426
