
[data]
trigger-time = 1028361396.282532
injection-file = /work/shashwat.singh/Prospects-of-LGWs/unlens/injection.hdf

[global]
instruments = E1 E2 E3 C1 C2
mass1_ref = 30.000000004795595
mass2_ref = 30.000000000273346
minchirp = 26.11641690109011
maxchirp = 26.116616901090108
mincov = 145694621563.3393
maxcov = 14569462156333.93
