
[data]
trigger-time = 1338184043.1581507
injection-file = /work/shashwat.singh/Prospects-of-LGWs/unlens/injection.hdf

[global]
instruments = E1 E2 E3 C1 C2
mass1_ref = 30.00000000409653
mass2_ref = 30.000000009862614
minchirp = 26.116416904959795
maxchirp = 26.116616904959795
mincov = 144611514634.71246
maxcov = 14461151463471.246
