
[data]
trigger-time = 1753067969.5301993
injection-file = /work/shashwat.singh/Prospects-of-LGWs/unlens/injection.hdf

[global]
instruments = E1 E2 E3 C1 C2
mass1_ref = 30.000000002583338
mass2_ref = 30.000000009009582
minchirp = 26.11641690392984
maxchirp = 26.116616903929838
mincov = 171658851503.47327
maxcov = 17165885150347.326
