
[data]
trigger-time = 1000237921.8232692
injection-file = /work/shashwat.singh/Prospects-of-LGWs/unlens/injection.hdf

[global]
instruments = E1 E2 E3 C1 C2
mass1_ref = 30.0000000025981
mass2_ref = 30.00000000688665
minchirp = 26.1164169030122
maxchirp = 26.1166169030122
mincov = 128369391986.83835
maxcov = 12836939198683.836
