
[data]
trigger-time = 1214168757.456463
injection-file = /work/shashwat.singh/Prospects-of-LGWs/unlens/injection.hdf

[global]
instruments = E1 E2 E3 C1 C2
mass1_ref = 30.000000001141117
mass2_ref = 30.000000008965785
minchirp = 26.11641690328301
maxchirp = 26.11661690328301
mincov = 57657559394.75901
maxcov = 5765755939475.9
