
[data]
trigger-time = 1261183437.8051817
injection-file = /work/shashwat.singh/Prospects-of-LGWs/unlens/injection.hdf

[global]
instruments = E1 E2 E3 C1 C2
mass1_ref = 30.000000008186046
mass2_ref = 30.000000005799567
minchirp = 26.116416904971317
maxchirp = 26.116616904971316
mincov = 125137379299.04977
maxcov = 12513737929904.979
