
[data]
trigger-time = 1257997937.0493052
injection-file = /work/shashwat.singh/Prospects-of-LGWs/unlens/injection.hdf

[global]
instruments = E1 E2 E3 C1 C2
mass1_ref = 30.00000000679184
mass2_ref = 30.000000001708475
minchirp = 26.1164169025837
maxchirp = 26.1166169025837
mincov = 78037880595.44951
maxcov = 7803788059544.951
