
[data]
trigger-time = 1843510204.2524126
injection-file = /work/shashwat.singh/Prospects-of-LGWs/unlens/injection.hdf

[global]
instruments = E1 E2 E3 C1 C2
mass1_ref = 30.00000000859011
mass2_ref = 30.000000005159745
minchirp = 26.116416904868696
maxchirp = 26.116616904868696
mincov = 330044606.2615216
maxcov = 33004460626.152157
