
[data]
trigger-time = 1510208840.76823
injection-file = /work/shashwat.singh/Prospects-of-LGWs/unlens/injection.hdf

[global]
instruments = E1 E2 E3 C1 C2
mass1_ref = 30.00000000705688
mass2_ref = 30.000000007652098
minchirp = 26.11641690528618
maxchirp = 26.11661690528618
mincov = 303541133.1008746
maxcov = 30354113310.087463
