
[data]
trigger-time = 1206715570.6060388
injection-file = /work/shashwat.singh/Prospects-of-LGWs/unlens/injection.hdf

[global]
instruments = E1 E2 E3 C1 C2
mass1_ref = 30.00000000684235
mass2_ref = 30.00000000124562
minchirp = 26.116416902404218
maxchirp = 26.116616902404218
mincov = 60687996207.83887
maxcov = 6068799620783.887
