
[data]
trigger-time = 1691741331.4005013
injection-file = /work/shashwat.singh/Prospects-of-LGWs/unlens/injection.hdf

[global]
instruments = E1 E2 E3 C1 C2
mass1_ref = 30.000000000220933
mass2_ref = 30.000000005039166
minchirp = 26.116416901173313
maxchirp = 26.116616901173312
mincov = 23584520398.726967
maxcov = 2358452039872.697
