
[data]
trigger-time = 1227696713.3996348
injection-file = /work/shashwat.singh/Prospects-of-LGWs/unlens/injection.hdf

[global]
instruments = E1 E2 E3 C1 C2
mass1_ref = 30.00000000294646
mass2_ref = 30.0000000046781
minchirp = 26.11641690220251
maxchirp = 26.11661690220251
mincov = 35692814760.26626
maxcov = 3569281476026.626
