
[data]
trigger-time = 1243297664.1815486
injection-file = /work/shashwat.singh/Prospects-of-LGWs/unlens/injection.hdf

[global]
instruments = E1 E2 E3 C1 C2
mass1_ref = 30.000000001696808
mass2_ref = 30.00000000494973
minchirp = 26.116416901776798
maxchirp = 26.116616901776798
mincov = 53074200476.78501
maxcov = 5307420047678.501
