
[data]
trigger-time = 1990283563.2371697
injection-file = /work/shashwat.singh/Prospects-of-LGWs/unlens/injection.hdf

[global]
instruments = E1 E2 E3 C1 C2
mass1_ref = 30.000000004170886
mass2_ref = 30.000000005465008
minchirp = 26.11641690307799
maxchirp = 26.11661690307799
mincov = 140081913877.31998
maxcov = 14008191387731.996
