
[data]
trigger-time = 1072832254.3860362
injection-file = /work/shashwat.singh/Prospects-of-LGWs/unlens/injection.hdf

[global]
instruments = E1 E2 E3 C1 C2
mass1_ref = 30.00000000441513
mass2_ref = 30.000000001728555
minchirp = 26.11641690155792
maxchirp = 26.11661690155792
mincov = 95774767704.77823
maxcov = 9577476770477.822
