
[data]
trigger-time = 1531932814.069372
injection-file = /work/shashwat.singh/Prospects-of-LGWs/unlens/injection.hdf

[global]
instruments = E1 E2 E3 C1 C2
mass1_ref = 30.000000009525962
mass2_ref = 30.000000009800218
minchirp = 26.116416907295932
maxchirp = 26.11661690729593
mincov = 135742509572.52966
maxcov = 13574250957252.967
