
[data]
trigger-time = 1758252769.0349474
injection-file = /work/shashwat.singh/Prospects-of-LGWs/unlens/injection.hdf

[global]
instruments = E1 E2 E3 C1 C2
mass1_ref = 30.000000003096048
mass2_ref = 30.000000002506038
minchirp = 26.116416901322175
maxchirp = 26.116616901322175
mincov = 66475955297.117615
maxcov = 6647595529711.762
