
[data]
trigger-time = 1347827554.0508735
injection-file = /work/shashwat.singh/Prospects-of-LGWs/unlens/injection.hdf

[global]
instruments = E1 E2 E3 C1 C2
mass1_ref = 30.00000000623024
mass2_ref = 30.000000008569568
minchirp = 26.116416905325714
maxchirp = 26.116616905325714
mincov = 147788445097.60385
maxcov = 14778844509760.387
