
[data]
trigger-time = 1191499978.5230818
injection-file = /work/shashwat.singh/Prospects-of-LGWs/unlens/injection.hdf

[global]
instruments = E1 E2 E3 C1 C2
mass1_ref = 30.000000008107182
mass2_ref = 30.000000001651273
minchirp = 26.116416903131338
maxchirp = 26.116616903131337
mincov = 48833055482.79705
maxcov = 4883305548279.705
