
[data]
trigger-time = 1581265452.237063
injection-file = /work/shashwat.singh/Prospects-of-LGWs/unlens/injection.hdf

[global]
instruments = E1 E2 E3 C1 C2
mass1_ref = 30.000000008873762
mass2_ref = 30.000000001433005
minchirp = 26.116416903370002
maxchirp = 26.11661690337
mincov = 130434912533.02217
maxcov = 13043491253302.217
