
[data]
trigger-time = 1325783340.1248088
injection-file = /work/shashwat.singh/Prospects-of-LGWs/unlens/injection.hdf

[global]
instruments = E1 E2 E3 C1 C2
mass1_ref = 30.00000000393409
mass2_ref = 30.000000001598046
minchirp = 26.116416901291725
maxchirp = 26.116616901291724
mincov = 639961697.3459527
maxcov = 63996169734.59527
