
[data]
trigger-time = 1698971796.56633
injection-file = /work/shashwat.singh/Prospects-of-LGWs/unlens/injection.hdf

[global]
instruments = E1 E2 E3 C1 C2
mass1_ref = 30.000000002922594
mass2_ref = 30.000000006213774
minchirp = 26.11641690286056
maxchirp = 26.11661690286056
mincov = 50438976291.22304
maxcov = 5043897629122.304
