
[data]
trigger-time = 1845055736.8977022
injection-file = /work/shashwat.singh/Prospects-of-LGWs/unlens/injection.hdf

[global]
instruments = E1 E2 E3 C1 C2
mass1_ref = 30.00000000342402
mass2_ref = 30.000000007090012
minchirp = 26.116416903460223
maxchirp = 26.116616903460223
mincov = 62522449972.556175
maxcov = 6252244997255.617
