
[data]
trigger-time = 1553131463.7543764
injection-file = /work/shashwat.singh/Prospects-of-LGWs/unlens/injection.hdf

[global]
instruments = E1 E2 E3 C1 C2
mass1_ref = 30.000000007527074
mass2_ref = 30.000000002555932
minchirp = 26.116416903272608
maxchirp = 26.116616903272607
mincov = 108653567479.63693
maxcov = 10865356747963.693
