
[data]
trigger-time = 1334740670.1094801
injection-file = /work/shashwat.singh/Prospects-of-LGWs/unlens/injection.hdf

[global]
instruments = E1 E2 E3 C1 C2
mass1_ref = 30.000000001494953
mass2_ref = 30.00000000594302
minchirp = 26.11641690212129
maxchirp = 26.11661690212129
mincov = 42535952537.14929
maxcov = 4253595253714.929
