
[data]
trigger-time = 1619355728.6427813
injection-file = /work/shashwat.singh/Prospects-of-LGWs/unlens/injection.hdf

[global]
instruments = E1 E2 E3 C1 C2
mass1_ref = 30.00000000075756
mass2_ref = 30.00000000617259
minchirp = 26.116416901900248
maxchirp = 26.116616901900247
mincov = 58428744538.490906
maxcov = 5842874453849.091
