
[data]
trigger-time = 1218496323.7364202
injection-file = /work/shashwat.singh/Prospects-of-LGWs/unlens/injection.hdf

[global]
instruments = E1 E2 E3 C1 C2
mass1_ref = 30.000000001135835
mass2_ref = 30.000000008171604
minchirp = 26.116416902935022
maxchirp = 26.11661690293502
mincov = 119068309383.49857
maxcov = 11906830938349.855
