
[data]
trigger-time = 1110429478.3938253
injection-file = /work/shashwat.singh/Prospects-of-LGWs/unlens/injection.hdf

[global]
instruments = E1 E2 E3 C1 C2
mass1_ref = 30.00000000294755
mass2_ref = 30.000000004711573
minchirp = 26.11641690221755
maxchirp = 26.11661690221755
mincov = 18249771960.146282
maxcov = 1824977196014.6284
