
[data]
trigger-time = 1948666259.20367
injection-file = /work/shashwat.singh/Prospects-of-LGWs/unlens/injection.hdf

[global]
instruments = E1 E2 E3 C1 C2
mass1_ref = 30.000000002066784
mass2_ref = 30.000000005747076
minchirp = 26.116416902284904
maxchirp = 26.116616902284903
mincov = 111927259616.02835
maxcov = 11192725961602.834
