
[data]
trigger-time = 1536257720.6668305
injection-file = /work/shashwat.singh/Prospects-of-LGWs/unlens/injection.hdf

[global]
instruments = E1 E2 E3 C1 C2
mass1_ref = 30.000000008838327
mass2_ref = 30.00000000539993
minchirp = 26.116416905081287
maxchirp = 26.116616905081287
mincov = 91958790648.78365
maxcov = 9195879064878.363
