
[data]
trigger-time = 1924574208.6961195
injection-file = /work/shashwat.singh/Prospects-of-LGWs/unlens/injection.hdf

[global]
instruments = E1 E2 E3 C1 C2
mass1_ref = 30.00000000822969
mass2_ref = 30.000000009045323
minchirp = 26.11641690640311
maxchirp = 26.11661690640311
mincov = 127749339862.6702
maxcov = 12774933986267.02
