
[data]
trigger-time = 1556187164.3469484
injection-file = /work/shashwat.singh/Prospects-of-LGWs/unlens/injection.hdf

[global]
instruments = E1 E2 E3 C1 C2
mass1_ref = 30.000000008538542
mass2_ref = 30.000000003729998
minchirp = 26.116416904223918
maxchirp = 26.116616904223918
mincov = 5988803230.439639
maxcov = 598880323043.9639
