
[data]
trigger-time = 1052825440.6434958
injection-file = /work/shashwat.singh/Prospects-of-LGWs/unlens/injection.hdf

[global]
instruments = E1 E2 E3 C1 C2
mass1_ref = 30.000000001278696
mass2_ref = 30.00000000163292
minchirp = 26.11641690015108
maxchirp = 26.11661690015108
mincov = 147072956529.37152
maxcov = 14707295652937.15
