
[data]
trigger-time = 1244140376.5607564
injection-file = /work/shashwat.singh/Prospects-of-LGWs/unlens/injection.hdf

[global]
instruments = E1 E2 E3 C1 C2
mass1_ref = 30.00000000599574
mass2_ref = 30.000000009085554
minchirp = 26.11641690544824
maxchirp = 26.11661690544824
mincov = 136072499379.13884
maxcov = 13607249937913.885
