
[data]
trigger-time = 1329409256.1948416
injection-file = /work/shashwat.singh/Prospects-of-LGWs/unlens/injection.hdf

[global]
instruments = E1 E2 E3 C1 C2
mass1_ref = 30.000000002925756
mass2_ref = 30.000000007460034
minchirp = 26.116416903404403
maxchirp = 26.116616903404402
mincov = 130677698129.75127
maxcov = 13067769812975.127
