
[data]
trigger-time = 1002004844.5939356
injection-file = /work/shashwat.singh/Prospects-of-LGWs/unlens/injection.hdf

[global]
instruments = E1 E2 E3 C1 C2
mass1_ref = 30.000000000937643
mass2_ref = 30.00000000070199
minchirp = 26.116416899597418
maxchirp = 26.116616899597418
mincov = 176052171895.46503
maxcov = 17605217189546.504
