
[data]
trigger-time = 1245581600.0685482
injection-file = /work/shashwat.singh/Prospects-of-LGWs/unlens/injection.hdf

[global]
instruments = E1 E2 E3 C1 C2
mass1_ref = 30.000000008812968
mass2_ref = 30.000000008658372
minchirp = 26.116416906488567
maxchirp = 26.116616906488566
mincov = 82815582974.54182
maxcov = 8281558297454.182
