
[data]
trigger-time = 1610059930.0682464
injection-file = /work/shashwat.singh/Prospects-of-LGWs/unlens/injection.hdf

[global]
instruments = E1 E2 E3 C1 C2
mass1_ref = 30.000000004610765
mass2_ref = 30.000000003859583
minchirp = 26.11641690257066
maxchirp = 26.11661690257066
mincov = 12694027571.712894
maxcov = 1269402757171.2896
