
[data]
trigger-time = 1690283557.3065865
injection-file = /work/shashwat.singh/Prospects-of-LGWs/unlens/injection.hdf

[global]
instruments = E1 E2 E3 C1 C2
mass1_ref = 30.000000002479954
mass2_ref = 30.000000000049816
minchirp = 26.116416899984873
maxchirp = 26.116616899984873
mincov = 29070719360.767506
maxcov = 2907071936076.7505
