
[data]
trigger-time = 1097635200.7975013
injection-file = /work/shashwat.singh/Prospects-of-LGWs/unlens/injection.hdf

[global]
instruments = E1 E2 E3 C1 C2
mass1_ref = 30.00000000387151
mass2_ref = 30.000000007999237
minchirp = 26.116416904050766
maxchirp = 26.116616904050765
mincov = 137657410524.1456
maxcov = 13765741052414.56
