
[data]
trigger-time = 1254230941.223879
injection-file = /work/shashwat.singh/Prospects-of-LGWs/unlens/injection.hdf

[global]
instruments = E1 E2 E3 C1 C2
mass1_ref = 30.000000008744976
mass2_ref = 30.000000005605358
minchirp = 26.11641690513007
maxchirp = 26.11661690513007
mincov = 139394387554.7358
maxcov = 13939438755473.582
