
[data]
trigger-time = 1621628346.9560199
injection-file = /work/shashwat.singh/Prospects-of-LGWs/unlens/injection.hdf

[global]
instruments = E1 E2 E3 C1 C2
mass1_ref = 30.00000000932891
mass2_ref = 30.000000005509982
minchirp = 26.116416905342724
maxchirp = 26.116616905342724
mincov = 162600536436.66452
maxcov = 16260053643666.453
