
[data]
trigger-time = 1916260498.3278232
injection-file = /work/shashwat.singh/Prospects-of-LGWs/unlens/injection.hdf

[global]
instruments = E1 E2 E3 C1 C2
mass1_ref = 30.0000000065575
mass2_ref = 30.00000000314105
minchirp = 26.116416903105264
maxchirp = 26.116616903105264
mincov = 136608937908.66855
maxcov = 13660893790866.855
