
[data]
trigger-time = 1623371792.9010315
injection-file = /work/shashwat.singh/Prospects-of-LGWs/unlens/injection.hdf

[global]
instruments = E1 E2 E3 C1 C2
mass1_ref = 30.000000001713417
mass2_ref = 30.00000000711052
minchirp = 26.116416902724566
maxchirp = 26.116616902724566
mincov = 107594140048.04031
maxcov = 10759414004804.031
