
[data]
trigger-time = 1456878037.477118
injection-file = /work/shashwat.singh/Prospects-of-LGWs/unlens/injection.hdf

[global]
instruments = E1 E2 E3 C1 C2
mass1_ref = 30.000000004254602
mass2_ref = 30.00000000682739
minchirp = 26.116416903707442
maxchirp = 26.116616903707442
mincov = 166529943397.71164
maxcov = 16652994339771.164
