
[data]
trigger-time = 1857844584.9193711
injection-file = /work/shashwat.singh/Prospects-of-LGWs/unlens/injection.hdf

[global]
instruments = E1 E2 E3 C1 C2
mass1_ref = 30.000000009793567
mass2_ref = 30.000000003754426
minchirp = 26.11641690478083
maxchirp = 26.11661690478083
mincov = 4921197180.493646
maxcov = 492119718049.36456
