
[data]
trigger-time = 1433610067.65932
injection-file = /work/shashwat.singh/Prospects-of-LGWs/unlens/injection.hdf

[global]
instruments = E1 E2 E3 C1 C2
mass1_ref = 30.000000006082477
mass2_ref = 30.000000006546614
minchirp = 26.116416904380856
maxchirp = 26.116616904380855
mincov = 160425543608.89194
maxcov = 16042554360889.195
