
[data]
trigger-time = 1614586502.880468
injection-file = /work/shashwat.singh/Prospects-of-LGWs/unlens/injection.hdf

[global]
instruments = E1 E2 E3 C1 C2
mass1_ref = 30.00000000340551
mass2_ref = 30.0000000094248
minchirp = 26.11641690446844
maxchirp = 26.11661690446844
mincov = 120393643926.32991
maxcov = 12039364392632.99
