
[data]
trigger-time = 1180098146.0512967
injection-file = /work/shashwat.singh/Prospects-of-LGWs/unlens/injection.hdf

[global]
instruments = E1 E2 E3 C1 C2
mass1_ref = 30.000000009664564
mass2_ref = 30.00000000963989
minchirp = 26.116416907286474
maxchirp = 26.116616907286474
mincov = 50281422854.69844
maxcov = 5028142285469.844
