
[data]
trigger-time = 1072383126.3564503
injection-file = /work/shashwat.singh/Prospects-of-LGWs/unlens/injection.hdf

[global]
instruments = E1 E2 E3 C1 C2
mass1_ref = 30.000000005544837
mass2_ref = 30.000000006664063
minchirp = 26.11641690419796
maxchirp = 26.116616904197958
mincov = 24794621776.437965
maxcov = 2479462177643.7964
