
[data]
trigger-time = 1143893555.377696
injection-file = /work/shashwat.singh/Prospects-of-LGWs/unlens/injection.hdf

[global]
instruments = E1 E2 E3 C1 C2
mass1_ref = 30.000000001974442
mass2_ref = 30.000000000473154
minchirp = 26.1164168999491
maxchirp = 26.1166168999491
mincov = 144406070526.71268
maxcov = 14440607052671.268
