
[data]
trigger-time = 1438780507.8833172
injection-file = /work/shashwat.singh/Prospects-of-LGWs/unlens/injection.hdf

[global]
instruments = E1 E2 E3 C1 C2
mass1_ref = 30.000000009273286
mass2_ref = 30.000000009709762
minchirp = 26.116416907146576
maxchirp = 26.116616907146575
mincov = 28710139305.375427
maxcov = 2871013930537.543
