
[data]
trigger-time = 1744603240.7755606
injection-file = /home/ss/Prospects-of-LGWs/unlens/injection.hdf

[global]
instruments = E1 E2 E3 C1
mass1_ref = 30.000000006998942
mass2_ref = 30.000000005566207
minchirp = 26.116416904353024
maxchirp = 26.116616904353023
mincov = 7211196742.012884
maxcov = 721119674201.2885
