
[data]
trigger-time = 1844971065.7593355
injection-file = /work/shashwat.singh/Prospects-of-LGWs/unlens/injection.hdf

[global]
instruments = E1 E2 E3 C1 C2
mass1_ref = 30.000000002861302
mass2_ref = 30.000000000914913
minchirp = 26.116416900527415
maxchirp = 26.116616900527415
mincov = 10576812479.08858
maxcov = 1057681247908.8579
