
[data]
trigger-time = 1183595766.8036175
injection-file = /work/shashwat.singh/Prospects-of-LGWs/unlens/injection.hdf

[global]
instruments = E1 E2 E3 C1 C2
mass1_ref = 30.000000004833804
mass2_ref = 30.000000001139703
minchirp = 26.116416901483845
maxchirp = 26.116616901483845
mincov = 150830930578.42282
maxcov = 15083093057842.283
