
[data]
trigger-time = 1431679417.8744907
injection-file = /work/shashwat.singh/Prospects-of-LGWs/unlens/injection.hdf

[global]
instruments = E1 E2 E3 C1 C2
mass1_ref = 30.00000000610957
mass2_ref = 30.0000000062833
minchirp = 26.116416904278037
maxchirp = 26.116616904278036
mincov = 139202977522.51422
maxcov = 13920297752251.422
