
[data]
trigger-time = 1786101807.9493642
injection-file = /work/shashwat.singh/Prospects-of-LGWs/unlens/injection.hdf

[global]
instruments = E1 E2 E3 C1 C2
mass1_ref = 30.000000005693167
mass2_ref = 30.000000003860567
minchirp = 26.11641690304223
maxchirp = 26.116616903042228
mincov = 12574940996.580702
maxcov = 1257494099658.0703
