
[data]
trigger-time = 1781106187.009211
injection-file = /work/shashwat.singh/Prospects-of-LGWs/unlens/injection.hdf

[global]
instruments = E1 E2 E3 C1 C2
mass1_ref = 30.00000000408888
mass2_ref = 30.000000008584447
minchirp = 26.116416904400108
maxchirp = 26.116616904400107
mincov = 172992712548.02753
maxcov = 17299271254802.752
