
[data]
trigger-time = 1417329689.457056
injection-file = /work/shashwat.singh/Prospects-of-LGWs/unlens/injection.hdf

[global]
instruments = E1 E2 E3 C1 C2
mass1_ref = 30.000000003326164
mass2_ref = 30.00000000530817
minchirp = 26.116416902642037
maxchirp = 26.116616902642036
mincov = 69051377409.10747
maxcov = 6905137740910.747
