
[data]
trigger-time = 1621348870.763126
injection-file = /work/shashwat.singh/Prospects-of-LGWs/unlens/injection.hdf

[global]
instruments = E1 E2 E3 C1 C2
mass1_ref = 30.00000000694192
mass2_ref = 30.000000004692254
minchirp = 26.11641690394779
maxchirp = 26.11661690394779
mincov = 129092665924.94246
maxcov = 12909266592494.246
