
[data]
trigger-time = 1219718500.2221613
injection-file = /work/shashwat.singh/Prospects-of-LGWs/unlens/injection.hdf

[global]
instruments = E1 E2 E3 C1 C2
mass1_ref = 30.000000008019082
mass2_ref = 30.00000000765166
minchirp = 26.11641690570481
maxchirp = 26.11661690570481
mincov = 148337019938.49097
maxcov = 14833701993849.098
