
[data]
trigger-time = 1687918863.4126651
injection-file = /work/shashwat.singh/Prospects-of-LGWs/unlens/injection.hdf

[global]
instruments = E1 E2 E3 C1 C2
mass1_ref = 30.00000000987115
mass2_ref = 30.000000008735853
minchirp = 26.11641690698289
maxchirp = 26.11661690698289
mincov = 169365436381.0234
maxcov = 16936543638102.342
