
[data]
trigger-time = 1970770631.807849
injection-file = /work/shashwat.singh/Prospects-of-LGWs/unlens/injection.hdf

[global]
instruments = E1 E2 E3 C1 C2
mass1_ref = 30.00000000965418
mass2_ref = 30.000000001198394
minchirp = 26.116416903607583
maxchirp = 26.116616903607582
mincov = 88159881160.20233
maxcov = 8815988116020.232
