
[data]
trigger-time = 1788870627.1478086
injection-file = /work/shashwat.singh/Prospects-of-LGWs/unlens/injection.hdf

[global]
instruments = E1 E2 E3 C1 C2
mass1_ref = 30.00000000739163
mass2_ref = 30.000000001613294
minchirp = 26.116416902803348
maxchirp = 26.116616902803347
mincov = 159888347091.8769
maxcov = 15988834709187.691
