
[data]
trigger-time = 1024768133.7554114
injection-file = /work/shashwat.singh/Prospects-of-LGWs/unlens/injection.hdf

[global]
instruments = E1 E2 E3 C1 C2
mass1_ref = 30.000000006842466
mass2_ref = 30.00000000173833
minchirp = 26.116416902618734
maxchirp = 26.116616902618734
mincov = 125775331140.63567
maxcov = 12577533114063.566
