
[data]
trigger-time = 1730990528.0828059
injection-file = /work/shashwat.singh/Prospects-of-LGWs/unlens/injection.hdf

[global]
instruments = E1 E2 E3 C1 C2
mass1_ref = 30.00000000453043
mass2_ref = 30.000000001985928
minchirp = 26.116416901720132
maxchirp = 26.116616901720132
mincov = 54308108572.24162
maxcov = 5430810857224.162
