
[data]
trigger-time = 1631600101.651412
injection-file = /work/shashwat.singh/Prospects-of-LGWs/unlens/injection.hdf

[global]
instruments = E1 E2 E3 C1 C2
mass1_ref = 30.000000005741594
mass2_ref = 30.000000006647085
minchirp = 26.11641690427621
maxchirp = 26.11661690427621
mincov = 5026190261.407152
maxcov = 502619026140.7152
