
[data]
trigger-time = 1044317437.8804164
injection-file = /work/shashwat.singh/Prospects-of-LGWs/unlens/injection.hdf

[global]
instruments = E1 E2 E3 C1 C2
mass1_ref = 30.000000000562697
mass2_ref = 30.00000000734066
minchirp = 26.116416902323863
maxchirp = 26.116616902323862
mincov = 95060105008.38077
maxcov = 9506010500838.076
