
[data]
trigger-time = 1654238374.566371
injection-file = /work/shashwat.singh/Prospects-of-LGWs/unlens/injection.hdf

[global]
instruments = E1 E2 E3 C1 C2
mass1_ref = 30.000000004211234
mass2_ref = 30.000000008360043
minchirp = 26.11641690435569
maxchirp = 26.11661690435569
mincov = 119406995628.71794
maxcov = 11940699562871.795
