
[data]
trigger-time = 1220406816.2350357
injection-file = /work/shashwat.singh/Prospects-of-LGWs/unlens/injection.hdf

[global]
instruments = E1 E2 E3 C1 C2
mass1_ref = 30.000000009202765
mass2_ref = 30.00000000075577
minchirp = 26.11641690321843
maxchirp = 26.11661690321843
mincov = 10777549910.317608
maxcov = 1077754991031.7609
