
[data]
trigger-time = 1654954164.9557354
injection-file = /work/shashwat.singh/Prospects-of-LGWs/unlens/injection.hdf

[global]
instruments = E1 E2 E3 C1 C2
mass1_ref = 30.00000000103552
mass2_ref = 30.000000003531316
minchirp = 26.116416900871556
maxchirp = 26.116616900871556
mincov = 151946689684.76306
maxcov = 15194668968476.307
