
[data]
trigger-time = 1418554543.431771
injection-file = /work/shashwat.singh/Prospects-of-LGWs/unlens/injection.hdf

[global]
instruments = E1 E2 E3 C1 C2
mass1_ref = 30.000000002758565
mass2_ref = 30.000000002774716
minchirp = 26.116416901292226
maxchirp = 26.116616901292225
mincov = 49583810399.20342
maxcov = 4958381039920.343
