
[data]
trigger-time = 1759854848.7745113
injection-file = /work/shashwat.singh/Prospects-of-LGWs/unlens/injection.hdf

[global]
instruments = E1 E2 E3 C1 C2
mass1_ref = 30.000000007113787
mass2_ref = 30.000000005961013
minchirp = 26.116416904574862
maxchirp = 26.11661690457486
mincov = 159235471736.26398
maxcov = 15923547173626.396
