
[data]
trigger-time = 1077425197.696896
injection-file = /work/shashwat.singh/Prospects-of-LGWs/unlens/injection.hdf

[global]
instruments = E1 E2 E3 C1 C2
mass1_ref = 30.000000002951335
mass2_ref = 30.000000008082576
minchirp = 26.116416903686513
maxchirp = 26.116616903686513
mincov = 45645363829.64422
maxcov = 4564536382964.422
