
[data]
trigger-time = 1250431458.3416724
injection-file = /work/shashwat.singh/Prospects-of-LGWs/unlens/injection.hdf

[global]
instruments = E1 E2 E3 C1 C2
mass1_ref = 30.000000003535867
mass2_ref = 30.000000006078867
minchirp = 26.11641690306878
maxchirp = 26.11661690306878
mincov = 53912541132.03413
maxcov = 5391254113203.412
