
[data]
trigger-time = 1370556599.4971151
injection-file = /work/shashwat.singh/Prospects-of-LGWs/unlens/injection.hdf

[global]
instruments = E1 E2 E3 C1 C2
mass1_ref = 30.000000008828202
mass2_ref = 30.000000009867556
minchirp = 26.116416907021524
maxchirp = 26.116616907021523
mincov = 94431395685.67387
maxcov = 9443139568567.387
