
[data]
trigger-time = 1222134850.5259054
injection-file = /work/shashwat.singh/Prospects-of-LGWs/unlens/injection.hdf

[global]
instruments = E1 E2 E3 C1 C2
mass1_ref = 30.00000000165853
mass2_ref = 30.000000009126623
minchirp = 26.116416903578237
maxchirp = 26.116616903578237
mincov = 176139301784.54523
maxcov = 17613930178454.523
