
[data]
trigger-time = 1555838291.0994234
injection-file = /work/shashwat.singh/Prospects-of-LGWs/unlens/injection.hdf

[global]
instruments = E1 E2 E3 C1 C2
mass1_ref = 30.000000005673858
mass2_ref = 30.000000009467623
minchirp = 26.116416905474438
maxchirp = 26.116616905474437
mincov = 120755576090.56778
maxcov = 12075557609056.777
