
[data]
trigger-time = 1025711136.9501181
injection-file = /work/shashwat.singh/Prospects-of-LGWs/unlens/injection.hdf

[global]
instruments = E1 E2 E3 C1 C2
mass1_ref = 30.00000000275866
mass2_ref = 30.00000000492379
minchirp = 26.116416902227705
maxchirp = 26.116616902227705
mincov = 158111912625.15085
maxcov = 15811191262515.086
