
[data]
trigger-time = 1324594926.5123255
injection-file = /work/shashwat.singh/Prospects-of-LGWs/unlens/injection.hdf

[global]
instruments = E1 E2 E3 C1 C2
mass1_ref = 30.000000004831318
mass2_ref = 30.00000000482107
minchirp = 26.11641690308517
maxchirp = 26.11661690308517
mincov = 106718218727.37418
maxcov = 10671821872737.418
