
[data]
trigger-time = 1094482832.2513251
injection-file = /work/shashwat.singh/Prospects-of-LGWs/unlens/injection.hdf

[global]
instruments = E1 E2 E3 C1 C2
mass1_ref = 30.000000009100255
mass2_ref = 30.000000002339327
minchirp = 26.11641690386309
maxchirp = 26.11661690386309
mincov = 179254320817.4733
maxcov = 17925432081747.33
