
[data]
trigger-time = 1803328273.911231
injection-file = /work/shashwat.singh/Prospects-of-LGWs/unlens/injection.hdf

[global]
instruments = E1 E2 E3 C1 C2
mass1_ref = 30.000000002468298
mass2_ref = 30.000000004526747
minchirp = 26.116416901928496
maxchirp = 26.116616901928495
mincov = 153996891460.73303
maxcov = 15399689146073.303
