
[data]
trigger-time = 1524130209.0319657
injection-file = /work/shashwat.singh/Prospects-of-LGWs/unlens/injection.hdf

[global]
instruments = E1 E2 E3 C1 C2
mass1_ref = 30.00000000384977
mass2_ref = 30.000000004018222
minchirp = 26.11641690230847
maxchirp = 26.11661690230847
mincov = 152135979352.328
maxcov = 15213597935232.8
