
[data]
trigger-time = 1249266436.4450321
injection-file = /work/shashwat.singh/Prospects-of-LGWs/unlens/injection.hdf

[global]
instruments = E1 E2 E3 C1 C2
mass1_ref = 30.000000000663483
mass2_ref = 30.000000008459857
minchirp = 26.116416902854887
maxchirp = 26.116616902854886
mincov = 108495298880.49301
maxcov = 10849529888049.3
