
[data]
trigger-time = 1003899009.6440651
injection-file = /work/shashwat.singh/Prospects-of-LGWs/unlens/injection.hdf

[global]
instruments = E1 E2 E3 C1 C2
mass1_ref = 30.000000008358125
mass2_ref = 30.00000000648452
minchirp = 26.11641690534436
maxchirp = 26.116616905344358
mincov = 1167495504.3492103
maxcov = 116749550434.92104
