
[data]
trigger-time = 1146593452.8498812
injection-file = /work/shashwat.singh/Prospects-of-LGWs/unlens/injection.hdf

[global]
instruments = E1 E2 E3 C1 C2
mass1_ref = 30.000000003567376
mass2_ref = 30.000000006651934
minchirp = 26.116416903331938
maxchirp = 26.116616903331938
mincov = 49473460910.129715
maxcov = 4947346091012.972
