
[data]
trigger-time = 1558135749.243529
injection-file = /work/shashwat.singh/Prospects-of-LGWs/unlens/injection.hdf

[global]
instruments = E1 E2 E3 C1 C2
mass1_ref = 30.000000003603667
mass2_ref = 30.000000005129497
minchirp = 26.116416902685057
maxchirp = 26.116616902685056
mincov = 24848278085.053154
maxcov = 2484827808505.3154
