
[data]
trigger-time = 1520443639.9490044
injection-file = /work/shashwat.singh/Prospects-of-LGWs/unlens/injection.hdf

[global]
instruments = E1 E2 E3 C1 C2
mass1_ref = 30.000000002147818
mass2_ref = 30.000000003012087
minchirp = 26.116416901129703
maxchirp = 26.116616901129703
mincov = 117455778918.80478
maxcov = 11745577891880.479
