
[data]
trigger-time = 1837892418.834003
injection-file = /work/shashwat.singh/Prospects-of-LGWs/unlens/injection.hdf

[global]
instruments = E1 E2 E3 C1 C2
mass1_ref = 30.00000000531853
mass2_ref = 30.00000000843508
minchirp = 26.11641690487033
maxchirp = 26.11661690487033
mincov = 103250794471.33025
maxcov = 10325079447133.025
