
[data]
trigger-time = 1254681810.9916434
injection-file = /work/shashwat.singh/Prospects-of-LGWs/unlens/injection.hdf

[global]
instruments = E1 E2 E3 C1 C2
mass1_ref = 30.00000000594055
mass2_ref = 30.000000008657125
minchirp = 26.11641690523773
maxchirp = 26.11661690523773
mincov = 16167994793.807734
maxcov = 1616799479380.7734
