
[data]
trigger-time = 1759876139.1400635
injection-file = /work/shashwat.singh/Prospects-of-LGWs/unlens/injection.hdf

[global]
instruments = E1 E2 E3 C1 C2
mass1_ref = 30.000000005868053
mass2_ref = 30.00000000596025
minchirp = 26.11641690403229
maxchirp = 26.11661690403229
mincov = 136194646825.86172
maxcov = 13619464682586.172
