
[data]
trigger-time = 1281704535.8795538
injection-file = /work/shashwat.singh/Prospects-of-LGWs/unlens/injection.hdf

[global]
instruments = E1 E2 E3 C1 C2
mass1_ref = 30.000000007916732
mass2_ref = 30.000000003103153
minchirp = 26.116416903680406
maxchirp = 26.116616903680406
mincov = 172083706383.21323
maxcov = 17208370638321.324
