
[data]
trigger-time = 1845813535.5063438
injection-file = /work/shashwat.singh/Prospects-of-LGWs/unlens/injection.hdf

[global]
instruments = E1 E2 E3 C1 C2
mass1_ref = 30.000000000059867
mass2_ref = 30.000000000397776
minchirp = 26.116416899082925
maxchirp = 26.116616899082924
mincov = 92512026057.45677
maxcov = 9251202605745.678
