
[data]
trigger-time = 1231417788.3079395
injection-file = /work/shashwat.singh/Prospects-of-LGWs/unlens/injection.hdf

[global]
instruments = E1 E2 E3 C1 C2
mass1_ref = 30.00000000311579
mass2_ref = 30.000000000499995
minchirp = 26.116416900457583
maxchirp = 26.116616900457583
mincov = 140853825820.36017
maxcov = 14085382582036.018
