
[data]
trigger-time = 1641866192.6630049
injection-file = /work/shashwat.singh/Prospects-of-LGWs/unlens/injection.hdf

[global]
instruments = E1 E2 E3 C1 C2
mass1_ref = 30.000000006920725
mass2_ref = 30.000000000346848
minchirp = 26.11641690204712
maxchirp = 26.11661690204712
mincov = 89872062266.70131
maxcov = 8987206226670.13
