
[data]
trigger-time = 1846615139.8428864
injection-file = /work/shashwat.singh/Prospects-of-LGWs/unlens/injection.hdf

[global]
instruments = E1 E2 E3 C1 C2
mass1_ref = 30.000000005314224
mass2_ref = 30.000000003606754
minchirp = 26.116416902766804
maxchirp = 26.116616902766804
mincov = 40217306474.47066
maxcov = 4021730647447.0654
