
[data]
trigger-time = 1545897675.5926642
injection-file = /work/shashwat.singh/Prospects-of-LGWs/unlens/injection.hdf

[global]
instruments = E1 E2 E3 C1 C2
mass1_ref = 30.00000000658892
mass2_ref = 30.000000000676824
minchirp = 26.116416902046325
maxchirp = 26.116616902046324
mincov = 82041724378.17836
maxcov = 8204172437817.836
