
[data]
trigger-time = 1782628003.4782596
injection-file = /work/shashwat.singh/Prospects-of-LGWs/unlens/injection.hdf

[global]
instruments = E1 E2 E3 C1 C2
mass1_ref = 30.000000001237765
mass2_ref = 30.000000000731582
minchirp = 26.116416899740933
maxchirp = 26.116616899740933
mincov = 45122532015.34321
maxcov = 4512253201534.32
