
[data]
trigger-time = 1912810336.4824142
injection-file = /work/shashwat.singh/Prospects-of-LGWs/unlens/injection.hdf

[global]
instruments = E1 E2 E3 C1 C2
mass1_ref = 30.000000001902183
mass2_ref = 30.00000000061811
minchirp = 26.116416899980745
maxchirp = 26.116616899980745
mincov = 142244015342.51166
maxcov = 14224401534251.164
