
[data]
trigger-time = 1460059313.7456942
injection-file = /work/shashwat.singh/Prospects-of-LGWs/unlens/injection.hdf

[global]
instruments = E1 E2 E3 C1 C2
mass1_ref = 30.000000002591925
mass2_ref = 30.00000000089103
minchirp = 26.11641690039977
maxchirp = 26.11661690039977
mincov = 60936638915.380615
maxcov = 6093663891538.062
