
[data]
trigger-time = 1764258113.2716928
injection-file = /work/shashwat.singh/Prospects-of-LGWs/unlens/injection.hdf

[global]
instruments = E1 E2 E3 C1 C2
mass1_ref = 30.000000003618563
mass2_ref = 30.000000003967905
minchirp = 26.116416902185925
maxchirp = 26.116616902185925
mincov = 44399202011.69402
maxcov = 4439920201169.402
