
[data]
trigger-time = 1471778855.3179297
injection-file = /work/shashwat.singh/Prospects-of-LGWs/unlens/injection.hdf

[global]
instruments = E1 E2 E3 C1 C2
mass1_ref = 30.000000008747246
mass2_ref = 30.000000004507772
minchirp = 26.116416904653306
maxchirp = 26.116616904653306
mincov = 42950175752.94915
maxcov = 4295017575294.915
