
[data]
trigger-time = 1531064524.0453885
injection-file = /work/shashwat.singh/Prospects-of-LGWs/unlens/injection.hdf

[global]
instruments = E1 E2 E3 C1 C2
mass1_ref = 30.000000006086676
mass2_ref = 30.000000006748152
minchirp = 26.11641690447041
maxchirp = 26.11661690447041
mincov = 2269685384.5099096
maxcov = 226968538450.99094
