
[data]
trigger-time = 1840806121.5197392
injection-file = /work/shashwat.singh/Prospects-of-LGWs/unlens/injection.hdf

[global]
instruments = E1 E2 E3 C1 C2
mass1_ref = 30.000000000065253
mass2_ref = 30.000000008409753
minchirp = 26.116416902572684
maxchirp = 26.116616902572684
mincov = 125011119683.79248
maxcov = 12501111968379.248
