
[data]
trigger-time = 1565170263.3160846
injection-file = /work/shashwat.singh/Prospects-of-LGWs/unlens/injection.hdf

[global]
instruments = E1 E2 E3 C1 C2
mass1_ref = 30.00000000123157
mass2_ref = 30.000000007482015
minchirp = 26.116416902676534
maxchirp = 26.116616902676533
mincov = 1278982151.5565476
maxcov = 127898215155.65475
