
[data]
trigger-time = 1226773343.2700093
injection-file = /home/ss/Prospects-of-LGWs/unlens/injection.hdf

[global]
instruments = E1 E2 E3 C1
mass1_ref = 30.00000000288735
mass2_ref = 30.000000006141963
minchirp = 26.11641690281396
maxchirp = 26.11661690281396
mincov = 22135446594.85049
maxcov = 2213544659485.0493
