
[data]
trigger-time = 1101830960.6230001
injection-file = /work/shashwat.singh/Prospects-of-LGWs/unlens/injection.hdf

[global]
instruments = E1 E2 E3 C1 C2
mass1_ref = 30.00000000785428
mass2_ref = 30.000000002634444
minchirp = 26.116416903449203
maxchirp = 26.116616903449202
mincov = 176975839809.20728
maxcov = 17697583980920.727
