
[data]
trigger-time = 1958262010.4107084
injection-file = /work/shashwat.singh/Prospects-of-LGWs/unlens/injection.hdf

[global]
instruments = E1 E2 E3 C1 C2
mass1_ref = 30.000000004893934
mass2_ref = 30.00000000408949
minchirp = 26.116416902793986
maxchirp = 26.116616902793986
mincov = 36710870260.9002
maxcov = 3671087026090.02
