
[data]
trigger-time = 1278084678.8464425
injection-file = /work/shashwat.singh/Prospects-of-LGWs/unlens/injection.hdf

[global]
instruments = E1 E2 E3 C1 C2
mass1_ref = 30.000000003995822
mass2_ref = 30.000000003929948
minchirp = 26.116416902333615
maxchirp = 26.116616902333615
mincov = 321325326.387684
maxcov = 32132532638.768402
