
[data]
trigger-time = 1609647172.0550718
injection-file = /work/shashwat.singh/Prospects-of-LGWs/unlens/injection.hdf

[global]
instruments = E1 E2 E3 C1 C2
mass1_ref = 30.000000001792156
mass2_ref = 30.000000007152106
minchirp = 26.11641690277694
maxchirp = 26.11661690277694
mincov = 118748342145.56961
maxcov = 11874834214556.96
