
[data]
trigger-time = 1207445408.0141833
injection-file = /work/shashwat.singh/Prospects-of-LGWs/unlens/injection.hdf

[global]
instruments = E1 E2 E3 C1 C2
mass1_ref = 30.000000007080654
mass2_ref = 30.000000001149516
minchirp = 26.116416902466113
maxchirp = 26.116616902466113
mincov = 76334959924.95453
maxcov = 7633495992495.453
