
[data]
trigger-time = 1680427883.6835318
injection-file = /work/shashwat.singh/Prospects-of-LGWs/unlens/injection.hdf

[global]
instruments = E1 E2 E3 C1 C2
mass1_ref = 30.00000000873628
mass2_ref = 30.000000000023746
minchirp = 26.116416902696745
maxchirp = 26.116616902696745
mincov = 29428754422.724365
maxcov = 2942875442272.4365
