
[data]
trigger-time = 1250664904.3550987
injection-file = /work/shashwat.singh/Prospects-of-LGWs/unlens/injection.hdf

[global]
instruments = E1 E2 E3 C1 C2
mass1_ref = 30.000000000755055
mass2_ref = 30.00000000814048
minchirp = 26.11641690275573
maxchirp = 26.11661690275573
mincov = 87617511731.22247
maxcov = 8761751173122.247
