
[data]
trigger-time = 1418621855.6754162
injection-file = /work/shashwat.singh/Prospects-of-LGWs/unlens/injection.hdf

[global]
instruments = E1 E2 E3 C1 C2
mass1_ref = 30.000000005313034
mass2_ref = 30.000000000973507
minchirp = 26.1164169016201
maxchirp = 26.116616901620098
mincov = 39179080319.482414
maxcov = 3917908031948.2417
