
[data]
trigger-time = 1320863308.821183
injection-file = /work/shashwat.singh/Prospects-of-LGWs/unlens/injection.hdf

[global]
instruments = E1 E2 E3 C1 C2
mass1_ref = 30.00000000165763
mass2_ref = 30.00000000358263
minchirp = 26.11641690116468
maxchirp = 26.11661690116468
mincov = 113145849097.13533
maxcov = 11314584909713.533
