
[data]
trigger-time = 1617960547.826033
injection-file = /work/shashwat.singh/Prospects-of-LGWs/unlens/injection.hdf

[global]
instruments = E1 E2 E3 C1 C2
mass1_ref = 30.000000002938208
mass2_ref = 30.00000000990898
minchirp = 26.116416904475788
maxchirp = 26.116616904475787
mincov = 151971058671.80475
maxcov = 15197105867180.473
