
[data]
trigger-time = 1742637304.3246799
injection-file = /work/shashwat.singh/Prospects-of-LGWs/unlens/injection.hdf

[global]
instruments = E1 E2 E3 C1 C2
mass1_ref = 30.000000009161287
mass2_ref = 30.000000003652872
minchirp = 26.116416904461413
maxchirp = 26.116616904461413
mincov = 43894964596.04456
maxcov = 4389496459604.456
