
[data]
trigger-time = 1868461633.7348325
injection-file = /work/shashwat.singh/Prospects-of-LGWs/unlens/injection.hdf

[global]
instruments = E1 E2 E3 C1 C2
mass1_ref = 30.000000008108774
mass2_ref = 30.000000005155183
minchirp = 26.116416904657196
maxchirp = 26.116616904657196
mincov = 118087790061.88077
maxcov = 11808779006188.076
