
[data]
trigger-time = 1014026425.443748
injection-file = /work/shashwat.singh/Prospects-of-LGWs/unlens/injection.hdf

[global]
instruments = E1 E2 E3 C1 C2
mass1_ref = 30.00000000865069
mass2_ref = 30.00000000648113
minchirp = 26.116416905470235
maxchirp = 26.116616905470234
mincov = 110749510266.6261
maxcov = 11074951026662.61
