
[data]
trigger-time = 1281869405.9999437
injection-file = /work/shashwat.singh/Prospects-of-LGWs/unlens/injection.hdf

[global]
instruments = E1 E2 E3 C1 C2
mass1_ref = 30.000000000514753
mass2_ref = 30.000000008442118
minchirp = 26.11641690278243
maxchirp = 26.11661690278243
mincov = 173072648969.099
maxcov = 17307264896909.9
