
[data]
trigger-time = 1769374197.6590397
injection-file = /work/shashwat.singh/Prospects-of-LGWs/unlens/injection.hdf

[global]
instruments = E1 E2 E3 C1 C2
mass1_ref = 30.00000000490798
mass2_ref = 30.00000000354973
minchirp = 26.116416902565156
maxchirp = 26.116616902565156
mincov = 104340406340.43152
maxcov = 10434040634043.152
