
[data]
trigger-time = 1779610730.6869116
injection-file = /work/shashwat.singh/Prospects-of-LGWs/unlens/injection.hdf

[global]
instruments = E1 E2 E3 C1 C2
mass1_ref = 30.00000000263524
mass2_ref = 30.000000006606
minchirp = 26.116416902906206
maxchirp = 26.116616902906205
mincov = 62754656679.27212
maxcov = 6275465667927.212
