
[data]
trigger-time = 1481672058.614137
injection-file = /work/shashwat.singh/Prospects-of-LGWs/unlens/injection.hdf

[global]
instruments = E1 E2 E3 C1 C2
mass1_ref = 30.00000000323193
mass2_ref = 30.000000008463022
minchirp = 26.116416903974248
maxchirp = 26.116616903974247
mincov = 90020300743.03838
maxcov = 9002030074303.838
