
[data]
trigger-time = 1090785377.0036201
injection-file = /work/shashwat.singh/Prospects-of-LGWs/unlens/injection.hdf

[global]
instruments = E1 E2 E3 C1 C2
mass1_ref = 30.000000003104418
mass2_ref = 30.000000002317982
minchirp = 26.116416901243962
maxchirp = 26.11661690124396
mincov = 80360309191.5549
maxcov = 8036030919155.49
