
[data]
trigger-time = 1665649604.5224729
injection-file = /work/shashwat.singh/Prospects-of-LGWs/unlens/injection.hdf

[global]
instruments = E1 E2 E3 C1 C2
mass1_ref = 30.000000004998014
mass2_ref = 30.0000000086332
minchirp = 26.116416904817054
maxchirp = 26.116616904817054
mincov = 79742582665.29843
maxcov = 7974258266529.844
