
[data]
trigger-time = 1265973177.1039388
injection-file = /work/shashwat.singh/Prospects-of-LGWs/unlens/injection.hdf

[global]
instruments = E1 E2 E3 C1 C2
mass1_ref = 30.000000005253355
mass2_ref = 30.000000004523695
minchirp = 26.116416903139434
maxchirp = 26.116616903139434
mincov = 139638914302.2917
maxcov = 13963891430229.168
