
[data]
trigger-time = 1424584564.5612562
injection-file = /work/shashwat.singh/Prospects-of-LGWs/unlens/injection.hdf

[global]
instruments = E1 E2 E3 C1 C2
mass1_ref = 30.000000007369778
mass2_ref = 30.000000009051465
minchirp = 26.116416906031482
maxchirp = 26.11661690603148
mincov = 171587816080.30975
maxcov = 17158781608030.977
