
[data]
trigger-time = 1685147902.52289
injection-file = /work/shashwat.singh/Prospects-of-LGWs/unlens/injection.hdf

[global]
instruments = E1 E2 E3 C1 C2
mass1_ref = 30.000000001666866
mass2_ref = 30.00000000059708
minchirp = 26.116416899869165
maxchirp = 26.116616899869165
mincov = 103705402492.66695
maxcov = 10370540249266.695
