
[data]
trigger-time = 1453899973.3055034
injection-file = /work/shashwat.singh/Prospects-of-LGWs/unlens/injection.hdf

[global]
instruments = E1 E2 E3 C1 C2
mass1_ref = 30.00000000114704
mass2_ref = 30.000000007536233
minchirp = 26.11641690266334
maxchirp = 26.11661690266334
mincov = 124292995551.20984
maxcov = 12429299555120.984
