
[data]
trigger-time = 1676252810.551399
injection-file = /work/shashwat.singh/Prospects-of-LGWs/unlens/injection.hdf

[global]
instruments = E1 E2 E3 C1 C2
mass1_ref = 30.000000006539626
mass2_ref = 30.00000000308782
minchirp = 26.116416903074313
maxchirp = 26.116616903074313
mincov = 95440521640.90283
maxcov = 9544052164090.283
