
[data]
trigger-time = 1270655326.49277
injection-file = /work/shashwat.singh/Prospects-of-LGWs/unlens/injection.hdf

[global]
instruments = E1 E2 E3 C1 C2
mass1_ref = 30.000000003283905
mass2_ref = 30.00000000210585
minchirp = 26.116416901229748
maxchirp = 26.116616901229747
mincov = 60061888949.997025
maxcov = 6006188894999.702
