
[data]
trigger-time = 1810971614.202269
injection-file = /work/shashwat.singh/Prospects-of-LGWs/unlens/injection.hdf

[global]
instruments = E1 E2 E3 C1 C2
mass1_ref = 30.000000009600345
mass2_ref = 30.000000001158188
minchirp = 26.11641690356665
maxchirp = 26.116616903566648
mincov = 131466712198.43466
maxcov = 13146671219843.467
