
[data]
trigger-time = 1966107109.7551723
injection-file = /work/shashwat.singh/Prospects-of-LGWs/unlens/injection.hdf

[global]
instruments = E1 E2 E3 C1 C2
mass1_ref = 30.000000003719236
mass2_ref = 30.00000000243414
minchirp = 26.116416901562136
maxchirp = 26.116616901562136
mincov = 22909219208.930244
maxcov = 2290921920893.0244
