
[data]
trigger-time = 1582919595.133397
injection-file = /work/shashwat.singh/Prospects-of-LGWs/unlens/injection.hdf

[global]
instruments = E1 E2 E3 C1 C2
mass1_ref = 30.000000006633126
mass2_ref = 30.000000006522935
minchirp = 26.116416904610233
maxchirp = 26.116616904610233
mincov = 179036326179.10422
maxcov = 17903632617910.42
