
[data]
trigger-time = 1322639379.048329
injection-file = /work/shashwat.singh/Prospects-of-LGWs/unlens/injection.hdf

[global]
instruments = E1 E2 E3 C1 C2
mass1_ref = 30.000000002776904
mass2_ref = 30.000000001221103
minchirp = 26.11641690062396
maxchirp = 26.11661690062396
mincov = 62713705118.22483
maxcov = 6271370511822.482
