
[data]
trigger-time = 1920551539.73774
injection-file = /work/shashwat.singh/Prospects-of-LGWs/unlens/injection.hdf

[global]
instruments = E1 E2 E3 C1 C2
mass1_ref = 30.000000003585473
mass2_ref = 30.00000000885096
minchirp = 26.116416904296997
maxchirp = 26.116616904296997
mincov = 98745908637.56091
maxcov = 9874590863756.092
