
[data]
trigger-time = 1258120847.2490845
injection-file = /work/shashwat.singh/Prospects-of-LGWs/unlens/injection.hdf

[global]
instruments = E1 E2 E3 C1 C2
mass1_ref = 30.00000000150295
mass2_ref = 30.00000000532372
minchirp = 26.116416901855207
maxchirp = 26.116616901855206
mincov = 80869836963.31784
maxcov = 8086983696331.783
