
[data]
trigger-time = 1590445343.1028528
injection-file = /work/shashwat.singh/Prospects-of-LGWs/unlens/injection.hdf

[global]
instruments = E1 E2 E3 C1 C2
mass1_ref = 30.00000000750521
mass2_ref = 30.000000008802864
minchirp = 26.116416905982227
maxchirp = 26.116616905982227
mincov = 21582327308.36296
maxcov = 2158232730836.2961
