
[data]
trigger-time = 1301710782.8983433
injection-file = /work/shashwat.singh/Prospects-of-LGWs/unlens/injection.hdf

[global]
instruments = E1 E2 E3 C1 C2
mass1_ref = 30.000000009679663
mass2_ref = 30.000000007930065
minchirp = 26.116416906548803
maxchirp = 26.116616906548803
mincov = 138492684162.2135
maxcov = 13849268416221.35
