
[data]
trigger-time = 1134309177.130827
injection-file = /work/shashwat.singh/Prospects-of-LGWs/unlens/injection.hdf

[global]
instruments = E1 E2 E3 C1 C2
mass1_ref = 30.000000001431104
mass2_ref = 30.000000006751407
minchirp = 26.11641690244537
maxchirp = 26.11661690244537
mincov = 152026513529.54288
maxcov = 15202651352954.287
