
[data]
trigger-time = 1371682501.2546945
injection-file = /work/shashwat.singh/Prospects-of-LGWs/unlens/injection.hdf

[global]
instruments = E1 E2 E3 C1 C2
mass1_ref = 30.000000003350017
mass2_ref = 30.000000000983025
minchirp = 26.116416900769792
maxchirp = 26.11661690076979
mincov = 7024878557.131296
maxcov = 702487855713.1296
