
[data]
trigger-time = 1325163859.2278173
injection-file = /work/shashwat.singh/Prospects-of-LGWs/unlens/injection.hdf

[global]
instruments = E1 E2 E3 C1 C2
mass1_ref = 30.00000000534643
mass2_ref = 30.000000003656233
minchirp = 26.11641690280236
maxchirp = 26.11661690280236
mincov = 55294056203.10038
maxcov = 5529405620310.038
