
[data]
trigger-time = 1259786312.3228188
injection-file = /work/shashwat.singh/Prospects-of-LGWs/unlens/injection.hdf

[global]
instruments = E1 E2 E3 C1 C2
mass1_ref = 30.00000000462181
mass2_ref = 30.000000000545334
minchirp = 26.116416901132855
maxchirp = 26.116616901132854
mincov = 128477687519.70564
maxcov = 12847768751970.564
