
[data]
trigger-time = 1328100677.6143577
injection-file = /work/shashwat.singh/Prospects-of-LGWs/unlens/injection.hdf

[global]
instruments = E1 E2 E3 C1 C2
mass1_ref = 30.000000005449426
mass2_ref = 30.000000005703317
minchirp = 26.116416903738237
maxchirp = 26.116616903738237
mincov = 167731878065.29822
maxcov = 16773187806529.822
