
[data]
trigger-time = 1903590530.6581175
injection-file = /work/shashwat.singh/Prospects-of-LGWs/unlens/injection.hdf

[global]
instruments = E1 E2 E3 C1 C2
mass1_ref = 30.000000006518448
mass2_ref = 30.000000004392575
minchirp = 26.116416903633024
maxchirp = 26.116616903633023
mincov = 10252916043.212114
maxcov = 1025291604321.2114
