
[data]
trigger-time = 1869573232.0659847
injection-file = /work/shashwat.singh/Prospects-of-LGWs/unlens/injection.hdf

[global]
instruments = E1 E2 E3 C1 C2
mass1_ref = 30.00000000384988
mass2_ref = 30.000000000308884
minchirp = 26.11641690069393
maxchirp = 26.11661690069393
mincov = 141016889934.8498
maxcov = 14101688993484.979
