
[data]
trigger-time = 1356645384.271201
injection-file = /work/shashwat.singh/Prospects-of-LGWs/unlens/injection.hdf

[global]
instruments = E1 E2 E3 C1 C2
mass1_ref = 30.000000001709495
mass2_ref = 30.000000005253877
minchirp = 26.11641690191471
maxchirp = 26.11661690191471
mincov = 138338778821.53998
maxcov = 13833877882154.0
