
[data]
trigger-time = 1342311667.5265722
injection-file = /work/shashwat.singh/Prospects-of-LGWs/unlens/injection.hdf

[global]
instruments = E1 E2 E3 C1 C2
mass1_ref = 30.000000003910866
mass2_ref = 30.000000001150088
minchirp = 26.116416901086634
maxchirp = 26.116616901086633
mincov = 122462924338.73418
maxcov = 12246292433873.418
