
[data]
trigger-time = 1400943148.6297166
injection-file = /work/shashwat.singh/Prospects-of-LGWs/unlens/injection.hdf

[global]
instruments = E1 E2 E3 C1 C2
mass1_ref = 30.00000000042244
mass2_ref = 30.000000006667754
minchirp = 26.11641690196991
maxchirp = 26.11661690196991
mincov = 112837239392.55766
maxcov = 11283723939255.766
