
[data]
trigger-time = 1673194508.7581358
injection-file = /work/shashwat.singh/Prospects-of-LGWs/unlens/injection.hdf

[global]
instruments = E1 E2 E3 C1 C2
mass1_ref = 30.00000000817196
mass2_ref = 30.000000000336676
minchirp = 26.11641690258732
maxchirp = 26.11661690258732
mincov = 145745098075.98203
maxcov = 14574509807598.203
