
[data]
trigger-time = 1233574239.6895273
injection-file = /work/shashwat.singh/Prospects-of-LGWs/unlens/injection.hdf

[global]
instruments = E1 E2 E3 C1 C2
mass1_ref = 30.000000007766577
mass2_ref = 30.00000000680916
minchirp = 26.116416905228185
maxchirp = 26.116616905228184
mincov = 3080392084.044295
maxcov = 308039208404.42944
