
[data]
trigger-time = 1364426438.084309
injection-file = /work/shashwat.singh/Prospects-of-LGWs/unlens/injection.hdf

[global]
instruments = E1 E2 E3 C1 C2
mass1_ref = 30.000000005397006
mass2_ref = 30.00000000048581
minchirp = 26.116416901444367
maxchirp = 26.116616901444367
mincov = 81829605326.08704
maxcov = 8182960532608.703
