
[data]
trigger-time = 1355102326.7975965
injection-file = /work/shashwat.singh/Prospects-of-LGWs/unlens/injection.hdf

[global]
instruments = E1 E2 E3 C1 C2
mass1_ref = 30.00000000542047
mass2_ref = 30.000000002669697
minchirp = 26.116416902405174
maxchirp = 26.116616902405173
mincov = 118504655692.87503
maxcov = 11850465569287.502
