
[data]
trigger-time = 1600946569.9025078
injection-file = /work/shashwat.singh/Prospects-of-LGWs/unlens/injection.hdf

[global]
instruments = E1 E2 E3 C1 C2
mass1_ref = 30.000000006628834
mass2_ref = 30.00000000952854
minchirp = 26.11641690591663
maxchirp = 26.11661690591663
mincov = 61724322102.424034
maxcov = 6172432210242.403
