
[data]
trigger-time = 1951966147.863933
injection-file = /work/shashwat.singh/Prospects-of-LGWs/unlens/injection.hdf

[global]
instruments = E1 E2 E3 C1 C2
mass1_ref = 30.000000002717396
mass2_ref = 30.000000005249976
minchirp = 26.116416902351723
maxchirp = 26.116616902351723
mincov = 165254158363.5365
maxcov = 16525415836353.65
