
[data]
trigger-time = 1421232346.8466804
injection-file = /work/shashwat.singh/Prospects-of-LGWs/unlens/injection.hdf

[global]
instruments = E1 E2 E3 C1 C2
mass1_ref = 30.00000000868148
mass2_ref = 30.000000000930285
minchirp = 26.11641690306749
maxchirp = 26.116616903067488
mincov = 152944527039.44742
maxcov = 15294452703944.742
