
[data]
trigger-time = 1062281014.6287262
injection-file = /work/shashwat.singh/Prospects-of-LGWs/unlens/injection.hdf

[global]
instruments = E1 E2 E3 C1 C2
mass1_ref = 30.000000005019796
mass2_ref = 30.00000000911372
minchirp = 26.116416905035695
maxchirp = 26.116616905035695
mincov = 51102534609.6691
maxcov = 5110253460966.91
