
[data]
trigger-time = 1078282508.8648221
injection-file = /work/shashwat.singh/Prospects-of-LGWs/unlens/injection.hdf

[global]
instruments = E1 E2 E3 C1 C2
mass1_ref = 30.000000002129852
mass2_ref = 30.00000000569572
minchirp = 26.116416902290005
maxchirp = 26.116616902290005
mincov = 14876786253.04159
maxcov = 1487678625304.159
