
[data]
trigger-time = 1189457966.5201917
injection-file = /work/shashwat.singh/Prospects-of-LGWs/unlens/injection.hdf

[global]
instruments = E1 E2 E3 C1 C2
mass1_ref = 30.00000000285044
mass2_ref = 30.000000009275375
minchirp = 26.11641690416179
maxchirp = 26.11661690416179
mincov = 23075031052.076603
maxcov = 2307503105207.66
