
[data]
trigger-time = 1644039105.1490827
injection-file = /work/shashwat.singh/Prospects-of-LGWs/unlens/injection.hdf

[global]
instruments = E1 E2 E3 C1 C2
mass1_ref = 30.000000005615618
mass2_ref = 30.000000008134943
minchirp = 26.116416904869006
maxchirp = 26.116616904869005
mincov = 131972106279.01382
maxcov = 13197210627901.383
