
[data]
trigger-time = 1719374767.0700037
injection-file = /work/shashwat.singh/Prospects-of-LGWs/unlens/injection.hdf

[global]
instruments = E1 E2 E3 C1 C2
mass1_ref = 30.000000007518548
mass2_ref = 30.00000000977541
minchirp = 26.116416906411356
maxchirp = 26.116616906411355
mincov = 53308647469.464485
maxcov = 5330864746946.448
