
[data]
trigger-time = 1846727689.4587538
injection-file = /work/shashwat.singh/Prospects-of-LGWs/unlens/injection.hdf

[global]
instruments = E1 E2 E3 C1 C2
mass1_ref = 30.000000005927703
mass2_ref = 30.00000000530815
minchirp = 26.116416903774414
maxchirp = 26.116616903774414
mincov = 1665837862.0953155
maxcov = 166583786209.53152
