
[data]
trigger-time = 1548135903.607214
injection-file = /work/shashwat.singh/Prospects-of-LGWs/unlens/injection.hdf

[global]
instruments = E1 E2 E3 C1 C2
mass1_ref = 30.00000000520096
mass2_ref = 30.00000000912988
minchirp = 26.116416905121586
maxchirp = 26.116616905121585
mincov = 19541595964.796745
maxcov = 1954159596479.6748
