
[data]
trigger-time = 1643810137.303297
injection-file = /work/shashwat.singh/Prospects-of-LGWs/unlens/injection.hdf

[global]
instruments = E1 E2 E3 C1 C2
mass1_ref = 30.000000002076856
mass2_ref = 30.000000002254186
minchirp = 26.116416900768918
maxchirp = 26.116616900768918
mincov = 136445944630.91574
maxcov = 13644594463091.574
