
[data]
trigger-time = 1020362331.6019641
injection-file = /work/shashwat.singh/Prospects-of-LGWs/unlens/injection.hdf

[global]
instruments = E1 E2 E3 C1 C2
mass1_ref = 30.000000002557382
mass2_ref = 30.00000000839376
minchirp = 26.116416903650485
maxchirp = 26.116616903650485
mincov = 77709474958.43106
maxcov = 7770947495843.106
