
[data]
trigger-time = 1852857182.5975184
injection-file = /work/shashwat.singh/Prospects-of-LGWs/unlens/injection.hdf

[global]
instruments = E1 E2 E3 C1 C2
mass1_ref = 30.00000000434637
mass2_ref = 30.00000000261542
minchirp = 26.116416901914018
maxchirp = 26.116616901914018
mincov = 83748162139.41473
maxcov = 8374816213941.474
