
[data]
trigger-time = 1426656216.873028
injection-file = /work/shashwat.singh/Prospects-of-LGWs/unlens/injection.hdf

[global]
instruments = E1 E2 E3 C1 C2
mass1_ref = 30.00000000055922
mass2_ref = 30.00000000504225
minchirp = 26.116416901321905
maxchirp = 26.116616901321905
mincov = 155753657845.19424
maxcov = 15575365784519.424
