
[data]
trigger-time = 1241443290.5339606
injection-file = /work/shashwat.singh/Prospects-of-LGWs/unlens/injection.hdf

[global]
instruments = E1 E2 E3 C1 C2
mass1_ref = 30.000000001112323
mass2_ref = 30.000000002829946
minchirp = 26.116416900599695
maxchirp = 26.116616900599695
mincov = 17907454454.043755
maxcov = 1790745445404.3755
