
[data]
trigger-time = 1827175107.5343895
injection-file = /work/shashwat.singh/Prospects-of-LGWs/unlens/injection.hdf

[global]
instruments = E1 E2 E3 C1 C2
mass1_ref = 30.000000007899846
mass2_ref = 30.00000000040291
minchirp = 26.116416902497708
maxchirp = 26.116616902497707
mincov = 179277299420.65585
maxcov = 17927729942065.586
