
[data]
trigger-time = 1819588368.1407557
injection-file = /work/shashwat.singh/Prospects-of-LGWs/unlens/injection.hdf

[global]
instruments = E1 E2 E3 C1 C2
mass1_ref = 30.00000000263056
mass2_ref = 30.000000000168672
minchirp = 26.11641690010216
maxchirp = 26.11661690010216
mincov = 105388423676.5021
maxcov = 10538842367650.21
