
[data]
trigger-time = 1827248026.9331806
injection-file = /work/shashwat.singh/Prospects-of-LGWs/unlens/injection.hdf

[global]
instruments = E1 E2 E3 C1 C2
mass1_ref = 30.000000003855106
mass2_ref = 30.000000006162924
minchirp = 26.11641690324433
maxchirp = 26.116616903244328
mincov = 161428275135.6595
maxcov = 16142827513565.947
