
[data]
trigger-time = 1693890066.3424115
injection-file = /home/ss/Prospects-of-LGWs/unlens/injection.hdf

[global]
instruments = E1 E2 E3 C1
mass1_ref = 30.00000000662822
mass2_ref = 30.000000004122374
minchirp = 26.11641690356319
maxchirp = 26.11661690356319
mincov = 5047714688.060762
maxcov = 504771468806.0763
