
[data]
trigger-time = 1237330420.5168664
injection-file = /work/shashwat.singh/Prospects-of-LGWs/unlens/injection.hdf

[global]
instruments = E1 E2 E3 C1 C2
mass1_ref = 30.000000005526022
mass2_ref = 30.000000004002786
minchirp = 26.11641690303138
maxchirp = 26.116616903031378
mincov = 174563732566.6729
maxcov = 17456373256667.29
