
[data]
trigger-time = 1229123834.3483443
injection-file = /work/shashwat.singh/Prospects-of-LGWs/unlens/injection.hdf

[global]
instruments = E1 E2 E3 C1 C2
mass1_ref = 30.000000009697295
mass2_ref = 30.000000006677233
minchirp = 26.11641690601115
maxchirp = 26.11661690601115
mincov = 100601155543.42091
maxcov = 10060115554342.092
