
[data]
trigger-time = 1042858719.4601234
injection-file = /work/shashwat.singh/Prospects-of-LGWs/unlens/injection.hdf

[global]
instruments = E1 E2 E3 C1 C2
mass1_ref = 30.000000007500688
mass2_ref = 30.00000000942266
minchirp = 26.11641690625004
maxchirp = 26.11661690625004
mincov = 32574740714.325573
maxcov = 3257474071432.5576
