
[data]
trigger-time = 1083191326.030996
injection-file = /work/shashwat.singh/Prospects-of-LGWs/unlens/injection.hdf

[global]
instruments = E1 E2 E3 C1 C2
mass1_ref = 30.00000000170165
mass2_ref = 30.000000003288086
minchirp = 26.116416901055633
maxchirp = 26.116616901055632
mincov = 30881610035.12168
maxcov = 3088161003512.168
