
[data]
trigger-time = 1878162837.4635491
injection-file = /work/shashwat.singh/Prospects-of-LGWs/unlens/injection.hdf

[global]
instruments = E1 E2 E3 C1 C2
mass1_ref = 30.00000000880964
mass2_ref = 30.00000000573983
minchirp = 26.11641690521675
maxchirp = 26.11661690521675
mincov = 97088195126.58182
maxcov = 9708819512658.182
