
[data]
trigger-time = 1680292935.6623766
injection-file = /work/shashwat.singh/Prospects-of-LGWs/unlens/injection.hdf

[global]
instruments = E1 E2 E3 C1 C2
mass1_ref = 30.000000004467967
mass2_ref = 30.00000000912274
minchirp = 26.116416904799422
maxchirp = 26.11661690479942
mincov = 116566119313.6113
maxcov = 11656611931361.13
