
[data]
trigger-time = 1398964929.934579
injection-file = /work/shashwat.singh/Prospects-of-LGWs/unlens/injection.hdf

[global]
instruments = E1 E2 E3 C1 C2
mass1_ref = 30.000000006118576
mass2_ref = 30.00000000537673
minchirp = 26.116416903887345
maxchirp = 26.116616903887344
mincov = 55964473109.60067
maxcov = 5596447310960.067
