
[data]
trigger-time = 1150910219.8288417
injection-file = /work/shashwat.singh/Prospects-of-LGWs/unlens/injection.hdf

[global]
instruments = E1 E2 E3 C1 C2
mass1_ref = 30.000000007825086
mass2_ref = 30.00000000339111
minchirp = 26.11641690376586
maxchirp = 26.11661690376586
mincov = 90543359931.7225
maxcov = 9054335993172.25
