
[data]
trigger-time = 1374287316.4152548
injection-file = /work/shashwat.singh/Prospects-of-LGWs/unlens/injection.hdf

[global]
instruments = E1 E2 E3 C1 C2
mass1_ref = 30.000000000489198
mass2_ref = 30.00000000554226
minchirp = 26.11641690150907
maxchirp = 26.11661690150907
mincov = 5849246931.140765
maxcov = 584924693114.0765
