
[data]
trigger-time = 1707541482.1926527
injection-file = /work/shashwat.singh/Prospects-of-LGWs/unlens/injection.hdf

[global]
instruments = E1 E2 E3 C1 C2
mass1_ref = 30.00000000486701
mass2_ref = 30.000000005525777
minchirp = 26.116416903407448
maxchirp = 26.116616903407447
mincov = 120702892679.45584
maxcov = 12070289267945.584
