
[data]
trigger-time = 1306843933.7485852
injection-file = /work/shashwat.singh/Prospects-of-LGWs/unlens/injection.hdf

[global]
instruments = E1 E2 E3 C1 C2
mass1_ref = 30.00000000344658
mass2_ref = 30.00000000882311
minchirp = 26.11641690422442
maxchirp = 26.11661690422442
mincov = 49142044336.26097
maxcov = 4914204433626.097
