
[data]
trigger-time = 1083212798.9918292
injection-file = /work/shashwat.singh/Prospects-of-LGWs/unlens/injection.hdf

[global]
instruments = E1 E2 E3 C1 C2
mass1_ref = 30.00000000194778
mass2_ref = 30.000000000520465
minchirp = 26.116416899958093
maxchirp = 26.116616899958093
mincov = 52034476792.558266
maxcov = 5203447679255.826
