
[data]
trigger-time = 1026851046.9824775
injection-file = /work/shashwat.singh/Prospects-of-LGWs/unlens/injection.hdf

[global]
instruments = E1 E2 E3 C1 C2
mass1_ref = 30.000000000105018
mass2_ref = 30.000000001312024
minchirp = 26.11641689950053
maxchirp = 26.116616899500528
mincov = 107470560953.8089
maxcov = 10747056095380.89
