
[data]
trigger-time = 1128163236.8885522
injection-file = /work/shashwat.singh/Prospects-of-LGWs/unlens/injection.hdf

[global]
instruments = E1 E2 E3 C1 C2
mass1_ref = 30.000000005803223
mass2_ref = 30.000000002098105
minchirp = 26.116416902322978
maxchirp = 26.116616902322978
mincov = 101809868951.89555
maxcov = 10180986895189.555
