
[data]
trigger-time = 1920129528.6043687
injection-file = /work/shashwat.singh/Prospects-of-LGWs/unlens/injection.hdf

[global]
instruments = E1 E2 E3 C1 C2
mass1_ref = 30.000000000532467
mass2_ref = 30.00000000418873
minchirp = 26.116416900938745
maxchirp = 26.116616900938745
mincov = 163146086435.05182
maxcov = 16314608643505.18
