
[data]
trigger-time = 1298546970.1287105
injection-file = /work/shashwat.singh/Prospects-of-LGWs/unlens/injection.hdf

[global]
instruments = E1 E2 E3 C1 C2
mass1_ref = 30.000000005128648
mass2_ref = 30.00000000874341
minchirp = 26.116416904921888
maxchirp = 26.116616904921887
mincov = 88771512584.80923
maxcov = 8877151258480.924
