
[data]
trigger-time = 1144153485.5985687
injection-file = /work/shashwat.singh/Prospects-of-LGWs/unlens/injection.hdf

[global]
instruments = E1 E2 E3 C1 C2
mass1_ref = 30.000000006636032
mass2_ref = 30.000000004504532
minchirp = 26.116416903732937
maxchirp = 26.116616903732936
mincov = 109971989349.13779
maxcov = 10997198934913.78
