
[data]
trigger-time = 1397721595.3337896
injection-file = /work/shashwat.singh/Prospects-of-LGWs/unlens/injection.hdf

[global]
instruments = E1 E2 E3 C1 C2
mass1_ref = 30.000000008570183
mass2_ref = 30.00000000307179
minchirp = 26.116416903951187
maxchirp = 26.116616903951186
mincov = 35026202766.78367
maxcov = 3502620276678.3667
