
[data]
trigger-time = 1979030242.0395894
injection-file = /work/shashwat.singh/Prospects-of-LGWs/unlens/injection.hdf

[global]
instruments = E1 E2 E3 C1 C2
mass1_ref = 30.000000000435854
mass2_ref = 30.00000000766486
minchirp = 26.116416902409764
maxchirp = 26.116616902409763
mincov = 45096884912.60175
maxcov = 4509688491260.175
