
[data]
trigger-time = 1648026908.0145192
injection-file = /work/shashwat.singh/Prospects-of-LGWs/unlens/injection.hdf

[global]
instruments = E1 E2 E3 C1 C2
mass1_ref = 30.00000000157299
mass2_ref = 30.000000004422095
minchirp = 26.116416901493235
maxchirp = 26.116616901493234
mincov = 51691863520.16027
maxcov = 5169186352016.027
