
[data]
trigger-time = 1954995965.3284955
injection-file = /work/shashwat.singh/Prospects-of-LGWs/unlens/injection.hdf

[global]
instruments = E1 E2 E3 C1 C2
mass1_ref = 30.00000000555799
mass2_ref = 30.000000009573373
minchirp = 26.116416905470032
maxchirp = 26.116616905470032
mincov = 127395111797.98608
maxcov = 12739511179798.61
