
[data]
trigger-time = 1664863615.7095332
injection-file = /work/shashwat.singh/Prospects-of-LGWs/unlens/injection.hdf

[global]
instruments = E1 E2 E3 C1 C2
mass1_ref = 30.00000000230694
mass2_ref = 30.00000000325174
minchirp = 26.116416901303282
maxchirp = 26.11661690130328
mincov = 109835084410.8768
maxcov = 10983508441087.68
