
[data]
trigger-time = 1899374445.1080709
injection-file = /work/shashwat.singh/Prospects-of-LGWs/unlens/injection.hdf

[global]
instruments = E1 E2 E3 C1 C2
mass1_ref = 30.00000000324659
mass2_ref = 30.000000007481017
minchirp = 26.116416903553187
maxchirp = 26.116616903553187
mincov = 104617122344.14357
maxcov = 10461712234414.357
