
[data]
trigger-time = 1929532543.0748887
injection-file = /work/shashwat.singh/Prospects-of-LGWs/unlens/injection.hdf

[global]
instruments = E1 E2 E3 C1 C2
mass1_ref = 30.00000000663393
mass2_ref = 30.000000005979405
minchirp = 26.116416904373995
maxchirp = 26.116616904373995
mincov = 58474125064.85341
maxcov = 5847412506485.341
