
[data]
trigger-time = 1821529481.2011945
injection-file = /work/shashwat.singh/Prospects-of-LGWs/unlens/injection.hdf

[global]
instruments = E1 E2 E3 C1 C2
mass1_ref = 30.000000006971
mass2_ref = 30.00000000595795
minchirp = 26.116416904511375
maxchirp = 26.116616904511375
mincov = 160625690948.00055
maxcov = 16062569094800.057
