
[data]
trigger-time = 1280038362.5805802
injection-file = /work/shashwat.singh/Prospects-of-LGWs/unlens/injection.hdf

[global]
instruments = E1 E2 E3 C1 C2
mass1_ref = 30.000000006531636
mass2_ref = 30.000000006452442
minchirp = 26.116416904535374
maxchirp = 26.116616904535373
mincov = 119167843850.41707
maxcov = 11916784385041.707
