
[data]
trigger-time = 1717309212.0865412
injection-file = /work/shashwat.singh/Prospects-of-LGWs/unlens/injection.hdf

[global]
instruments = E1 E2 E3 C1 C2
mass1_ref = 30.000000007060184
mass2_ref = 30.000000008500113
minchirp = 26.116416905656735
maxchirp = 26.116616905656734
mincov = 129544808893.00244
maxcov = 12954480889300.244
