
[data]
trigger-time = 1132301241.367254
injection-file = /work/shashwat.singh/Prospects-of-LGWs/unlens/injection.hdf

[global]
instruments = E1 E2 E3 C1 C2
mass1_ref = 30.000000006008637
mass2_ref = 30.000000005273634
minchirp = 26.11641690379462
maxchirp = 26.11661690379462
mincov = 43194549678.15856
maxcov = 4319454967815.8564
