
[data]
trigger-time = 1655192024.007286
injection-file = /work/shashwat.singh/Prospects-of-LGWs/unlens/injection.hdf

[global]
instruments = E1 E2 E3 C1 C2
mass1_ref = 30.00000000536218
mass2_ref = 30.000000009661015
minchirp = 26.116416905422952
maxchirp = 26.11661690542295
mincov = 93487840242.61829
maxcov = 9348784024261.828
