
[data]
trigger-time = 1876383197.5097818
injection-file = /work/shashwat.singh/Prospects-of-LGWs/unlens/injection.hdf

[global]
instruments = E1 E2 E3 C1 C2
mass1_ref = 30.000000003755414
mass2_ref = 30.00000000207343
minchirp = 26.116416901420877
maxchirp = 26.116616901420876
mincov = 165947838955.65826
maxcov = 16594783895565.828
