
[data]
trigger-time = 1704459333.9771018
injection-file = /work/shashwat.singh/Prospects-of-LGWs/unlens/injection.hdf

[global]
instruments = E1 E2 E3 C1 C2
mass1_ref = 30.00000000979186
mass2_ref = 30.00000000507255
minchirp = 26.116416905353834
maxchirp = 26.116616905353833
mincov = 81370600242.25323
maxcov = 8137060024225.323
