
[data]
trigger-time = 1423506555.2018478
injection-file = /work/shashwat.singh/Prospects-of-LGWs/unlens/injection.hdf

[global]
instruments = E1 E2 E3 C1 C2
mass1_ref = 30.000000000212665
mass2_ref = 30.000000003751143
minchirp = 26.116416900609075
maxchirp = 26.116616900609074
mincov = 154329342399.3217
maxcov = 15432934239932.168
