
[data]
trigger-time = 1115467079.543289
injection-file = /work/shashwat.singh/Prospects-of-LGWs/unlens/injection.hdf

[global]
instruments = E1 E2 E3 C1 C2
mass1_ref = 30.000000002531852
mass2_ref = 30.000000005823313
minchirp = 26.11641690252052
maxchirp = 26.11661690252052
mincov = 18025779493.316883
maxcov = 1802577949331.6882
