
[data]
trigger-time = 1844466674.905923
injection-file = /work/shashwat.singh/Prospects-of-LGWs/unlens/injection.hdf

[global]
instruments = E1 E2 E3 C1 C2
mass1_ref = 30.00000000063025
mass2_ref = 30.000000005909296
minchirp = 26.11641690173023
maxchirp = 26.11661690173023
mincov = 119967502610.61356
maxcov = 11996750261061.355
