
[data]
trigger-time = 1496389342.9886224
injection-file = /work/shashwat.singh/Prospects-of-LGWs/unlens/injection.hdf

[global]
instruments = E1 E2 E3 C1 C2
mass1_ref = 30.00000000554111
mass2_ref = 30.00000000328737
minchirp = 26.11641690272654
maxchirp = 26.11661690272654
mincov = 265686514.31712437
maxcov = 26568651431.712437
