
[data]
trigger-time = 1539817368.2302513
injection-file = /work/shashwat.singh/Prospects-of-LGWs/unlens/injection.hdf

[global]
instruments = E1 E2 E3 C1 C2
mass1_ref = 30.0000000080954
mass2_ref = 30.00000000136198
minchirp = 26.11641690300029
maxchirp = 26.11661690300029
mincov = 96905339496.7512
maxcov = 9690533949675.121
