
[data]
trigger-time = 1378802599.1690629
injection-file = /work/shashwat.singh/Prospects-of-LGWs/unlens/injection.hdf

[global]
instruments = E1 E2 E3 C1 C2
mass1_ref = 30.00000000291752
mass2_ref = 30.00000000867876
minchirp = 26.1164169039313
maxchirp = 26.1166169039313
mincov = 359348459.4039032
maxcov = 35934845940.39032
