
[data]
trigger-time = 1335957792.2683864
injection-file = /work/shashwat.singh/Prospects-of-LGWs/unlens/injection.hdf

[global]
instruments = E1 E2 E3 C1 C2
mass1_ref = 30.00000000881019
mass2_ref = 30.000000001263512
minchirp = 26.116416903268558
maxchirp = 26.116616903268557
mincov = 25889725273.30254
maxcov = 2588972527330.254
