
[data]
trigger-time = 1426757332.7891695
injection-file = /work/shashwat.singh/Prospects-of-LGWs/unlens/injection.hdf

[global]
instruments = E1 E2 E3 C1 C2
mass1_ref = 30.00000000614762
mass2_ref = 30.000000000087024
minchirp = 26.11641690159751
maxchirp = 26.11661690159751
mincov = 63165818094.29427
maxcov = 6316581809429.428
