
[data]
trigger-time = 1786764449.8220816
injection-file = /work/shashwat.singh/Prospects-of-LGWs/unlens/injection.hdf

[global]
instruments = E1 E2 E3 C1 C2
mass1_ref = 30.000000007409866
mass2_ref = 30.00000000206438
minchirp = 26.11641690300763
maxchirp = 26.11661690300763
mincov = 92073984713.73502
maxcov = 9207398471373.5
