
[data]
trigger-time = 1789185199.4064202
injection-file = /work/shashwat.singh/Prospects-of-LGWs/unlens/injection.hdf

[global]
instruments = E1 E2 E3 C1 C2
mass1_ref = 30.000000008864088
mass2_ref = 30.000000006193805
minchirp = 26.11641690543805
maxchirp = 26.11661690543805
mincov = 157804594858.6745
maxcov = 15780459485867.45
