
[data]
trigger-time = 1073101973.3588523
injection-file = /work/shashwat.singh/Prospects-of-LGWs/unlens/injection.hdf

[global]
instruments = E1 E2 E3 C1 C2
mass1_ref = 30.000000006629218
mass2_ref = 30.000000006438917
minchirp = 26.116416904571963
maxchirp = 26.116616904571963
mincov = 157354994799.50858
maxcov = 15735499479950.857
