
[data]
trigger-time = 1015179707.8275075
injection-file = /work/shashwat.singh/Prospects-of-LGWs/unlens/injection.hdf

[global]
instruments = E1 E2 E3 C1 C2
mass1_ref = 30.000000005995755
mass2_ref = 30.000000002378602
minchirp = 26.116416902528876
maxchirp = 26.116616902528875
mincov = 54416127897.612335
maxcov = 5441612789761.233
