
[data]
trigger-time = 1254652152.0314841
injection-file = /work/shashwat.singh/Prospects-of-LGWs/unlens/injection.hdf

[global]
instruments = E1 E2 E3 C1 C2
mass1_ref = 30.000000007899217
mass2_ref = 30.00000000412826
minchirp = 26.11641690411899
maxchirp = 26.116616904118988
mincov = 126495564410.71768
maxcov = 12649556441071.768
