
[data]
trigger-time = 1932570633.1665573
injection-file = /work/shashwat.singh/Prospects-of-LGWs/unlens/injection.hdf

[global]
instruments = E1 E2 E3 C1 C2
mass1_ref = 30.00000000927396
mass2_ref = 30.00000000942671
minchirp = 26.116416907023666
maxchirp = 26.116616907023666
mincov = 70984858846.75427
maxcov = 7098485884675.428
