
[data]
trigger-time = 1415518007.9372618
injection-file = /work/shashwat.singh/Prospects-of-LGWs/unlens/injection.hdf

[global]
instruments = E1 E2 E3 C1 C2
mass1_ref = 30.000000003676803
mass2_ref = 30.000000006436352
minchirp = 26.11641690328573
maxchirp = 26.11661690328573
mincov = 177496563013.8498
maxcov = 17749656301384.98
