
[data]
trigger-time = 1518075142.895524
injection-file = /work/shashwat.singh/Prospects-of-LGWs/unlens/injection.hdf

[global]
instruments = E1 E2 E3 C1 C2
mass1_ref = 30.000000005796544
mass2_ref = 30.00000000408109
minchirp = 26.116416903183215
maxchirp = 26.116616903183214
mincov = 134737933686.47864
maxcov = 13473793368647.863
