
[data]
trigger-time = 1923104656.5924609
injection-file = /work/shashwat.singh/Prospects-of-LGWs/unlens/injection.hdf

[global]
instruments = E1 E2 E3 C1 C2
mass1_ref = 30.000000005856826
mass2_ref = 30.000000007628692
minchirp = 26.11641690475364
maxchirp = 26.116616904753638
mincov = 137445080751.3406
maxcov = 13744508075134.06
