
[data]
trigger-time = 1587549317.911871
injection-file = /work/shashwat.singh/Prospects-of-LGWs/unlens/injection.hdf

[global]
instruments = E1 E2 E3 C1 C2
mass1_ref = 30.000000004156714
mass2_ref = 30.000000004506234
minchirp = 26.116416902654493
maxchirp = 26.116616902654492
mincov = 911059182.6650074
maxcov = 91105918266.50073
