
[data]
trigger-time = 1380506847.810157
injection-file = /work/shashwat.singh/Prospects-of-LGWs/unlens/injection.hdf

[global]
instruments = E1 E2 E3 C1 C2
mass1_ref = 30.00000000905927
mass2_ref = 30.00000000846217
minchirp = 26.116416906510377
maxchirp = 26.116616906510377
mincov = 71170262056.75143
maxcov = 7117026205675.143
