
[data]
trigger-time = 1224594937.963359
injection-file = /work/shashwat.singh/Prospects-of-LGWs/unlens/injection.hdf

[global]
instruments = E1 E2 E3 C1 C2
mass1_ref = 30.000000009394647
mass2_ref = 30.00000000775714
minchirp = 26.116416906349475
maxchirp = 26.116616906349474
mincov = 5791600255.483129
maxcov = 579160025548.3129
