
[data]
trigger-time = 1629748794.3098564
injection-file = /work/shashwat.singh/Prospects-of-LGWs/unlens/injection.hdf

[global]
instruments = E1 E2 E3 C1 C2
mass1_ref = 30.00000000251311
mass2_ref = 30.000000003690936
minchirp = 26.11641690158419
maxchirp = 26.11661690158419
mincov = 114565212212.41496
maxcov = 11456521221241.496
