
[data]
trigger-time = 1034558678.8277739
injection-file = /work/shashwat.singh/Prospects-of-LGWs/unlens/injection.hdf

[global]
instruments = E1 E2 E3 C1 C2
mass1_ref = 30.00000000494302
mass2_ref = 30.000000007177924
minchirp = 26.11641690415967
maxchirp = 26.11661690415967
mincov = 89679974422.24055
maxcov = 8967997442224.055
