
[data]
trigger-time = 1668849384.464621
injection-file = /work/shashwat.singh/Prospects-of-LGWs/unlens/injection.hdf

[global]
instruments = E1 E2 E3 C1 C2
mass1_ref = 30.000000007644704
mass2_ref = 30.000000003776304
minchirp = 26.116416903855008
maxchirp = 26.116616903855007
mincov = 173945698008.26556
maxcov = 17394569800826.559
