
[data]
trigger-time = 1825770268.048994
injection-file = /work/shashwat.singh/Prospects-of-LGWs/unlens/injection.hdf

[global]
instruments = E1 E2 E3 C1 C2
mass1_ref = 30.000000006410264
mass2_ref = 30.00000000924574
minchirp = 26.116416905698397
maxchirp = 26.116616905698397
mincov = 170174256118.6135
maxcov = 17017425611861.35
