
[data]
trigger-time = 1962137556.6150022
injection-file = /work/shashwat.singh/Prospects-of-LGWs/unlens/injection.hdf

[global]
instruments = E1 E2 E3 C1 C2
mass1_ref = 30.00000000808066
mass2_ref = 30.00000000529382
minchirp = 26.116416904705304
maxchirp = 26.116616904705303
mincov = 142658881828.96286
maxcov = 14265888182896.287
