
[data]
trigger-time = 1243268669.556251
injection-file = /work/shashwat.singh/Prospects-of-LGWs/unlens/injection.hdf

[global]
instruments = E1 E2 E3 C1 C2
mass1_ref = 30.00000000309181
mass2_ref = 30.000000002833193
minchirp = 26.11641690146273
maxchirp = 26.11661690146273
mincov = 156344013567.73828
maxcov = 15634401356773.828
