
[data]
trigger-time = 1381146401.752186
injection-file = /work/shashwat.singh/Prospects-of-LGWs/unlens/injection.hdf

[global]
instruments = E1 E2 E3 C1 C2
mass1_ref = 30.00000000632183
mass2_ref = 30.000000000419096
minchirp = 26.116416901817882
maxchirp = 26.11661690181788
mincov = 596057857.7815611
maxcov = 59605785778.15612
