
[data]
trigger-time = 1503889889.398177
injection-file = /work/shashwat.singh/Prospects-of-LGWs/unlens/injection.hdf

[global]
instruments = E1 E2 E3 C1 C2
mass1_ref = 30.000000005567653
mass2_ref = 30.00000000012474
minchirp = 26.116416901361482
maxchirp = 26.116616901361482
mincov = 241739830.6308047
maxcov = 24173983063.080467
