
[data]
trigger-time = 1328652982.1422377
injection-file = /work/shashwat.singh/Prospects-of-LGWs/unlens/injection.hdf

[global]
instruments = E1 E2 E3 C1 C2
mass1_ref = 30.00000000634514
mass2_ref = 30.000000008687373
minchirp = 26.116416905427005
maxchirp = 26.116616905427005
mincov = 173007696203.63483
maxcov = 17300769620363.484
