
[data]
trigger-time = 1895816843.4903536
injection-file = /work/shashwat.singh/Prospects-of-LGWs/unlens/injection.hdf

[global]
instruments = E1 E2 E3 C1 C2
mass1_ref = 30.000000000287823
mass2_ref = 30.000000009683113
minchirp = 26.116416903223826
maxchirp = 26.116616903223825
mincov = 107238764653.35626
maxcov = 10723876465335.627
