
[data]
trigger-time = 1539672479.8301327
injection-file = /work/shashwat.singh/Prospects-of-LGWs/unlens/injection.hdf

[global]
instruments = E1 E2 E3 C1 C2
mass1_ref = 30.00000000282816
mass2_ref = 30.00000000345092
minchirp = 26.11641690161685
maxchirp = 26.11661690161685
mincov = 159553742866.31827
maxcov = 15955374286631.826
