
[data]
trigger-time = 1007948696.2707987
injection-file = /work/shashwat.singh/Prospects-of-LGWs/unlens/injection.hdf

[global]
instruments = E1 E2 E3 C1 C2
mass1_ref = 30.00000000720203
mass2_ref = 30.000000000735795
minchirp = 26.116416902338866
maxchirp = 26.116616902338865
mincov = 64876808227.48787
maxcov = 6487680822748.787
