
[data]
trigger-time = 1661720476.510007
injection-file = /work/shashwat.singh/Prospects-of-LGWs/unlens/injection.hdf

[global]
instruments = E1 E2 E3 C1 C2
mass1_ref = 30.00000000082754
mass2_ref = 30.00000000235276
minchirp = 26.11641690026803
maxchirp = 26.11661690026803
mincov = 171027851633.9707
maxcov = 17102785163397.07
