
[data]
trigger-time = 1332865804.3161116
injection-file = /work/shashwat.singh/Prospects-of-LGWs/unlens/injection.hdf

[global]
instruments = E1 E2 E3 C1 C2
mass1_ref = 30.000000001486033
mass2_ref = 30.000000006804722
minchirp = 26.116416902492485
maxchirp = 26.116616902492485
mincov = 129723891300.21819
maxcov = 12972389130021.818
