
[data]
trigger-time = 1350365291.6981225
injection-file = /work/shashwat.singh/Prospects-of-LGWs/unlens/injection.hdf

[global]
instruments = E1 E2 E3 C1 C2
mass1_ref = 30.000000001979267
mass2_ref = 30.00000000982035
minchirp = 26.116416904019808
maxchirp = 26.116616904019807
mincov = 25973541974.432503
maxcov = 2597354197443.25
