
[data]
trigger-time = 1259897706.6071644
injection-file = /work/shashwat.singh/Prospects-of-LGWs/unlens/injection.hdf

[global]
instruments = E1 E2 E3 C1 C2
mass1_ref = 30.000000009547293
mass2_ref = 30.00000000424674
minchirp = 26.116416904887927
maxchirp = 26.116616904887927
mincov = 150302759543.89142
maxcov = 15030275954389.143
