
[data]
trigger-time = 1684481435.3702126
injection-file = /work/shashwat.singh/Prospects-of-LGWs/unlens/injection.hdf

[global]
instruments = E1 E2 E3 C1 C2
mass1_ref = 30.000000005055668
mass2_ref = 30.00000000228858
minchirp = 26.116416902080495
maxchirp = 26.116616902080494
mincov = 136944815643.53152
maxcov = 13694481564353.152
