
[data]
trigger-time = 1378821585.4144251
injection-file = /work/shashwat.singh/Prospects-of-LGWs/unlens/injection.hdf

[global]
instruments = E1 E2 E3 C1 C2
mass1_ref = 30.000000006127944
mass2_ref = 30.000000001944205
minchirp = 26.11641690239733
maxchirp = 26.11661690239733
mincov = 80708765408.66794
maxcov = 8070876540866.795
