
[data]
trigger-time = 1471975987.4771926
injection-file = /work/shashwat.singh/Prospects-of-LGWs/unlens/injection.hdf

[global]
instruments = E1 E2 E3 C1 C2
mass1_ref = 30.000000002326882
mass2_ref = 30.000000009419676
minchirp = 26.11641690399671
maxchirp = 26.11661690399671
mincov = 74919502796.73856
maxcov = 7491950279673.855
