
[data]
trigger-time = 1678347829.372625
injection-file = /work/shashwat.singh/Prospects-of-LGWs/unlens/injection.hdf

[global]
instruments = E1 E2 E3 C1 C2
mass1_ref = 30.00000000813036
mass2_ref = 30.000000006937437
minchirp = 26.116416905442364
maxchirp = 26.116616905442363
mincov = 151083773092.00168
maxcov = 15108377309200.168
