
[data]
trigger-time = 1565641116.6243353
injection-file = /work/shashwat.singh/Prospects-of-LGWs/unlens/injection.hdf

[global]
instruments = E1 E2 E3 C1 C2
mass1_ref = 30.000000003122192
mass2_ref = 30.000000000212903
minchirp = 26.11641690033541
maxchirp = 26.11661690033541
mincov = 125601239439.74678
maxcov = 12560123943974.678
