
[data]
trigger-time = 1226991119.777821
injection-file = /work/shashwat.singh/Prospects-of-LGWs/unlens/injection.hdf

[global]
instruments = E1 E2 E3 C1 C2
mass1_ref = 30.000000004125596
mass2_ref = 30.000000006717922
minchirp = 26.116416903603643
maxchirp = 26.116616903603642
mincov = 9541651459.254082
maxcov = 954165145925.4082
