
[data]
trigger-time = 1059630742.3729417
injection-file = /work/shashwat.singh/Prospects-of-LGWs/unlens/injection.hdf

[global]
instruments = E1 E2 E3 C1 C2
mass1_ref = 30.000000002922462
mass2_ref = 30.00000000492567
minchirp = 26.116416902299825
maxchirp = 26.116616902299825
mincov = 41840359270.98671
maxcov = 4184035927098.671
