
[data]
trigger-time = 1039812645.7665802
injection-file = /work/shashwat.singh/Prospects-of-LGWs/unlens/injection.hdf

[global]
instruments = E1 E2 E3 C1 C2
mass1_ref = 30.000000008013156
mass2_ref = 30.000000001252086
minchirp = 26.116416902916654
maxchirp = 26.116616902916654
mincov = 116278745348.25781
maxcov = 11627874534825.781
