
[data]
trigger-time = 1629947812.832528
injection-file = /work/shashwat.singh/Prospects-of-LGWs/unlens/injection.hdf

[global]
instruments = E1 E2 E3 C1 C2
mass1_ref = 30.000000004127156
mass2_ref = 30.00000000329672
minchirp = 26.116416902115155
maxchirp = 26.116616902115155
mincov = 119530940931.00381
maxcov = 11953094093100.38
