
[data]
trigger-time = 1856009957.897732
injection-file = /work/shashwat.singh/Prospects-of-LGWs/unlens/injection.hdf

[global]
instruments = E1 E2 E3 C1 C2
mass1_ref = 30.00000000436338
mass2_ref = 30.000000008127447
minchirp = 26.116416904320673
maxchirp = 26.116616904320672
mincov = 130222836600.77377
maxcov = 13022283660077.379
