
[data]
trigger-time = 1443770732.5621014
injection-file = /work/shashwat.singh/Prospects-of-LGWs/unlens/injection.hdf

[global]
instruments = E1 E2 E3 C1 C2
mass1_ref = 30.000000005525212
mass2_ref = 30.000000002625058
minchirp = 26.116416902431336
maxchirp = 26.116616902431335
mincov = 4691467874.628407
maxcov = 469146787462.84064
