
[data]
trigger-time = 1999896689.6101215
injection-file = /work/shashwat.singh/Prospects-of-LGWs/unlens/injection.hdf

[global]
instruments = E1 E2 E3 C1 C2
mass1_ref = 30.000000005145637
mass2_ref = 30.000000006076622
minchirp = 26.1164169037685
maxchirp = 26.1166169037685
mincov = 6012070691.817118
maxcov = 601207069181.7117
