
[data]
trigger-time = 1062421959.5140141
injection-file = /work/shashwat.singh/Prospects-of-LGWs/unlens/injection.hdf

[global]
instruments = E1 E2 E3 C1 C2
mass1_ref = 30.0000000020758
mass2_ref = 30.000000005488907
minchirp = 26.116416902176454
maxchirp = 26.116616902176453
mincov = 129502035315.4144
maxcov = 12950203531541.441
