
[data]
trigger-time = 1702059851.3794053
injection-file = /work/shashwat.singh/Prospects-of-LGWs/unlens/injection.hdf

[global]
instruments = E1 E2 E3 C1 C2
mass1_ref = 30.000000006203077
mass2_ref = 30.000000003135344
minchirp = 26.116416902948508
maxchirp = 26.116616902948508
mincov = 78092543406.08987
maxcov = 7809254340608.986
