
[data]
trigger-time = 1570239017.9346008
injection-file = /work/shashwat.singh/Prospects-of-LGWs/unlens/injection.hdf

[global]
instruments = E1 E2 E3 C1 C2
mass1_ref = 30.000000004910788
mass2_ref = 30.00000000404516
minchirp = 26.116416902782028
maxchirp = 26.116616902782027
mincov = 50822938886.64716
maxcov = 5082293888664.716
