
[data]
trigger-time = 1520804431.90672
injection-file = /work/shashwat.singh/Prospects-of-LGWs/unlens/injection.hdf

[global]
instruments = E1 E2 E3 C1 C2
mass1_ref = 30.000000009585413
mass2_ref = 30.000000007043173
minchirp = 26.11641690612174
maxchirp = 26.116616906121738
mincov = 97728738567.55276
maxcov = 9772873856755.277
