
[data]
trigger-time = 1607903051.1830192
injection-file = /work/shashwat.singh/Prospects-of-LGWs/unlens/injection.hdf

[global]
instruments = E1 E2 E3 C1 C2
mass1_ref = 30.000000008096453
mass2_ref = 30.000000007678082
minchirp = 26.116416905749986
maxchirp = 26.116616905749986
mincov = 2221609114.0334945
maxcov = 222160911403.34946
