
[data]
trigger-time = 1152965956.7694433
injection-file = /work/shashwat.singh/Prospects-of-LGWs/unlens/injection.hdf

[global]
instruments = E1 E2 E3 C1 C2
mass1_ref = 30.000000009068476
mass2_ref = 30.000000001884782
minchirp = 26.116416903651405
maxchirp = 26.116616903651405
mincov = 94787053009.51358
maxcov = 9478705300951.36
