
[data]
trigger-time = 1093652705.7671068
injection-file = /work/shashwat.singh/Prospects-of-LGWs/unlens/injection.hdf

[global]
instruments = E1 E2 E3 C1 C2
mass1_ref = 30.00000000649916
mass2_ref = 30.000000002199577
minchirp = 26.11641690267007
maxchirp = 26.11661690267007
mincov = 85636444213.74216
maxcov = 8563644421374.215
