
[data]
trigger-time = 1795258633.420525
injection-file = /work/shashwat.singh/Prospects-of-LGWs/unlens/injection.hdf

[global]
instruments = E1 E2 E3 C1 C2
mass1_ref = 30.000000008504216
mass2_ref = 30.000000004384773
minchirp = 26.11641690449398
maxchirp = 26.11661690449398
mincov = 117692732905.57674
maxcov = 11769273290557.674
