
[data]
trigger-time = 1590311610.3513708
injection-file = /work/shashwat.singh/Prospects-of-LGWs/unlens/injection.hdf

[global]
instruments = E1 E2 E3 C1 C2
mass1_ref = 30.000000004966832
mass2_ref = 30.00000000218484
minchirp = 26.11641690199667
maxchirp = 26.116616901996668
mincov = 165313048701.8607
maxcov = 16531304870186.07
