
[data]
trigger-time = 1109914393.9153535
injection-file = /work/shashwat.singh/Prospects-of-LGWs/unlens/injection.hdf

[global]
instruments = E1 E2 E3 C1 C2
mass1_ref = 30.000000001621267
mass2_ref = 30.00000000233051
minchirp = 26.116416900603834
maxchirp = 26.116616900603834
mincov = 578960091.5917375
maxcov = 57896009159.17375
