
[data]
trigger-time = 1695159600.474267
injection-file = /work/shashwat.singh/Prospects-of-LGWs/unlens/injection.hdf

[global]
instruments = E1 E2 E3 C1 C2
mass1_ref = 30.00000000329795
mass2_ref = 30.000000009483113
minchirp = 26.116416904447007
maxchirp = 26.116616904447007
mincov = 83056859335.12387
maxcov = 8305685933512.388
