
[data]
trigger-time = 1823130148.2986033
injection-file = /work/shashwat.singh/Prospects-of-LGWs/unlens/injection.hdf

[global]
instruments = E1 E2 E3 C1 C2
mass1_ref = 30.00000000379028
mass2_ref = 30.00000000565202
minchirp = 26.116416902993723
maxchirp = 26.116616902993723
mincov = 55779551547.44774
maxcov = 5577955154744.774
