
[data]
trigger-time = 1543182180.5801353
injection-file = /work/shashwat.singh/Prospects-of-LGWs/unlens/injection.hdf

[global]
instruments = E1 E2 E3 C1 C2
mass1_ref = 30.00000000276344
mass2_ref = 30.00000000778176
minchirp = 26.116416903473787
maxchirp = 26.116616903473787
mincov = 137361932224.51103
maxcov = 13736193222451.104
