
[data]
trigger-time = 1956312054.6558552
injection-file = /work/shashwat.singh/Prospects-of-LGWs/unlens/injection.hdf

[global]
instruments = E1 E2 E3 C1 C2
mass1_ref = 30.000000000590166
mass2_ref = 30.000000003070866
minchirp = 26.11641690047728
maxchirp = 26.11661690047728
mincov = 141688188456.44604
maxcov = 14168818845644.605
