
[data]
trigger-time = 1408374795.9370732
injection-file = /work/shashwat.singh/Prospects-of-LGWs/unlens/injection.hdf

[global]
instruments = E1 E2 E3 C1 C2
mass1_ref = 30.000000002884892
mass2_ref = 30.000000009880004
minchirp = 26.11641690443997
maxchirp = 26.11661690443997
mincov = 39436048428.73609
maxcov = 3943604842873.609
