
[data]
trigger-time = 1031126872.3642722
injection-file = /work/shashwat.singh/Prospects-of-LGWs/unlens/injection.hdf

[global]
instruments = E1 E2 E3 C1 C2
mass1_ref = 30.00000000910222
mass2_ref = 30.000000009268113
minchirp = 26.116416906879877
maxchirp = 26.116616906879877
mincov = 179472481114.92838
maxcov = 17947248111492.836
