
[data]
trigger-time = 1135814551.5365424
injection-file = /work/shashwat.singh/Prospects-of-LGWs/unlens/injection.hdf

[global]
instruments = E1 E2 E3 C1 C2
mass1_ref = 30.000000001873364
mass2_ref = 30.000000001146116
minchirp = 26.11641690019803
maxchirp = 26.11661690019803
mincov = 93218935565.25688
maxcov = 9321893556525.688
