
[data]
trigger-time = 1859644314.6950424
injection-file = /work/shashwat.singh/Prospects-of-LGWs/unlens/injection.hdf

[global]
instruments = E1 E2 E3 C1 C2
mass1_ref = 30.000000002274188
mass2_ref = 30.000000003978254
minchirp = 26.11641690160526
maxchirp = 26.11661690160526
mincov = 112572388856.29941
maxcov = 11257238885629.941
