
[data]
trigger-time = 1849544928.023988
injection-file = /work/shashwat.singh/Prospects-of-LGWs/unlens/injection.hdf

[global]
instruments = E1 E2 E3 C1 C2
mass1_ref = 30.000000002509946
mass2_ref = 30.00000000917138
minchirp = 26.116416903968318
maxchirp = 26.116616903968318
mincov = 91044158562.3733
maxcov = 9104415856237.33
