
[data]
trigger-time = 1516211476.8901954
injection-file = /work/shashwat.singh/Prospects-of-LGWs/unlens/injection.hdf

[global]
instruments = E1 E2 E3 C1 C2
mass1_ref = 30.00000000981847
mass2_ref = 30.000000008720896
minchirp = 26.116416906953454
maxchirp = 26.116616906953453
mincov = 147026908917.9499
maxcov = 14702690891794.988
