
[data]
trigger-time = 1706150792.3861697
injection-file = /work/shashwat.singh/Prospects-of-LGWs/unlens/injection.hdf

[global]
instruments = E1 E2 E3 C1 C2
mass1_ref = 30.00000000012798
mass2_ref = 30.00000000994942
minchirp = 26.116416903270167
maxchirp = 26.116616903270167
mincov = 21886186273.552048
maxcov = 2188618627355.2048
