
[data]
trigger-time = 1296569362.5129585
injection-file = /work/shashwat.singh/Prospects-of-LGWs/unlens/injection.hdf

[global]
instruments = E1 E2 E3 C1 C2
mass1_ref = 30.00000000690202
mass2_ref = 30.00000000604527
minchirp = 26.116416904519358
maxchirp = 26.116616904519358
mincov = 22888751491.751957
maxcov = 2288875149175.196
