
[data]
trigger-time = 1019487748.387107
injection-file = /work/shashwat.singh/Prospects-of-LGWs/unlens/injection.hdf

[global]
instruments = E1 E2 E3 C1 C2
mass1_ref = 30.00000000304948
mass2_ref = 30.00000000207516
minchirp = 26.116416901114352
maxchirp = 26.11661690111435
mincov = 137970931301.64398
maxcov = 13797093130164.398
