
[data]
trigger-time = 1125189206.2593682
injection-file = /work/shashwat.singh/Prospects-of-LGWs/unlens/injection.hdf

[global]
instruments = E1 E2 E3 C1 C2
mass1_ref = 30.000000009101736
mass2_ref = 30.000000004014517
minchirp = 26.116416904592903
maxchirp = 26.116616904592902
mincov = 141965772799.4397
maxcov = 14196577279943.969
