
[data]
trigger-time = 1678416677.9081955
injection-file = /work/shashwat.singh/Prospects-of-LGWs/unlens/injection.hdf

[global]
instruments = E1 E2 E3 C1 C2
mass1_ref = 30.00000000103953
mass2_ref = 30.000000005610435
minchirp = 26.11641690177829
maxchirp = 26.11661690177829
mincov = 113785000542.67488
maxcov = 11378500054267.488
