
[data]
trigger-time = 1149750196.4530392
injection-file = /work/shashwat.singh/Prospects-of-LGWs/unlens/injection.hdf

[global]
instruments = E1 E2 E3 C1 C2
mass1_ref = 30.00000000281792
mass2_ref = 30.00000000384266
minchirp = 26.116416901782912
maxchirp = 26.116616901782912
mincov = 135259942290.93826
maxcov = 13525994229093.826
