
[data]
trigger-time = 1747804814.2991033
injection-file = /work/shashwat.singh/Prospects-of-LGWs/unlens/injection.hdf

[global]
instruments = E1 E2 E3 C1 C2
mass1_ref = 30.00000000607268
mass2_ref = 30.00000000897911
minchirp = 26.116416905435397
maxchirp = 26.116616905435396
mincov = 177560101990.77264
maxcov = 17756010199077.26
