
[data]
trigger-time = 1304404369.3069813
injection-file = /work/shashwat.singh/Prospects-of-LGWs/unlens/injection.hdf

[global]
instruments = E1 E2 E3 C1 C2
mass1_ref = 30.000000000963603
mass2_ref = 30.00000000079636
minchirp = 26.11641689964979
maxchirp = 26.116616899649788
mincov = 155144513352.86957
maxcov = 15514451335286.955
