
[data]
trigger-time = 1727824919.0095417
injection-file = /work/shashwat.singh/Prospects-of-LGWs/unlens/injection.hdf

[global]
instruments = E1 E2 E3 C1 C2
mass1_ref = 30.000000003777256
mass2_ref = 30.000000008620283
minchirp = 26.11641690428007
maxchirp = 26.116616904280068
mincov = 52048016761.508896
maxcov = 5204801676150.89
