
[data]
trigger-time = 1387576346.2484474
injection-file = /work/shashwat.singh/Prospects-of-LGWs/unlens/injection.hdf

[global]
instruments = E1 E2 E3 C1 C2
mass1_ref = 30.000000001748525
mass2_ref = 30.000000004623566
minchirp = 26.116416901657338
maxchirp = 26.116616901657338
mincov = 152162523167.41464
maxcov = 15216252316741.465
