
[data]
trigger-time = 1027243336.6067961
injection-file = /work/shashwat.singh/Prospects-of-LGWs/unlens/injection.hdf

[global]
instruments = E1 E2 E3 C1 C2
mass1_ref = 30.000000001772346
mass2_ref = 30.000000004494645
minchirp = 26.116416901611593
maxchirp = 26.116616901611593
mincov = 147137210525.54694
maxcov = 14713721052554.695
