
[data]
trigger-time = 1898779565.7012258
injection-file = /work/shashwat.singh/Prospects-of-LGWs/unlens/injection.hdf

[global]
instruments = E1 E2 E3 C1 C2
mass1_ref = 30.00000000385885
mass2_ref = 30.000000006251238
minchirp = 26.116416903284396
maxchirp = 26.116616903284395
mincov = 20508486553.19101
maxcov = 2050848655319.101
