
[data]
trigger-time = 1692500691.267305
injection-file = /work/shashwat.singh/Prospects-of-LGWs/unlens/injection.hdf

[global]
instruments = E1 E2 E3 C1 C2
mass1_ref = 30.000000000909097
mass2_ref = 30.000000006398853
minchirp = 26.116416902064696
maxchirp = 26.116616902064695
mincov = 72005356809.80305
maxcov = 7200535680980.305
