
[data]
trigger-time = 1620796369.076622
injection-file = /work/shashwat.singh/Prospects-of-LGWs/unlens/injection.hdf

[global]
instruments = E1 E2 E3 C1 C2
mass1_ref = 30.00000000784047
mass2_ref = 30.00000000783568
minchirp = 26.116416905707165
maxchirp = 26.116616905707165
mincov = 177881610216.8587
maxcov = 17788161021685.87
