
[data]
trigger-time = 1321505868.3491101
injection-file = /work/shashwat.singh/Prospects-of-LGWs/unlens/injection.hdf

[global]
instruments = E1 E2 E3 C1 C2
mass1_ref = 30.00000000599965
mass2_ref = 30.000000007307037
minchirp = 26.1164169046758
maxchirp = 26.116616904675798
mincov = 95041890486.77666
maxcov = 9504189048677.666
