
[data]
trigger-time = 1318865214.168248
injection-file = /work/shashwat.singh/Prospects-of-LGWs/unlens/injection.hdf

[global]
instruments = E1 E2 E3 C1 C2
mass1_ref = 30.000000003088285
mass2_ref = 30.000000005485628
minchirp = 26.116416902615736
maxchirp = 26.116616902615736
mincov = 52016039231.29762
maxcov = 5201603923129.763
