
[data]
trigger-time = 1885148154.0952752
injection-file = /work/shashwat.singh/Prospects-of-LGWs/unlens/injection.hdf

[global]
instruments = E1 E2 E3 C1 C2
mass1_ref = 30.000000005020116
mass2_ref = 30.000000008381967
minchirp = 26.116416904717322
maxchirp = 26.116616904717322
mincov = 178200202028.51166
maxcov = 17820020202851.168
