
[data]
trigger-time = 1239163954.9620376
injection-file = /work/shashwat.singh/Prospects-of-LGWs/unlens/injection.hdf

[global]
instruments = E1 E2 E3 C1 C2
mass1_ref = 30.00000000372121
mass2_ref = 30.000000000775966
minchirp = 26.116416900841234
maxchirp = 26.116616900841233
mincov = 146703963071.42694
maxcov = 14670396307142.693
