
[data]
trigger-time = 1038479865.6653093
injection-file = /work/shashwat.singh/Prospects-of-LGWs/unlens/injection.hdf

[global]
instruments = E1 E2 E3 C1 C2
mass1_ref = 30.000000000661892
mass2_ref = 30.00000000391876
minchirp = 26.11641690087757
maxchirp = 26.11661690087757
mincov = 165253461690.4914
maxcov = 16525346169049.139
