
[data]
trigger-time = 1164554777.1882644
injection-file = /work/shashwat.singh/Prospects-of-LGWs/unlens/injection.hdf

[global]
instruments = E1 E2 E3 C1 C2
mass1_ref = 30.000000005402025
mass2_ref = 30.000000005652836
minchirp = 26.116416903695633
maxchirp = 26.116616903695633
mincov = 123372927425.65915
maxcov = 12337292742565.916
