
[data]
trigger-time = 1951441860.9535143
injection-file = /work/shashwat.singh/Prospects-of-LGWs/unlens/injection.hdf

[global]
instruments = E1 E2 E3 C1 C2
mass1_ref = 30.00000000055154
mass2_ref = 30.000000000947686
minchirp = 26.1164168995363
maxchirp = 26.1166168995363
mincov = 165745890358.82474
maxcov = 16574589035882.473
