
[data]
trigger-time = 1398729930.1053402
injection-file = /work/shashwat.singh/Prospects-of-LGWs/unlens/injection.hdf

[global]
instruments = E1 E2 E3 C1 C2
mass1_ref = 30.000000002989548
mass2_ref = 30.00000000434186
minchirp = 26.116416902074906
maxchirp = 26.116616902074906
mincov = 76627391286.8245
maxcov = 7662739128682.449
