
[data]
trigger-time = 1606278029.4069147
injection-file = /work/shashwat.singh/Prospects-of-LGWs/unlens/injection.hdf

[global]
instruments = E1 E2 E3 C1 C2
mass1_ref = 30.00000000449233
mass2_ref = 30.000000006727042
minchirp = 26.116416903767238
maxchirp = 26.116616903767238
mincov = 141326131111.28864
maxcov = 14132613111128.863
