
[data]
trigger-time = 1047370428.0260595
injection-file = /work/shashwat.singh/Prospects-of-LGWs/unlens/injection.hdf

[global]
instruments = E1 E2 E3 C1 C2
mass1_ref = 30.00000000010956
mass2_ref = 30.000000009701278
minchirp = 26.11641690315414
maxchirp = 26.11661690315414
mincov = 106542451456.18167
maxcov = 10654245145618.166
