
[data]
trigger-time = 1400016000.4643974
injection-file = /work/shashwat.singh/Prospects-of-LGWs/unlens/injection.hdf

[global]
instruments = E1 E2 E3 C1 C2
mass1_ref = 30.00000000399998
mass2_ref = 30.000000009853032
minchirp = 26.116416904913596
maxchirp = 26.116616904913595
mincov = 59870710118.040184
maxcov = 5987071011804.019
