
[data]
trigger-time = 1542804383.948501
injection-file = /work/shashwat.singh/Prospects-of-LGWs/unlens/injection.hdf

[global]
instruments = E1 E2 E3 C1 C2
mass1_ref = 30.000000009672014
mass2_ref = 30.00000000738361
minchirp = 26.116416906307617
maxchirp = 26.116616906307616
mincov = 147735829475.8447
maxcov = 14773582947584.47
