
[data]
trigger-time = 1907029416.6941097
injection-file = /work/shashwat.singh/Prospects-of-LGWs/unlens/injection.hdf

[global]
instruments = E1 E2 E3 C1 C2
mass1_ref = 30.000000001716067
mass2_ref = 30.00000000428159
minchirp = 26.116416901494354
maxchirp = 26.116616901494353
mincov = 177557955321.13458
maxcov = 17755795532113.46
