
[data]
trigger-time = 1034260691.3655052
injection-file = /work/shashwat.singh/Prospects-of-LGWs/unlens/injection.hdf

[global]
instruments = E1 E2 E3 C1 C2
mass1_ref = 30.00000000488485
mass2_ref = 30.000000006832103
minchirp = 26.116416903983826
maxchirp = 26.116616903983825
mincov = 61948088738.62252
maxcov = 6194808873862.252
