
[data]
trigger-time = 1305546771.680447
injection-file = /work/shashwat.singh/Prospects-of-LGWs/unlens/injection.hdf

[global]
instruments = E1 E2 E3 C1 C2
mass1_ref = 30.000000008170694
mass2_ref = 30.000000006142482
minchirp = 26.116416905113898
maxchirp = 26.116616905113897
mincov = 139712793771.13223
maxcov = 13971279377113.223
