
[data]
trigger-time = 1324353468.652758
injection-file = /work/shashwat.singh/Prospects-of-LGWs/unlens/injection.hdf

[global]
instruments = E1 E2 E3 C1 C2
mass1_ref = 30.00000000275194
mass2_ref = 30.00000000723141
minchirp = 26.11641690322923
maxchirp = 26.11661690322923
mincov = 33515433202.775
maxcov = 3351543320277.5
