
[data]
trigger-time = 1281781860.5801394
injection-file = /work/shashwat.singh/Prospects-of-LGWs/unlens/injection.hdf

[global]
instruments = E1 E2 E3 C1 C2
mass1_ref = 30.00000000819862
mass2_ref = 30.000000008594036
minchirp = 26.11641690619315
maxchirp = 26.11661690619315
mincov = 175789393959.3398
maxcov = 17578939395933.982
