
[data]
trigger-time = 1473933387.23266
injection-file = /work/shashwat.singh/Prospects-of-LGWs/unlens/injection.hdf

[global]
instruments = E1 E2 E3 C1 C2
mass1_ref = 30.000000009030394
mass2_ref = 30.000000004401194
minchirp = 26.116416904730162
maxchirp = 26.11661690473016
mincov = 140202287210.7081
maxcov = 14020228721070.81
