
[data]
trigger-time = 1698598359.0392663
injection-file = /work/shashwat.singh/Prospects-of-LGWs/unlens/injection.hdf

[global]
instruments = E1 E2 E3 C1 C2
mass1_ref = 30.0000000038908
mass2_ref = 30.000000003875773
minchirp = 26.116416902264323
maxchirp = 26.116616902264322
mincov = 51066492072.25484
maxcov = 5106649207225.483
