
[data]
trigger-time = 1197280567.7350855
injection-file = /work/shashwat.singh/Prospects-of-LGWs/unlens/injection.hdf

[global]
instruments = E1 E2 E3 C1 C2
mass1_ref = 30.000000009138613
mass2_ref = 30.000000000930743
minchirp = 26.116416903266668
maxchirp = 26.116616903266667
mincov = 39524404056.598236
maxcov = 3952440405659.8237
