
[data]
trigger-time = 1980430257.9101028
injection-file = /work/shashwat.singh/Prospects-of-LGWs/unlens/injection.hdf

[global]
instruments = E1 E2 E3 C1 C2
mass1_ref = 30.000000005439016
mass2_ref = 30.00000000745814
minchirp = 26.11641690449754
maxchirp = 26.11661690449754
mincov = 38116416844.03349
maxcov = 3811641684403.3496
