
[data]
trigger-time = 1858017375.0791454
injection-file = /work/shashwat.singh/Prospects-of-LGWs/unlens/injection.hdf

[global]
instruments = E1 E2 E3 C1 C2
mass1_ref = 30.00000000390975
mass2_ref = 30.00000000543281
minchirp = 26.116416902950313
maxchirp = 26.116616902950312
mincov = 86727755284.7021
maxcov = 8672775528470.21
