
[data]
trigger-time = 1995161055.975588
injection-file = /work/shashwat.singh/Prospects-of-LGWs/unlens/injection.hdf

[global]
instruments = E1 E2 E3 C1 C2
mass1_ref = 30.000000009154217
mass2_ref = 30.00000000819754
minchirp = 26.116416906436516
maxchirp = 26.116616906436516
mincov = 23682272111.414677
maxcov = 2368227211141.468
