
[data]
trigger-time = 1768927165.6804519
injection-file = /work/shashwat.singh/Prospects-of-LGWs/unlens/injection.hdf

[global]
instruments = E1 E2 E3 C1 C2
mass1_ref = 30.00000000044567
mass2_ref = 30.00000000066815
minchirp = 26.11641689936854
maxchirp = 26.11661689936854
mincov = 118949935761.34714
maxcov = 11894993576134.715
