
[data]
trigger-time = 1965278334.4731698
injection-file = /work/shashwat.singh/Prospects-of-LGWs/unlens/injection.hdf

[global]
instruments = E1 E2 E3 C1 C2
mass1_ref = 30.00000000550982
mass2_ref = 30.0000000016708
minchirp = 26.11641690200927
maxchirp = 26.11661690200927
mincov = 16732450367.350836
maxcov = 1673245036735.0835
