
[data]
trigger-time = 1336850649.7783499
injection-file = /work/shashwat.singh/Prospects-of-LGWs/unlens/injection.hdf

[global]
instruments = E1 E2 E3 C1 C2
mass1_ref = 30.00000000857754
mass2_ref = 30.00000000859366
minchirp = 26.116416906357923
maxchirp = 26.116616906357923
mincov = 104814071415.24744
maxcov = 10481407141524.744
