
[data]
trigger-time = 1679118534.8556988
injection-file = /work/shashwat.singh/Prospects-of-LGWs/unlens/injection.hdf

[global]
instruments = E1 E2 E3 C1 C2
mass1_ref = 30.00000000197269
mass2_ref = 30.00000000099824
minchirp = 26.116416900176898
maxchirp = 26.116616900176897
mincov = 139946137358.7389
maxcov = 13994613735873.889
