
[data]
trigger-time = 1937759217.7366252
injection-file = /work/shashwat.singh/Prospects-of-LGWs/unlens/injection.hdf

[global]
instruments = E1 E2 E3 C1 C2
mass1_ref = 30.00000000429369
mass2_ref = 30.000000000763993
minchirp = 26.11641690108521
maxchirp = 26.11661690108521
mincov = 39687921097.68718
maxcov = 3968792109768.7183
