
[data]
trigger-time = 1288995138.252691
injection-file = /work/shashwat.singh/Prospects-of-LGWs/unlens/injection.hdf

[global]
instruments = E1 E2 E3 C1 C2
mass1_ref = 30.000000002145676
mass2_ref = 30.000000002914064
minchirp = 26.116416901086104
maxchirp = 26.116616901086104
mincov = 88627991361.29257
maxcov = 8862799136129.256
