
[data]
trigger-time = 1939705971.72084
injection-file = /work/shashwat.singh/Prospects-of-LGWs/unlens/injection.hdf

[global]
instruments = E1 E2 E3 C1 C2
mass1_ref = 30.000000004085106
mass2_ref = 30.00000000462533
minchirp = 26.116416902675162
maxchirp = 26.116616902675162
mincov = 176232515975.15784
maxcov = 17623251597515.785
