
[data]
trigger-time = 1457595550.6344416
injection-file = /work/shashwat.singh/Prospects-of-LGWs/unlens/injection.hdf

[global]
instruments = E1 E2 E3 C1 C2
mass1_ref = 30.00000000819602
mass2_ref = 30.000000001304958
minchirp = 26.116416903019264
maxchirp = 26.116616903019263
mincov = 97603802156.78732
maxcov = 9760380215678.732
