
[data]
trigger-time = 1045045679.2238579
injection-file = /work/shashwat.singh/Prospects-of-LGWs/unlens/injection.hdf

[global]
instruments = E1 E2 E3 C1 C2
mass1_ref = 30.00000000742608
mass2_ref = 30.000000002486548
minchirp = 26.11641690319845
maxchirp = 26.116616903198448
mincov = 56019676510.766846
maxcov = 5601967651076.685
