
[data]
trigger-time = 1912771116.7479167
injection-file = /work/shashwat.singh/Prospects-of-LGWs/unlens/injection.hdf

[global]
instruments = E1 E2 E3 C1 C2
mass1_ref = 30.000000009300006
mass2_ref = 30.00000000044233
minchirp = 26.11641690312432
maxchirp = 26.11661690312432
mincov = 62955575228.037575
maxcov = 6295557522803.758
