
[data]
trigger-time = 1424185885.7129889
injection-file = /work/shashwat.singh/Prospects-of-LGWs/unlens/injection.hdf

[global]
instruments = E1 E2 E3 C1 C2
mass1_ref = 30.000000002581572
mass2_ref = 30.000000003284214
minchirp = 26.116416901436956
maxchirp = 26.116616901436956
mincov = 129114763879.87898
maxcov = 12911476387987.898
