
[data]
trigger-time = 1649094114.3635871
injection-file = /work/shashwat.singh/Prospects-of-LGWs/unlens/injection.hdf

[global]
instruments = E1 E2 E3 C1 C2
mass1_ref = 30.000000005079418
mass2_ref = 30.00000000493485
minchirp = 26.116416903242687
maxchirp = 26.116616903242686
mincov = 49231501416.64
maxcov = 4923150141664.0
