
[data]
trigger-time = 1498225273.5542107
injection-file = /work/shashwat.singh/Prospects-of-LGWs/unlens/injection.hdf

[global]
instruments = E1 E2 E3 C1 C2
mass1_ref = 30.000000009457263
mass2_ref = 30.000000006818645
minchirp = 26.116416905968226
maxchirp = 26.116616905968225
mincov = 57760045226.56398
maxcov = 5776004522656.397
