
[data]
trigger-time = 1062144400.882402
injection-file = /work/shashwat.singh/Prospects-of-LGWs/unlens/injection.hdf

[global]
instruments = E1 E2 E3 C1 C2
mass1_ref = 30.000000008918022
mass2_ref = 30.00000000859228
minchirp = 26.116416906505528
maxchirp = 26.116616906505527
mincov = 143070450798.93457
maxcov = 14307045079893.457
