
[data]
trigger-time = 1399398120.0468612
injection-file = /work/shashwat.singh/Prospects-of-LGWs/unlens/injection.hdf

[global]
instruments = E1 E2 E3 C1 C2
mass1_ref = 30.000000007784173
mass2_ref = 30.00000000217081
minchirp = 26.116416903216884
maxchirp = 26.116616903216883
mincov = 152453555622.4104
maxcov = 15245355562241.04
