
[data]
trigger-time = 1405587307.8103178
injection-file = /work/shashwat.singh/Prospects-of-LGWs/unlens/injection.hdf

[global]
instruments = E1 E2 E3 C1 C2
mass1_ref = 30.000000003393684
mass2_ref = 30.000000008007124
minchirp = 26.116416903846215
maxchirp = 26.116616903846214
mincov = 176401570975.44452
maxcov = 17640157097544.453
