
[data]
trigger-time = 1986173967.8942308
injection-file = /work/shashwat.singh/Prospects-of-LGWs/unlens/injection.hdf

[global]
instruments = E1 E2 E3 C1 C2
mass1_ref = 30.000000002611863
mass2_ref = 30.000000000759602
minchirp = 26.11641690035124
maxchirp = 26.11661690035124
mincov = 136070752242.51932
maxcov = 13607075224251.932
