
[data]
trigger-time = 1786591477.0249643
injection-file = /work/shashwat.singh/Prospects-of-LGWs/unlens/injection.hdf

[global]
instruments = E1 E2 E3 C1 C2
mass1_ref = 30.000000003420965
mass2_ref = 30.000000009555496
minchirp = 26.11641690453206
maxchirp = 26.11661690453206
mincov = 145907521098.24542
maxcov = 14590752109824.541
