
[data]
trigger-time = 1769316200.9314597
injection-file = /work/shashwat.singh/Prospects-of-LGWs/unlens/injection.hdf

[global]
instruments = E1 E2 E3 C1 C2
mass1_ref = 30.000000002814875
mass2_ref = 30.000000002769088
minchirp = 26.116416901314285
maxchirp = 26.116616901314284
mincov = 16749688951.215603
maxcov = 1674968895121.5603
