
[data]
trigger-time = 1149932546.3120623
injection-file = /work/shashwat.singh/Prospects-of-LGWs/unlens/injection.hdf

[global]
instruments = E1 E2 E3 C1 C2
mass1_ref = 30.00000000925417
mass2_ref = 30.000000002492975
minchirp = 26.116416903996967
maxchirp = 26.116616903996967
mincov = 153676615542.48816
maxcov = 15367661554248.816
