
[data]
trigger-time = 1134594258.8027828
injection-file = /work/shashwat.singh/Prospects-of-LGWs/unlens/injection.hdf

[global]
instruments = E1 E2 E3 C1 C2
mass1_ref = 30.000000007822198
mass2_ref = 30.00000000225453
minchirp = 26.116416903269876
maxchirp = 26.116616903269875
mincov = 40722501479.00255
maxcov = 4072250147900.2544
