
[data]
trigger-time = 1687991426.2081985
injection-file = /work/shashwat.singh/Prospects-of-LGWs/unlens/injection.hdf

[global]
instruments = E1 E2 E3 C1 C2
mass1_ref = 30.000000009290854
mass2_ref = 30.00000000405187
minchirp = 26.116416904691484
maxchirp = 26.116616904691483
mincov = 76589270264.38213
maxcov = 7658927026438.213
