
[data]
trigger-time = 1041416486.3023425
injection-file = /work/shashwat.singh/Prospects-of-LGWs/unlens/injection.hdf

[global]
instruments = E1 E2 E3 C1 C2
mass1_ref = 30.00000000555826
mass2_ref = 30.000000003778723
minchirp = 26.116416902947883
maxchirp = 26.116616902947882
mincov = 9942868054.9958
maxcov = 994286805499.5801
