
[data]
trigger-time = 1214378435.2493525
injection-file = /work/shashwat.singh/Prospects-of-LGWs/unlens/injection.hdf

[global]
instruments = E1 E2 E3 C1 C2
mass1_ref = 30.000000002427882
mass2_ref = 30.000000002619863
minchirp = 26.116416901080882
maxchirp = 26.11661690108088
mincov = 120112584187.87224
maxcov = 12011258418787.225
