
[data]
trigger-time = 1617883866.5907824
injection-file = /work/shashwat.singh/Prospects-of-LGWs/unlens/injection.hdf

[global]
instruments = E1 E2 E3 C1 C2
mass1_ref = 30.000000006326854
mass2_ref = 30.00000000417691
minchirp = 26.116416903455754
maxchirp = 26.116616903455753
mincov = 123083600712.77129
maxcov = 12308360071277.129
