
[data]
trigger-time = 1692595594.2992678
injection-file = /work/shashwat.singh/Prospects-of-LGWs/unlens/injection.hdf

[global]
instruments = E1 E2 E3 C1 C2
mass1_ref = 30.000000006712927
mass2_ref = 30.000000000848434
minchirp = 26.116416902174997
maxchirp = 26.116616902174997
mincov = 136096453921.76318
maxcov = 13609645392176.318
