
[data]
trigger-time = 1799435870.0839927
injection-file = /work/shashwat.singh/Prospects-of-LGWs/unlens/injection.hdf

[global]
instruments = E1 E2 E3 C1 C2
mass1_ref = 30.000000003126175
mass2_ref = 30.00000000565322
minchirp = 26.11641690270518
maxchirp = 26.11661690270518
mincov = 95496573678.30225
maxcov = 9549657367830.225
