
[data]
trigger-time = 1002062853.9852023
injection-file = /work/shashwat.singh/Prospects-of-LGWs/unlens/injection.hdf

[global]
instruments = E1 E2 E3 C1 C2
mass1_ref = 30.00000000495904
mass2_ref = 30.000000002839762
minchirp = 26.11641690227835
maxchirp = 26.11661690227835
mincov = 26348528960.10121
maxcov = 2634852896010.121
