
[data]
trigger-time = 1114155679.9364085
injection-file = /work/shashwat.singh/Prospects-of-LGWs/unlens/injection.hdf

[global]
instruments = E1 E2 E3 C1 C2
mass1_ref = 30.00000000944058
mass2_ref = 30.000000000355907
minchirp = 26.116416903147893
maxchirp = 26.116616903147893
mincov = 106503663021.79996
maxcov = 10650366302179.996
