
[data]
trigger-time = 1355219353.3085077
injection-file = /work/shashwat.singh/Prospects-of-LGWs/unlens/injection.hdf

[global]
instruments = E1 E2 E3 C1 C2
mass1_ref = 30.00000000456159
mass2_ref = 30.000000003814623
minchirp = 26.116416902529682
maxchirp = 26.11661690252968
mincov = 179785032807.12427
maxcov = 17978503280712.426
