
[data]
trigger-time = 1167962923.2057614
injection-file = /work/shashwat.singh/Prospects-of-LGWs/unlens/injection.hdf

[global]
instruments = E1 E2 E3 C1 C2
mass1_ref = 30.00000000461011
mass2_ref = 30.000000004325337
minchirp = 26.116416902773107
maxchirp = 26.116616902773107
mincov = 73539044256.16081
maxcov = 7353904425616.082
