
[data]
trigger-time = 1777299090.3505244
injection-file = /work/shashwat.singh/Prospects-of-LGWs/unlens/injection.hdf

[global]
instruments = E1 E2 E3 C1 C2
mass1_ref = 30.000000002138982
mass2_ref = 30.00000000759171
minchirp = 26.11641690311925
maxchirp = 26.11661690311925
mincov = 59967524027.295876
maxcov = 5996752402729.588
