
[data]
trigger-time = 1357811266.8982944
injection-file = /work/shashwat.singh/Prospects-of-LGWs/unlens/injection.hdf

[global]
instruments = E1 E2 E3 C1 C2
mass1_ref = 30.000000000733987
mass2_ref = 30.000000001134694
minchirp = 26.116416899697118
maxchirp = 26.116616899697117
mincov = 126394372134.38321
maxcov = 12639437213438.32
