
[data]
trigger-time = 1073016952.9487509
injection-file = /work/shashwat.singh/Prospects-of-LGWs/unlens/injection.hdf

[global]
instruments = E1 E2 E3 C1 C2
mass1_ref = 30.000000009701346
mass2_ref = 30.000000000537057
minchirp = 26.116416903340248
maxchirp = 26.116616903340248
mincov = 162573870000.02695
maxcov = 16257387000002.695
