
[data]
trigger-time = 1979165340.5825727
injection-file = /work/shashwat.singh/Prospects-of-LGWs/unlens/injection.hdf

[global]
instruments = E1 E2 E3 C1 C2
mass1_ref = 30.000000003618116
mass2_ref = 30.000000000658257
minchirp = 26.116416900745122
maxchirp = 26.11661690074512
mincov = 4763314387.648367
maxcov = 476331438764.8367
