
[data]
trigger-time = 1077978670.2013814
injection-file = /work/shashwat.singh/Prospects-of-LGWs/unlens/injection.hdf

[global]
instruments = E1 E2 E3 C1 C2
mass1_ref = 30.000000003376886
mass2_ref = 30.000000002852552
minchirp = 26.116416901595247
maxchirp = 26.116616901595247
mincov = 127829857852.59416
maxcov = 12782985785259.416
