
[data]
trigger-time = 1679077526.3946595
injection-file = /work/shashwat.singh/Prospects-of-LGWs/unlens/injection.hdf

[global]
instruments = E1 E2 E3 C1 C2
mass1_ref = 30.000000004672632
mass2_ref = 30.00000000314463
minchirp = 26.116416902286385
maxchirp = 26.116616902286385
mincov = 166807595934.5717
maxcov = 16680759593457.168
