
[data]
trigger-time = 1750805568.387753
injection-file = /work/shashwat.singh/Prospects-of-LGWs/unlens/injection.hdf

[global]
instruments = E1 E2 E3 C1 C2
mass1_ref = 30.00000000067592
mass2_ref = 30.000000008249437
minchirp = 26.11641690276871
maxchirp = 26.11661690276871
mincov = 2432983941.9555626
maxcov = 243298394195.55627
