
[data]
trigger-time = 1969832648.118441
injection-file = /work/shashwat.singh/Prospects-of-LGWs/unlens/injection.hdf

[global]
instruments = E1 E2 E3 C1 C2
mass1_ref = 30.000000000915758
mass2_ref = 30.00000000048785
minchirp = 26.11641689949468
maxchirp = 26.11661689949468
mincov = 80499225079.96518
maxcov = 8049922507996.519
