
[data]
trigger-time = 1535755712.8857589
injection-file = /work/shashwat.singh/Prospects-of-LGWs/unlens/injection.hdf

[global]
instruments = E1 E2 E3 C1 C2
mass1_ref = 30.000000002316803
mass2_ref = 30.000000009585662
minchirp = 26.11641690406457
maxchirp = 26.11661690406457
mincov = 39812608461.02445
maxcov = 3981260846102.4453
