
[data]
trigger-time = 1995810357.1110058
injection-file = /work/shashwat.singh/Prospects-of-LGWs/unlens/injection.hdf

[global]
instruments = E1 E2 E3 C1 C2
mass1_ref = 30.000000001213593
mass2_ref = 30.00000000138667
minchirp = 26.116416900015555
maxchirp = 26.116616900015554
mincov = 71572239713.978
maxcov = 7157223971397.801
