
[data]
trigger-time = 1253153523.607007
injection-file = /work/shashwat.singh/Prospects-of-LGWs/unlens/injection.hdf

[global]
instruments = E1 E2 E3 C1 C2
mass1_ref = 30.000000003289024
mass2_ref = 30.00000000715169
minchirp = 26.11641690342831
maxchirp = 26.11661690342831
mincov = 65247069720.6001
maxcov = 6524706972060.01
