
[data]
trigger-time = 1635044559.505681
injection-file = /work/shashwat.singh/Prospects-of-LGWs/unlens/injection.hdf

[global]
instruments = E1 E2 E3 C1 C2
mass1_ref = 30.000000009078725
mass2_ref = 30.00000000134848
minchirp = 26.11641690342243
maxchirp = 26.11661690342243
mincov = 3693385.421689222
maxcov = 369338542.1689222
