
[data]
trigger-time = 1991771825.3619788
injection-file = /work/shashwat.singh/Prospects-of-LGWs/unlens/injection.hdf

[global]
instruments = E1 E2 E3 C1 C2
mass1_ref = 30.000000004574613
mass2_ref = 30.000000000429576
minchirp = 26.116416901061925
maxchirp = 26.116616901061924
mincov = 136154295797.50288
maxcov = 13615429579750.29
