
[data]
trigger-time = 1286338933.7353141
injection-file = /work/shashwat.singh/Prospects-of-LGWs/unlens/injection.hdf

[global]
instruments = E1 E2 E3 C1 C2
mass1_ref = 30.00000000213524
mass2_ref = 30.000000003959343
minchirp = 26.116416901536546
maxchirp = 26.116616901536545
mincov = 128378078779.76628
maxcov = 12837807877976.629
