
[data]
trigger-time = 1988268855.2945638
injection-file = /work/shashwat.singh/Prospects-of-LGWs/unlens/injection.hdf

[global]
instruments = E1 E2 E3 C1 C2
mass1_ref = 30.000000006460667
mass2_ref = 30.000000008705793
minchirp = 26.11641690548531
maxchirp = 26.11661690548531
mincov = 164881219409.78644
maxcov = 16488121940978.643
