
[data]
trigger-time = 1809447328.037807
injection-file = /work/shashwat.singh/Prospects-of-LGWs/unlens/injection.hdf

[global]
instruments = E1 E2 E3 C1 C2
mass1_ref = 30.000000000491017
mass2_ref = 30.000000008996434
minchirp = 26.116416903013377
maxchirp = 26.116616903013377
mincov = 178695860581.81836
maxcov = 17869586058181.836
