
[data]
trigger-time = 1708088235.7265573
injection-file = /work/shashwat.singh/Prospects-of-LGWs/unlens/injection.hdf

[global]
instruments = E1 E2 E3 C1 C2
mass1_ref = 30.000000003960494
mass2_ref = 30.000000001578382
minchirp = 26.116416901294663
maxchirp = 26.116616901294663
mincov = 60514388547.39104
maxcov = 6051438854739.104
