
[data]
trigger-time = 1469785293.4404945
injection-file = /home/ss/Prospects-of-LGWs/unlens/injection.hdf

[global]
instruments = E1 E2 E3 C1
mass1_ref = 30.000000000579497
mass2_ref = 30.000000004407372
minchirp = 26.116416901054386
maxchirp = 26.116616901054385
mincov = 22333557405.601162
maxcov = 2233355740560.116
