
[data]
trigger-time = 1320701864.3723016
injection-file = /work/shashwat.singh/Prospects-of-LGWs/unlens/injection.hdf

[global]
instruments = E1 E2 E3 C1 C2
mass1_ref = 30.000000009648154
mass2_ref = 30.00000000399151
minchirp = 26.11641690482073
maxchirp = 26.11661690482073
mincov = 130415097002.16646
maxcov = 13041509700216.645
