
[data]
trigger-time = 1465459920.42649
injection-file = /work/shashwat.singh/Prospects-of-LGWs/unlens/injection.hdf

[global]
instruments = E1 E2 E3 C1 C2
mass1_ref = 30.00000000879727
mass2_ref = 30.000000007734656
minchirp = 26.116416906079664
maxchirp = 26.116616906079663
mincov = 306871612.0316519
maxcov = 30687161203.16519
