
[data]
trigger-time = 1896464051.2780433
injection-file = /work/shashwat.singh/Prospects-of-LGWs/unlens/injection.hdf

[global]
instruments = E1 E2 E3 C1 C2
mass1_ref = 30.000000001457156
mass2_ref = 30.000000005072007
minchirp = 26.116416901725707
maxchirp = 26.116616901725706
mincov = 73207119767.56192
maxcov = 7320711976756.191
