
[data]
trigger-time = 1341386935.3427863
injection-file = /work/shashwat.singh/Prospects-of-LGWs/unlens/injection.hdf

[global]
instruments = E1 E2 E3 C1 C2
mass1_ref = 30.000000005590383
mass2_ref = 30.00000000109543
minchirp = 26.116416901793894
maxchirp = 26.116616901793893
mincov = 149958844443.76514
maxcov = 14995884444376.514
