
[data]
trigger-time = 1586529688.0301805
injection-file = /work/shashwat.singh/Prospects-of-LGWs/unlens/injection.hdf

[global]
instruments = E1 E2 E3 C1 C2
mass1_ref = 30.000000006474348
mass2_ref = 30.00000000347869
minchirp = 26.116416903216038
maxchirp = 26.116616903216038
mincov = 18521792198.72836
maxcov = 1852179219872.836
