
[data]
trigger-time = 1065317248.9318937
injection-file = /work/shashwat.singh/Prospects-of-LGWs/unlens/injection.hdf

[global]
instruments = E1 E2 E3 C1 C2
mass1_ref = 30.000000001241023
mass2_ref = 30.000000007398572
minchirp = 26.116416902644325
maxchirp = 26.116616902644324
mincov = 132786732043.26498
maxcov = 13278673204326.5
