
[data]
trigger-time = 1862930167.112249
injection-file = /work/shashwat.singh/Prospects-of-LGWs/unlens/injection.hdf

[global]
instruments = E1 E2 E3 C1 C2
mass1_ref = 30.00000000891712
mass2_ref = 30.00000000765543
minchirp = 26.116416906097346
maxchirp = 26.116616906097345
mincov = 93885997734.67389
maxcov = 9388599773467.389
