
[data]
trigger-time = 1827961452.5553074
injection-file = /work/shashwat.singh/Prospects-of-LGWs/unlens/injection.hdf

[global]
instruments = E1 E2 E3 C1 C2
mass1_ref = 30.00000000230253
mass2_ref = 30.00000000231701
minchirp = 26.116416900894496
maxchirp = 26.116616900894496
mincov = 131497740982.68253
maxcov = 13149774098268.252
