
[data]
trigger-time = 1369381859.3999135
injection-file = /work/shashwat.singh/Prospects-of-LGWs/unlens/injection.hdf

[global]
instruments = E1 E2 E3 C1 C2
mass1_ref = 30.000000002931078
mass2_ref = 30.00000000742824
minchirp = 26.11641690339288
maxchirp = 26.11661690339288
mincov = 70130974956.51138
maxcov = 7013097495651.139
