
[data]
trigger-time = 1836493446.546924
injection-file = /work/shashwat.singh/Prospects-of-LGWs/unlens/injection.hdf

[global]
instruments = E1 E2 E3 C1 C2
mass1_ref = 30.000000002450648
mass2_ref = 30.000000006549516
minchirp = 26.116416902801273
maxchirp = 26.116616902801272
mincov = 6630110879.508863
maxcov = 663011087950.8864
