
[data]
trigger-time = 1960254737.6160336
injection-file = /work/shashwat.singh/Prospects-of-LGWs/unlens/injection.hdf

[global]
instruments = E1 E2 E3 C1 C2
mass1_ref = 30.00000000805012
mass2_ref = 30.00000000089332
minchirp = 26.11641690277658
maxchirp = 26.11661690277658
mincov = 7390104561.74805
maxcov = 739010456174.8049
