
[data]
trigger-time = 1931709977.6159625
injection-file = /work/shashwat.singh/Prospects-of-LGWs/unlens/injection.hdf

[global]
instruments = E1 E2 E3 C1 C2
mass1_ref = 30.00000000510356
mass2_ref = 30.000000008237866
minchirp = 26.11641690469092
maxchirp = 26.11661690469092
mincov = 42101804675.24556
maxcov = 4210180467524.556
