
[data]
trigger-time = 1202907650.3035088
injection-file = /work/shashwat.singh/Prospects-of-LGWs/unlens/injection.hdf

[global]
instruments = E1 E2 E3 C1 C2
mass1_ref = 30.000000006465672
mass2_ref = 30.00000000806278
minchirp = 26.1164169052076
maxchirp = 26.1166169052076
mincov = 34372365025.22623
maxcov = 3437236502522.6226
