
[data]
trigger-time = 1213491644.4785051
injection-file = /work/shashwat.singh/Prospects-of-LGWs/unlens/injection.hdf

[global]
instruments = E1 E2 E3 C1 C2
mass1_ref = 30.000000003186933
mass2_ref = 30.00000000598331
minchirp = 26.116416902875304
maxchirp = 26.116616902875304
mincov = 12327802556.66097
maxcov = 1232780255666.0972
