
[data]
trigger-time = 1948369718.488275
injection-file = /work/shashwat.singh/Prospects-of-LGWs/unlens/injection.hdf

[global]
instruments = E1 E2 E3 C1 C2
mass1_ref = 30.000000007807927
mass2_ref = 30.000000002015142
minchirp = 26.116416903159465
maxchirp = 26.116616903159464
mincov = 343626338.1041933
maxcov = 34362633810.41933
