
[data]
trigger-time = 1354473105.887098
injection-file = /work/shashwat.singh/Prospects-of-LGWs/unlens/injection.hdf

[global]
instruments = E1 E2 E3 C1 C2
mass1_ref = 30.00000000967795
mass2_ref = 30.00000000759791
minchirp = 26.116416906403483
maxchirp = 26.116616906403483
mincov = 63306654843.859985
maxcov = 6330665484385.998
