
[data]
trigger-time = 1068994578.5312173
injection-file = /work/shashwat.singh/Prospects-of-LGWs/unlens/injection.hdf

[global]
instruments = E1 E2 E3 C1 C2
mass1_ref = 30.00000000850749
mass2_ref = 30.00000000937787
minchirp = 26.116416906668782
maxchirp = 26.11661690666878
mincov = 78651576664.5773
maxcov = 7865157666457.7295
