
[data]
trigger-time = 1211559172.541443
injection-file = /work/shashwat.singh/Prospects-of-LGWs/unlens/injection.hdf

[global]
instruments = E1 E2 E3 C1 C2
mass1_ref = 30.000000008778674
mass2_ref = 30.000000001166306
minchirp = 26.116416903212528
maxchirp = 26.116616903212527
mincov = 108310730881.86003
maxcov = 10831073088186.004
