
[data]
trigger-time = 1774476223.841782
injection-file = /work/shashwat.singh/Prospects-of-LGWs/unlens/injection.hdf

[global]
instruments = E1 E2 E3 C1 C2
mass1_ref = 30.000000006745456
mass2_ref = 30.000000001695287
minchirp = 26.11641690255777
maxchirp = 26.11661690255777
mincov = 31367967634.64876
maxcov = 3136796763464.876
