
[data]
trigger-time = 1692697687.965066
injection-file = /work/shashwat.singh/Prospects-of-LGWs/unlens/injection.hdf

[global]
instruments = E1 E2 E3 C1 C2
mass1_ref = 30.000000006751414
mass2_ref = 30.000000007635347
minchirp = 26.116416905145922
maxchirp = 26.11661690514592
mincov = 172932033488.10156
maxcov = 17293203348810.156
