
[data]
trigger-time = 1623522820.697782
injection-file = /work/shashwat.singh/Prospects-of-LGWs/unlens/injection.hdf

[global]
instruments = E1 E2 E3 C1 C2
mass1_ref = 30.00000000898581
mass2_ref = 30.00000000762071
minchirp = 26.116416906112132
maxchirp = 26.11661690611213
mincov = 154736462447.121
maxcov = 15473646244712.1
