
[data]
trigger-time = 1139363520.8750973
injection-file = /work/shashwat.singh/Prospects-of-LGWs/unlens/injection.hdf

[global]
instruments = E1 E2 E3 C1 C2
mass1_ref = 30.00000000948337
mass2_ref = 30.00000000410188
minchirp = 26.11641690479705
maxchirp = 26.11661690479705
mincov = 66949591346.223854
maxcov = 6694959134622.385
