
[data]
trigger-time = 1072369322.7807678
injection-file = /work/shashwat.singh/Prospects-of-LGWs/unlens/injection.hdf

[global]
instruments = E1 E2 E3 C1 C2
mass1_ref = 30.000000001976513
mass2_ref = 30.00000000630878
minchirp = 26.11641690249011
maxchirp = 26.116616902490108
mincov = 23674676372.604027
maxcov = 2367467637260.403
