
[data]
trigger-time = 1198131365.689971
injection-file = /work/shashwat.singh/Prospects-of-LGWs/unlens/injection.hdf

[global]
instruments = E1 E2 E3 C1 C2
mass1_ref = 30.000000007454098
mass2_ref = 30.000000007782944
minchirp = 26.116416905516033
maxchirp = 26.116616905516032
mincov = 73403529091.86618
maxcov = 7340352909186.617
