
[data]
trigger-time = 1355546503.4769711
injection-file = /work/shashwat.singh/Prospects-of-LGWs/unlens/injection.hdf

[global]
instruments = E1 E2 E3 C1 C2
mass1_ref = 30.000000006469726
mass2_ref = 30.000000000813298
minchirp = 26.116416902053846
maxchirp = 26.116616902053845
mincov = 30405173023.63035
maxcov = 3040517302363.0347
