
[data]
trigger-time = 1152426575.3042932
injection-file = /work/shashwat.singh/Prospects-of-LGWs/unlens/injection.hdf

[global]
instruments = E1 E2 E3 C1 C2
mass1_ref = 30.000000006885244
mass2_ref = 30.000000008563074
minchirp = 26.116416905607995
maxchirp = 26.116616905607994
mincov = 3782263910.363838
maxcov = 378226391036.3838
