
[data]
trigger-time = 1547759719.2742062
injection-file = /work/shashwat.singh/Prospects-of-LGWs/unlens/injection.hdf

[global]
instruments = E1 E2 E3 C1 C2
mass1_ref = 30.000000008643667
mass2_ref = 30.000000007353435
minchirp = 26.11641690584687
maxchirp = 26.11661690584687
mincov = 86833268215.80266
maxcov = 8683326821580.266
