
[data]
trigger-time = 1283091897.3032048
injection-file = /work/shashwat.singh/Prospects-of-LGWs/unlens/injection.hdf

[global]
instruments = E1 E2 E3 C1 C2
mass1_ref = 30.000000006327333
mass2_ref = 30.00000000750951
minchirp = 26.11641690490656
maxchirp = 26.11661690490656
mincov = 71125352068.03526
maxcov = 7112535206803.526
