
[data]
trigger-time = 1235855507.3460238
injection-file = /work/shashwat.singh/Prospects-of-LGWs/unlens/injection.hdf

[global]
instruments = E1 E2 E3 C1 C2
mass1_ref = 30.000000004400004
mass2_ref = 30.00000000990222
minchirp = 26.11641690510913
maxchirp = 26.11661690510913
mincov = 129223087501.89473
maxcov = 12922308750189.473
