
[data]
trigger-time = 1896428742.6262624
injection-file = /work/shashwat.singh/Prospects-of-LGWs/unlens/injection.hdf

[global]
instruments = E1 E2 E3 C1 C2
mass1_ref = 30.000000004059984
mass2_ref = 30.000000002183544
minchirp = 26.11641690160138
maxchirp = 26.11661690160138
mincov = 43585342693.687256
maxcov = 4358534269368.7256
