
[data]
trigger-time = 1103133192.5901492
injection-file = /work/shashwat.singh/Prospects-of-LGWs/unlens/injection.hdf

[global]
instruments = E1 E2 E3 C1 C2
mass1_ref = 30.000000007470437
mass2_ref = 30.00000000912588
minchirp = 26.11641690610769
maxchirp = 26.11661690610769
mincov = 8859652509.622646
maxcov = 885965250962.2645
