
[data]
trigger-time = 1265021414.3731835
injection-file = /work/shashwat.singh/Prospects-of-LGWs/unlens/injection.hdf

[global]
instruments = E1 E2 E3 C1 C2
mass1_ref = 30.000000007509854
mass2_ref = 30.00000000860208
minchirp = 26.116416905896852
maxchirp = 26.11661690589685
mincov = 9406930181.446674
maxcov = 940693018144.6674
