
[data]
trigger-time = 1358079233.0464644
injection-file = /work/shashwat.singh/Prospects-of-LGWs/unlens/injection.hdf

[global]
instruments = E1 E2 E3 C1 C2
mass1_ref = 30.000000002078625
mass2_ref = 30.000000007007564
minchirp = 26.11641690283872
maxchirp = 26.116616902838718
mincov = 39710956547.58695
maxcov = 3971095654758.6953
