
[data]
trigger-time = 1840271070.4493124
injection-file = /work/shashwat.singh/Prospects-of-LGWs/unlens/injection.hdf

[global]
instruments = E1 E2 E3 C1 C2
mass1_ref = 30.000000008735956
mass2_ref = 30.000000000075676
minchirp = 26.11641690271921
maxchirp = 26.11661690271921
mincov = 139619120645.12064
maxcov = 13961912064512.062
