
[data]
trigger-time = 1971489616.1384034
injection-file = /work/shashwat.singh/Prospects-of-LGWs/unlens/injection.hdf

[global]
instruments = E1 E2 E3 C1 C2
mass1_ref = 30.00000000025215
mass2_ref = 30.000000006563134
minchirp = 26.11641690185025
maxchirp = 26.11661690185025
mincov = 15931218821.5595
maxcov = 1593121882155.95
