
[data]
trigger-time = 1979566735.82303
injection-file = /work/shashwat.singh/Prospects-of-LGWs/unlens/injection.hdf

[global]
instruments = E1 E2 E3 C1 C2
mass1_ref = 30.000000006773647
mass2_ref = 30.0000000049597
minchirp = 26.11641690399096
maxchirp = 26.11661690399096
mincov = 15420992007.107813
maxcov = 1542099200710.7812
