
[data]
trigger-time = 1444995175.9745345
injection-file = /work/shashwat.singh/Prospects-of-LGWs/unlens/injection.hdf

[global]
instruments = E1 E2 E3 C1 C2
mass1_ref = 30.000000003866194
mass2_ref = 30.00000000398991
minchirp = 26.116416902303293
maxchirp = 26.116616902303292
mincov = 114565595247.89836
maxcov = 11456559524789.836
