
[data]
trigger-time = 1425941826.9778292
injection-file = /work/shashwat.singh/Prospects-of-LGWs/unlens/injection.hdf

[global]
instruments = E1 E2 E3 C1 C2
mass1_ref = 30.000000002963432
mass2_ref = 30.000000002601684
minchirp = 26.11641690130608
maxchirp = 26.11661690130608
mincov = 36463528714.94029
maxcov = 3646352871494.0293
