
[data]
trigger-time = 1001163495.6759926
injection-file = /work/shashwat.singh/Prospects-of-LGWs/unlens/injection.hdf

[global]
instruments = E1 E2 E3 C1 C2
mass1_ref = 30.00000000927261
mass2_ref = 30.00000000051384
minchirp = 26.116416903143527
maxchirp = 26.116616903143527
mincov = 28883070129.2549
maxcov = 2888307012925.49
