
[data]
trigger-time = 1899423465.5617828
injection-file = /work/shashwat.singh/Prospects-of-LGWs/unlens/injection.hdf

[global]
instruments = E1 E2 E3 C1 C2
mass1_ref = 30.000000000846917
mass2_ref = 30.000000004122132
minchirp = 26.11641690104663
maxchirp = 26.11661690104663
mincov = 106194480331.52548
maxcov = 10619448033152.549
