
[data]
trigger-time = 1399704883.345667
injection-file = /work/shashwat.singh/Prospects-of-LGWs/unlens/injection.hdf

[global]
instruments = E1 E2 E3 C1 C2
mass1_ref = 30.000000008565426
mass2_ref = 30.000000000718916
minchirp = 26.116416902924968
maxchirp = 26.116616902924967
mincov = 132999353276.54788
maxcov = 13299935327654.787
