
[data]
trigger-time = 1803966147.3195872
injection-file = /work/shashwat.singh/Prospects-of-LGWs/unlens/injection.hdf

[global]
instruments = E1 E2 E3 C1 C2
mass1_ref = 30.000000004408637
mass2_ref = 30.000000002368942
minchirp = 26.116416901833837
maxchirp = 26.116616901833837
mincov = 84419106021.62698
maxcov = 8441910602162.699
