
[data]
trigger-time = 1300557294.7871516
injection-file = /work/shashwat.singh/Prospects-of-LGWs/unlens/injection.hdf

[global]
instruments = E1 E2 E3 C1 C2
mass1_ref = 30.000000007987666
mass2_ref = 30.000000002257902
minchirp = 26.116416903343367
maxchirp = 26.116616903343367
mincov = 21697152138.405704
maxcov = 2169715213840.5703
