
[data]
trigger-time = 1299569469.7819319
injection-file = /work/shashwat.singh/Prospects-of-LGWs/unlens/injection.hdf

[global]
instruments = E1 E2 E3 C1 C2
mass1_ref = 30.000000007198004
mass2_ref = 30.00000000795086
minchirp = 26.11641690547765
maxchirp = 26.11661690547765
mincov = 97214985756.11362
maxcov = 9721498575611.361
