
[data]
trigger-time = 1923153034.5206118
injection-file = /work/shashwat.singh/Prospects-of-LGWs/unlens/injection.hdf

[global]
instruments = E1 E2 E3 C1 C2
mass1_ref = 30.000000003065082
mass2_ref = 30.000000000471832
minchirp = 26.116416900423257
maxchirp = 26.116616900423256
mincov = 3299335443.1523786
maxcov = 329933544315.23785
