
[data]
trigger-time = 1612269522.8237448
injection-file = /work/shashwat.singh/Prospects-of-LGWs/unlens/injection.hdf

[global]
instruments = E1 E2 E3 C1 C2
mass1_ref = 30.000000001323357
mass2_ref = 30.00000000229464
minchirp = 26.11641690045855
maxchirp = 26.11661690045855
mincov = 173057979351.82523
maxcov = 17305797935182.521
