
[data]
trigger-time = 1303038622.2235408
injection-file = /work/shashwat.singh/Prospects-of-LGWs/unlens/injection.hdf

[global]
instruments = E1 E2 E3 C1 C2
mass1_ref = 30.000000005083983
mass2_ref = 30.000000006043074
minchirp = 26.116416903727057
maxchirp = 26.116616903727056
mincov = 171880182616.31577
maxcov = 17188018261631.578
