
[data]
trigger-time = 1021329020.3108847
injection-file = /work/shashwat.singh/Prospects-of-LGWs/unlens/injection.hdf

[global]
instruments = E1 E2 E3 C1 C2
mass1_ref = 30.0000000042697
mass2_ref = 30.000000000809283
minchirp = 26.11641690109448
maxchirp = 26.11661690109448
mincov = 164780344498.47455
maxcov = 16478034449847.453
