
[data]
trigger-time = 1852481249.0187368
injection-file = /work/shashwat.singh/Prospects-of-LGWs/unlens/injection.hdf

[global]
instruments = E1 E2 E3 C1 C2
mass1_ref = 30.000000007406122
mass2_ref = 30.00000000538098
minchirp = 26.116416904449636
maxchirp = 26.116616904449636
mincov = 72761989668.55109
maxcov = 7276198966855.108
