
[data]
trigger-time = 1886887909.885354
injection-file = /work/shashwat.singh/Prospects-of-LGWs/unlens/injection.hdf

[global]
instruments = E1 E2 E3 C1 C2
mass1_ref = 30.000000004655128
mass2_ref = 30.00000000552144
minchirp = 26.116416903313333
maxchirp = 26.116616903313332
mincov = 105289535430.42755
maxcov = 10528953543042.756
