
[data]
trigger-time = 1252352908.3801975
injection-file = /work/shashwat.singh/Prospects-of-LGWs/unlens/injection.hdf

[global]
instruments = E1 E2 E3 C1 C2
mass1_ref = 30.00000000148797
mass2_ref = 30.00000000478334
minchirp = 26.116416901613473
maxchirp = 26.116616901613472
mincov = 157200990259.0967
maxcov = 15720099025909.67
