
[data]
trigger-time = 1567331877.0673976
injection-file = /work/shashwat.singh/Prospects-of-LGWs/unlens/injection.hdf

[global]
instruments = E1 E2 E3 C1 C2
mass1_ref = 30.00000000828829
mass2_ref = 30.00000000990779
minchirp = 26.11641690680403
maxchirp = 26.11661690680403
mincov = 174583401614.42657
maxcov = 17458340161442.658
