
[data]
trigger-time = 1383150470.5560029
injection-file = /work/shashwat.singh/Prospects-of-LGWs/unlens/injection.hdf

[global]
instruments = E1 E2 E3 C1 C2
mass1_ref = 30.000000006322683
mass2_ref = 30.000000008070497
minchirp = 26.116416905148718
maxchirp = 26.116616905148717
mincov = 100094663358.73502
maxcov = 10009466335873.5
