
[data]
trigger-time = 1218352720.024596
injection-file = /work/shashwat.singh/Prospects-of-LGWs/unlens/injection.hdf

[global]
instruments = E1 E2 E3 C1 C2
mass1_ref = 30.000000001009894
mass2_ref = 30.000000000969013
minchirp = 26.116416899745094
maxchirp = 26.116616899745093
mincov = 156668007677.49335
maxcov = 15666800767749.336
