
[data]
trigger-time = 1305692475.7826438
injection-file = /work/shashwat.singh/Prospects-of-LGWs/unlens/injection.hdf

[global]
instruments = E1 E2 E3 C1 C2
mass1_ref = 30.000000001519084
mass2_ref = 30.000000005343413
minchirp = 26.1164169018708
maxchirp = 26.1166169018708
mincov = 168069122037.8929
maxcov = 16806912203789.293
