
[data]
trigger-time = 1110652218.3064613
injection-file = /work/shashwat.singh/Prospects-of-LGWs/unlens/injection.hdf

[global]
instruments = E1 E2 E3 C1 C2
mass1_ref = 30.000000002199116
mass2_ref = 30.00000000146649
minchirp = 26.116416900479273
maxchirp = 26.116616900479272
mincov = 96605237262.23976
maxcov = 9660523726223.977
