
[data]
trigger-time = 1470427417.6369545
injection-file = /work/shashwat.singh/Prospects-of-LGWs/unlens/injection.hdf

[global]
instruments = E1 E2 E3 C1 C2
mass1_ref = 30.000000007462628
mass2_ref = 30.000000007097256
minchirp = 26.116416905221282
maxchirp = 26.11661690522128
mincov = 101285286321.876
maxcov = 10128528632187.6
