
[data]
trigger-time = 1703620183.0806684
injection-file = /work/shashwat.singh/Prospects-of-LGWs/unlens/injection.hdf

[global]
instruments = E1 E2 E3 C1 C2
mass1_ref = 30.000000003963606
mass2_ref = 30.00000000532169
minchirp = 26.116416902925387
maxchirp = 26.116616902925387
mincov = 41398170983.2683
maxcov = 4139817098326.8306
