
[data]
trigger-time = 1013623782.2054638
injection-file = /work/shashwat.singh/Prospects-of-LGWs/unlens/injection.hdf

[global]
instruments = E1 E2 E3 C1 C2
mass1_ref = 30.000000002823846
mass2_ref = 30.000000008858684
minchirp = 26.11641690396884
maxchirp = 26.11661690396884
mincov = 65802821002.465004
maxcov = 6580282100246.5
