
[data]
trigger-time = 1448569888.3042498
injection-file = /work/shashwat.singh/Prospects-of-LGWs/unlens/injection.hdf

[global]
instruments = E1 E2 E3 C1 C2
mass1_ref = 30.000000002215224
mass2_ref = 30.00000000053658
minchirp = 26.116416900081518
maxchirp = 26.116616900081517
mincov = 179007048293.35135
maxcov = 17900704829335.133
