
[data]
trigger-time = 1949796191.3098884
injection-file = /work/shashwat.singh/Prospects-of-LGWs/unlens/injection.hdf

[global]
instruments = E1 E2 E3 C1 C2
mass1_ref = 30.00000000321208
mass2_ref = 30.00000000669993
minchirp = 26.11641690319818
maxchirp = 26.116616903198178
mincov = 28383872499.768463
maxcov = 2838387249976.846
