
[data]
trigger-time = 1551545589.9263783
injection-file = /work/shashwat.singh/Prospects-of-LGWs/unlens/injection.hdf

[global]
instruments = E1 E2 E3 C1 C2
mass1_ref = 30.000000005063075
mass2_ref = 30.00000000413642
minchirp = 26.116416902888037
maxchirp = 26.116616902888037
mincov = 33771651756.95464
maxcov = 3377165175695.464
