
[data]
trigger-time = 1188975269.7798274
injection-file = /work/shashwat.singh/Prospects-of-LGWs/unlens/injection.hdf

[global]
instruments = E1 E2 E3 C1 C2
mass1_ref = 30.00000000836879
mass2_ref = 30.000000007563955
minchirp = 26.116416905818856
maxchirp = 26.116616905818855
mincov = 2178277502.2373915
maxcov = 217827750223.73914
