
[data]
trigger-time = 1552842732.5464683
injection-file = /work/shashwat.singh/Prospects-of-LGWs/unlens/injection.hdf

[global]
instruments = E1 E2 E3 C1 C2
mass1_ref = 30.000000002299853
mass2_ref = 30.00000000030763
minchirp = 26.1164169000187
maxchirp = 26.1166169000187
mincov = 82534370823.6494
maxcov = 8253437082364.94
