
[data]
trigger-time = 1910801102.2986555
injection-file = /work/shashwat.singh/Prospects-of-LGWs/unlens/injection.hdf

[global]
instruments = E1 E2 E3 C1 C2
mass1_ref = 30.00000000879847
mass2_ref = 30.000000007218727
minchirp = 26.116416905855612
maxchirp = 26.11661690585561
mincov = 26022222205.057693
maxcov = 2602222220505.7695
