
[data]
trigger-time = 1297596765.6838837
injection-file = /work/shashwat.singh/Prospects-of-LGWs/unlens/injection.hdf

[global]
instruments = E1 E2 E3 C1 C2
mass1_ref = 30.00000000035999
mass2_ref = 30.000000004196888
minchirp = 26.116416900867222
maxchirp = 26.11661690086722
mincov = 137915639074.826
maxcov = 13791563907482.6
