
[data]
trigger-time = 1167113133.3144464
injection-file = /work/shashwat.singh/Prospects-of-LGWs/unlens/injection.hdf

[global]
instruments = E1 E2 E3 C1 C2
mass1_ref = 30.000000003156725
mass2_ref = 30.00000000308454
minchirp = 26.11641690160039
maxchirp = 26.11661690160039
mincov = 169118177070.38605
maxcov = 16911817707038.605
