
[data]
trigger-time = 1437524504.8765936
injection-file = /work/shashwat.singh/Prospects-of-LGWs/unlens/injection.hdf

[global]
instruments = E1 E2 E3 C1 C2
mass1_ref = 30.00000000194088
mass2_ref = 30.00000000753924
minchirp = 26.116416903010187
maxchirp = 26.116616903010186
mincov = 103100807279.49086
maxcov = 10310080727949.086
