
[data]
trigger-time = 1229327988.462849
injection-file = /work/shashwat.singh/Prospects-of-LGWs/unlens/injection.hdf

[global]
instruments = E1 E2 E3 C1 C2
mass1_ref = 30.000000007478043
mass2_ref = 30.000000009157482
minchirp = 26.11641690612476
maxchirp = 26.116616906124758
mincov = 139705273178.45804
maxcov = 13970527317845.803
