
[data]
trigger-time = 1201401714.7570019
injection-file = /work/shashwat.singh/Prospects-of-LGWs/unlens/injection.hdf

[global]
instruments = E1 E2 E3 C1 C2
mass1_ref = 30.0000000046222
mass2_ref = 30.000000007313105
minchirp = 26.116416904078868
maxchirp = 26.116616904078867
mincov = 48233958469.70881
maxcov = 4823395846970.881
