
[data]
trigger-time = 1242792160.2568588
injection-file = /work/shashwat.singh/Prospects-of-LGWs/unlens/injection.hdf

[global]
instruments = E1 E2 E3 C1 C2
mass1_ref = 30.000000000891408
mass2_ref = 30.000000008163024
minchirp = 26.116416902824895
maxchirp = 26.116616902824894
mincov = 136952795015.92557
maxcov = 13695279501592.557
