
[data]
trigger-time = 1821763051.307105
injection-file = /work/shashwat.singh/Prospects-of-LGWs/unlens/injection.hdf

[global]
instruments = E1 E2 E3 C1 C2
mass1_ref = 30.000000004000977
mass2_ref = 30.000000008462937
minchirp = 26.11641690430896
maxchirp = 26.11661690430896
mincov = 89555417216.87369
maxcov = 8955541721687.37
