
[data]
trigger-time = 1177154473.2453513
injection-file = /work/shashwat.singh/Prospects-of-LGWs/unlens/injection.hdf

[global]
instruments = E1 E2 E3 C1 C2
mass1_ref = 30.000000005988124
mass2_ref = 30.000000004696673
minchirp = 26.116416903534553
maxchirp = 26.116616903534553
mincov = 58667805052.98348
maxcov = 5866780505298.349
