
[data]
trigger-time = 1446190183.3837392
injection-file = /work/shashwat.singh/Prospects-of-LGWs/unlens/injection.hdf

[global]
instruments = E1 E2 E3 C1 C2
mass1_ref = 30.000000002981672
mass2_ref = 30.00000000903186
minchirp = 26.11641690411292
maxchirp = 26.11661690411292
mincov = 73875041540.42368
maxcov = 7387504154042.368
