
[data]
trigger-time = 1936258505.4608474
injection-file = /work/shashwat.singh/Prospects-of-LGWs/unlens/injection.hdf

[global]
instruments = E1 E2 E3 C1 C2
mass1_ref = 30.000000007764445
mass2_ref = 30.000000002974637
minchirp = 26.116416903558182
maxchirp = 26.11661690355818
mincov = 116658084472.34521
maxcov = 11665808447234.521
