
[data]
trigger-time = 1630960475.374658
injection-file = /work/shashwat.singh/Prospects-of-LGWs/unlens/injection.hdf

[global]
instruments = E1 E2 E3 C1 C2
mass1_ref = 30.000000005723464
mass2_ref = 30.000000006273392
minchirp = 26.116416904105662
maxchirp = 26.116616904105662
mincov = 164198670934.10648
maxcov = 16419867093410.646
