
[data]
trigger-time = 1903492835.1701794
injection-file = /work/shashwat.singh/Prospects-of-LGWs/unlens/injection.hdf

[global]
instruments = E1 E2 E3 C1 C2
mass1_ref = 30.0000000042662
mass2_ref = 30.000000003486505
minchirp = 26.116416902258287
maxchirp = 26.116616902258286
mincov = 87169351879.5894
maxcov = 8716935187958.94
