
[data]
trigger-time = 1398835043.1383371
injection-file = /work/shashwat.singh/Prospects-of-LGWs/unlens/injection.hdf

[global]
instruments = E1 E2 E3 C1 C2
mass1_ref = 30.0000000016771
mass2_ref = 30.000000002419316
minchirp = 26.116416900666795
maxchirp = 26.116616900666795
mincov = 107329109782.30942
maxcov = 10732910978230.941
