
[data]
trigger-time = 1741138910.796449
injection-file = /work/shashwat.singh/Prospects-of-LGWs/unlens/injection.hdf

[global]
instruments = E1 E2 E3 C1 C2
mass1_ref = 30.000000006726477
mass2_ref = 30.000000004960068
minchirp = 26.11641690397059
maxchirp = 26.116616903970588
mincov = 100150102351.31798
maxcov = 10015010235131.799
