
[data]
trigger-time = 1845163001.995399
injection-file = /work/shashwat.singh/Prospects-of-LGWs/unlens/injection.hdf

[global]
instruments = E1 E2 E3 C1 C2
mass1_ref = 30.00000000739916
mass2_ref = 30.000000009233087
minchirp = 26.116416906123327
maxchirp = 26.116616906123326
mincov = 145275194863.8148
maxcov = 14527519486381.48
