
[data]
trigger-time = 1602726163.9401975
injection-file = /work/shashwat.singh/Prospects-of-LGWs/unlens/injection.hdf

[global]
instruments = E1 E2 E3 C1 C2
mass1_ref = 30.00000000915345
mass2_ref = 30.000000004092083
minchirp = 26.116416904649178
maxchirp = 26.116616904649177
mincov = 68342114847.41089
maxcov = 6834211484741.089
