
[data]
trigger-time = 1627304889.7175505
injection-file = /work/shashwat.singh/Prospects-of-LGWs/unlens/injection.hdf

[global]
instruments = E1 E2 E3 C1 C2
mass1_ref = 30.000000003437794
mass2_ref = 30.000000006716153
minchirp = 26.116416903303485
maxchirp = 26.116616903303484
mincov = 174606413104.29492
maxcov = 17460641310429.492
