
[data]
trigger-time = 1248430697.512372
injection-file = /work/shashwat.singh/Prospects-of-LGWs/unlens/injection.hdf

[global]
instruments = E1 E2 E3 C1 C2
mass1_ref = 30.000000005358302
mass2_ref = 30.00000000529788
minchirp = 26.116416903522097
maxchirp = 26.116616903522097
mincov = 112028461339.48018
maxcov = 11202846133948.018
