
[data]
trigger-time = 1135832975.2485175
injection-file = /work/shashwat.singh/Prospects-of-LGWs/unlens/injection.hdf

[global]
instruments = E1 E2 E3 C1 C2
mass1_ref = 30.000000003392746
mass2_ref = 30.000000004719787
minchirp = 26.11641690241491
maxchirp = 26.11661690241491
mincov = 122270957880.62825
maxcov = 12227095788062.824
