
[data]
trigger-time = 1542334891.6506171
injection-file = /work/shashwat.singh/Prospects-of-LGWs/unlens/injection.hdf

[global]
instruments = E1 E2 E3 C1 C2
mass1_ref = 30.000000007575032
mass2_ref = 30.000000000154284
minchirp = 26.1164169022481
maxchirp = 26.1166169022481
mincov = 62904754705.69376
maxcov = 6290475470569.376
