
[data]
trigger-time = 1182010151.543803
injection-file = /work/shashwat.singh/Prospects-of-LGWs/unlens/injection.hdf

[global]
instruments = E1 E2 E3 C1 C2
mass1_ref = 30.00000000966886
mass2_ref = 30.000000008740006
minchirp = 26.11641690689665
maxchirp = 26.11661690689665
mincov = 16002775604.939554
maxcov = 1600277560493.9553
