
[data]
trigger-time = 1888318200.0327234
injection-file = /work/shashwat.singh/Prospects-of-LGWs/unlens/injection.hdf

[global]
instruments = E1 E2 E3 C1 C2
mass1_ref = 30.000000009988835
mass2_ref = 30.00000000339926
minchirp = 26.11641690471123
maxchirp = 26.11661690471123
mincov = 146292290727.8527
maxcov = 14629229072785.27
