
[data]
trigger-time = 1693768915.2674546
injection-file = /work/shashwat.singh/Prospects-of-LGWs/unlens/injection.hdf

[global]
instruments = E1 E2 E3 C1 C2
mass1_ref = 30.00000000016496
mass2_ref = 30.00000000506696
minchirp = 26.11641690116105
maxchirp = 26.11661690116105
mincov = 160546521015.0386
maxcov = 16054652101503.86
