
[data]
trigger-time = 1416902234.6423948
injection-file = /work/shashwat.singh/Prospects-of-LGWs/unlens/injection.hdf

[global]
instruments = E1 E2 E3 C1 C2
mass1_ref = 30.00000000109565
mass2_ref = 30.00000000663848
minchirp = 26.1164169022502
maxchirp = 26.1166169022502
mincov = 173144225474.3455
maxcov = 17314422547434.549
