
[data]
trigger-time = 1932340268.6727984
injection-file = /work/shashwat.singh/Prospects-of-LGWs/unlens/injection.hdf

[global]
instruments = E1 E2 E3 C1 C2
mass1_ref = 30.00000000273726
mass2_ref = 30.00000000711544
minchirp = 26.11641690317236
maxchirp = 26.11661690317236
mincov = 174116907083.51392
maxcov = 17411690708351.39
