
[data]
trigger-time = 1507034260.2204661
injection-file = /work/shashwat.singh/Prospects-of-LGWs/unlens/injection.hdf

[global]
instruments = E1 E2 E3 C1 C2
mass1_ref = 30.000000001636888
mass2_ref = 30.000000003450317
minchirp = 26.11641690109806
maxchirp = 26.11661690109806
mincov = 10299004541.413345
maxcov = 1029900454141.3345
