
[data]
trigger-time = 1120405912.1371584
injection-file = /work/shashwat.singh/Prospects-of-LGWs/unlens/injection.hdf

[global]
instruments = E1 E2 E3 C1 C2
mass1_ref = 30.00000000250934
mass2_ref = 30.00000000000426
minchirp = 26.116416899977832
maxchirp = 26.11661689997783
mincov = 151875193569.6534
maxcov = 15187519356965.342
