
[data]
trigger-time = 1742404430.20737
injection-file = /work/shashwat.singh/Prospects-of-LGWs/unlens/injection.hdf

[global]
instruments = E1 E2 E3 C1 C2
mass1_ref = 30.000000005941263
mass2_ref = 30.00000000572455
minchirp = 26.116416903961568
maxchirp = 26.116616903961567
mincov = 35380175826.18724
maxcov = 3538017582618.7246
