
[data]
trigger-time = 1064108915.6255907
injection-file = /work/shashwat.singh/Prospects-of-LGWs/unlens/injection.hdf

[global]
instruments = E1 E2 E3 C1 C2
mass1_ref = 30.00000000697936
mass2_ref = 30.000000005811547
minchirp = 26.116416904451288
maxchirp = 26.116616904451288
mincov = 130930952816.33655
maxcov = 13093095281633.654
