
[data]
trigger-time = 1031935737.2856679
injection-file = /work/shashwat.singh/Prospects-of-LGWs/unlens/injection.hdf

[global]
instruments = E1 E2 E3 C1 C2
mass1_ref = 30.000000006866752
mass2_ref = 30.0000000062213
minchirp = 26.116416904580632
maxchirp = 26.11661690458063
mincov = 179045703955.5035
maxcov = 17904570395550.35
