
[data]
trigger-time = 1393687217.7034407
injection-file = /work/shashwat.singh/Prospects-of-LGWs/unlens/injection.hdf

[global]
instruments = E1 E2 E3 C1 C2
mass1_ref = 30.000000008298812
mass2_ref = 30.000000005634625
minchirp = 26.116416904948604
maxchirp = 26.116616904948604
mincov = 17763441490.720177
maxcov = 1776344149072.0176
