
[data]
trigger-time = 1493984035.0558414
injection-file = /work/shashwat.singh/Prospects-of-LGWs/unlens/injection.hdf

[global]
instruments = E1 E2 E3 C1 C2
mass1_ref = 30.00000000781879
mass2_ref = 30.000000003999507
minchirp = 26.11641690402794
maxchirp = 26.11661690402794
mincov = 152605899463.0218
maxcov = 15260589946302.178
