
[data]
trigger-time = 1595913314.6955385
injection-file = /work/shashwat.singh/Prospects-of-LGWs/unlens/injection.hdf

[global]
instruments = E1 E2 E3 C1 C2
mass1_ref = 30.00000000506189
mass2_ref = 30.00000000906565
minchirp = 26.116416905033095
maxchirp = 26.116616905033094
mincov = 179013299414.75116
maxcov = 17901329941475.113
