
[data]
trigger-time = 1304287340.3470657
injection-file = /work/shashwat.singh/Prospects-of-LGWs/unlens/injection.hdf

[global]
instruments = E1 E2 E3 C1 C2
mass1_ref = 30.00000000035659
mass2_ref = 30.000000006155336
minchirp = 26.116416901718203
maxchirp = 26.116616901718203
mincov = 92215851770.25066
maxcov = 9221585177025.066
