
[data]
trigger-time = 1407730004.4515214
injection-file = /work/shashwat.singh/Prospects-of-LGWs/unlens/injection.hdf

[global]
instruments = E1 E2 E3 C1 C2
mass1_ref = 30.00000000666142
mass2_ref = 30.00000000476206
minchirp = 26.116416903856084
maxchirp = 26.116616903856084
mincov = 114034025466.89258
maxcov = 11403402546689.258
