
[data]
trigger-time = 1840891682.8349507
injection-file = /work/shashwat.singh/Prospects-of-LGWs/unlens/injection.hdf

[global]
instruments = E1 E2 E3 C1 C2
mass1_ref = 30.000000003680444
mass2_ref = 30.000000006625438
minchirp = 26.11641690336962
maxchirp = 26.116616903369618
mincov = 119577054985.93034
maxcov = 11957705498593.035
