
[data]
trigger-time = 1046083907.5257905
injection-file = /work/shashwat.singh/Prospects-of-LGWs/unlens/injection.hdf

[global]
instruments = E1 E2 E3 C1 C2
mass1_ref = 30.00000000161441
mass2_ref = 30.00000000928518
minchirp = 26.116416903628046
maxchirp = 26.116616903628046
mincov = 16063671901.512043
maxcov = 1606367190151.204
