
[data]
trigger-time = 1491836045.288912
injection-file = /work/shashwat.singh/Prospects-of-LGWs/unlens/injection.hdf

[global]
instruments = E1 E2 E3 C1 C2
mass1_ref = 30.000000001437506
mass2_ref = 30.000000006945932
minchirp = 26.116416902532826
maxchirp = 26.116616902532826
mincov = 30823544163.263264
maxcov = 3082354416326.326
