
[data]
trigger-time = 1604973458.472704
injection-file = /work/shashwat.singh/Prospects-of-LGWs/unlens/injection.hdf

[global]
instruments = E1 E2 E3 C1 C2
mass1_ref = 30.00000000703167
mass2_ref = 30.000000002210413
minchirp = 26.116416902906575
maxchirp = 26.116616902906575
mincov = 145027676174.71863
maxcov = 14502767617471.863
