
[data]
trigger-time = 1949967739.8805366
injection-file = /work/shashwat.singh/Prospects-of-LGWs/unlens/injection.hdf

[global]
instruments = E1 E2 E3 C1 C2
mass1_ref = 30.000000009636103
mass2_ref = 30.000000009945374
minchirp = 26.116416907407057
maxchirp = 26.116616907407057
mincov = 31531097747.502296
maxcov = 3153109774750.2295
