
[data]
trigger-time = 1867740186.7156892
injection-file = /work/shashwat.singh/Prospects-of-LGWs/unlens/injection.hdf

[global]
instruments = E1 E2 E3 C1 C2
mass1_ref = 30.000000005095554
mass2_ref = 30.00000000917716
minchirp = 26.116416905096283
maxchirp = 26.116616905096283
mincov = 141461812319.55804
maxcov = 14146181231955.805
