
[data]
trigger-time = 1018514479.9692638
injection-file = /work/shashwat.singh/Prospects-of-LGWs/unlens/injection.hdf

[global]
instruments = E1 E2 E3 C1 C2
mass1_ref = 30.00000000162245
mass2_ref = 30.000000005740066
minchirp = 26.116416902088446
maxchirp = 26.116616902088445
mincov = 123467347897.37637
maxcov = 12346734789737.637
