
[data]
trigger-time = 1701521209.65656
injection-file = /work/shashwat.singh/Prospects-of-LGWs/unlens/injection.hdf

[global]
instruments = E1 E2 E3 C1 C2
mass1_ref = 30.000000007367092
mass2_ref = 30.00000000230176
minchirp = 26.116416903092336
maxchirp = 26.116616903092336
mincov = 303187813.61330557
maxcov = 30318781361.33056
