
[data]
trigger-time = 1832197782.2693923
injection-file = /work/shashwat.singh/Prospects-of-LGWs/unlens/injection.hdf

[global]
instruments = E1 E2 E3 C1 C2
mass1_ref = 30.000000004770538
mass2_ref = 30.00000000170237
minchirp = 26.11641690170122
maxchirp = 26.11661690170122
mincov = 154410306727.36874
maxcov = 15441030672736.875
