
[data]
trigger-time = 1869389157.1619687
injection-file = /work/shashwat.singh/Prospects-of-LGWs/unlens/injection.hdf

[global]
instruments = E1 E2 E3 C1 C2
mass1_ref = 30.000000004575412
mass2_ref = 30.000000008171433
minchirp = 26.11641690443211
maxchirp = 26.11661690443211
mincov = 60811941903.69576
maxcov = 6081194190369.576
