
[data]
trigger-time = 1401159007.2859993
injection-file = /work/shashwat.singh/Prospects-of-LGWs/unlens/injection.hdf

[global]
instruments = E1 E2 E3 C1 C2
mass1_ref = 30.000000006761134
mass2_ref = 30.000000000992987
minchirp = 26.1164169022589
maxchirp = 26.1166169022589
mincov = 29539147501.245216
maxcov = 2953914750124.5215
