
[data]
trigger-time = 1032463226.094234
injection-file = /work/shashwat.singh/Prospects-of-LGWs/unlens/injection.hdf

[global]
instruments = E1 E2 E3 C1 C2
mass1_ref = 30.000000006275336
mass2_ref = 30.00000000609857
minchirp = 26.11641690426978
maxchirp = 26.11661690426978
mincov = 49018987931.718796
maxcov = 4901898793171.88
