
[data]
trigger-time = 1221741171.9235215
injection-file = /work/shashwat.singh/Prospects-of-LGWs/unlens/injection.hdf

[global]
instruments = E1 E2 E3 C1 C2
mass1_ref = 30.000000009186053
mass2_ref = 30.00000000638245
minchirp = 26.11641690566031
maxchirp = 26.116616905660308
mincov = 177652071435.8568
maxcov = 17765207143585.68
