
[data]
trigger-time = 1905354341.6361072
injection-file = /work/shashwat.singh/Prospects-of-LGWs/unlens/injection.hdf

[global]
instruments = E1 E2 E3 C1 C2
mass1_ref = 30.00000000134903
mass2_ref = 30.00000000513687
minchirp = 26.116416901706874
maxchirp = 26.116616901706873
mincov = 128455885155.24055
maxcov = 12845588515524.055
