
[data]
trigger-time = 1952297624.920542
injection-file = /work/shashwat.singh/Prospects-of-LGWs/unlens/injection.hdf

[global]
instruments = E1 E2 E3 C1 C2
mass1_ref = 30.000000004622898
mass2_ref = 30.000000000466468
minchirp = 26.116416901099
maxchirp = 26.116616901099
mincov = 42984884038.53491
maxcov = 4298488403853.491
