
[data]
trigger-time = 1797498165.2820277
injection-file = /work/shashwat.singh/Prospects-of-LGWs/unlens/injection.hdf

[global]
instruments = E1 E2 E3 C1 C2
mass1_ref = 30.00000000855817
mass2_ref = 30.000000008463854
minchirp = 26.11641690629299
maxchirp = 26.11661690629299
mincov = 40279603152.080246
maxcov = 4027960315208.025
