
[data]
trigger-time = 1490484308.2006094
injection-file = /work/shashwat.singh/Prospects-of-LGWs/unlens/injection.hdf

[global]
instruments = E1 E2 E3 C1 C2
mass1_ref = 30.00000000144001
mass2_ref = 30.000000008714046
minchirp = 26.116416903303534
maxchirp = 26.116616903303534
mincov = 109639183126.4781
maxcov = 10963918312647.81
