
[data]
trigger-time = 1573137295.1663609
injection-file = /work/shashwat.singh/Prospects-of-LGWs/unlens/injection.hdf

[global]
instruments = E1 E2 E3 C1 C2
mass1_ref = 30.00000000426262
mass2_ref = 30.000000004720025
minchirp = 26.11641690279365
maxchirp = 26.11661690279365
mincov = 13872123583.111109
maxcov = 1387212358311.1108
