
[data]
trigger-time = 1084359415.1142852
injection-file = /work/shashwat.singh/Prospects-of-LGWs/unlens/injection.hdf

[global]
instruments = E1 E2 E3 C1 C2
mass1_ref = 30.00000000603566
mass2_ref = 30.000000007372098
minchirp = 26.116416904719788
maxchirp = 26.116616904719788
mincov = 163255477116.2638
maxcov = 16325547711626.379
