
[data]
trigger-time = 1661879040.91955
injection-file = /work/shashwat.singh/Prospects-of-LGWs/unlens/injection.hdf

[global]
instruments = E1 E2 E3 C1 C2
mass1_ref = 30.00000000642131
mass2_ref = 30.0000000006097
minchirp = 26.11641690194415
maxchirp = 26.11661690194415
mincov = 99026004219.54744
maxcov = 9902600421954.744
