
[data]
trigger-time = 1541528320.4847531
injection-file = /work/shashwat.singh/Prospects-of-LGWs/unlens/injection.hdf

[global]
instruments = E1 E2 E3 C1 C2
mass1_ref = 30.00000000695038
mass2_ref = 30.000000000140865
minchirp = 26.116416901970368
maxchirp = 26.116616901970367
mincov = 172394521413.96512
maxcov = 17239452141396.512
