
[data]
trigger-time = 1925429167.3659368
injection-file = /work/shashwat.singh/Prospects-of-LGWs/unlens/injection.hdf

[global]
instruments = E1 E2 E3 C1 C2
mass1_ref = 30.00000000603105
mass2_ref = 30.0000000013752
minchirp = 26.11641690210748
maxchirp = 26.11661690210748
mincov = 124409880198.5487
maxcov = 12440988019854.871
