
[data]
trigger-time = 1140285712.2522175
injection-file = /work/shashwat.singh/Prospects-of-LGWs/unlens/injection.hdf

[global]
instruments = E1 E2 E3 C1 C2
mass1_ref = 30.0000000064352
mass2_ref = 30.000000005302677
minchirp = 26.116416903992935
maxchirp = 26.116616903992934
mincov = 112983347252.92468
maxcov = 11298334725292.469
