
[data]
trigger-time = 1215384902.2707653
injection-file = /work/shashwat.singh/Prospects-of-LGWs/unlens/injection.hdf

[global]
instruments = E1 E2 E3 C1 C2
mass1_ref = 30.000000003567905
mass2_ref = 30.000000002558316
minchirp = 26.116416901550316
maxchirp = 26.116616901550316
mincov = 98829183078.2318
maxcov = 9882918307823.18
