
[data]
trigger-time = 1800714976.164009
injection-file = /work/shashwat.singh/Prospects-of-LGWs/unlens/injection.hdf

[global]
instruments = E1 E2 E3 C1 C2
mass1_ref = 30.000000008484765
mass2_ref = 30.000000004473705
minchirp = 26.11641690452423
maxchirp = 26.11661690452423
mincov = 176886082077.02618
maxcov = 17688608207702.62
