
[data]
trigger-time = 1461759411.6660087
injection-file = /work/shashwat.singh/Prospects-of-LGWs/unlens/injection.hdf

[global]
instruments = E1 E2 E3 C1 C2
mass1_ref = 30.000000006666895
mass2_ref = 30.000000006807774
minchirp = 26.116416904748913
maxchirp = 26.116616904748913
mincov = 108875663274.02269
maxcov = 10887566327402.27
