
[data]
trigger-time = 1432778226.43537
injection-file = /work/shashwat.singh/Prospects-of-LGWs/unlens/injection.hdf

[global]
instruments = E1 E2 E3 C1 C2
mass1_ref = 30.000000002342738
mass2_ref = 30.000000000294524
minchirp = 26.11641690003166
maxchirp = 26.11661690003166
mincov = 153502850500.2663
maxcov = 15350285050026.63
