
[data]
trigger-time = 1726616010.3539205
injection-file = /work/shashwat.singh/Prospects-of-LGWs/unlens/injection.hdf

[global]
instruments = E1 E2 E3 C1 C2
mass1_ref = 30.00000000888331
mass2_ref = 30.000000000112436
minchirp = 26.11641690279935
maxchirp = 26.11661690279935
mincov = 113898704464.68864
maxcov = 11389870446468.865
