
[data]
trigger-time = 1025634476.8382035
injection-file = /work/shashwat.singh/Prospects-of-LGWs/unlens/injection.hdf

[global]
instruments = E1 E2 E3 C1 C2
mass1_ref = 30.00000000617513
mass2_ref = 30.000000001886043
minchirp = 26.116416902392555
maxchirp = 26.116616902392554
mincov = 96629042280.33264
maxcov = 9662904228033.264
