
[data]
trigger-time = 1163490210.9411786
injection-file = /work/shashwat.singh/Prospects-of-LGWs/unlens/injection.hdf

[global]
instruments = E1 E2 E3 C1 C2
mass1_ref = 30.000000008407767
mass2_ref = 30.000000002045706
minchirp = 26.116416903433866
maxchirp = 26.116616903433865
mincov = 121844860303.78447
maxcov = 12184486030378.447
