
[data]
trigger-time = 1114026664.6392481
injection-file = /work/shashwat.singh/Prospects-of-LGWs/unlens/injection.hdf

[global]
instruments = E1 E2 E3 C1 C2
mass1_ref = 30.000000004139295
mass2_ref = 30.00000000231004
minchirp = 26.11641690169096
maxchirp = 26.11661690169096
mincov = 86518815556.5527
maxcov = 8651881555655.271
