
[data]
trigger-time = 1466640310.9584088
injection-file = /work/shashwat.singh/Prospects-of-LGWs/unlens/injection.hdf

[global]
instruments = E1 E2 E3 C1 C2
mass1_ref = 30.000000007194846
mass2_ref = 30.00000000923536
minchirp = 26.116416906035386
maxchirp = 26.116616906035386
mincov = 42257280613.5403
maxcov = 4225728061354.0303
