
[data]
trigger-time = 1851328448.7664404
injection-file = /work/shashwat.singh/Prospects-of-LGWs/unlens/injection.hdf

[global]
instruments = E1 E2 E3 C1 C2
mass1_ref = 30.000000007410765
mass2_ref = 30.000000009728303
minchirp = 26.11641690634394
maxchirp = 26.11661690634394
mincov = 78441378954.91803
maxcov = 7844137895491.803
