
[data]
trigger-time = 1466435847.0824347
injection-file = /work/shashwat.singh/Prospects-of-LGWs/unlens/injection.hdf

[global]
instruments = E1 E2 E3 C1 C2
mass1_ref = 30.000000005131636
mass2_ref = 30.000000001378368
minchirp = 26.11641690171737
maxchirp = 26.116616901717368
mincov = 147967626341.69733
maxcov = 14796762634169.734
