
[data]
trigger-time = 1013939674.4792647
injection-file = /work/shashwat.singh/Prospects-of-LGWs/unlens/injection.hdf

[global]
instruments = E1 E2 E3 C1 C2
mass1_ref = 30.00000000436627
mass2_ref = 30.000000006587587
minchirp = 26.11641690365167
maxchirp = 26.116616903651668
mincov = 8541943693.436505
maxcov = 854194369343.6505
