
[data]
trigger-time = 1952036589.2091842
injection-file = /work/shashwat.singh/Prospects-of-LGWs/unlens/injection.hdf

[global]
instruments = E1 E2 E3 C1 C2
mass1_ref = 30.000000004136346
mass2_ref = 30.000000003800864
minchirp = 26.116416902338596
maxchirp = 26.116616902338595
mincov = 6620769111.9208
maxcov = 662076911192.08
