
[data]
trigger-time = 1355544071.1570122
injection-file = /work/shashwat.singh/Prospects-of-LGWs/unlens/injection.hdf

[global]
instruments = E1 E2 E3 C1 C2
mass1_ref = 30.000000002963247
mass2_ref = 30.00000000587253
minchirp = 26.116416902729718
maxchirp = 26.116616902729717
mincov = 126032242899.16626
maxcov = 12603224289916.625
