
[data]
trigger-time = 1807354772.612697
injection-file = /work/shashwat.singh/Prospects-of-LGWs/unlens/injection.hdf

[global]
instruments = E1 E2 E3 C1 C2
mass1_ref = 30.00000000763117
mass2_ref = 30.00000000432244
minchirp = 26.116416904086833
maxchirp = 26.116616904086833
mincov = 132477982294.20601
maxcov = 13247798229420.602
