
[data]
trigger-time = 1787137449.1928883
injection-file = /work/shashwat.singh/Prospects-of-LGWs/unlens/injection.hdf

[global]
instruments = E1 E2 E3 C1 C2
mass1_ref = 30.000000003707157
mass2_ref = 30.00000000791688
minchirp = 26.11641690394338
maxchirp = 26.11661690394338
mincov = 13614445662.75054
maxcov = 1361444566275.054
