
[data]
trigger-time = 1451480782.4539337
injection-file = /work/shashwat.singh/Prospects-of-LGWs/unlens/injection.hdf

[global]
instruments = E1 E2 E3 C1 C2
mass1_ref = 30.000000002031047
mass2_ref = 30.00000000476384
minchirp = 26.116416901841372
maxchirp = 26.116616901841372
mincov = 174821194886.9256
maxcov = 17482119488692.559
