
[data]
trigger-time = 1655107047.0234895
injection-file = /work/shashwat.singh/Prospects-of-LGWs/unlens/injection.hdf

[global]
instruments = E1 E2 E3 C1 C2
mass1_ref = 30.000000000589615
mass2_ref = 30.000000009614542
minchirp = 26.116416903325344
maxchirp = 26.116616903325344
mincov = 18214359630.139534
maxcov = 1821435963013.9536
