
[data]
trigger-time = 1358102104.8724623
injection-file = /work/shashwat.singh/Prospects-of-LGWs/unlens/injection.hdf

[global]
instruments = E1 E2 E3 C1 C2
mass1_ref = 30.0000000099005
mass2_ref = 30.000000007298755
minchirp = 26.116416906370134
maxchirp = 26.116616906370133
mincov = 48517585592.11094
maxcov = 4851758559211.094
