
[data]
trigger-time = 1865118651.9662843
injection-file = /work/shashwat.singh/Prospects-of-LGWs/unlens/injection.hdf

[global]
instruments = E1 E2 E3 C1 C2
mass1_ref = 30.00000000311007
mass2_ref = 30.00000000621827
minchirp = 26.11641690294412
maxchirp = 26.11661690294412
mincov = 48493163322.09048
maxcov = 4849316332209.048
