
[data]
trigger-time = 1502143509.461611
injection-file = /work/shashwat.singh/Prospects-of-LGWs/unlens/injection.hdf

[global]
instruments = E1 E2 E3 C1 C2
mass1_ref = 30.000000002731078
mass2_ref = 30.000000009189442
minchirp = 26.11641690407243
maxchirp = 26.11661690407243
mincov = 112549612769.40157
maxcov = 11254961276940.156
