
[data]
trigger-time = 1790980437.0792856
injection-file = /work/shashwat.singh/Prospects-of-LGWs/unlens/injection.hdf

[global]
instruments = E1 E2 E3 C1 C2
mass1_ref = 30.000000009892208
mass2_ref = 30.000000005655753
minchirp = 26.116416905651366
maxchirp = 26.116616905651366
mincov = 146980086473.65915
maxcov = 14698008647365.916
