
[data]
trigger-time = 1908860323.8303657
injection-file = /work/shashwat.singh/Prospects-of-LGWs/unlens/injection.hdf

[global]
instruments = E1 E2 E3 C1 C2
mass1_ref = 30.000000003441343
mass2_ref = 30.00000000629966
minchirp = 26.116416903123742
maxchirp = 26.11661690312374
mincov = 8468623255.533452
maxcov = 846862325553.3452
