
[data]
trigger-time = 1628595322.1850243
injection-file = /work/shashwat.singh/Prospects-of-LGWs/unlens/injection.hdf

[global]
instruments = E1 E2 E3 C1 C2
mass1_ref = 30.000000001504603
mass2_ref = 30.000000002845837
minchirp = 26.116416900777363
maxchirp = 26.116616900777363
mincov = 94525733078.84134
maxcov = 9452573307884.133
