
[data]
trigger-time = 1783778815.3498073
injection-file = /work/shashwat.singh/Prospects-of-LGWs/unlens/injection.hdf

[global]
instruments = E1 E2 E3 C1 C2
mass1_ref = 30.000000002671875
mass2_ref = 30.000000006132122
minchirp = 26.116416902715883
maxchirp = 26.116616902715883
mincov = 2544248574.2785945
maxcov = 254424857427.85947
