
[data]
trigger-time = 1083238636.1421392
injection-file = /work/shashwat.singh/Prospects-of-LGWs/unlens/injection.hdf

[global]
instruments = E1 E2 E3 C1 C2
mass1_ref = 30.00000000080524
mass2_ref = 30.000000004824397
minchirp = 26.116416901334166
maxchirp = 26.116616901334165
mincov = 126753509511.44377
maxcov = 12675350951144.377
