
[data]
trigger-time = 1473722860.8148983
injection-file = /work/shashwat.singh/Prospects-of-LGWs/unlens/injection.hdf

[global]
instruments = E1 E2 E3 C1 C2
mass1_ref = 30.000000009685827
mass2_ref = 30.0000000070923
minchirp = 26.116416906186828
maxchirp = 26.116616906186827
mincov = 163886378801.27173
maxcov = 16388637880127.172
