
[data]
trigger-time = 1475855721.8503811
injection-file = /work/shashwat.singh/Prospects-of-LGWs/unlens/injection.hdf

[global]
instruments = E1 E2 E3 C1 C2
mass1_ref = 30.00000000930531
mass2_ref = 30.00000000136729
minchirp = 26.11641690352924
maxchirp = 26.11661690352924
mincov = 20254007781.340225
maxcov = 2025400778134.0225
