
[data]
trigger-time = 1359073690.7006981
injection-file = /work/shashwat.singh/Prospects-of-LGWs/unlens/injection.hdf

[global]
instruments = E1 E2 E3 C1 C2
mass1_ref = 30.000000000505867
mass2_ref = 30.000000003748035
minchirp = 26.116416900735345
maxchirp = 26.116616900735345
mincov = 156132221931.31833
maxcov = 15613222193131.834
