
[data]
trigger-time = 1302331037.4986985
injection-file = /work/shashwat.singh/Prospects-of-LGWs/unlens/injection.hdf

[global]
instruments = E1 E2 E3 C1 C2
mass1_ref = 30.000000007808545
mass2_ref = 30.000000001848225
minchirp = 26.116416903087078
maxchirp = 26.116616903087078
mincov = 116679433675.5665
maxcov = 11667943367556.65
