
[data]
trigger-time = 1349115969.7177746
injection-file = /work/shashwat.singh/Prospects-of-LGWs/unlens/injection.hdf

[global]
instruments = E1 E2 E3 C1 C2
mass1_ref = 30.00000000864854
mass2_ref = 30.00000000796147
minchirp = 26.116416906113653
maxchirp = 26.116616906113652
mincov = 80052549589.00514
maxcov = 8005254958900.514
