
[data]
trigger-time = 1807033669.8267326
injection-file = /work/shashwat.singh/Prospects-of-LGWs/unlens/injection.hdf

[global]
instruments = E1 E2 E3 C1 C2
mass1_ref = 30.000000009149993
mass2_ref = 30.000000009534737
minchirp = 26.116416907016724
maxchirp = 26.116616907016724
mincov = 57510744863.720215
maxcov = 5751074486372.021
