
[data]
trigger-time = 1275169336.2147875
injection-file = /work/shashwat.singh/Prospects-of-LGWs/unlens/injection.hdf

[global]
instruments = E1 E2 E3 C1 C2
mass1_ref = 30.000000006971167
mass2_ref = 30.000000009785353
minchirp = 26.116416906177424
maxchirp = 26.116616906177423
mincov = 121044655081.85965
maxcov = 12104465508185.965
