
[data]
trigger-time = 1519281105.5635233
injection-file = /work/shashwat.singh/Prospects-of-LGWs/unlens/injection.hdf

[global]
instruments = E1 E2 E3 C1 C2
mass1_ref = 30.000000003855817
mass2_ref = 30.000000004355467
minchirp = 26.116416902457896
maxchirp = 26.116616902457896
mincov = 127691902644.39072
maxcov = 12769190264439.072
