
[data]
trigger-time = 1528261210.471551
injection-file = /work/shashwat.singh/Prospects-of-LGWs/unlens/injection.hdf

[global]
instruments = E1 E2 E3 C1 C2
mass1_ref = 30.000000002596632
mass2_ref = 30.000000005626234
minchirp = 26.116416902462937
maxchirp = 26.116616902462937
mincov = 106381839282.63185
maxcov = 10638183928263.186
