
[data]
trigger-time = 1981424224.28295
injection-file = /work/shashwat.singh/Prospects-of-LGWs/unlens/injection.hdf

[global]
instruments = E1 E2 E3 C1 C2
mass1_ref = 30.000000002537995
mass2_ref = 30.000000000323386
minchirp = 26.116416900129213
maxchirp = 26.116616900129213
mincov = 163044848561.1949
maxcov = 16304484856119.488
