
[data]
trigger-time = 1743190850.0398378
injection-file = /work/shashwat.singh/Prospects-of-LGWs/unlens/injection.hdf

[global]
instruments = E1 E2 E3 C1 C2
mass1_ref = 30.00000000662127
mass2_ref = 30.000000009096663
minchirp = 26.116416905725355
maxchirp = 26.116616905725355
mincov = 176348357469.7968
maxcov = 17634835746979.68
