
[data]
trigger-time = 1313506319.865543
injection-file = /work/shashwat.singh/Prospects-of-LGWs/unlens/injection.hdf

[global]
instruments = E1 E2 E3 C1 C2
mass1_ref = 30.0000000032659
mass2_ref = 30.00000000934805
minchirp = 26.116416904374265
maxchirp = 26.116616904374265
mincov = 805198032.4200164
maxcov = 80519803242.00163
