
[data]
trigger-time = 1426797820.8938572
injection-file = /work/shashwat.singh/Prospects-of-LGWs/unlens/injection.hdf

[global]
instruments = E1 E2 E3 C1 C2
mass1_ref = 30.000000006016233
mass2_ref = 30.000000001569873
minchirp = 26.11641690218577
maxchirp = 26.11661690218577
mincov = 50200235724.25917
maxcov = 5020023572425.917
