
[data]
trigger-time = 1323296566.7314608
injection-file = /work/shashwat.singh/Prospects-of-LGWs/unlens/injection.hdf

[global]
instruments = E1 E2 E3 C1 C2
mass1_ref = 30.00000000909301
mass2_ref = 30.000000007627467
minchirp = 26.116416906161735
maxchirp = 26.116616906161735
mincov = 164383926498.17123
maxcov = 16438392649817.125
