
[data]
trigger-time = 1424118621.9676201
injection-file = /work/shashwat.singh/Prospects-of-LGWs/unlens/injection.hdf

[global]
instruments = E1 E2 E3 C1 C2
mass1_ref = 30.000000001586255
mass2_ref = 30.000000006982805
minchirp = 26.116416902613626
maxchirp = 26.116616902613625
mincov = 132422796451.46245
maxcov = 13242279645146.246
