
[data]
trigger-time = 1748240083.44443
injection-file = /work/shashwat.singh/Prospects-of-LGWs/unlens/injection.hdf

[global]
instruments = E1 E2 E3 C1 C2
mass1_ref = 30.000000003330687
mass2_ref = 30.000000006757208
minchirp = 26.116416903274736
maxchirp = 26.116616903274736
mincov = 10228487993.151745
maxcov = 1022848799315.1746
