
[data]
trigger-time = 1193969302.210825
injection-file = /work/shashwat.singh/Prospects-of-LGWs/unlens/injection.hdf

[global]
instruments = E1 E2 E3 C1 C2
mass1_ref = 30.000000004689994
mass2_ref = 30.000000002124526
minchirp = 26.116416901849917
maxchirp = 26.116616901849916
mincov = 150449264538.40854
maxcov = 15044926453840.855
