
[data]
trigger-time = 1103386077.7712643
injection-file = /work/shashwat.singh/Prospects-of-LGWs/unlens/injection.hdf

[global]
instruments = E1 E2 E3 C1 C2
mass1_ref = 30.000000009452005
mass2_ref = 30.000000009043784
minchirp = 26.116416906934486
maxchirp = 26.116616906934485
mincov = 68493306825.12367
maxcov = 6849330682512.367
