
[data]
trigger-time = 1924468387.4345136
injection-file = /work/shashwat.singh/Prospects-of-LGWs/unlens/injection.hdf

[global]
instruments = E1 E2 E3 C1 C2
mass1_ref = 30.00000000745306
mass2_ref = 30.00000000253462
minchirp = 26.116416903231116
maxchirp = 26.116616903231115
mincov = 171333015041.37457
maxcov = 17133301504137.457
