
[data]
trigger-time = 1875346879.573421
injection-file = /work/shashwat.singh/Prospects-of-LGWs/unlens/injection.hdf

[global]
instruments = E1 E2 E3 C1 C2
mass1_ref = 30.000000007553666
mass2_ref = 30.000000004487493
minchirp = 26.116416904124943
maxchirp = 26.116616904124943
mincov = 168376921854.02423
maxcov = 16837692185402.422
