
[data]
trigger-time = 1460988174.4079833
injection-file = /work/shashwat.singh/Prospects-of-LGWs/unlens/injection.hdf

[global]
instruments = E1 E2 E3 C1 C2
mass1_ref = 30.000000008131643
mass2_ref = 30.00000000757377
minchirp = 26.116416905719902
maxchirp = 26.1166169057199
mincov = 38951970814.10437
maxcov = 3895197081410.437
