
[data]
trigger-time = 1478566847.5027854
injection-file = /work/shashwat.singh/Prospects-of-LGWs/unlens/injection.hdf

[global]
instruments = E1 E2 E3 C1 C2
mass1_ref = 30.000000001598462
mass2_ref = 30.000000003111715
minchirp = 26.11641690093395
maxchirp = 26.11661690093395
mincov = 165384547996.14008
maxcov = 16538454799614.008
