
[data]
trigger-time = 1396754866.823125
injection-file = /work/shashwat.singh/Prospects-of-LGWs/unlens/injection.hdf

[global]
instruments = E1 E2 E3 C1 C2
mass1_ref = 30.00000000683427
mass2_ref = 30.000000007140954
minchirp = 26.116416904966794
maxchirp = 26.116616904966794
mincov = 110566972162.03165
maxcov = 11056697216203.164
