
[data]
trigger-time = 1044970599.363758
injection-file = /work/shashwat.singh/Prospects-of-LGWs/unlens/injection.hdf

[global]
instruments = E1 E2 E3 C1 C2
mass1_ref = 30.000000007230195
mass2_ref = 30.000000004195513
minchirp = 26.116416903857054
maxchirp = 26.116616903857054
mincov = 90208791477.1952
maxcov = 9020879147719.52
