
[data]
trigger-time = 1479479029.9856708
injection-file = /work/shashwat.singh/Prospects-of-LGWs/unlens/injection.hdf

[global]
instruments = E1 E2 E3 C1 C2
mass1_ref = 30.000000004045738
mass2_ref = 30.00000000344943
minchirp = 26.116416902146184
maxchirp = 26.116616902146184
mincov = 142723652402.0629
maxcov = 14272365240206.29
