
[data]
trigger-time = 1516444610.113596
injection-file = /work/shashwat.singh/Prospects-of-LGWs/unlens/injection.hdf

[global]
instruments = E1 E2 E3 C1 C2
mass1_ref = 30.000000006580013
mass2_ref = 30.000000001783597
minchirp = 26.116416902524197
maxchirp = 26.116616902524196
mincov = 105543635430.10031
maxcov = 10554363543010.031
