
[data]
trigger-time = 1644151761.3586583
injection-file = /work/shashwat.singh/Prospects-of-LGWs/unlens/injection.hdf

[global]
instruments = E1 E2 E3 C1 C2
mass1_ref = 30.000000001383416
mass2_ref = 30.000000006441155
minchirp = 26.11641690228957
maxchirp = 26.116616902289568
mincov = 46704320030.55348
maxcov = 4670432003055.349
