
[data]
trigger-time = 1408830249.3611257
injection-file = /work/shashwat.singh/Prospects-of-LGWs/unlens/injection.hdf

[global]
instruments = E1 E2 E3 C1 C2
mass1_ref = 30.000000001947882
mass2_ref = 30.000000004864223
minchirp = 26.116416901848865
maxchirp = 26.116616901848865
mincov = 178010066265.86166
maxcov = 17801006626586.168
