
[data]
trigger-time = 1019152191.9440603
injection-file = /work/shashwat.singh/Prospects-of-LGWs/unlens/injection.hdf

[global]
instruments = E1 E2 E3 C1 C2
mass1_ref = 30.00000000102401
mass2_ref = 30.00000000812198
minchirp = 26.11641690286475
maxchirp = 26.11661690286475
mincov = 150334123836.5921
maxcov = 15033412383659.21
