
[data]
trigger-time = 1700762243.6269982
injection-file = /work/shashwat.singh/Prospects-of-LGWs/unlens/injection.hdf

[global]
instruments = E1 E2 E3 C1 C2
mass1_ref = 30.000000002355968
mass2_ref = 30.00000000541515
minchirp = 26.1164169022663
maxchirp = 26.1166169022663
mincov = 68161610.02099392
maxcov = 6816161002.099392
