
[data]
trigger-time = 1857765722.9880457
injection-file = /work/shashwat.singh/Prospects-of-LGWs/unlens/injection.hdf

[global]
instruments = E1 E2 E3 C1 C2
mass1_ref = 30.000000003121226
mass2_ref = 30.000000000399098
minchirp = 26.116416900416034
maxchirp = 26.116616900416034
mincov = 142438489116.87756
maxcov = 14243848911687.756
