
[data]
trigger-time = 1861481209.0339923
injection-file = /work/shashwat.singh/Prospects-of-LGWs/unlens/injection.hdf

[global]
instruments = E1 E2 E3 C1 C2
mass1_ref = 30.000000006004893
mass2_ref = 30.00000000914803
minchirp = 26.11641690547942
maxchirp = 26.116616905479418
mincov = 970910078.9735333
maxcov = 97091007897.35333
