
[data]
trigger-time = 1219510679.1392446
injection-file = /work/shashwat.singh/Prospects-of-LGWs/unlens/injection.hdf

[global]
instruments = E1 E2 E3 C1 C2
mass1_ref = 30.00000000601041
mass2_ref = 30.000000006220393
minchirp = 26.11641690420749
maxchirp = 26.11661690420749
mincov = 163704598592.18634
maxcov = 16370459859218.635
