
[data]
trigger-time = 1414548706.6799886
injection-file = /work/shashwat.singh/Prospects-of-LGWs/unlens/injection.hdf

[global]
instruments = E1 E2 E3 C1 C2
mass1_ref = 30.000000001827047
mass2_ref = 30.00000000564868
minchirp = 26.116416902137722
maxchirp = 26.11661690213772
mincov = 28783857.64860333
maxcov = 2878385764.8603334
