
[data]
trigger-time = 1055981437.1138065
injection-file = /work/shashwat.singh/Prospects-of-LGWs/unlens/injection.hdf

[global]
instruments = E1 E2 E3 C1 C2
mass1_ref = 30.000000000847585
mass2_ref = 30.000000001568818
minchirp = 26.116416899935526
maxchirp = 26.116616899935526
mincov = 58415608120.029686
maxcov = 5841560812002.969
