
[data]
trigger-time = 1467033561.0422056
injection-file = /work/shashwat.singh/Prospects-of-LGWs/unlens/injection.hdf

[global]
instruments = E1 E2 E3 C1 C2
mass1_ref = 30.000000006866554
mass2_ref = 30.000000007274306
minchirp = 26.11641690503889
maxchirp = 26.11661690503889
mincov = 4869393616.402311
maxcov = 486939361640.2312
