
[data]
trigger-time = 1178207466.986767
injection-file = /work/shashwat.singh/Prospects-of-LGWs/unlens/injection.hdf

[global]
instruments = E1 E2 E3 C1 C2
mass1_ref = 30.00000000715883
mass2_ref = 30.000000002874124
minchirp = 26.116416903250823
maxchirp = 26.116616903250822
mincov = 61135544846.117836
maxcov = 6113554484611.783
