
[data]
trigger-time = 1403633075.9705863
injection-file = /work/shashwat.singh/Prospects-of-LGWs/unlens/injection.hdf

[global]
instruments = E1 E2 E3 C1 C2
mass1_ref = 30.000000003173778
mass2_ref = 30.000000007893806
minchirp = 26.116416903701168
maxchirp = 26.116616903701168
mincov = 46284716801.35202
maxcov = 4628471680135.202
