
[data]
trigger-time = 1106383384.5999231
injection-file = /work/shashwat.singh/Prospects-of-LGWs/unlens/injection.hdf

[global]
instruments = E1 E2 E3 C1 C2
mass1_ref = 30.00000000084003
mass2_ref = 30.000000001995968
minchirp = 26.116416900118164
maxchirp = 26.116616900118164
mincov = 143150114201.44406
maxcov = 14315011420144.406
