
[data]
trigger-time = 1936928188.3449378
injection-file = /work/shashwat.singh/Prospects-of-LGWs/unlens/injection.hdf

[global]
instruments = E1 E2 E3 C1 C2
mass1_ref = 30.000000001188365
mass2_ref = 30.00000000766468
minchirp = 26.11641690273724
maxchirp = 26.11661690273724
mincov = 72456464861.66971
maxcov = 7245646486166.972
