
[data]
trigger-time = 1963634532.9443045
injection-file = /work/shashwat.singh/Prospects-of-LGWs/unlens/injection.hdf

[global]
instruments = E1 E2 E3 C1 C2
mass1_ref = 30.0000000015685
mass2_ref = 30.000000009208367
minchirp = 26.11641690357463
maxchirp = 26.11661690357463
mincov = 90283583068.30208
maxcov = 9028358306830.207
