
[data]
trigger-time = 1365569222.582269
injection-file = /work/shashwat.singh/Prospects-of-LGWs/unlens/injection.hdf

[global]
instruments = E1 E2 E3 C1 C2
mass1_ref = 30.000000003058016
mass2_ref = 30.000000000491244
minchirp = 26.11641690042863
maxchirp = 26.116616900428628
mincov = 89951800149.82426
maxcov = 8995180014982.426
