
[data]
trigger-time = 1752496170.2186027
injection-file = /home/ss/Prospects-of-LGWs/unlens/injection.hdf

[global]
instruments = E1 E2 E3 C1
mass1_ref = 30.000000002079272
mass2_ref = 30.00000000566517
minchirp = 26.11641690225469
maxchirp = 26.11661690225469
mincov = 196402253.87498432
maxcov = 19640225387.498432
