
[data]
trigger-time = 1590519182.8023806
injection-file = /work/shashwat.singh/Prospects-of-LGWs/unlens/injection.hdf

[global]
instruments = E1 E2 E3 C1 C2
mass1_ref = 30.00000000225539
mass2_ref = 30.000000008122196
minchirp = 26.116416903400832
maxchirp = 26.116616903400832
mincov = 270212.41700677766
maxcov = 27021241.700677764
