
[data]
trigger-time = 1279659402.0013056
injection-file = /work/shashwat.singh/Prospects-of-LGWs/unlens/injection.hdf

[global]
instruments = E1 E2 E3 C1 C2
mass1_ref = 30.000000003053223
mass2_ref = 30.000000007944006
minchirp = 26.116416903670547
maxchirp = 26.116616903670547
mincov = 40364062508.641235
maxcov = 4036406250864.1235
