
[data]
trigger-time = 1499772956.7253842
injection-file = /work/shashwat.singh/Prospects-of-LGWs/unlens/injection.hdf

[global]
instruments = E1 E2 E3 C1 C2
mass1_ref = 30.00000000116091
mass2_ref = 30.000000002720252
minchirp = 26.116416900573096
maxchirp = 26.116616900573096
mincov = 71837494537.53683
maxcov = 7183749453753.684
