
[data]
trigger-time = 1063271147.1080877
injection-file = /work/shashwat.singh/Prospects-of-LGWs/unlens/injection.hdf

[global]
instruments = E1 E2 E3 C1 C2
mass1_ref = 30.00000000751488
mass2_ref = 30.000000008068877
minchirp = 26.11641690566695
maxchirp = 26.116616905666948
mincov = 3690586998.7891984
maxcov = 369058699878.9198
