
[data]
trigger-time = 1115985114.214623
injection-file = /work/shashwat.singh/Prospects-of-LGWs/unlens/injection.hdf

[global]
instruments = E1 E2 E3 C1 C2
mass1_ref = 30.00000000247944
mass2_ref = 30.000000003712646
minchirp = 26.116416901578987
maxchirp = 26.116616901578986
mincov = 142084949465.54907
maxcov = 14208494946554.906
