
[data]
trigger-time = 1635019384.630168
injection-file = /work/shashwat.singh/Prospects-of-LGWs/unlens/injection.hdf

[global]
instruments = E1 E2 E3 C1 C2
mass1_ref = 30.000000008821175
mass2_ref = 30.00000000906497
minchirp = 26.11641690666912
maxchirp = 26.11661690666912
mincov = 53859440374.281624
maxcov = 5385944037428.162
