
[data]
trigger-time = 1651301062.8325605
injection-file = /work/shashwat.singh/Prospects-of-LGWs/unlens/injection.hdf

[global]
instruments = E1 E2 E3 C1 C2
mass1_ref = 30.000000002778993
mass2_ref = 30.000000009726584
minchirp = 26.116416904327092
maxchirp = 26.116616904327092
mincov = 7048250470.5479555
maxcov = 704825047054.7955
