
[data]
trigger-time = 1075458376.8534675
injection-file = /work/shashwat.singh/Prospects-of-LGWs/unlens/injection.hdf

[global]
instruments = E1 E2 E3 C1 C2
mass1_ref = 30.000000000947686
mass2_ref = 30.00000000933925
minchirp = 26.116416903361376
maxchirp = 26.116616903361376
mincov = 99573921654.6383
maxcov = 9957392165463.83
