
[data]
trigger-time = 1898098212.0372036
injection-file = /work/shashwat.singh/Prospects-of-LGWs/unlens/injection.hdf

[global]
instruments = E1 E2 E3 C1 C2
mass1_ref = 30.000000006508053
mass2_ref = 30.000000006024592
minchirp = 26.116416904338873
maxchirp = 26.116616904338873
mincov = 77038613229.369
maxcov = 7703861322936.9
