
[data]
trigger-time = 1015682170.9933358
injection-file = /work/shashwat.singh/Prospects-of-LGWs/unlens/injection.hdf

[global]
instruments = E1 E2 E3 C1 C2
mass1_ref = 30.00000000780035
mass2_ref = 30.00000000887065
minchirp = 26.1164169061402
maxchirp = 26.116616906140198
mincov = 156767995904.78632
maxcov = 15676799590478.63
