
[data]
trigger-time = 1153210958.4001718
injection-file = /work/shashwat.singh/Prospects-of-LGWs/unlens/injection.hdf

[global]
instruments = E1 E2 E3 C1 C2
mass1_ref = 30.000000008152654
mass2_ref = 30.000000009337647
minchirp = 26.11641690649682
maxchirp = 26.11661690649682
mincov = 28100329698.20183
maxcov = 2810032969820.183
