
[data]
trigger-time = 1100745578.086928
injection-file = /work/shashwat.singh/Prospects-of-LGWs/unlens/injection.hdf

[global]
instruments = E1 E2 E3 C1 C2
mass1_ref = 30.000000004125365
mass2_ref = 30.000000004533575
minchirp = 26.116416902652748
maxchirp = 26.116616902652748
mincov = 44171689394.06471
maxcov = 4417168939406.471
