
[data]
trigger-time = 1143297788.6103857
injection-file = /work/shashwat.singh/Prospects-of-LGWs/unlens/injection.hdf

[global]
instruments = E1 E2 E3 C1 C2
mass1_ref = 30.000000004889273
mass2_ref = 30.00000000574833
minchirp = 26.11641690351401
maxchirp = 26.11661690351401
mincov = 129932993329.36563
maxcov = 12993299332936.562
