
[data]
trigger-time = 1727801705.6785474
injection-file = /work/shashwat.singh/Prospects-of-LGWs/unlens/injection.hdf

[global]
instruments = E1 E2 E3 C1 C2
mass1_ref = 30.000000008596775
mass2_ref = 30.000000001306447
minchirp = 26.116416903194352
maxchirp = 26.116616903194352
mincov = 8877456473.208933
maxcov = 887745647320.8933
