
[data]
trigger-time = 1556415961.2509274
injection-file = /work/shashwat.singh/Prospects-of-LGWs/unlens/injection.hdf

[global]
instruments = E1 E2 E3 C1 C2
mass1_ref = 30.00000000051251
mass2_ref = 30.000000007408552
minchirp = 26.11641690233157
maxchirp = 26.116616902331568
mincov = 10222490841.935413
maxcov = 1022249084193.5413
