
[data]
trigger-time = 1564192852.7193503
injection-file = /work/shashwat.singh/Prospects-of-LGWs/unlens/injection.hdf

[global]
instruments = E1 E2 E3 C1 C2
mass1_ref = 30.000000006574282
mass2_ref = 30.000000002613152
minchirp = 26.11641690288279
maxchirp = 26.11661690288279
mincov = 1268708397.0231848
maxcov = 126870839702.31848
