
[data]
trigger-time = 1990558063.031763
injection-file = /work/shashwat.singh/Prospects-of-LGWs/unlens/injection.hdf

[global]
instruments = E1 E2 E3 C1 C2
mass1_ref = 30.000000008833666
mass2_ref = 30.000000008950433
minchirp = 26.116416906624703
maxchirp = 26.116616906624703
mincov = 103117519139.95865
maxcov = 10311751913995.863
