
[data]
trigger-time = 1888716168.1503825
injection-file = /work/shashwat.singh/Prospects-of-LGWs/unlens/injection.hdf

[global]
instruments = E1 E2 E3 C1 C2
mass1_ref = 30.000000004333252
mass2_ref = 30.00000000717078
minchirp = 26.116416903891146
maxchirp = 26.116616903891146
mincov = 125338584647.56946
maxcov = 12533858464756.945
