
[data]
trigger-time = 1624290509.301893
injection-file = /work/shashwat.singh/Prospects-of-LGWs/unlens/injection.hdf

[global]
instruments = E1 E2 E3 C1 C2
mass1_ref = 30.00000000221698
mass2_ref = 30.000000003418684
minchirp = 26.116416901336788
maxchirp = 26.116616901336787
mincov = 163350928589.98853
maxcov = 16335092858998.852
