
[data]
trigger-time = 1835651270.3424253
injection-file = /work/shashwat.singh/Prospects-of-LGWs/unlens/injection.hdf

[global]
instruments = E1 E2 E3 C1 C2
mass1_ref = 30.000000001565407
mass2_ref = 30.000000005915172
minchirp = 26.116416902139836
maxchirp = 26.116616902139835
mincov = 145893890464.48334
maxcov = 14589389046448.336
