
[data]
trigger-time = 1687751805.622495
injection-file = /work/shashwat.singh/Prospects-of-LGWs/unlens/injection.hdf

[global]
instruments = E1 E2 E3 C1 C2
mass1_ref = 30.00000000488627
mass2_ref = 30.000000001087773
minchirp = 26.11641690148408
maxchirp = 26.11661690148408
mincov = 140221560192.88373
maxcov = 14022156019288.375
