
[data]
trigger-time = 1972063135.498715
injection-file = /work/shashwat.singh/Prospects-of-LGWs/unlens/injection.hdf

[global]
instruments = E1 E2 E3 C1 C2
mass1_ref = 30.000000009989233
mass2_ref = 30.000000005978876
minchirp = 26.11641690583425
maxchirp = 26.11661690583425
mincov = 162738215642.40903
maxcov = 16273821564240.902
