
[data]
trigger-time = 1526250958.5261264
injection-file = /work/shashwat.singh/Prospects-of-LGWs/unlens/injection.hdf

[global]
instruments = E1 E2 E3 C1 C2
mass1_ref = 30.000000004912724
mass2_ref = 30.000000001608747
minchirp = 26.11641690172236
maxchirp = 26.11661690172236
mincov = 78288331060.66083
maxcov = 7828833106066.083
