
[data]
trigger-time = 1168364138.2266254
injection-file = /work/shashwat.singh/Prospects-of-LGWs/unlens/injection.hdf

[global]
instruments = E1 E2 E3 C1 C2
mass1_ref = 30.000000001310912
mass2_ref = 30.00000000313228
minchirp = 26.116416900817736
maxchirp = 26.116616900817736
mincov = 120646863690.10347
maxcov = 12064686369010.348
