
[data]
trigger-time = 1700828885.0186796
injection-file = /work/shashwat.singh/Prospects-of-LGWs/unlens/injection.hdf

[global]
instruments = E1 E2 E3 C1 C2
mass1_ref = 30.00000000629658
mass2_ref = 30.00000000131225
minchirp = 26.11641690219566
maxchirp = 26.11661690219566
mincov = 29920308299.026207
maxcov = 2992030829902.621
