
[data]
trigger-time = 1588200974.0555165
injection-file = /work/shashwat.singh/Prospects-of-LGWs/unlens/injection.hdf

[global]
instruments = E1 E2 E3 C1 C2
mass1_ref = 30.000000001579497
mass2_ref = 30.000000000396902
minchirp = 26.116416899744003
maxchirp = 26.116616899744002
mincov = 85169455838.7596
maxcov = 8516945583875.959
