
[data]
trigger-time = 1843402767.3518648
injection-file = /work/shashwat.singh/Prospects-of-LGWs/unlens/injection.hdf

[global]
instruments = E1 E2 E3 C1 C2
mass1_ref = 30.000000002830003
mass2_ref = 30.00000000701495
minchirp = 26.11641690316899
maxchirp = 26.11661690316899
mincov = 134378924607.69632
maxcov = 13437892460769.63
