
[data]
trigger-time = 1322270419.5277662
injection-file = /work/shashwat.singh/Prospects-of-LGWs/unlens/injection.hdf

[global]
instruments = E1 E2 E3 C1 C2
mass1_ref = 30.000000001414705
mass2_ref = 30.000000000601524
minchirp = 26.11641689976134
maxchirp = 26.11661689976134
mincov = 3927205061.4737196
maxcov = 392720506147.37195
