
[data]
trigger-time = 1884786174.3070917
injection-file = /work/shashwat.singh/Prospects-of-LGWs/unlens/injection.hdf

[global]
instruments = E1 E2 E3 C1 C2
mass1_ref = 30.000000003053348
mass2_ref = 30.000000000542613
minchirp = 26.116416900448957
maxchirp = 26.116616900448957
mincov = 65379998341.57478
maxcov = 6537999834157.479
