
[data]
trigger-time = 1592548658.1699543
injection-file = /work/shashwat.singh/Prospects-of-LGWs/unlens/injection.hdf

[global]
instruments = E1 E2 E3 C1 C2
mass1_ref = 30.000000009780834
mass2_ref = 30.000000002387324
minchirp = 26.116416904180223
maxchirp = 26.116616904180223
mincov = 18985049252.413277
maxcov = 1898504925241.3276
