
[data]
trigger-time = 1610095819.146854
injection-file = /work/shashwat.singh/Prospects-of-LGWs/unlens/injection.hdf

[global]
instruments = E1 E2 E3 C1 C2
mass1_ref = 30.000000007711797
mass2_ref = 30.000000007315425
minchirp = 26.116416905424703
maxchirp = 26.116616905424703
mincov = 13791373709.33849
maxcov = 1379137370933.8489
