
[data]
trigger-time = 1835287198.9362512
injection-file = /work/shashwat.singh/Prospects-of-LGWs/unlens/injection.hdf

[global]
instruments = E1 E2 E3 C1 C2
mass1_ref = 30.00000000728176
mass2_ref = 30.00000000011187
minchirp = 26.11641690210199
maxchirp = 26.11661690210199
mincov = 110366062902.12094
maxcov = 11036606290212.094
