
[data]
trigger-time = 1744646908.315859
injection-file = /work/shashwat.singh/Prospects-of-LGWs/unlens/injection.hdf

[global]
instruments = E1 E2 E3 C1 C2
mass1_ref = 30.000000001943533
mass2_ref = 30.000000007226177
minchirp = 26.116416902875073
maxchirp = 26.116616902875073
mincov = 80751548182.51175
maxcov = 8075154818251.174
