
[data]
trigger-time = 1209631066.0268276
injection-file = /work/shashwat.singh/Prospects-of-LGWs/unlens/injection.hdf

[global]
instruments = E1 E2 E3 C1 C2
mass1_ref = 30.000000002134367
mass2_ref = 30.000000000656957
minchirp = 26.11641690009872
maxchirp = 26.11661690009872
mincov = 92228896640.10733
maxcov = 9222889664010.732
