
[data]
trigger-time = 1680112198.4948118
injection-file = /work/shashwat.singh/Prospects-of-LGWs/unlens/injection.hdf

[global]
instruments = E1 E2 E3 C1 C2
mass1_ref = 30.00000000037051
mass2_ref = 30.00000000674162
minchirp = 26.116416901979456
maxchirp = 26.116616901979455
mincov = 154603944751.2063
maxcov = 15460394475120.629
