
[data]
trigger-time = 1204121304.0044203
injection-file = /work/shashwat.singh/Prospects-of-LGWs/unlens/injection.hdf

[global]
instruments = E1 E2 E3 C1 C2
mass1_ref = 30.000000007519354
mass2_ref = 30.000000004997418
minchirp = 26.116416904331967
maxchirp = 26.116616904331966
mincov = 38203130079.608284
maxcov = 3820313007960.828
