
[data]
trigger-time = 1620549099.1156497
injection-file = /work/shashwat.singh/Prospects-of-LGWs/unlens/injection.hdf

[global]
instruments = E1 E2 E3 C1 C2
mass1_ref = 30.00000000413626
mass2_ref = 30.000000000972616
minchirp = 26.116416901107492
maxchirp = 26.11661690110749
mincov = 139236581674.88266
maxcov = 13923658167488.266
