
[data]
trigger-time = 1727447959.7580686
injection-file = /work/shashwat.singh/Prospects-of-LGWs/unlens/injection.hdf

[global]
instruments = E1 E2 E3 C1 C2
mass1_ref = 30.000000005067818
mass2_ref = 30.000000002846154
minchirp = 26.11641690232848
maxchirp = 26.11661690232848
mincov = 117651861582.25862
maxcov = 11765186158225.861
