
[data]
trigger-time = 1468836979.8366132
injection-file = /work/shashwat.singh/Prospects-of-LGWs/unlens/injection.hdf

[global]
instruments = E1 E2 E3 C1 C2
mass1_ref = 30.00000000413959
mass2_ref = 30.00000000680472
minchirp = 26.11641690364751
maxchirp = 26.11661690364751
mincov = 57303299127.40039
maxcov = 5730329912740.039
