
[data]
trigger-time = 1182464611.5277672
injection-file = /work/shashwat.singh/Prospects-of-LGWs/unlens/injection.hdf

[global]
instruments = E1 E2 E3 C1 C2
mass1_ref = 30.000000002158284
mass2_ref = 30.00000000449012
minchirp = 26.11641690177761
maxchirp = 26.11661690177761
mincov = 38671333091.22996
maxcov = 3867133309122.9956
