
[data]
trigger-time = 1628111836.9160576
injection-file = /work/shashwat.singh/Prospects-of-LGWs/unlens/injection.hdf

[global]
instruments = E1 E2 E3 C1 C2
mass1_ref = 30.000000007675183
mass2_ref = 30.000000005516952
minchirp = 26.116416904625936
maxchirp = 26.116616904625936
mincov = 131123233223.37173
maxcov = 13112323322337.172
