
[data]
trigger-time = 1113421348.4360805
injection-file = /work/shashwat.singh/Prospects-of-LGWs/unlens/injection.hdf

[global]
instruments = E1 E2 E3 C1 C2
mass1_ref = 30.00000000759972
mass2_ref = 30.00000000353113
minchirp = 26.11641690372871
maxchirp = 26.11661690372871
mincov = 176672579468.3432
maxcov = 17667257946834.32
