
[data]
trigger-time = 1526100282.1837192
injection-file = /work/shashwat.singh/Prospects-of-LGWs/unlens/injection.hdf

[global]
instruments = E1 E2 E3 C1 C2
mass1_ref = 30.000000008811366
mass2_ref = 30.000000007951442
minchirp = 26.116416906180163
maxchirp = 26.116616906180163
mincov = 85081702961.24634
maxcov = 8508170296124.634
