
[data]
trigger-time = 1798903434.9594293
injection-file = /work/shashwat.singh/Prospects-of-LGWs/unlens/injection.hdf

[global]
instruments = E1 E2 E3 C1 C2
mass1_ref = 30.00000000971036
mass2_ref = 30.000000005324257
minchirp = 26.116416905427922
maxchirp = 26.11661690542792
mincov = 29265396054.888386
maxcov = 2926539605488.8384
