
[data]
trigger-time = 1677255608.2395668
injection-file = /work/shashwat.singh/Prospects-of-LGWs/unlens/injection.hdf

[global]
instruments = E1 E2 E3 C1 C2
mass1_ref = 30.000000009896432
mass2_ref = 30.00000000035493
minchirp = 26.11641690334589
maxchirp = 26.11661690334589
mincov = 123388895.69191936
maxcov = 12338889569.191935
