
[data]
trigger-time = 1709577119.1890483
injection-file = /work/shashwat.singh/Prospects-of-LGWs/unlens/injection.hdf

[global]
instruments = E1 E2 E3 C1 C2
mass1_ref = 30.000000007972883
mass2_ref = 30.000000006978247
minchirp = 26.116416905391585
maxchirp = 26.116616905391584
mincov = 343353062.8830858
maxcov = 34335306288.30858
