
[data]
trigger-time = 1468860273.5705512
injection-file = /work/shashwat.singh/Prospects-of-LGWs/unlens/injection.hdf

[global]
instruments = E1 E2 E3 C1 C2
mass1_ref = 30.00000000369473
mass2_ref = 30.000000002433552
minchirp = 26.116416901551215
maxchirp = 26.116616901551215
mincov = 125536059169.95943
maxcov = 12553605916995.941
