
[data]
trigger-time = 1565979535.2600102
injection-file = /work/shashwat.singh/Prospects-of-LGWs/unlens/injection.hdf

[global]
instruments = E1 E2 E3 C1 C2
mass1_ref = 30.000000008672757
mass2_ref = 30.000000004523177
minchirp = 26.116416904627588
maxchirp = 26.116616904627588
mincov = 129005330482.27473
maxcov = 12900533048227.473
