
[data]
trigger-time = 1629997835.4808786
injection-file = /work/shashwat.singh/Prospects-of-LGWs/unlens/injection.hdf

[global]
instruments = E1 E2 E3 C1 C2
mass1_ref = 30.00000000832786
mass2_ref = 30.000000004399848
minchirp = 26.116416904423783
maxchirp = 26.116616904423783
mincov = 133671520653.2977
maxcov = 13367152065329.77
