
[data]
trigger-time = 1206443180.3744516
injection-file = /work/shashwat.singh/Prospects-of-LGWs/unlens/injection.hdf

[global]
instruments = E1 E2 E3 C1 C2
mass1_ref = 30.000000006065566
mass2_ref = 30.00000000981345
minchirp = 26.116416905795468
maxchirp = 26.116616905795468
mincov = 153180396646.2633
maxcov = 15318039664626.33
