
[data]
trigger-time = 1838772515.5306473
injection-file = /work/shashwat.singh/Prospects-of-LGWs/unlens/injection.hdf

[global]
instruments = E1 E2 E3 C1 C2
mass1_ref = 30.000000005748877
mass2_ref = 30.00000000041005
minchirp = 26.116416901564552
maxchirp = 26.11661690156455
mincov = 132994838227.76787
maxcov = 13299483822776.787
