
[data]
trigger-time = 1728824833.14217
injection-file = /work/shashwat.singh/Prospects-of-LGWs/unlens/injection.hdf

[global]
instruments = E1 E2 E3 C1 C2
mass1_ref = 30.00000000732954
mass2_ref = 30.0000000045257
minchirp = 26.116416904044016
maxchirp = 26.116616904044015
mincov = 13026603408.808727
maxcov = 1302660340880.8728
