
[data]
trigger-time = 1442095623.9096463
injection-file = /work/shashwat.singh/Prospects-of-LGWs/unlens/injection.hdf

[global]
instruments = E1 E2 E3 C1 C2
mass1_ref = 30.000000008967273
mass2_ref = 30.0000000018718
minchirp = 26.116416903601706
maxchirp = 26.116616903601706
mincov = 55978872352.24867
maxcov = 5597887235224.867
