
[data]
trigger-time = 1868183482.5028448
injection-file = /work/shashwat.singh/Prospects-of-LGWs/unlens/injection.hdf

[global]
instruments = E1 E2 E3 C1 C2
mass1_ref = 30.000000000162718
mass2_ref = 30.00000000253731
minchirp = 26.11641690005898
maxchirp = 26.11661690005898
mincov = 144040839841.98383
maxcov = 14404083984198.383
