
[data]
trigger-time = 1002308786.4580315
injection-file = /work/shashwat.singh/Prospects-of-LGWs/unlens/injection.hdf

[global]
instruments = E1 E2 E3 C1 C2
mass1_ref = 30.000000007662212
mass2_ref = 30.000000004798
minchirp = 26.116416904307346
maxchirp = 26.116616904307346
mincov = 1038158855.8114265
maxcov = 103815885581.14265
