
[data]
trigger-time = 1023983821.2699741
injection-file = /work/shashwat.singh/Prospects-of-LGWs/unlens/injection.hdf

[global]
instruments = E1 E2 E3 C1 C2
mass1_ref = 30.000000000056062
mass2_ref = 30.000000009902998
minchirp = 26.116416903218656
maxchirp = 26.116616903218656
mincov = 107099715965.12245
maxcov = 10709971596512.244
