
[data]
trigger-time = 1074964016.6232162
injection-file = /work/shashwat.singh/Prospects-of-LGWs/unlens/injection.hdf

[global]
instruments = E1 E2 E3 C1 C2
mass1_ref = 30.0000000010194
mass2_ref = 30.000000001266216
minchirp = 26.116416899878597
maxchirp = 26.116616899878597
mincov = 53026749333.76347
maxcov = 5302674933376.347
