
[data]
trigger-time = 1047654223.4688796
injection-file = /work/shashwat.singh/Prospects-of-LGWs/unlens/injection.hdf

[global]
instruments = E1 E2 E3 C1 C2
mass1_ref = 30.000000009664564
mass2_ref = 30.000000005087283
minchirp = 26.11641690530484
maxchirp = 26.116616905304838
mincov = 151329117711.2178
maxcov = 15132911771121.78
