
[data]
trigger-time = 1410972630.3402386
injection-file = /work/shashwat.singh/Prospects-of-LGWs/unlens/injection.hdf

[global]
instruments = E1 E2 E3 C1 C2
mass1_ref = 30.000000005893135
mass2_ref = 30.000000003403063
minchirp = 26.11641690293013
maxchirp = 26.11661690293013
mincov = 60666954547.12559
maxcov = 6066695454712.559
