
[data]
trigger-time = 1300044674.7547035
injection-file = /work/shashwat.singh/Prospects-of-LGWs/unlens/injection.hdf

[global]
instruments = E1 E2 E3 C1 C2
mass1_ref = 30.000000007883923
mass2_ref = 30.000000003594934
minchirp = 26.11641690388019
maxchirp = 26.11661690388019
mincov = 175080094849.1708
maxcov = 17508009484917.08
