
[data]
trigger-time = 1563077869.9879975
injection-file = /work/shashwat.singh/Prospects-of-LGWs/unlens/injection.hdf

[global]
instruments = E1 E2 E3 C1 C2
mass1_ref = 30.00000000190641
mass2_ref = 30.00000000151921
minchirp = 26.116416900374816
maxchirp = 26.116616900374815
mincov = 92131275393.48248
maxcov = 9213127539348.248
