
[data]
trigger-time = 1759260347.1818283
injection-file = /work/shashwat.singh/Prospects-of-LGWs/unlens/injection.hdf

[global]
instruments = E1 E2 E3 C1 C2
mass1_ref = 30.000000003593822
mass2_ref = 30.000000003671474
minchirp = 26.11641690204613
maxchirp = 26.11661690204613
mincov = 77109945672.17024
maxcov = 7710994567217.023
