
[data]
trigger-time = 1744096938.4359403
injection-file = /work/shashwat.singh/Prospects-of-LGWs/unlens/injection.hdf

[global]
instruments = E1 E2 E3 C1 C2
mass1_ref = 30.000000000091248
mass2_ref = 30.000000002949726
minchirp = 26.116416900207383
maxchirp = 26.116616900207383
mincov = 88676420881.13162
maxcov = 8867642088113.162
