
[data]
trigger-time = 1750435721.4148135
injection-file = /work/shashwat.singh/Prospects-of-LGWs/unlens/injection.hdf

[global]
instruments = E1 E2 E3 C1 C2
mass1_ref = 30.000000008180784
mass2_ref = 30.000000009675684
minchirp = 26.116416906656205
maxchirp = 26.116616906656205
mincov = 164107672766.8701
maxcov = 16410767276687.01
