
[data]
trigger-time = 1531103007.60665
injection-file = /work/shashwat.singh/Prospects-of-LGWs/unlens/injection.hdf

[global]
instruments = E1 E2 E3 C1 C2
mass1_ref = 30.000000009500173
mass2_ref = 30.000000000667388
minchirp = 26.11641690330941
maxchirp = 26.11661690330941
mincov = 1106167691.810232
maxcov = 110616769181.0232
