
[data]
trigger-time = 1398102435.3632834
injection-file = /work/shashwat.singh/Prospects-of-LGWs/unlens/injection.hdf

[global]
instruments = E1 E2 E3 C1 C2
mass1_ref = 30.000000005410506
mass2_ref = 30.000000001300837
minchirp = 26.116416901805007
maxchirp = 26.116616901805006
mincov = 6869.828763602871
maxcov = 686982.8763602871
