
[data]
trigger-time = 1121177839.313895
injection-file = /work/shashwat.singh/Prospects-of-LGWs/unlens/injection.hdf

[global]
instruments = E1 E2 E3 C1 C2
mass1_ref = 30.000000005496357
mass2_ref = 30.000000004203283
minchirp = 26.116416903105737
maxchirp = 26.116616903105736
mincov = 100051249819.93814
maxcov = 10005124981993.814
