
[data]
trigger-time = 1806827235.066827
injection-file = /work/shashwat.singh/Prospects-of-LGWs/unlens/injection.hdf

[global]
instruments = E1 E2 E3 C1 C2
mass1_ref = 30.000000008710284
mass2_ref = 30.000000008509833
minchirp = 26.116416906379214
maxchirp = 26.116616906379214
mincov = 127354776789.09714
maxcov = 12735477678909.715
