
[data]
trigger-time = 1339464915.5798771
injection-file = /work/shashwat.singh/Prospects-of-LGWs/unlens/injection.hdf

[global]
instruments = E1 E2 E3 C1 C2
mass1_ref = 30.000000000399737
mass2_ref = 30.000000003897448
minchirp = 26.11641690075418
maxchirp = 26.11661690075418
mincov = 29657058515.012367
maxcov = 2965705851501.2363
