
[data]
trigger-time = 1263091915.2466087
injection-file = /work/shashwat.singh/Prospects-of-LGWs/unlens/injection.hdf

[global]
instruments = E1 E2 E3 C1 C2
mass1_ref = 30.00000000199469
mass2_ref = 30.000000009674768
minchirp = 26.11641690396315
maxchirp = 26.11661690396315
mincov = 977812394.0370007
maxcov = 97781239403.70007
