
[data]
trigger-time = 1516754502.7206302
injection-file = /work/shashwat.singh/Prospects-of-LGWs/unlens/injection.hdf

[global]
instruments = E1 E2 E3 C1 C2
mass1_ref = 30.000000000759552
mass2_ref = 30.000000009430874
minchirp = 26.116416903319365
maxchirp = 26.116616903319365
mincov = 981053146.5565774
maxcov = 98105314655.65775
