
[data]
trigger-time = 1820221833.8107362
injection-file = /work/shashwat.singh/Prospects-of-LGWs/unlens/injection.hdf

[global]
instruments = E1 E2 E3 C1 C2
mass1_ref = 30.00000000615075
mass2_ref = 30.00000000901344
minchirp = 26.11641690548432
maxchirp = 26.11661690548432
mincov = 137941403747.31683
maxcov = 13794140374731.682
