
[data]
trigger-time = 1977408091.5448446
injection-file = /work/shashwat.singh/Prospects-of-LGWs/unlens/injection.hdf

[global]
instruments = E1 E2 E3 C1 C2
mass1_ref = 30.000000006162583
mass2_ref = 30.000000006916085
minchirp = 26.116416904576546
maxchirp = 26.116616904576546
mincov = 156334992777.97922
maxcov = 15633499277797.922
