
[data]
trigger-time = 1663723784.4110532
injection-file = /work/shashwat.singh/Prospects-of-LGWs/unlens/injection.hdf

[global]
instruments = E1 E2 E3 C1 C2
mass1_ref = 30.000000003604885
mass2_ref = 30.00000000212661
minchirp = 26.1164169013785
maxchirp = 26.1166169013785
mincov = 97149626043.62386
maxcov = 9714962604362.385
