
[data]
trigger-time = 1423587394.2042966
injection-file = /work/shashwat.singh/Prospects-of-LGWs/unlens/injection.hdf

[global]
instruments = E1 E2 E3 C1 C2
mass1_ref = 30.0000000092734
mass2_ref = 30.000000002191204
minchirp = 26.116416903873983
maxchirp = 26.116616903873982
mincov = 8600678443.610222
maxcov = 860067844361.0222
