
[data]
trigger-time = 1776734842.4283319
injection-file = /work/shashwat.singh/Prospects-of-LGWs/unlens/injection.hdf

[global]
instruments = E1 E2 E3 C1 C2
mass1_ref = 30.000000000582553
mass2_ref = 30.000000003644907
minchirp = 26.116416900723834
maxchirp = 26.116616900723834
mincov = 69278000607.6696
maxcov = 6927800060766.961
