
[data]
trigger-time = 1347684659.639567
injection-file = /work/shashwat.singh/Prospects-of-LGWs/unlens/injection.hdf

[global]
instruments = E1 E2 E3 C1 C2
mass1_ref = 30.00000000054237
mass2_ref = 30.000000007667804
minchirp = 26.116416902457413
maxchirp = 26.116616902457412
mincov = 167945843463.3529
maxcov = 16794584346335.291
