
[data]
trigger-time = 1335043860.6279922
injection-file = /work/shashwat.singh/Prospects-of-LGWs/unlens/injection.hdf

[global]
instruments = E1 E2 E3 C1 C2
mass1_ref = 30.000000000148958
mass2_ref = 30.000000000225896
minchirp = 26.11641689904689
maxchirp = 26.11661689904689
mincov = 161788897773.54382
maxcov = 16178889777354.383
