
[data]
trigger-time = 1386078173.7161522
injection-file = /work/shashwat.singh/Prospects-of-LGWs/unlens/injection.hdf

[global]
instruments = E1 E2 E3 C1 C2
mass1_ref = 30.000000003427786
mass2_ref = 30.00000000030751
minchirp = 26.116416900509606
maxchirp = 26.116616900509605
mincov = 138124023952.35236
maxcov = 13812402395235.234
