
[data]
trigger-time = 1834016294.1922655
injection-file = /work/shashwat.singh/Prospects-of-LGWs/unlens/injection.hdf

[global]
instruments = E1 E2 E3 C1 C2
mass1_ref = 30.000000000757527
mass2_ref = 30.000000009825545
minchirp = 26.116416903490272
maxchirp = 26.11661690349027
mincov = 137779990526.61035
maxcov = 13777999052661.035
