
[data]
trigger-time = 1769683270.9922907
injection-file = /work/shashwat.singh/Prospects-of-LGWs/unlens/injection.hdf

[global]
instruments = E1 E2 E3 C1 C2
mass1_ref = 30.000000006813735
mass2_ref = 30.000000005564836
minchirp = 26.11641690427181
maxchirp = 26.116616904271808
mincov = 24560906016.744125
maxcov = 2456090601674.4126
