
[data]
trigger-time = 1262977252.4476326
injection-file = /work/shashwat.singh/Prospects-of-LGWs/unlens/injection.hdf

[global]
instruments = E1 E2 E3 C1 C2
mass1_ref = 30.000000008934887
mass2_ref = 30.000000008231314
minchirp = 26.116416906355745
maxchirp = 26.116616906355745
mincov = 176096770640.30307
maxcov = 17609677064030.31
