
[data]
trigger-time = 1306880365.2704926
injection-file = /work/shashwat.singh/Prospects-of-LGWs/unlens/injection.hdf

[global]
instruments = E1 E2 E3 C1 C2
mass1_ref = 30.00000000841481
mass2_ref = 30.00000000420774
minchirp = 26.116416904378006
maxchirp = 26.116616904378006
mincov = 1591420344.7498446
maxcov = 159142034474.98447
