
[data]
trigger-time = 1320812118.7272067
injection-file = /work/shashwat.singh/Prospects-of-LGWs/unlens/injection.hdf

[global]
instruments = E1 E2 E3 C1 C2
mass1_ref = 30.000000000575504
mass2_ref = 30.000000008172023
minchirp = 26.116416902691306
maxchirp = 26.116616902691305
mincov = 127243033368.07336
maxcov = 12724303336807.336
