
[data]
trigger-time = 1135458735.2254052
injection-file = /work/shashwat.singh/Prospects-of-LGWs/unlens/injection.hdf

[global]
instruments = E1 E2 E3 C1 C2
mass1_ref = 30.000000009357073
mass2_ref = 30.000000009597183
minchirp = 26.116416907134045
maxchirp = 26.116616907134045
mincov = 130163725658.30838
maxcov = 13016372565830.838
