
[data]
trigger-time = 1705045639.077221
injection-file = /work/shashwat.singh/Prospects-of-LGWs/unlens/injection.hdf

[global]
instruments = E1 E2 E3 C1 C2
mass1_ref = 30.000000003054456
mass2_ref = 30.000000009058898
minchirp = 26.116416904156367
maxchirp = 26.116616904156366
mincov = 173500352699.2867
maxcov = 17350035269928.672
