
[data]
trigger-time = 1938591395.963541
injection-file = /work/shashwat.singh/Prospects-of-LGWs/unlens/injection.hdf

[global]
instruments = E1 E2 E3 C1 C2
mass1_ref = 30.0000000033457
mass2_ref = 30.000000004976613
minchirp = 26.116416902506224
maxchirp = 26.116616902506223
mincov = 41113665391.164375
maxcov = 4111366539116.4375
