
[data]
trigger-time = 1565034661.2517076
injection-file = /work/shashwat.singh/Prospects-of-LGWs/unlens/injection.hdf

[global]
instruments = E1 E2 E3 C1 C2
mass1_ref = 30.000000002895074
mass2_ref = 30.000000006226813
minchirp = 26.116416902854258
maxchirp = 26.116616902854258
mincov = 2336940164.298826
maxcov = 233694016429.88263
