
[data]
trigger-time = 1660104135.432397
injection-file = /work/shashwat.singh/Prospects-of-LGWs/unlens/injection.hdf

[global]
instruments = E1 E2 E3 C1 C2
mass1_ref = 30.000000001781384
mass2_ref = 30.000000009255253
minchirp = 26.116416903687696
maxchirp = 26.116616903687696
mincov = 157228241827.12543
maxcov = 15722824182712.541
