
[data]
trigger-time = 1551664708.3023508
injection-file = /work/shashwat.singh/Prospects-of-LGWs/unlens/injection.hdf

[global]
instruments = E1 E2 E3 C1 C2
mass1_ref = 30.000000008229847
mass2_ref = 30.000000000956277
minchirp = 26.116416902882218
maxchirp = 26.116616902882217
mincov = 36636906689.599396
maxcov = 3663690668959.9395
