
[data]
trigger-time = 1688306512.982791
injection-file = /work/shashwat.singh/Prospects-of-LGWs/unlens/injection.hdf

[global]
instruments = E1 E2 E3 C1 C2
mass1_ref = 30.000000002754433
mass2_ref = 30.000000005733003
minchirp = 26.116416902578095
maxchirp = 26.116616902578095
mincov = 146091804393.9615
maxcov = 14609180439396.15
