
[data]
trigger-time = 1228425013.3355968
injection-file = /work/shashwat.singh/Prospects-of-LGWs/unlens/injection.hdf

[global]
instruments = E1 E2 E3 C1 C2
mass1_ref = 30.000000008566097
mass2_ref = 30.00000000049483
minchirp = 26.116416902827723
maxchirp = 26.116616902827722
mincov = 132003120146.68005
maxcov = 13200312014668.006
