
[data]
trigger-time = 1523714888.2960277
injection-file = /work/shashwat.singh/Prospects-of-LGWs/unlens/injection.hdf

[global]
instruments = E1 E2 E3 C1 C2
mass1_ref = 30.00000000275122
mass2_ref = 30.000000008486055
minchirp = 26.116416903775033
maxchirp = 26.116616903775032
mincov = 11497209646.311485
maxcov = 1149720964631.1484
