
[data]
trigger-time = 1209590691.462799
injection-file = /work/shashwat.singh/Prospects-of-LGWs/unlens/injection.hdf

[global]
instruments = E1 E2 E3 C1 C2
mass1_ref = 30.000000008874945
mass2_ref = 30.00000000176068
minchirp = 26.116416903513148
maxchirp = 26.116616903513147
mincov = 62687101125.95754
maxcov = 6268710112595.754
