
[data]
trigger-time = 1987316011.9364867
injection-file = /work/shashwat.singh/Prospects-of-LGWs/unlens/injection.hdf

[global]
instruments = E1 E2 E3 C1 C2
mass1_ref = 30.000000007369398
mass2_ref = 30.000000008318672
minchirp = 26.116416905712356
maxchirp = 26.116616905712355
mincov = 111702768242.11475
maxcov = 11170276824211.475
