
[data]
trigger-time = 1603058396.1615405
injection-file = /work/shashwat.singh/Prospects-of-LGWs/unlens/injection.hdf

[global]
instruments = E1 E2 E3 C1 C2
mass1_ref = 30.0000000074463
mass2_ref = 30.00000000570526
minchirp = 26.116416904608275
maxchirp = 26.116616904608275
mincov = 178157107338.00397
maxcov = 17815710733800.395
