
[data]
trigger-time = 1561398757.6935596
injection-file = /work/shashwat.singh/Prospects-of-LGWs/unlens/injection.hdf

[global]
instruments = E1 E2 E3 C1 C2
mass1_ref = 30.000000000355758
mass2_ref = 30.000000006718533
minchirp = 26.11641690196299
maxchirp = 26.11661690196299
mincov = 98124375981.32016
maxcov = 9812437598132.016
