
[data]
trigger-time = 1733982807.8614628
injection-file = /work/shashwat.singh/Prospects-of-LGWs/unlens/injection.hdf

[global]
instruments = E1 E2 E3 C1 C2
mass1_ref = 30.000000008803486
mass2_ref = 30.00000000490219
minchirp = 26.11641690484947
maxchirp = 26.11661690484947
mincov = 100986115342.71146
maxcov = 10098611534271.145
