
[data]
trigger-time = 1808237555.530882
injection-file = /work/shashwat.singh/Prospects-of-LGWs/unlens/injection.hdf

[global]
instruments = E1 E2 E3 C1 C2
mass1_ref = 30.00000000571367
mass2_ref = 30.000000003982613
minchirp = 26.116416903104277
maxchirp = 26.116616903104276
mincov = 1128545.4517251817
maxcov = 112854545.17251816
