
[data]
trigger-time = 1243844648.9304056
injection-file = /work/shashwat.singh/Prospects-of-LGWs/unlens/injection.hdf

[global]
instruments = E1 E2 E3 C1 C2
mass1_ref = 30.000000009268014
mass2_ref = 30.000000008570524
minchirp = 26.1164169066484
maxchirp = 26.1166169066484
mincov = 51624025857.63228
maxcov = 5162402585763.228
