
[data]
trigger-time = 1090882062.3064728
injection-file = /work/shashwat.singh/Prospects-of-LGWs/unlens/injection.hdf

[global]
instruments = E1 E2 E3 C1 C2
mass1_ref = 30.00000000517545
mass2_ref = 30.0000000020705
minchirp = 26.116416902037706
maxchirp = 26.116616902037705
mincov = 167949186698.6281
maxcov = 16794918669862.812
