
[data]
trigger-time = 1942978486.427931
injection-file = /work/shashwat.singh/Prospects-of-LGWs/unlens/injection.hdf

[global]
instruments = E1 E2 E3 C1 C2
mass1_ref = 30.000000009692165
mass2_ref = 30.000000006407873
minchirp = 26.116416905891672
maxchirp = 26.11661690589167
mincov = 63398115201.94694
maxcov = 6339811520194.693
