
[data]
trigger-time = 1053994231.2389796
injection-file = /work/shashwat.singh/Prospects-of-LGWs/unlens/injection.hdf

[global]
instruments = E1 E2 E3 C1 C2
mass1_ref = 30.000000001297142
mass2_ref = 30.000000003672437
minchirp = 26.116416901046858
maxchirp = 26.116616901046857
mincov = 538759794.1761692
maxcov = 53875979417.61691
