
[data]
trigger-time = 1109511581.0843875
injection-file = /work/shashwat.singh/Prospects-of-LGWs/unlens/injection.hdf

[global]
instruments = E1 E2 E3 C1 C2
mass1_ref = 30.000000008619036
mass2_ref = 30.000000006627186
minchirp = 26.116416905520026
maxchirp = 26.116616905520026
mincov = 177718665265.87143
maxcov = 17771866526587.145
