
[data]
trigger-time = 1249164065.9539778
injection-file = /work/shashwat.singh/Prospects-of-LGWs/unlens/injection.hdf

[global]
instruments = E1 E2 E3 C1 C2
mass1_ref = 30.00000000077389
mass2_ref = 30.000000002024745
minchirp = 26.1164169001019
maxchirp = 26.1166169001019
mincov = 168283427658.49002
maxcov = 16828342765849.002
