
[data]
trigger-time = 1289453898.519014
injection-file = /work/shashwat.singh/Prospects-of-LGWs/unlens/injection.hdf

[global]
instruments = E1 E2 E3 C1 C2
mass1_ref = 30.000000001412914
mass2_ref = 30.00000000201453
minchirp = 26.116416900375604
maxchirp = 26.116616900375604
mincov = 1772683800.5724921
maxcov = 177268380057.2492
