
[data]
trigger-time = 1799649656.9903445
injection-file = /work/shashwat.singh/Prospects-of-LGWs/unlens/injection.hdf

[global]
instruments = E1 E2 E3 C1 C2
mass1_ref = 30.00000000812826
mass2_ref = 30.000000007703047
minchirp = 26.116416905774702
maxchirp = 26.116616905774702
mincov = 87659259525.38792
maxcov = 8765925952538.793
