
[data]
trigger-time = 1416994951.2860892
injection-file = /work/shashwat.singh/Prospects-of-LGWs/unlens/injection.hdf

[global]
instruments = E1 E2 E3 C1 C2
mass1_ref = 30.000000001777508
mass2_ref = 30.000000000187157
minchirp = 26.116416899738894
maxchirp = 26.116616899738894
mincov = 52942069626.03277
maxcov = 5294206962603.277
