
[data]
trigger-time = 1760654613.8757615
injection-file = /work/shashwat.singh/Prospects-of-LGWs/unlens/injection.hdf

[global]
instruments = E1 E2 E3 C1 C2
mass1_ref = 30.000000003062883
mass2_ref = 30.000000001250175
minchirp = 26.11641690076109
maxchirp = 26.11661690076109
mincov = 162233382753.13324
maxcov = 16223338275313.322
