
[data]
trigger-time = 1069920725.3159386
injection-file = /work/shashwat.singh/Prospects-of-LGWs/unlens/injection.hdf

[global]
instruments = E1 E2 E3 C1 C2
mass1_ref = 30.000000008063996
mass2_ref = 30.000000009461104
minchirp = 26.11641690651197
maxchirp = 26.116616906511968
mincov = 69619860762.07541
maxcov = 6961986076207.541
