
[data]
trigger-time = 1933486955.6697702
injection-file = /work/shashwat.singh/Prospects-of-LGWs/unlens/injection.hdf

[global]
instruments = E1 E2 E3 C1 C2
mass1_ref = 30.000000000362782
mass2_ref = 30.00000000672583
minchirp = 26.116416901969224
maxchirp = 26.116616901969223
mincov = 18340917203.875088
maxcov = 1834091720387.5088
