
[data]
trigger-time = 1785401218.7958598
injection-file = /work/shashwat.singh/Prospects-of-LGWs/unlens/injection.hdf

[global]
instruments = E1 E2 E3 C1 C2
mass1_ref = 30.000000005579746
mass2_ref = 30.000000001229488
minchirp = 26.116416901847618
maxchirp = 26.116616901847618
mincov = 70450436470.25247
maxcov = 7045043647025.246
