
[data]
trigger-time = 1647002850.5155528
injection-file = /work/shashwat.singh/Prospects-of-LGWs/unlens/injection.hdf

[global]
instruments = E1 E2 E3 C1 C2
mass1_ref = 30.000000008311453
mass2_ref = 30.000000003643716
minchirp = 26.11641690408751
maxchirp = 26.11661690408751
mincov = 15583964785.45937
maxcov = 1558396478545.937
