
[data]
trigger-time = 1099515141.6070337
injection-file = /work/shashwat.singh/Prospects-of-LGWs/unlens/injection.hdf

[global]
instruments = E1 E2 E3 C1 C2
mass1_ref = 30.000000008682072
mass2_ref = 30.000000007403806
minchirp = 26.116416905885508
maxchirp = 26.116616905885508
mincov = 32779404631.057922
maxcov = 3277940463105.792
