
[data]
trigger-time = 1779744836.7460394
injection-file = /work/shashwat.singh/Prospects-of-LGWs/unlens/injection.hdf

[global]
instruments = E1 E2 E3 C1 C2
mass1_ref = 30.000000002767933
mass2_ref = 30.000000004837737
minchirp = 26.116416902194285
maxchirp = 26.116616902194284
mincov = 100682485273.81409
maxcov = 10068248527381.408
