
[data]
trigger-time = 1536862917.5381236
injection-file = /work/shashwat.singh/Prospects-of-LGWs/unlens/injection.hdf

[global]
instruments = E1 E2 E3 C1 C2
mass1_ref = 30.00000000932162
mass2_ref = 30.000000006839848
minchirp = 26.11641690591841
maxchirp = 26.11661690591841
mincov = 52110311143.70225
maxcov = 5211031114370.225
