
[data]
trigger-time = 1294726287.296595
injection-file = /work/shashwat.singh/Prospects-of-LGWs/unlens/injection.hdf

[global]
instruments = E1 E2 E3 C1 C2
mass1_ref = 30.000000002872937
mass2_ref = 30.00000000671529
minchirp = 26.116416903057242
maxchirp = 26.116616903057242
mincov = 78468506469.97562
maxcov = 7846850646997.561
