
[data]
trigger-time = 1419922956.3989882
injection-file = /work/shashwat.singh/Prospects-of-LGWs/unlens/injection.hdf

[global]
instruments = E1 E2 E3 C1 C2
mass1_ref = 30.000000001429903
mass2_ref = 30.000000006621335
minchirp = 26.116416902388227
maxchirp = 26.116616902388227
mincov = 151441248085.37726
maxcov = 15144124808537.725
