
[data]
trigger-time = 1147299590.0676026
injection-file = /work/shashwat.singh/Prospects-of-LGWs/unlens/injection.hdf

[global]
instruments = E1 E2 E3 C1 C2
mass1_ref = 30.00000000161485
mass2_ref = 30.000000006036093
minchirp = 26.11641690221399
maxchirp = 26.11661690221399
mincov = 155277778429.19153
maxcov = 15527777842919.152
