
[data]
trigger-time = 1171117499.5943065
injection-file = /work/shashwat.singh/Prospects-of-LGWs/unlens/injection.hdf

[global]
instruments = E1 E2 E3 C1 C2
mass1_ref = 30.0000000038797
mass2_ref = 30.000000003064482
minchirp = 26.116416901906355
maxchirp = 26.116616901906355
mincov = 147782120846.18158
maxcov = 14778212084618.156
