
[data]
trigger-time = 1767338017.7321703
injection-file = /work/shashwat.singh/Prospects-of-LGWs/unlens/injection.hdf

[global]
instruments = E1 E2 E3 C1 C2
mass1_ref = 30.00000000629314
mass2_ref = 30.00000000645003
minchirp = 26.116416904430512
maxchirp = 26.11661690443051
mincov = 11920762514.688797
maxcov = 1192076251468.8796
