
[data]
trigger-time = 1947460021.7189012
injection-file = /work/shashwat.singh/Prospects-of-LGWs/unlens/injection.hdf

[global]
instruments = E1 E2 E3 C1 C2
mass1_ref = 30.00000000594131
mass2_ref = 30.000000007429595
minchirp = 26.11641690470375
maxchirp = 26.11661690470375
mincov = 20420510786.622475
maxcov = 2042051078662.2473
