
[data]
trigger-time = 1434417128.915544
injection-file = /work/shashwat.singh/Prospects-of-LGWs/unlens/injection.hdf

[global]
instruments = E1 E2 E3 C1 C2
mass1_ref = 30.000000005110575
mass2_ref = 30.00000000296888
minchirp = 26.11641690240051
maxchirp = 26.11661690240051
mincov = 145903207767.23605
maxcov = 14590320776723.605
