
[data]
trigger-time = 1873508536.149185
injection-file = /work/shashwat.singh/Prospects-of-LGWs/unlens/injection.hdf

[global]
instruments = E1 E2 E3 C1 C2
mass1_ref = 30.000000007677038
mass2_ref = 30.00000000996246
minchirp = 26.116416906561764
maxchirp = 26.116616906561763
mincov = 156260608134.2196
maxcov = 15626060813421.96
