
[data]
trigger-time = 1582256426.1002588
injection-file = /work/shashwat.singh/Prospects-of-LGWs/unlens/injection.hdf

[global]
instruments = E1 E2 E3 C1 C2
mass1_ref = 30.00000000205905
mass2_ref = 30.000000005617665
minchirp = 26.11641690222521
maxchirp = 26.11661690222521
mincov = 176628058093.6854
maxcov = 17662805809368.54
