
[data]
trigger-time = 1813818198.4894638
injection-file = /work/shashwat.singh/Prospects-of-LGWs/unlens/injection.hdf

[global]
instruments = E1 E2 E3 C1 C2
mass1_ref = 30.000000005736787
mass2_ref = 30.00000000620809
minchirp = 26.116416904083035
maxchirp = 26.116616904083035
mincov = 21104492452.567543
maxcov = 2110449245256.7542
