
[data]
trigger-time = 1709596881.726086
injection-file = /work/shashwat.singh/Prospects-of-LGWs/unlens/injection.hdf

[global]
instruments = E1 E2 E3 C1 C2
mass1_ref = 30.00000000409099
mass2_ref = 30.000000004579405
minchirp = 26.116416902657733
maxchirp = 26.116616902657732
mincov = 78585497313.28557
maxcov = 7858549731328.557
