
[data]
trigger-time = 1677724384.1029108
injection-file = /work/shashwat.singh/Prospects-of-LGWs/unlens/injection.hdf

[global]
instruments = E1 E2 E3 C1 C2
mass1_ref = 30.000000006792572
mass2_ref = 30.00000000729783
minchirp = 26.11641690501693
maxchirp = 26.11661690501693
mincov = 2298611474.6435637
maxcov = 229861147464.35638
