
[data]
trigger-time = 1538275691.16018
injection-file = /work/shashwat.singh/Prospects-of-LGWs/unlens/injection.hdf

[global]
instruments = E1 E2 E3 C1 C2
mass1_ref = 30.00000000923207
mass2_ref = 30.000000005921237
minchirp = 26.116416905479586
maxchirp = 26.116616905479585
mincov = 122137797951.02803
maxcov = 12213779795102.803
