
[data]
trigger-time = 1249667873.7159092
injection-file = /work/shashwat.singh/Prospects-of-LGWs/unlens/injection.hdf

[global]
instruments = E1 E2 E3 C1 C2
mass1_ref = 30.000000003695206
mass2_ref = 30.000000004720654
minchirp = 26.11641690254694
maxchirp = 26.11661690254694
mincov = 39543490311.224045
maxcov = 3954349031122.4043
