
[data]
trigger-time = 1427967424.4075222
injection-file = /work/shashwat.singh/Prospects-of-LGWs/unlens/injection.hdf

[global]
instruments = E1 E2 E3 C1 C2
mass1_ref = 30.000000003825633
mass2_ref = 30.000000007470543
minchirp = 26.116416903800673
maxchirp = 26.116616903800672
mincov = 52292513319.80386
maxcov = 5229251331980.387
