
[data]
trigger-time = 1960258284.3661523
injection-file = /work/shashwat.singh/Prospects-of-LGWs/unlens/injection.hdf

[global]
instruments = E1 E2 E3 C1 C2
mass1_ref = 30.000000007502763
mass2_ref = 30.00000000677516
minchirp = 26.11641690509855
maxchirp = 26.11661690509855
mincov = 105218484985.94038
maxcov = 10521848498594.04
