
[data]
trigger-time = 1698028430.8204787
injection-file = /work/shashwat.singh/Prospects-of-LGWs/unlens/injection.hdf

[global]
instruments = E1 E2 E3 C1 C2
mass1_ref = 30.000000004368264
mass2_ref = 30.000000009578105
minchirp = 26.116416904954235
maxchirp = 26.116616904954235
mincov = 55187568825.77069
maxcov = 5518756882577.069
