
[data]
trigger-time = 1754871787.276328
injection-file = /work/shashwat.singh/Prospects-of-LGWs/unlens/injection.hdf

[global]
instruments = E1 E2 E3 C1 C2
mass1_ref = 30.000000008504866
mass2_ref = 30.000000008048467
minchirp = 26.116416906088983
maxchirp = 26.116616906088982
mincov = 153041635149.6397
maxcov = 15304163514963.969
