
[data]
trigger-time = 1170410632.857104
injection-file = /work/shashwat.singh/Prospects-of-LGWs/unlens/injection.hdf

[global]
instruments = E1 E2 E3 C1 C2
mass1_ref = 30.000000006408445
mass2_ref = 30.000000007572968
minchirp = 26.116416904969487
maxchirp = 26.116616904969487
mincov = 55347691575.39575
maxcov = 5534769157539.575
