
[data]
trigger-time = 1037879461.442646
injection-file = /work/shashwat.singh/Prospects-of-LGWs/unlens/injection.hdf

[global]
instruments = E1 E2 E3 C1 C2
mass1_ref = 30.000000005036206
mass2_ref = 30.000000009862102
minchirp = 26.11641690536859
maxchirp = 26.11661690536859
mincov = 113733695474.49211
maxcov = 11373369547449.21
