
[data]
trigger-time = 1569606426.0246785
injection-file = /work/shashwat.singh/Prospects-of-LGWs/unlens/injection.hdf

[global]
instruments = E1 E2 E3 C1 C2
mass1_ref = 30.00000000777426
mass2_ref = 30.00000000383266
minchirp = 26.11641690393593
maxchirp = 26.11661690393593
mincov = 2113516.9720177366
maxcov = 211351697.20177367
