
[data]
trigger-time = 1920488354.9600883
injection-file = /work/shashwat.singh/Prospects-of-LGWs/unlens/injection.hdf

[global]
instruments = E1 E2 E3 C1 C2
mass1_ref = 30.000000004424088
mass2_ref = 30.00000000005004
minchirp = 26.116416900831204
maxchirp = 26.116616900831204
mincov = 73224433045.00163
maxcov = 7322443304500.164
