
[data]
trigger-time = 1786439627.3795755
injection-file = /work/shashwat.singh/Prospects-of-LGWs/unlens/injection.hdf

[global]
instruments = E1 E2 E3 C1 C2
mass1_ref = 30.00000000344103
mass2_ref = 30.000000005713115
minchirp = 26.1164169028683
maxchirp = 26.116616902868298
mincov = 55354911877.68223
maxcov = 5535491187768.223
