
[data]
trigger-time = 1319088246.7940207
injection-file = /work/shashwat.singh/Prospects-of-LGWs/unlens/injection.hdf

[global]
instruments = E1 E2 E3 C1 C2
mass1_ref = 30.00000000729101
mass2_ref = 30.000000008206335
minchirp = 26.116416905629336
maxchirp = 26.116616905629336
mincov = 165068231366.97253
maxcov = 16506823136697.254
