
[data]
trigger-time = 1507724161.1623263
injection-file = /work/shashwat.singh/Prospects-of-LGWs/unlens/injection.hdf

[global]
instruments = E1 E2 E3 C1 C2
mass1_ref = 30.000000007620958
mass2_ref = 30.00000000120064
minchirp = 26.11641690272355
maxchirp = 26.11661690272355
mincov = 157313596041.1169
maxcov = 15731359604111.691
