
[data]
trigger-time = 1987933092.0631511
injection-file = /work/shashwat.singh/Prospects-of-LGWs/unlens/injection.hdf

[global]
instruments = E1 E2 E3 C1 C2
mass1_ref = 30.000000006987854
mass2_ref = 30.000000007587627
minchirp = 26.116416905228068
maxchirp = 26.116616905228067
mincov = 152192782500.04398
maxcov = 15219278250004.396
