
[data]
trigger-time = 1841677880.070892
injection-file = /work/shashwat.singh/Prospects-of-LGWs/unlens/injection.hdf

[global]
instruments = E1 E2 E3 C1 C2
mass1_ref = 30.000000001838085
mass2_ref = 30.000000002874014
minchirp = 26.116416900934784
maxchirp = 26.116616900934783
mincov = 33883131593.8124
maxcov = 3388313159381.24
