
[data]
trigger-time = 1210785164.3854198
injection-file = /work/shashwat.singh/Prospects-of-LGWs/unlens/injection.hdf

[global]
instruments = E1 E2 E3 C1 C2
mass1_ref = 30.00000000841616
mass2_ref = 30.00000000666001
minchirp = 26.11641690544601
maxchirp = 26.11661690544601
mincov = 145992498198.54355
maxcov = 14599249819854.355
