
[data]
trigger-time = 1473104265.9604855
injection-file = /work/shashwat.singh/Prospects-of-LGWs/unlens/injection.hdf

[global]
instruments = E1 E2 E3 C1 C2
mass1_ref = 30.000000007112053
mass2_ref = 30.00000000104863
minchirp = 26.11641690243587
maxchirp = 26.11661690243587
mincov = 163937457587.58948
maxcov = 16393745758758.947
