
[data]
trigger-time = 1211210576.3248074
injection-file = /work/shashwat.singh/Prospects-of-LGWs/unlens/injection.hdf

[global]
instruments = E1 E2 E3 C1 C2
mass1_ref = 30.00000000033762
mass2_ref = 30.000000000051834
minchirp = 26.116416899053245
maxchirp = 26.116616899053245
mincov = 108763629108.3447
maxcov = 10876362910834.469
