
[data]
trigger-time = 1379492976.0720832
injection-file = /work/shashwat.singh/Prospects-of-LGWs/unlens/injection.hdf

[global]
instruments = E1 E2 E3 C1 C2
mass1_ref = 30.00000000328705
mass2_ref = 30.00000000484636
minchirp = 26.116416902423996
maxchirp = 26.116616902423996
mincov = 174545444625.77753
maxcov = 17454544462577.754
