
[data]
trigger-time = 1306558147.4928637
injection-file = /work/shashwat.singh/Prospects-of-LGWs/unlens/injection.hdf

[global]
instruments = E1 E2 E3 C1 C2
mass1_ref = 30.00000000981892
mass2_ref = 30.000000002676746
minchirp = 26.11641690432278
maxchirp = 26.11661690432278
mincov = 161340438532.38144
maxcov = 16134043853238.145
