
[data]
trigger-time = 1809449380.379499
injection-file = /work/shashwat.singh/Prospects-of-LGWs/unlens/injection.hdf

[global]
instruments = E1 E2 E3 C1 C2
mass1_ref = 30.00000000549776
mass2_ref = 30.000000002739586
minchirp = 26.11641690246924
maxchirp = 26.11661690246924
mincov = 128097066625.3663
maxcov = 12809706662536.63
