
[data]
trigger-time = 1148552307.4429476
injection-file = /work/shashwat.singh/Prospects-of-LGWs/unlens/injection.hdf

[global]
instruments = E1 E2 E3 C1 C2
mass1_ref = 30.00000000229658
mass2_ref = 30.000000002247933
minchirp = 26.11641690086184
maxchirp = 26.11661690086184
mincov = 113431180729.0931
maxcov = 11343118072909.309
