
[data]
trigger-time = 1886504866.6285748
injection-file = /work/shashwat.singh/Prospects-of-LGWs/unlens/injection.hdf

[global]
instruments = E1 E2 E3 C1 C2
mass1_ref = 30.000000001999382
mass2_ref = 30.000000002060005
minchirp = 26.116416900650677
maxchirp = 26.116616900650676
mincov = 33041084.57034701
maxcov = 3304108457.0347013
