
[data]
trigger-time = 1400872154.85635
injection-file = /work/shashwat.singh/Prospects-of-LGWs/unlens/injection.hdf

[global]
instruments = E1 E2 E3 C1 C2
mass1_ref = 30.000000006813302
mass2_ref = 30.000000008652766
minchirp = 26.116416905615722
maxchirp = 26.11661690561572
mincov = 113871025337.66348
maxcov = 11387102533766.348
