
[data]
trigger-time = 1277273945.0844963
injection-file = /work/shashwat.singh/Prospects-of-LGWs/unlens/injection.hdf

[global]
instruments = E1 E2 E3 C1 C2
mass1_ref = 30.000000002554952
mass2_ref = 30.000000003608907
minchirp = 26.116416901566698
maxchirp = 26.116616901566697
mincov = 140384231757.2099
maxcov = 14038423175720.992
