
[data]
trigger-time = 1565842986.8747187
injection-file = /work/shashwat.singh/Prospects-of-LGWs/unlens/injection.hdf

[global]
instruments = E1 E2 E3 C1 C2
mass1_ref = 30.000000001030696
mass2_ref = 30.000000007252606
minchirp = 26.11641690248924
maxchirp = 26.11661690248924
mincov = 101743018305.53873
maxcov = 10174301830553.873
