
[data]
trigger-time = 1701915757.784622
injection-file = /work/shashwat.singh/Prospects-of-LGWs/unlens/injection.hdf

[global]
instruments = E1 E2 E3 C1 C2
mass1_ref = 30.00000000310706
mass2_ref = 30.000000002262322
minchirp = 26.116416901220884
maxchirp = 26.116616901220883
mincov = 101997854189.81595
maxcov = 10199785418981.596
