
[data]
trigger-time = 1509301163.5166574
injection-file = /work/shashwat.singh/Prospects-of-LGWs/unlens/injection.hdf

[global]
instruments = E1 E2 E3 C1 C2
mass1_ref = 30.0000000003494
mass2_ref = 30.00000000481047
minchirp = 26.11641690112969
maxchirp = 26.11661690112969
mincov = 168236986253.27203
maxcov = 16823698625327.205
