
[data]
trigger-time = 1934646592.9821472
injection-file = /work/shashwat.singh/Prospects-of-LGWs/unlens/injection.hdf

[global]
instruments = E1 E2 E3 C1 C2
mass1_ref = 30.000000006045553
mass2_ref = 30.000000004533796
minchirp = 26.116416903488652
maxchirp = 26.11661690348865
mincov = 106253840474.3059
maxcov = 10625384047430.59
