
[data]
trigger-time = 1558630780.328246
injection-file = /work/shashwat.singh/Prospects-of-LGWs/unlens/injection.hdf

[global]
instruments = E1 E2 E3 C1 C2
mass1_ref = 30.00000000501819
mass2_ref = 30.000000007801763
minchirp = 26.116416904463932
maxchirp = 26.116616904463932
mincov = 90289802198.08768
maxcov = 9028980219808.768
