
[data]
trigger-time = 1048359326.9983122
injection-file = /work/shashwat.singh/Prospects-of-LGWs/unlens/injection.hdf

[global]
instruments = E1 E2 E3 C1 C2
mass1_ref = 30.000000006306564
mass2_ref = 30.000000002270532
minchirp = 26.11641690261712
maxchirp = 26.11661690261712
mincov = 13354391443.55801
maxcov = 1335439144355.801
