
[data]
trigger-time = 1777446561.4647079
injection-file = /work/shashwat.singh/Prospects-of-LGWs/unlens/injection.hdf

[global]
instruments = E1 E2 E3 C1 C2
mass1_ref = 30.00000000083805
mass2_ref = 30.000000005236434
minchirp = 26.1164169015278
maxchirp = 26.1166169015278
mincov = 62335973418.52263
maxcov = 6233597341852.264
