
[data]
trigger-time = 1469265308.8497086
injection-file = /work/shashwat.singh/Prospects-of-LGWs/unlens/injection.hdf

[global]
instruments = E1 E2 E3 C1 C2
mass1_ref = 30.00000000340822
mass2_ref = 30.000000004351318
minchirp = 26.11641690226126
maxchirp = 26.11661690226126
mincov = 23647922962.1827
maxcov = 2364792296218.27
