
[data]
trigger-time = 1140608836.9750073
injection-file = /work/shashwat.singh/Prospects-of-LGWs/unlens/injection.hdf

[global]
instruments = E1 E2 E3 C1 C2
mass1_ref = 30.00000000194162
mass2_ref = 30.00000000395612
minchirp = 26.116416901450865
maxchirp = 26.116616901450865
mincov = 36250822769.074905
maxcov = 3625082276907.4907
