
[data]
trigger-time = 1353789863.6289778
injection-file = /work/shashwat.singh/Prospects-of-LGWs/unlens/injection.hdf

[global]
instruments = E1 E2 E3 C1 C2
mass1_ref = 30.00000000035434
mass2_ref = 30.00000000513099
minchirp = 26.116416901271354
maxchirp = 26.116616901271353
mincov = 102292876326.23044
maxcov = 10229287632623.043
