
[data]
trigger-time = 1580748217.5195508
injection-file = /work/shashwat.singh/Prospects-of-LGWs/unlens/injection.hdf

[global]
instruments = E1 E2 E3 C1 C2
mass1_ref = 30.000000009747524
mass2_ref = 30.000000003261672
minchirp = 26.116416904546305
maxchirp = 26.116616904546305
mincov = 70495967736.28604
maxcov = 7049596773628.604
