
[data]
trigger-time = 1612690440.7991529
injection-file = /work/shashwat.singh/Prospects-of-LGWs/unlens/injection.hdf

[global]
instruments = E1 E2 E3 C1 C2
mass1_ref = 30.00000000080572
mass2_ref = 30.000000007891053
minchirp = 26.116416902669215
maxchirp = 26.116616902669215
mincov = 58685327623.39121
maxcov = 5868532762339.121
