
[data]
trigger-time = 1592295729.0631511
injection-file = /work/shashwat.singh/Prospects-of-LGWs/unlens/injection.hdf

[global]
instruments = E1 E2 E3 C1 C2
mass1_ref = 30.00000000875964
mass2_ref = 30.00000000473157
minchirp = 26.116416904756115
maxchirp = 26.116616904756114
mincov = 78762474353.4005
maxcov = 7876247435340.05
