
[data]
trigger-time = 1139350254.8805547
injection-file = /work/shashwat.singh/Prospects-of-LGWs/unlens/injection.hdf

[global]
instruments = E1 E2 E3 C1 C2
mass1_ref = 30.0000000044077
mass2_ref = 30.000000007703427
minchirp = 26.1164169041554
maxchirp = 26.1166169041554
mincov = 146094102400.81415
maxcov = 14609410240081.416
