
[data]
trigger-time = 1261964946.907135
injection-file = /work/shashwat.singh/Prospects-of-LGWs/unlens/injection.hdf

[global]
instruments = E1 E2 E3 C1 C2
mass1_ref = 30.000000005419754
mass2_ref = 30.000000004114266
minchirp = 26.11641690303365
maxchirp = 26.11661690303365
mincov = 111505277915.64485
maxcov = 11150527791564.484
