
[data]
trigger-time = 1733561888.4236064
injection-file = /work/shashwat.singh/Prospects-of-LGWs/unlens/injection.hdf

[global]
instruments = E1 E2 E3 C1 C2
mass1_ref = 30.000000007150472
mass2_ref = 30.000000002978773
minchirp = 26.116416903292734
maxchirp = 26.116616903292734
mincov = 106465896860.52158
maxcov = 10646589686052.156
