
[data]
trigger-time = 1310734242.1205893
injection-file = /work/shashwat.singh/Prospects-of-LGWs/unlens/injection.hdf

[global]
instruments = E1 E2 E3 C1 C2
mass1_ref = 30.000000008319752
mass2_ref = 30.000000001140272
minchirp = 26.11641690300144
maxchirp = 26.11661690300144
mincov = 87653886020.98984
maxcov = 8765388602098.983
