
[data]
trigger-time = 1126770394.6304839
injection-file = /work/shashwat.singh/Prospects-of-LGWs/unlens/injection.hdf

[global]
instruments = E1 E2 E3 C1 C2
mass1_ref = 30.00000000257917
mass2_ref = 30.000000006733252
minchirp = 26.116416902937193
maxchirp = 26.116616902937192
mincov = 164800687471.66132
maxcov = 16480068747166.13
