
[data]
trigger-time = 1968686033.930185
injection-file = /work/shashwat.singh/Prospects-of-LGWs/unlens/injection.hdf

[global]
instruments = E1 E2 E3 C1 C2
mass1_ref = 30.000000005928307
mass2_ref = 30.000000000913357
minchirp = 26.116416901861733
maxchirp = 26.116616901861732
mincov = 155984994401.39355
maxcov = 15598499440139.355
