
[data]
trigger-time = 1689754844.2174392
injection-file = /work/shashwat.singh/Prospects-of-LGWs/unlens/injection.hdf

[global]
instruments = E1 E2 E3 C1 C2
mass1_ref = 30.000000003659796
mass2_ref = 30.00000000993846
minchirp = 26.116416904802712
maxchirp = 26.11661690480271
mincov = 81.1308769286434
maxcov = 8113.087692864341
