
[data]
trigger-time = 1191087762.3388011
injection-file = /work/shashwat.singh/Prospects-of-LGWs/unlens/injection.hdf

[global]
instruments = E1 E2 E3 C1 C2
mass1_ref = 30.00000000597876
mass2_ref = 30.000000002506862
minchirp = 26.116416902577306
maxchirp = 26.116616902577306
mincov = 88584786830.31932
maxcov = 8858478683031.932
