
[data]
trigger-time = 1332839476.181476
injection-file = /work/shashwat.singh/Prospects-of-LGWs/unlens/injection.hdf

[global]
instruments = E1 E2 E3 C1 C2
mass1_ref = 30.00000000241293
mass2_ref = 30.000000001819128
minchirp = 26.116416900725834
maxchirp = 26.116616900725834
mincov = 156009439763.05658
maxcov = 15600943976305.66
