
[data]
trigger-time = 1415921913.8986034
injection-file = /work/shashwat.singh/Prospects-of-LGWs/unlens/injection.hdf

[global]
instruments = E1 E2 E3 C1 C2
mass1_ref = 30.000000000103075
mass2_ref = 30.00000000470207
minchirp = 26.116416900975285
maxchirp = 26.116616900975284
mincov = 202289018.45946974
maxcov = 20228901845.94697
