
[data]
trigger-time = 1294032402.5141878
injection-file = /work/shashwat.singh/Prospects-of-LGWs/unlens/injection.hdf

[global]
instruments = E1 E2 E3 C1 C2
mass1_ref = 30.000000006931835
mass2_ref = 30.00000000072247
minchirp = 26.116416902215455
maxchirp = 26.116616902215455
mincov = 175223937137.3209
maxcov = 17522393713732.09
