
[data]
trigger-time = 1382407281.9793968
injection-file = /work/shashwat.singh/Prospects-of-LGWs/unlens/injection.hdf

[global]
instruments = E1 E2 E3 C1 C2
mass1_ref = 30.000000008409334
mass2_ref = 30.000000001942965
minchirp = 26.116416903389823
maxchirp = 26.116616903389822
mincov = 156915640407.4747
maxcov = 15691564040747.47
