
[data]
trigger-time = 1123070421.7444942
injection-file = /work/shashwat.singh/Prospects-of-LGWs/unlens/injection.hdf

[global]
instruments = E1 E2 E3 C1 C2
mass1_ref = 30.000000001380943
mass2_ref = 30.000000001585775
minchirp = 26.116416900175064
maxchirp = 26.116616900175064
mincov = 112393522814.68542
maxcov = 11239352281468.543
