
[data]
trigger-time = 1114815199.308992
injection-file = /work/shashwat.singh/Prospects-of-LGWs/unlens/injection.hdf

[global]
instruments = E1 E2 E3 C1 C2
mass1_ref = 30.000000008577
mass2_ref = 30.000000002371184
minchirp = 26.1164169036492
maxchirp = 26.1166169036492
mincov = 93138107765.22289
maxcov = 9313810776522.29
