
[data]
trigger-time = 1320018364.3891811
injection-file = /work/shashwat.singh/Prospects-of-LGWs/unlens/injection.hdf

[global]
instruments = E1 E2 E3 C1 C2
mass1_ref = 30.00000000326744
mass2_ref = 30.00000000650136
minchirp = 26.11641690313584
maxchirp = 26.11661690313584
mincov = 43954281625.289276
maxcov = 4395428162528.9277
