
[data]
trigger-time = 1766797639.3497066
injection-file = /work/shashwat.singh/Prospects-of-LGWs/unlens/injection.hdf

[global]
instruments = E1 E2 E3 C1 C2
mass1_ref = 30.000000005219967
mass2_ref = 30.000000002701874
minchirp = 26.116416902331906
maxchirp = 26.116616902331906
mincov = 7956073621.731438
maxcov = 795607362173.1438
