
[data]
trigger-time = 1999899156.160037
injection-file = /work/shashwat.singh/Prospects-of-LGWs/unlens/injection.hdf

[global]
instruments = E1 E2 E3 C1 C2
mass1_ref = 30.000000007933178
mass2_ref = 30.000000003672252
minchirp = 26.11641690393528
maxchirp = 26.11661690393528
mincov = 2457831252.3999033
maxcov = 245783125239.9903
