
[data]
trigger-time = 1496810859.5732374
injection-file = /work/shashwat.singh/Prospects-of-LGWs/unlens/injection.hdf

[global]
instruments = E1 E2 E3 C1 C2
mass1_ref = 30.00000000828754
mass2_ref = 30.000000009685124
minchirp = 26.11641690670678
maxchirp = 26.11661690670678
mincov = 8473090590.69633
maxcov = 847309059069.633
