
[data]
trigger-time = 1172611415.0228932
injection-file = /work/shashwat.singh/Prospects-of-LGWs/unlens/injection.hdf

[global]
instruments = E1 E2 E3 C1 C2
mass1_ref = 30.00000000091978
mass2_ref = 30.000000006874142
minchirp = 26.116416902276224
maxchirp = 26.116616902276224
mincov = 89317832756.28136
maxcov = 8931783275628.137
