
[data]
trigger-time = 1993747191.502651
injection-file = /work/shashwat.singh/Prospects-of-LGWs/unlens/injection.hdf

[global]
instruments = E1 E2 E3 C1 C2
mass1_ref = 30.000000008646662
mass2_ref = 30.000000005112614
minchirp = 26.116416904872796
maxchirp = 26.116616904872796
mincov = 13272450593.002909
maxcov = 1327245059300.2908
