
[data]
trigger-time = 1750661320.4468336
injection-file = /work/shashwat.singh/Prospects-of-LGWs/unlens/injection.hdf

[global]
instruments = E1 E2 E3 C1 C2
mass1_ref = 30.000000002753627
mass2_ref = 30.000000007078647
minchirp = 26.116416903163472
maxchirp = 26.11661690316347
mincov = 26704518959.625416
maxcov = 2670451895962.5415
