
[data]
trigger-time = 1904181231.3535998
injection-file = /work/shashwat.singh/Prospects-of-LGWs/unlens/injection.hdf

[global]
instruments = E1 E2 E3 C1 C2
mass1_ref = 30.00000000635108
mass2_ref = 30.00000000846832
minchirp = 26.11641690533424
maxchirp = 26.11661690533424
mincov = 83656646246.29019
maxcov = 8365664624629.019
