
[data]
trigger-time = 1155918223.1208763
injection-file = /work/shashwat.singh/Prospects-of-LGWs/unlens/injection.hdf

[global]
instruments = E1 E2 E3 C1 C2
mass1_ref = 30.000000009332275
mass2_ref = 30.00000000469277
minchirp = 26.11641690498848
maxchirp = 26.11661690498848
mincov = 99063967958.22162
maxcov = 9906396795822.162
