
[data]
trigger-time = 1436794793.4437761
injection-file = /work/shashwat.singh/Prospects-of-LGWs/unlens/injection.hdf

[global]
instruments = E1 E2 E3 C1 C2
mass1_ref = 30.000000007692865
mass2_ref = 30.000000002684704
minchirp = 26.116416903400822
maxchirp = 26.11661690340082
mincov = 68672470705.56411
maxcov = 6867247070556.411
