
[data]
trigger-time = 1643799891.9110088
injection-file = /work/shashwat.singh/Prospects-of-LGWs/unlens/injection.hdf

[global]
instruments = E1 E2 E3 C1 C2
mass1_ref = 30.000000006737324
mass2_ref = 30.00000000826825
minchirp = 26.11641690541528
maxchirp = 26.11661690541528
mincov = 178511615327.1415
maxcov = 17851161532714.15
