
[data]
trigger-time = 1662955268.4809532
injection-file = /work/shashwat.singh/Prospects-of-LGWs/unlens/injection.hdf

[global]
instruments = E1 E2 E3 C1 C2
mass1_ref = 30.000000008605532
mass2_ref = 30.00000000105384
minchirp = 26.11641690308821
maxchirp = 26.11661690308821
mincov = 1982364983.3308167
maxcov = 198236498333.08167
