
[data]
trigger-time = 1427393771.810011
injection-file = /work/shashwat.singh/Prospects-of-LGWs/unlens/injection.hdf

[global]
instruments = E1 E2 E3 C1 C2
mass1_ref = 30.00000000964119
mass2_ref = 30.00000000136633
minchirp = 26.116416903675027
maxchirp = 26.116616903675027
mincov = 123090823250.11182
maxcov = 12309082325011.182
