
[data]
trigger-time = 1114815109.0582733
injection-file = /work/shashwat.singh/Prospects-of-LGWs/unlens/injection.hdf

[global]
instruments = E1 E2 E3 C1 C2
mass1_ref = 30.00000000835402
mass2_ref = 30.000000004392245
minchirp = 26.116416904431862
maxchirp = 26.11661690443186
mincov = 87127660160.4588
maxcov = 8712766016045.88
