
[data]
trigger-time = 1493333153.6850486
injection-file = /work/shashwat.singh/Prospects-of-LGWs/unlens/injection.hdf

[global]
instruments = E1 E2 E3 C1 C2
mass1_ref = 30.000000002349502
mass2_ref = 30.000000002043333
minchirp = 26.116416900795816
maxchirp = 26.116616900795815
mincov = 178073908039.93286
maxcov = 17807390803993.285
