
[data]
trigger-time = 1980161013.3156023
injection-file = /work/shashwat.singh/Prospects-of-LGWs/unlens/injection.hdf

[global]
instruments = E1 E2 E3 C1 C2
mass1_ref = 30.00000000804626
mass2_ref = 30.000000003027576
minchirp = 26.116416903703893
maxchirp = 26.116616903703893
mincov = 97582285645.11972
maxcov = 9758228564511.973
