
[data]
trigger-time = 1115857530.5973845
injection-file = /work/shashwat.singh/Prospects-of-LGWs/unlens/injection.hdf

[global]
instruments = E1 E2 E3 C1 C2
mass1_ref = 30.00000000300155
mass2_ref = 30.00000000916756
minchirp = 26.116416904180635
maxchirp = 26.116616904180635
mincov = 936155733.4914644
maxcov = 93615573349.14644
