
[data]
trigger-time = 1466147330.659927
injection-file = /work/shashwat.singh/Prospects-of-LGWs/unlens/injection.hdf

[global]
instruments = E1 E2 E3 C1 C2
mass1_ref = 30.000000005399276
mass2_ref = 30.00000000351222
minchirp = 26.11641690276268
maxchirp = 26.11661690276268
mincov = 94432749804.89285
maxcov = 9443274980489.285
