
[data]
trigger-time = 1054414159.3966883
injection-file = /work/shashwat.singh/Prospects-of-LGWs/unlens/injection.hdf

[global]
instruments = E1 E2 E3 C1 C2
mass1_ref = 30.000000008182287
mass2_ref = 30.00000000946436
minchirp = 26.116416906564872
maxchirp = 26.11661690656487
mincov = 144072871297.51886
maxcov = 14407287129751.887
