
[data]
trigger-time = 1185240650.0454984
injection-file = /work/shashwat.singh/Prospects-of-LGWs/unlens/injection.hdf

[global]
instruments = E1 E2 E3 C1 C2
mass1_ref = 30.00000000749118
mass2_ref = 30.000000004783086
minchirp = 26.116416904226412
maxchirp = 26.11661690422641
mincov = 45283810836.23787
maxcov = 4528381083623.787
