
[data]
trigger-time = 1389061975.0407288
injection-file = /work/shashwat.singh/Prospects-of-LGWs/unlens/injection.hdf

[global]
instruments = E1 E2 E3 C1 C2
mass1_ref = 30.00000000213576
mass2_ref = 30.000000003222322
minchirp = 26.116416901215963
maxchirp = 26.116616901215963
mincov = 151179216487.80548
maxcov = 15117921648780.549
