
[data]
trigger-time = 1695666653.3363123
injection-file = /work/shashwat.singh/Prospects-of-LGWs/unlens/injection.hdf

[global]
instruments = E1 E2 E3 C1 C2
mass1_ref = 30.000000002919908
mass2_ref = 30.000000003812673
minchirp = 26.11641690181425
maxchirp = 26.11661690181425
mincov = 134186228998.26274
maxcov = 13418622899826.273
