
[data]
trigger-time = 1274809274.644805
injection-file = /work/shashwat.singh/Prospects-of-LGWs/unlens/injection.hdf

[global]
instruments = E1 E2 E3 C1 C2
mass1_ref = 30.000000000400917
mass2_ref = 30.0000000061632
minchirp = 26.116416901740923
maxchirp = 26.116616901740922
mincov = 139156198752.00986
maxcov = 13915619875200.986
