
[data]
trigger-time = 1364514858.0112522
injection-file = /work/shashwat.singh/Prospects-of-LGWs/unlens/injection.hdf

[global]
instruments = E1 E2 E3 C1 C2
mass1_ref = 30.00000000897625
mass2_ref = 30.000000004290854
minchirp = 26.116416904658568
maxchirp = 26.116616904658567
mincov = 99995816087.36841
maxcov = 9999581608736.84
