
[data]
trigger-time = 1276795271.5931892
injection-file = /work/shashwat.singh/Prospects-of-LGWs/unlens/injection.hdf

[global]
instruments = E1 E2 E3 C1 C2
mass1_ref = 30.000000007846126
mass2_ref = 30.000000006310366
minchirp = 26.116416905045696
maxchirp = 26.116616905045696
mincov = 8279530763.88293
maxcov = 827953076388.293
