
[data]
trigger-time = 1575952863.6615646
injection-file = /work/shashwat.singh/Prospects-of-LGWs/unlens/injection.hdf

[global]
instruments = E1 E2 E3 C1 C2
mass1_ref = 30.00000000235102
mass2_ref = 30.000000000041286
minchirp = 26.116416899925035
maxchirp = 26.116616899925035
mincov = 69188631672.17221
maxcov = 6918863167217.222
