
[data]
trigger-time = 1613778175.8539736
injection-file = /work/shashwat.singh/Prospects-of-LGWs/unlens/injection.hdf

[global]
instruments = E1 E2 E3 C1 C2
mass1_ref = 30.000000001350056
mass2_ref = 30.000000005427335
minchirp = 26.116416901833755
maxchirp = 26.116616901833755
mincov = 169017706221.49298
maxcov = 16901770622149.299
