
[data]
trigger-time = 1817625101.4861445
injection-file = /work/shashwat.singh/Prospects-of-LGWs/unlens/injection.hdf

[global]
instruments = E1 E2 E3 C1 C2
mass1_ref = 30.000000004150785
mass2_ref = 30.000000000452584
minchirp = 26.116416900887458
maxchirp = 26.116616900887458
mincov = 169406614825.99316
maxcov = 16940661482599.316
