
[data]
trigger-time = 1416270224.2831597
injection-file = /work/shashwat.singh/Prospects-of-LGWs/unlens/injection.hdf

[global]
instruments = E1 E2 E3 C1 C2
mass1_ref = 30.000000001318128
mass2_ref = 30.00000000816236
minchirp = 26.116416903010347
maxchirp = 26.116616903010346
mincov = 97005783633.72304
maxcov = 9700578363372.303
