
[data]
trigger-time = 1857194515.3998938
injection-file = /work/shashwat.singh/Prospects-of-LGWs/unlens/injection.hdf

[global]
instruments = E1 E2 E3 C1 C2
mass1_ref = 30.000000005980272
mass2_ref = 30.000000001628774
minchirp = 26.116416902195752
maxchirp = 26.11661690219575
mincov = 165122404491.2055
maxcov = 16512240449120.55
