
[data]
trigger-time = 1350216376.7430556
injection-file = /work/shashwat.singh/Prospects-of-LGWs/unlens/injection.hdf

[global]
instruments = E1 E2 E3 C1 C2
mass1_ref = 30.000000006377125
mass2_ref = 30.00000000130996
minchirp = 26.116416902229723
maxchirp = 26.116616902229723
mincov = 136649418053.71024
maxcov = 13664941805371.023
