
[data]
trigger-time = 1766126994.772949
injection-file = /work/shashwat.singh/Prospects-of-LGWs/unlens/injection.hdf

[global]
instruments = E1 E2 E3 C1 C2
mass1_ref = 30.000000002343814
mass2_ref = 30.000000007049003
minchirp = 26.116416902972187
maxchirp = 26.116616902972186
mincov = 55210391917.985794
maxcov = 5521039191798.579
