
[data]
trigger-time = 1577902496.120009
injection-file = /work/shashwat.singh/Prospects-of-LGWs/unlens/injection.hdf

[global]
instruments = E1 E2 E3 C1 C2
mass1_ref = 30.00000000874651
mass2_ref = 30.000000003264162
minchirp = 26.116416904111674
maxchirp = 26.116616904111673
mincov = 85596717945.09187
maxcov = 8559671794509.1875
