
[data]
trigger-time = 1928663258.4350166
injection-file = /work/shashwat.singh/Prospects-of-LGWs/unlens/injection.hdf

[global]
instruments = E1 E2 E3 C1 C2
mass1_ref = 30.00000000917096
mass2_ref = 30.000000007264298
minchirp = 26.116416906037585
maxchirp = 26.116616906037585
mincov = 144266657308.22855
maxcov = 14426665730822.854
