
[data]
trigger-time = 1339332327.7908633
injection-file = /work/shashwat.singh/Prospects-of-LGWs/unlens/injection.hdf

[global]
instruments = E1 E2 E3 C1 C2
mass1_ref = 30.00000000142201
mass2_ref = 30.000000000302887
minchirp = 26.11641689963453
maxchirp = 26.11661689963453
mincov = 64890293923.31301
maxcov = 6489029392331.301
