
[data]
trigger-time = 1920691812.9380007
injection-file = /work/shashwat.singh/Prospects-of-LGWs/unlens/injection.hdf

[global]
instruments = E1 E2 E3 C1 C2
mass1_ref = 30.000000006632845
mass2_ref = 30.000000006187026
minchirp = 26.116416904463897
maxchirp = 26.116616904463896
mincov = 145232997311.9123
maxcov = 14523299731191.229
