
[data]
trigger-time = 1746609035.169489
injection-file = /work/shashwat.singh/Prospects-of-LGWs/unlens/injection.hdf

[global]
instruments = E1 E2 E3 C1 C2
mass1_ref = 30.0000000000516
mass2_ref = 30.00000000963986
minchirp = 26.116416903102177
maxchirp = 26.116616903102177
mincov = 56087211833.4019
maxcov = 5608721183340.19
