
[data]
trigger-time = 1031102084.5593889
injection-file = /work/shashwat.singh/Prospects-of-LGWs/unlens/injection.hdf

[global]
instruments = E1 E2 E3 C1 C2
mass1_ref = 30.00000000996489
mass2_ref = 30.00000000848859
minchirp = 26.11641690691607
maxchirp = 26.116616906916068
mincov = 98400050263.40994
maxcov = 9840005026340.994
