
[data]
trigger-time = 1829356667.9478846
injection-file = /work/shashwat.singh/Prospects-of-LGWs/unlens/injection.hdf

[global]
instruments = E1 E2 E3 C1 C2
mass1_ref = 30.000000008212176
mass2_ref = 30.000000003989182
minchirp = 26.116416904194672
maxchirp = 26.11661690419467
mincov = 165334167805.26068
maxcov = 16533416780526.07
