
[data]
trigger-time = 1518986366.3610117
injection-file = /work/shashwat.singh/Prospects-of-LGWs/unlens/injection.hdf

[global]
instruments = E1 E2 E3 C1 C2
mass1_ref = 30.00000000999284
mass2_ref = 30.000000007609607
minchirp = 26.116416906545634
maxchirp = 26.116616906545634
mincov = 149869366935.7048
maxcov = 14986936693570.48
