
[data]
trigger-time = 1123622144.6458697
injection-file = /work/shashwat.singh/Prospects-of-LGWs/unlens/injection.hdf

[global]
instruments = E1 E2 E3 C1 C2
mass1_ref = 30.00000000868933
mass2_ref = 30.000000006538585
minchirp = 26.11641690551206
maxchirp = 26.11661690551206
mincov = 171139593555.7072
maxcov = 17113959355570.723
