
[data]
trigger-time = 1564150833.1063814
injection-file = /work/shashwat.singh/Prospects-of-LGWs/unlens/injection.hdf

[global]
instruments = E1 E2 E3 C1 C2
mass1_ref = 30.000000002009166
mass2_ref = 30.00000000132916
minchirp = 26.116416900336816
maxchirp = 26.116616900336815
mincov = 91848849032.22891
maxcov = 9184884903222.89
