
[data]
trigger-time = 1310113951.2261984
injection-file = /work/shashwat.singh/Prospects-of-LGWs/unlens/injection.hdf

[global]
instruments = E1 E2 E3 C1 C2
mass1_ref = 30.00000000657125
mass2_ref = 30.000000006238867
minchirp = 26.11641690445965
maxchirp = 26.11661690445965
mincov = 12602870595.639944
maxcov = 1260287059563.9944
