
[data]
trigger-time = 1310717755.0304356
injection-file = /work/shashwat.singh/Prospects-of-LGWs/unlens/injection.hdf

[global]
instruments = E1 E2 E3 C1 C2
mass1_ref = 30.00000000434223
mass2_ref = 30.00000000016111
minchirp = 26.116416900843916
maxchirp = 26.116616900843916
mincov = 157115539400.92822
maxcov = 15711553940092.822
