
[data]
trigger-time = 1890771657.1700556
injection-file = /work/shashwat.singh/Prospects-of-LGWs/unlens/injection.hdf

[global]
instruments = E1 E2 E3 C1 C2
mass1_ref = 30.000000005910472
mass2_ref = 30.00000000380579
minchirp = 26.116416903112974
maxchirp = 26.116616903112973
mincov = 90276635.12019469
maxcov = 9027663512.019468
