
[data]
trigger-time = 1877756845.2275338
injection-file = /work/shashwat.singh/Prospects-of-LGWs/unlens/injection.hdf

[global]
instruments = E1 E2 E3 C1 C2
mass1_ref = 30.00000000403042
mass2_ref = 30.00000000124484
minchirp = 26.116416901179914
maxchirp = 26.116616901179913
mincov = 179512737588.65216
maxcov = 17951273758865.215
