
[data]
trigger-time = 1387093722.290833
injection-file = /work/shashwat.singh/Prospects-of-LGWs/unlens/injection.hdf

[global]
instruments = E1 E2 E3 C1 C2
mass1_ref = 30.000000004432486
mass2_ref = 30.00000000282365
minchirp = 26.116416902042143
maxchirp = 26.116616902042143
mincov = 60396427522.3961
maxcov = 6039642752239.61
