
[data]
trigger-time = 1079621369.4884715
injection-file = /work/shashwat.singh/Prospects-of-LGWs/unlens/injection.hdf

[global]
instruments = E1 E2 E3 C1 C2
mass1_ref = 30.00000000875752
mass2_ref = 30.000000000419945
minchirp = 26.11641690287845
maxchirp = 26.116616902878448
mincov = 171824688111.6502
maxcov = 17182468811165.02
