
[data]
trigger-time = 1846971925.4161024
injection-file = /work/shashwat.singh/Prospects-of-LGWs/unlens/injection.hdf

[global]
instruments = E1 E2 E3 C1 C2
mass1_ref = 30.000000005906987
mass2_ref = 30.00000000305518
minchirp = 26.116416902784735
maxchirp = 26.116616902784735
mincov = 164123819247.8914
maxcov = 16412381924789.139
