
[data]
trigger-time = 1402321637.7258406
injection-file = /work/shashwat.singh/Prospects-of-LGWs/unlens/injection.hdf

[global]
instruments = E1 E2 E3 C1 C2
mass1_ref = 30.000000004953126
mass2_ref = 30.000000003255103
minchirp = 26.116416902456564
maxchirp = 26.116616902456563
mincov = 70629425393.98645
maxcov = 7062942539398.645
