
[data]
trigger-time = 1162462628.0766373
injection-file = /work/shashwat.singh/Prospects-of-LGWs/unlens/injection.hdf

[global]
instruments = E1 E2 E3 C1 C2
mass1_ref = 30.00000000796417
mass2_ref = 30.00000000742649
minchirp = 26.1164169055829
maxchirp = 26.116616905582898
mincov = 7230746018.483042
maxcov = 723074601848.3042
