
[data]
trigger-time = 1435320124.974081
injection-file = /work/shashwat.singh/Prospects-of-LGWs/unlens/injection.hdf

[global]
instruments = E1 E2 E3 C1 C2
mass1_ref = 30.00000000985803
mass2_ref = 30.000000006656578
minchirp = 26.116416906072125
maxchirp = 26.116616906072124
mincov = 109507227263.34746
maxcov = 10950722726334.746
