
[data]
trigger-time = 1081957833.5456722
injection-file = /work/shashwat.singh/Prospects-of-LGWs/unlens/injection.hdf

[global]
instruments = E1 E2 E3 C1 C2
mass1_ref = 30.000000005794526
mass2_ref = 30.000000005115606
minchirp = 26.116416903632636
maxchirp = 26.116616903632636
mincov = 163682371364.0762
maxcov = 16368237136407.62
