
[data]
trigger-time = 1890834158.5327458
injection-file = /work/shashwat.singh/Prospects-of-LGWs/unlens/injection.hdf

[global]
instruments = E1 E2 E3 C1 C2
mass1_ref = 30.000000004327116
mass2_ref = 30.00000000465389
minchirp = 26.116416902792935
maxchirp = 26.116616902792934
mincov = 160982344014.23978
maxcov = 16098234401423.977
