
[data]
trigger-time = 1086340480.4505267
injection-file = /work/shashwat.singh/Prospects-of-LGWs/unlens/injection.hdf

[global]
instruments = E1 E2 E3 C1 C2
mass1_ref = 30.000000003617394
mass2_ref = 30.000000009214194
minchirp = 26.116416904469
maxchirp = 26.116616904468998
mincov = 67228718742.59859
maxcov = 6722871874259.858
