
[data]
trigger-time = 1546885102.7209866
injection-file = /work/shashwat.singh/Prospects-of-LGWs/unlens/injection.hdf

[global]
instruments = E1 E2 E3 C1 C2
mass1_ref = 30.00000000224039
mass2_ref = 30.000000002584116
minchirp = 26.11641690098371
maxchirp = 26.11661690098371
mincov = 65390880702.38835
maxcov = 6539088070238.836
