
[data]
trigger-time = 1711167148.0106382
injection-file = /work/shashwat.singh/Prospects-of-LGWs/unlens/injection.hdf

[global]
instruments = E1 E2 E3 C1 C2
mass1_ref = 30.000000006683013
mass2_ref = 30.000000003431946
minchirp = 26.116416903286517
maxchirp = 26.116616903286516
mincov = 79271974121.44359
maxcov = 7927197412144.359
