
[data]
trigger-time = 1075866052.7192392
injection-file = /work/shashwat.singh/Prospects-of-LGWs/unlens/injection.hdf

[global]
instruments = E1 E2 E3 C1 C2
mass1_ref = 30.00000000950047
mass2_ref = 30.000000000738407
minchirp = 26.116416903340454
maxchirp = 26.116616903340454
mincov = 30064827107.30288
maxcov = 3006482710730.288
