
[data]
trigger-time = 1460852611.7027144
injection-file = /work/shashwat.singh/Prospects-of-LGWs/unlens/injection.hdf

[global]
instruments = E1 E2 E3 C1 C2
mass1_ref = 30.00000000906564
mass2_ref = 30.000000007517563
minchirp = 26.116416906101986
maxchirp = 26.116616906101985
mincov = 35155803489.33577
maxcov = 3515580348933.577
