
[data]
trigger-time = 1549628329.9486759
injection-file = /work/shashwat.singh/Prospects-of-LGWs/unlens/injection.hdf

[global]
instruments = E1 E2 E3 C1 C2
mass1_ref = 30.00000000339212
mass2_ref = 30.00000000307208
minchirp = 26.116416901697434
maxchirp = 26.116616901697434
mincov = 90378900281.2492
maxcov = 9037890028124.92
