
[data]
trigger-time = 1837705424.6958613
injection-file = /work/shashwat.singh/Prospects-of-LGWs/unlens/injection.hdf

[global]
instruments = E1 E2 E3 C1 C2
mass1_ref = 30.000000005509442
mass2_ref = 30.000000009568012
minchirp = 26.116416905446567
maxchirp = 26.116616905446566
mincov = 78415019490.71672
maxcov = 7841501949071.672
