
[data]
trigger-time = 1638997956.9252152
injection-file = /work/shashwat.singh/Prospects-of-LGWs/unlens/injection.hdf

[global]
instruments = E1 E2 E3 C1 C2
mass1_ref = 30.000000009846154
mass2_ref = 30.000000009949513
minchirp = 26.11641690750029
maxchirp = 26.11661690750029
mincov = 52092660281.29429
maxcov = 5209266028129.429
