
[data]
trigger-time = 1682494574.5757194
injection-file = /work/shashwat.singh/Prospects-of-LGWs/unlens/injection.hdf

[global]
instruments = E1 E2 E3 C1 C2
mass1_ref = 30.000000003150404
mass2_ref = 30.000000007588778
minchirp = 26.116416903558225
maxchirp = 26.116616903558224
mincov = 36253426119.48659
maxcov = 3625342611948.659
