
[data]
trigger-time = 1187210580.005209
injection-file = /work/shashwat.singh/Prospects-of-LGWs/unlens/injection.hdf

[global]
instruments = E1 E2 E3
mass1_ref = 30.000000004380507
mass2_ref = 30.000000004688353
minchirp = 26.116416902831176
maxchirp = 26.116616902831176
mincov = 120795883953.90083
maxcov = 12079588395390.082
