
[data]
trigger-time = 1579472190.1755035
injection-file = /work/shashwat.singh/Prospects-of-LGWs/unlens/injection.hdf

[global]
instruments = E1 E2 E3
mass1_ref = 30.00000000390922
mass2_ref = 30.000000006040498
minchirp = 26.116416903214592
maxchirp = 26.11661690321459
mincov = 52544289935.64079
maxcov = 5254428993564.08
