
[data]
trigger-time = 1906091792.1670408
injection-file = /work/shashwat.singh/Prospects-of-LGWs/unlens/injection.hdf

[global]
instruments = E1 E2 E3
mass1_ref = 30.00000000429573
mass2_ref = 30.00000000902551
minchirp = 26.11641690468213
maxchirp = 26.11661690468213
mincov = 177055686182.91364
maxcov = 17705568618291.363
