
[data]
trigger-time = 1350774029.987217
injection-file = /work/shashwat.singh/Prospects-of-LGWs/unlens/injection.hdf

[global]
instruments = E1 E2 E3
mass1_ref = 30.00000000218962
mass2_ref = 30.00000000443043
minchirp = 26.116416901765266
maxchirp = 26.116616901765266
mincov = 163851553155.1599
maxcov = 16385155315515.992
