
[data]
trigger-time = 1707847192.0154357
injection-file = /work/shashwat.singh/Prospects-of-LGWs/unlens/injection.hdf

[global]
instruments = E1 E2 E3
mass1_ref = 30.00000000358419
mass2_ref = 30.000000000256982
minchirp = 26.11641690055569
maxchirp = 26.11661690055569
mincov = 92399158279.77316
maxcov = 9239915827977.316
