
[data]
trigger-time = 1821230588.4026065
injection-file = /work/shashwat.singh/Prospects-of-LGWs/unlens/injection.hdf

[global]
instruments = E1 E2 E3
mass1_ref = 30.000000004652772
mass2_ref = 30.00000000860465
minchirp = 26.116416904654354
maxchirp = 26.116616904654354
mincov = 96897098733.20609
maxcov = 9689709873320.61
