
[data]
trigger-time = 1311376393.3649564
injection-file = /work/shashwat.singh/Prospects-of-LGWs/unlens/injection.hdf

[global]
instruments = E1 E2 E3
mass1_ref = 30.00000000246253
mass2_ref = 30.00000000523002
minchirp = 26.116416902232103
maxchirp = 26.116616902232103
mincov = 6684974036.27297
maxcov = 668497403627.2971
