
[data]
trigger-time = 1731158030.794239
injection-file = /work/shashwat.singh/Prospects-of-LGWs/unlens/injection.hdf

[global]
instruments = E1 E2 E3
mass1_ref = 30.000000001795627
mass2_ref = 30.00000000802757
minchirp = 26.116416903159518
maxchirp = 26.116616903159517
mincov = 124555544240.82297
maxcov = 12455554424082.297
