
[data]
trigger-time = 1128494102.2302334
injection-file = /work/shashwat.singh/Prospects-of-LGWs/unlens/injection.hdf

[global]
instruments = E1 E2 E3
mass1_ref = 30.000000004620812
mass2_ref = 30.000000006165024
minchirp = 26.116416903578532
maxchirp = 26.11661690357853
mincov = 170608717633.0333
maxcov = 17060871763303.33
