
[data]
trigger-time = 1805048145.7008858
injection-file = /work/shashwat.singh/Prospects-of-LGWs/unlens/injection.hdf

[global]
instruments = E1 E2 E3
mass1_ref = 30.00000000399275
mass2_ref = 30.00000000327706
minchirp = 26.116416902048094
maxchirp = 26.116616902048094
mincov = 118822922705.33195
maxcov = 11882292270533.195
