
[data]
trigger-time = 1962354047.4992878
injection-file = /work/shashwat.singh/Prospects-of-LGWs/unlens/injection.hdf

[global]
instruments = E1 E2 E3
mass1_ref = 30.000000002134215
mass2_ref = 30.000000007861416
minchirp = 26.116416903234576
maxchirp = 26.116616903234576
mincov = 178251739597.21924
maxcov = 17825173959721.92
