
[data]
trigger-time = 1330916880.2554243
injection-file = /work/shashwat.singh/Prospects-of-LGWs/unlens/injection.hdf

[global]
instruments = E1 E2 E3
mass1_ref = 30.000000006931163
mass2_ref = 30.000000003761507
minchirp = 26.11641690353798
maxchirp = 26.11661690353798
mincov = 105972384874.53629
maxcov = 10597238487453.629
