
[data]
trigger-time = 1702754891.2121143
injection-file = /work/shashwat.singh/Prospects-of-LGWs/unlens/injection.hdf

[global]
instruments = E1 E2 E3
mass1_ref = 30.000000007872607
mass2_ref = 30.00000000446192
minchirp = 26.11641690425264
maxchirp = 26.11661690425264
mincov = 51791444672.029686
maxcov = 5179144467202.969
