
[data]
trigger-time = 1000705207.29587
injection-file = /work/shashwat.singh/Prospects-of-LGWs/unlens/injection.hdf

[global]
instruments = E1 E2 E3
mass1_ref = 30.000000000631687
mass2_ref = 30.000000008198494
minchirp = 26.116416902727284
maxchirp = 26.116616902727284
mincov = 151685559025.24823
maxcov = 15168555902524.822
