
[data]
trigger-time = 1365467650.8575883
injection-file = /work/shashwat.singh/Prospects-of-LGWs/unlens/injection.hdf

[global]
instruments = E1 E2 E3
mass1_ref = 30.000000006376847
mass2_ref = 30.000000002414794
minchirp = 26.116416902710508
maxchirp = 26.116616902710508
mincov = 111378812728.24223
maxcov = 11137881272824.223
