
[data]
trigger-time = 1312099574.433806
injection-file = /work/shashwat.singh/Prospects-of-LGWs/unlens/injection.hdf

[global]
instruments = E1 E2 E3
mass1_ref = 30.000000006549033
mass2_ref = 30.000000000411703
minchirp = 26.11641690191356
maxchirp = 26.11661690191356
mincov = 48414751300.56651
maxcov = 4841475130056.651
