
[data]
trigger-time = 1308170552.173379
injection-file = /work/shashwat.singh/Prospects-of-LGWs/unlens/injection.hdf

[global]
instruments = E1 E2 E3
mass1_ref = 30.000000008249884
mass2_ref = 30.000000007132893
minchirp = 26.11641690557947
maxchirp = 26.11661690557947
mincov = 101413537606.35408
maxcov = 10141353760635.408
