
[data]
trigger-time = 1728539255.156963
injection-file = /work/shashwat.singh/Prospects-of-LGWs/unlens/injection.hdf

[global]
instruments = E1 E2 E3
mass1_ref = 30.000000003033225
mass2_ref = 30.000000003229886
minchirp = 26.116416901609902
maxchirp = 26.116616901609902
mincov = 91780489446.43533
maxcov = 9178048944643.533
