
[data]
trigger-time = 1517246012.5009108
injection-file = /work/shashwat.singh/Prospects-of-LGWs/unlens/injection.hdf

[global]
instruments = E1 E2 E3
mass1_ref = 30.000000003845926
mass2_ref = 30.000000005581523
minchirp = 26.11641690298726
maxchirp = 26.11661690298726
mincov = 37905412120.43718
maxcov = 3790541212043.7183
