
[data]
trigger-time = 1081764841.0836124
injection-file = /work/shashwat.singh/Prospects-of-LGWs/unlens/injection.hdf

[global]
instruments = E1 E2 E3
mass1_ref = 30.000000004982336
mass2_ref = 30.000000008868184
minchirp = 26.116416904912516
maxchirp = 26.116616904912515
mincov = 164028353471.0789
maxcov = 16402835347107.889
