
[data]
trigger-time = 1654400610.2846851
injection-file = /work/shashwat.singh/Prospects-of-LGWs/unlens/injection.hdf

[global]
instruments = E1 E2 E3
mass1_ref = 30.000000002829786
mass2_ref = 30.000000001960835
minchirp = 26.116416900968964
maxchirp = 26.116616900968964
mincov = 22973372096.16304
maxcov = 2297337209616.304
