
[data]
trigger-time = 1956064746.4130378
injection-file = /work/shashwat.singh/Prospects-of-LGWs/unlens/injection.hdf

[global]
instruments = E1 E2 E3
mass1_ref = 30.00000000615293
mass2_ref = 30.000000008039695
minchirp = 26.116416905061424
maxchirp = 26.116616905061424
mincov = 153432884256.1345
maxcov = 15343288425613.45
