
[data]
trigger-time = 1593029811.012083
injection-file = /work/shashwat.singh/Prospects-of-LGWs/unlens/injection.hdf

[global]
instruments = E1 E2 E3
mass1_ref = 30.000000000358593
mass2_ref = 30.00000000543935
minchirp = 26.116416901407426
maxchirp = 26.116616901407426
mincov = 47400758275.849815
maxcov = 4740075827584.981
