
[data]
trigger-time = 1688579321.6217
injection-file = /work/shashwat.singh/Prospects-of-LGWs/unlens/injection.hdf

[global]
instruments = E1 E2 E3
mass1_ref = 30.000000006040466
mass2_ref = 30.000000004593414
minchirp = 26.11641690351239
maxchirp = 26.11661690351239
mincov = 90730227273.78903
maxcov = 9073022727378.902
