
[data]
trigger-time = 1005615491.4937037
injection-file = /work/shashwat.singh/Prospects-of-LGWs/unlens/injection.hdf

[global]
instruments = E1 E2 E3
mass1_ref = 30.000000007219764
mass2_ref = 30.000000003242256
minchirp = 26.116416903437585
maxchirp = 26.116616903437585
mincov = 65668031879.736595
maxcov = 6566803187973.66
