
[data]
trigger-time = 1911358024.8104162
injection-file = /work/shashwat.singh/Prospects-of-LGWs/unlens/injection.hdf

[global]
instruments = E1 E2 E3
mass1_ref = 30.000000006278494
mass2_ref = 30.0000000014923
minchirp = 26.11641690226616
maxchirp = 26.11661690226616
mincov = 23163270304.68554
maxcov = 2316327030468.554
