
[data]
trigger-time = 1933397301.4341378
injection-file = /work/shashwat.singh/Prospects-of-LGWs/unlens/injection.hdf

[global]
instruments = E1 E2 E3
mass1_ref = 30.000000008717247
mass2_ref = 30.000000005917727
minchirp = 26.116416905253967
maxchirp = 26.116616905253967
mincov = 112674813729.81331
maxcov = 11267481372981.33
