
[data]
trigger-time = 1529929424.1171288
injection-file = /work/shashwat.singh/Prospects-of-LGWs/unlens/injection.hdf

[global]
instruments = E1 E2 E3
mass1_ref = 30.000000001959165
mass2_ref = 30.000000001495597
minchirp = 26.1164169003875
maxchirp = 26.1166169003875
mincov = 148263201310.6987
maxcov = 14826320131069.871
