
[data]
trigger-time = 1904496109.106282
injection-file = /work/shashwat.singh/Prospects-of-LGWs/unlens/injection.hdf

[global]
instruments = E1 E2 E3
mass1_ref = 30.000000002395936
mass2_ref = 30.00000000673822
minchirp = 26.116416902859594
maxchirp = 26.116616902859594
mincov = 77712938963.37064
maxcov = 7771293896337.064
