
[data]
trigger-time = 1931415219.1363125
injection-file = /work/shashwat.singh/Prospects-of-LGWs/unlens/injection.hdf

[global]
instruments = E1 E2 E3
mass1_ref = 30.000000005512806
mass2_ref = 30.00000000668416
minchirp = 26.116416904192764
maxchirp = 26.116616904192764
mincov = 163265093461.9597
maxcov = 16326509346195.969
