
[data]
trigger-time = 1420386789.2528968
injection-file = /work/shashwat.singh/Prospects-of-LGWs/unlens/injection.hdf

[global]
instruments = E1 E2 E3
mass1_ref = 30.000000006499775
mass2_ref = 30.00000000512331
minchirp = 26.116416903942966
maxchirp = 26.116616903942965
mincov = 71974377783.7832
maxcov = 7197437778378.32
