
[data]
trigger-time = 1593488461.5942497
injection-file = /work/shashwat.singh/Prospects-of-LGWs/unlens/injection.hdf

[global]
instruments = E1 E2 E3
mass1_ref = 30.000000000994614
mass2_ref = 30.000000001058115
minchirp = 26.116416899777228
maxchirp = 26.116616899777227
mincov = 169576226803.16766
maxcov = 16957622680316.768
