
[data]
trigger-time = 1948235426.1379235
injection-file = /work/shashwat.singh/Prospects-of-LGWs/unlens/injection.hdf

[global]
instruments = E1 E2 E3
mass1_ref = 30.000000002522164
mass2_ref = 30.0000000030539
minchirp = 26.116416901310846
maxchirp = 26.116616901310845
mincov = 32513733919.319954
maxcov = 3251373391931.995
