
[data]
trigger-time = 1106634181.845998
injection-file = /work/shashwat.singh/Prospects-of-LGWs/unlens/injection.hdf

[global]
instruments = E1 E2 E3
mass1_ref = 30.00000000124484
mass2_ref = 30.000000001407454
minchirp = 26.116416900038203
maxchirp = 26.116616900038203
mincov = 117759651860.04544
maxcov = 11775965186004.543
