
[data]
trigger-time = 1663787874.2314856
injection-file = /work/shashwat.singh/Prospects-of-LGWs/unlens/injection.hdf

[global]
instruments = E1 E2 E3
mass1_ref = 30.00000000057261
mass2_ref = 30.000000001219686
minchirp = 26.116416899663864
maxchirp = 26.116616899663864
mincov = 154404819595.72522
maxcov = 15440481959572.521
