
[data]
trigger-time = 1706469787.3234591
injection-file = /work/shashwat.singh/Prospects-of-LGWs/unlens/injection.hdf

[global]
instruments = E1 E2 E3
mass1_ref = 30.000000001872866
mass2_ref = 30.00000000245698
minchirp = 26.1164169007684
maxchirp = 26.1166169007684
mincov = 130477461690.16183
maxcov = 13047746169016.184
