
[data]
trigger-time = 1734951265.0257418
injection-file = /work/shashwat.singh/Prospects-of-LGWs/unlens/injection.hdf

[global]
instruments = E1 E2 E3
mass1_ref = 30.000000007252822
mass2_ref = 30.000000001225484
minchirp = 26.116416902574123
maxchirp = 26.116616902574123
mincov = 93331163508.82109
maxcov = 9333116350882.11
