
[data]
trigger-time = 1250270329.8238244
injection-file = /work/shashwat.singh/Prospects-of-LGWs/unlens/injection.hdf

[global]
instruments = E1 E2 E3
mass1_ref = 30.000000008972638
mass2_ref = 30.00000000174528
minchirp = 26.11641690354897
maxchirp = 26.11661690354897
mincov = 109049556476.4015
maxcov = 10904955647640.15
