
[data]
trigger-time = 1585358752.4254034
injection-file = /work/shashwat.singh/Prospects-of-LGWs/unlens/injection.hdf

[global]
instruments = E1 E2 E3
mass1_ref = 30.000000004984415
mass2_ref = 30.000000009510423
minchirp = 26.116416905192967
maxchirp = 26.116616905192966
mincov = 133609780464.68115
maxcov = 13360978046468.115
