
[data]
trigger-time = 1500206137.7798438
injection-file = /work/shashwat.singh/Prospects-of-LGWs/unlens/injection.hdf

[global]
instruments = E1 E2 E3
mass1_ref = 30.000000005049422
mass2_ref = 30.000000003997773
minchirp = 26.116416902821747
maxchirp = 26.116616902821747
mincov = 115163365121.94077
maxcov = 11516336512194.078
