
[data]
trigger-time = 1146233396.8429782
injection-file = /work/shashwat.singh/Prospects-of-LGWs/unlens/injection.hdf

[global]
instruments = E1 E2 E3
mass1_ref = 30.000000006741214
mass2_ref = 30.000000006769767
minchirp = 26.116416904764723
maxchirp = 26.116616904764722
mincov = 30827817652.85503
maxcov = 3082781765285.503
