
[data]
trigger-time = 1821126322.2250562
injection-file = /work/shashwat.singh/Prospects-of-LGWs/unlens/injection.hdf

[global]
instruments = E1 E2 E3
mass1_ref = 30.00000000749771
mass2_ref = 30.000000008241102
minchirp = 26.11641690573444
maxchirp = 26.11661690573444
mincov = 58517300905.812485
maxcov = 5851730090581.249
