
[data]
trigger-time = 1671377664.785121
injection-file = /work/shashwat.singh/Prospects-of-LGWs/unlens/injection.hdf

[global]
instruments = E1 E2 E3
mass1_ref = 30.00000000241254
mass2_ref = 30.000000005485578
minchirp = 26.116416902321582
maxchirp = 26.11661690232158
mincov = 166134810077.28198
maxcov = 16613481007728.2
