
[data]
trigger-time = 1309233504.8035774
injection-file = /work/shashwat.singh/Prospects-of-LGWs/unlens/injection.hdf

[global]
instruments = E1 E2 E3
mass1_ref = 30.00000000835447
mass2_ref = 30.000000006322033
minchirp = 26.116416905272043
maxchirp = 26.116616905272043
mincov = 89513527.07275511
maxcov = 8951352707.27551
