
[data]
trigger-time = 1877220352.1255145
injection-file = /work/shashwat.singh/Prospects-of-LGWs/unlens/injection.hdf

[global]
instruments = E1 E2 E3
mass1_ref = 30.000000001532865
mass2_ref = 30.000000004679592
minchirp = 26.116416901587854
maxchirp = 26.116616901587854
mincov = 48149129764.44293
maxcov = 4814912976444.293
