
[data]
trigger-time = 1327216242.2030897
injection-file = /work/shashwat.singh/Prospects-of-LGWs/unlens/injection.hdf

[global]
instruments = E1 E2 E3
mass1_ref = 30.00000000105501
mass2_ref = 30.0000000046482
minchirp = 26.116416901366193
maxchirp = 26.116616901366193
mincov = 2467953255.9377413
maxcov = 246795325593.77414
