
[data]
trigger-time = 1131204851.794662
injection-file = /work/shashwat.singh/Prospects-of-LGWs/unlens/injection.hdf

[global]
instruments = E1 E2 E3
mass1_ref = 30.000000008074842
mass2_ref = 30.000000005315208
minchirp = 26.116416904712082
maxchirp = 26.11661690471208
mincov = 9078580898.286001
maxcov = 907858089828.6001
