
[data]
trigger-time = 1658088624.3698907
injection-file = /work/shashwat.singh/Prospects-of-LGWs/unlens/injection.hdf

[global]
instruments = E1 E2 E3
mass1_ref = 30.00000000507766
mass2_ref = 30.000000001337092
minchirp = 26.11641690167591
maxchirp = 26.116616901675908
mincov = 9934248.253506988
maxcov = 993424825.3506988
