
[data]
trigger-time = 1213897168.646195
injection-file = /work/shashwat.singh/Prospects-of-LGWs/unlens/injection.hdf

[global]
instruments = E1 E2 E3
mass1_ref = 30.000000007435098
mass2_ref = 30.00000000663822
minchirp = 26.116416905009494
maxchirp = 26.116616905009494
mincov = 78905904041.2709
maxcov = 7890590404127.09
