
[data]
trigger-time = 1215042143.8228593
injection-file = /work/shashwat.singh/Prospects-of-LGWs/unlens/injection.hdf

[global]
instruments = E1 E2 E3
mass1_ref = 30.000000001241876
mass2_ref = 30.0000000024466
minchirp = 26.116416900489227
maxchirp = 26.116616900489227
mincov = 165223284437.80124
maxcov = 16522328443780.125
