
[data]
trigger-time = 1312217021.6040454
injection-file = /work/shashwat.singh/Prospects-of-LGWs/unlens/injection.hdf

[global]
instruments = E1 E2 E3
mass1_ref = 30.000000007465548
mass2_ref = 30.000000003616947
minchirp = 26.116416903707663
maxchirp = 26.116616903707662
mincov = 1369881.73442631
maxcov = 136988173.442631
