
[data]
trigger-time = 1242801591.975212
injection-file = /work/shashwat.singh/Prospects-of-LGWs/unlens/injection.hdf

[global]
instruments = E1 E2 E3
mass1_ref = 30.000000002686022
mass2_ref = 30.00000000381002
minchirp = 26.11641690171129
maxchirp = 26.11661690171129
mincov = 32428452672.225502
maxcov = 3242845267222.55
