
[data]
trigger-time = 1654026839.07061
injection-file = /work/shashwat.singh/Prospects-of-LGWs/unlens/injection.hdf

[global]
instruments = E1 E2 E3
mass1_ref = 30.00000000333278
mass2_ref = 30.00000000645083
minchirp = 26.116416903142287
maxchirp = 26.116616903142287
mincov = 35877711714.46101
maxcov = 3587771171446.101
