
[data]
trigger-time = 1094525466.900371
injection-file = /work/shashwat.singh/Prospects-of-LGWs/unlens/injection.hdf

[global]
instruments = E1 E2 E3
mass1_ref = 30.000000006842217
mass2_ref = 30.000000003867903
minchirp = 26.116416903545577
maxchirp = 26.116616903545577
mincov = 154874293402.1132
maxcov = 15487429340211.318
