
[data]
trigger-time = 1732246361.9741335
injection-file = /work/shashwat.singh/Prospects-of-LGWs/unlens/injection.hdf

[global]
instruments = E1 E2 E3
mass1_ref = 30.00000000381493
mass2_ref = 30.000000004685752
minchirp = 26.116416902583858
maxchirp = 26.116616902583857
mincov = 12759907203.851206
maxcov = 1275990720385.1206
