
[data]
trigger-time = 1427859314.4523635
injection-file = /work/shashwat.singh/Prospects-of-LGWs/unlens/injection.hdf

[global]
instruments = E1 E2 E3
mass1_ref = 30.0000000044113
mass2_ref = 30.00000000023911
minchirp = 26.116416900907932
maxchirp = 26.116616900907932
mincov = 650873452.2573546
maxcov = 65087345225.735466
