
[data]
trigger-time = 1689358035.3845186
injection-file = /work/shashwat.singh/Prospects-of-LGWs/unlens/injection.hdf

[global]
instruments = E1 E2 E3
mass1_ref = 30.00000000505676
mass2_ref = 30.00000000544022
minchirp = 26.1164169034528
maxchirp = 26.1166169034528
mincov = 85809319626.50453
maxcov = 8580931962650.453
