
[data]
trigger-time = 1776404841.3258243
injection-file = /work/shashwat.singh/Prospects-of-LGWs/unlens/injection.hdf

[global]
instruments = E1 E2 E3
mass1_ref = 30.000000007366513
mass2_ref = 30.00000000587806
minchirp = 26.11641690464876
maxchirp = 26.116616904648758
mincov = 76416112034.93146
maxcov = 7641611203493.1455
