
[data]
trigger-time = 1379702332.7050447
injection-file = /work/shashwat.singh/Prospects-of-LGWs/unlens/injection.hdf

[global]
instruments = E1 E2 E3
mass1_ref = 30.000000005280047
mass2_ref = 30.000000004476554
minchirp = 26.11641690313053
maxchirp = 26.11661690313053
mincov = 177081741003.04388
maxcov = 17708174100304.387
