
[data]
trigger-time = 1091006525.6782753
injection-file = /work/shashwat.singh/Prospects-of-LGWs/unlens/injection.hdf

[global]
instruments = E1 E2 E3
mass1_ref = 30.00000000974407
mass2_ref = 30.0000000009716
minchirp = 26.116416903547993
maxchirp = 26.116616903547992
mincov = 107682871636.01671
maxcov = 10768287163601.672
