
[data]
trigger-time = 1966393867.3230987
injection-file = /work/shashwat.singh/Prospects-of-LGWs/unlens/injection.hdf

[global]
instruments = E1 E2 E3
mass1_ref = 30.000000002761308
mass2_ref = 30.000000007864372
minchirp = 26.11641690350882
maxchirp = 26.11661690350882
mincov = 28909474305.146263
maxcov = 2890947430514.6265
