
[data]
trigger-time = 1731157345.6599565
injection-file = /work/shashwat.singh/Prospects-of-LGWs/unlens/injection.hdf

[global]
instruments = E1 E2 E3
mass1_ref = 30.000000002153186
mass2_ref = 30.00000000864499
minchirp = 26.116416903583904
maxchirp = 26.116616903583903
mincov = 62743944502.780624
maxcov = 6274394450278.0625
