
[data]
trigger-time = 1677320713.161981
injection-file = /work/shashwat.singh/Prospects-of-LGWs/unlens/injection.hdf

[global]
instruments = E1 E2 E3
mass1_ref = 30.000000005429815
mass2_ref = 30.000000000595747
minchirp = 26.116416901506504
maxchirp = 26.116616901506504
mincov = 58500798581.58541
maxcov = 5850079858158.541
