
[data]
trigger-time = 1196471780.6530447
injection-file = /work/shashwat.singh/Prospects-of-LGWs/unlens/injection.hdf

[global]
instruments = E1 E2 E3
mass1_ref = 30.00000000438689
mass2_ref = 30.000000005685074
minchirp = 26.1164169032678
maxchirp = 26.1166169032678
mincov = 115779979073.49275
maxcov = 11577997907349.275
