
[data]
trigger-time = 1328996926.5852664
injection-file = /work/shashwat.singh/Prospects-of-LGWs/unlens/injection.hdf

[global]
instruments = E1 E2 E3
mass1_ref = 30.00000000651687
mass2_ref = 30.000000003067118
minchirp = 26.1164169030554
maxchirp = 26.116616903055398
mincov = 39795046416.96855
maxcov = 3979504641696.855
