
[data]
trigger-time = 1310944339.4557586
injection-file = /work/shashwat.singh/Prospects-of-LGWs/unlens/injection.hdf

[global]
instruments = E1 E2 E3
mass1_ref = 30.000000002674092
mass2_ref = 30.000000008649145
minchirp = 26.11641690381245
maxchirp = 26.11661690381245
mincov = 96157593624.57588
maxcov = 9615759362457.588
