
[data]
trigger-time = 1448328350.0710309
injection-file = /work/shashwat.singh/Prospects-of-LGWs/unlens/injection.hdf

[global]
instruments = E1 E2 E3
mass1_ref = 30.00000000760745
mass2_ref = 30.00000000058019
minchirp = 26.1164169024476
maxchirp = 26.1166169024476
mincov = 52145192554.50212
maxcov = 5214519255450.212
