
[data]
trigger-time = 1807911145.1314042
injection-file = /work/shashwat.singh/Prospects-of-LGWs/unlens/injection.hdf

[global]
instruments = E1 E2 E3
mass1_ref = 30.000000003739295
mass2_ref = 30.000000006349296
minchirp = 26.116416903275038
maxchirp = 26.116616903275037
mincov = 112072655956.62296
maxcov = 11207265595662.295
