
[data]
trigger-time = 1511115983.8031926
injection-file = /work/shashwat.singh/Prospects-of-LGWs/unlens/injection.hdf

[global]
instruments = E1 E2 E3
mass1_ref = 30.00000000726318
mass2_ref = 30.000000002477048
minchirp = 26.116416903123405
maxchirp = 26.116616903123404
mincov = 177972921347.2713
maxcov = 17797292134727.133
