
[data]
trigger-time = 1829307206.0260918
injection-file = /work/shashwat.singh/Prospects-of-LGWs/unlens/injection.hdf

[global]
instruments = E1 E2 E3
mass1_ref = 30.000000007472703
mass2_ref = 30.000000002761908
minchirp = 26.1164169033386
maxchirp = 26.1166169033386
mincov = 20799133022.792225
maxcov = 2079913302279.2224
