
[data]
trigger-time = 1313663997.6474612
injection-file = /work/shashwat.singh/Prospects-of-LGWs/unlens/injection.hdf

[global]
instruments = E1 E2 E3
mass1_ref = 30.000000007811188
mass2_ref = 30.00000000654498
minchirp = 26.11641690513261
maxchirp = 26.11661690513261
mincov = 161321828587.83746
maxcov = 16132182858783.746
