
[data]
trigger-time = 1098778917.4453697
injection-file = /work/shashwat.singh/Prospects-of-LGWs/unlens/injection.hdf

[global]
instruments = E1 E2 E3
mass1_ref = 30.00000000347733
mass2_ref = 30.000000007660404
minchirp = 26.116416903731704
maxchirp = 26.116616903731703
mincov = 100462290444.17886
maxcov = 10046229044417.887
