
[data]
trigger-time = 1110738778.1352937
injection-file = /work/shashwat.singh/Prospects-of-LGWs/unlens/injection.hdf

[global]
instruments = E1 E2 E3
mass1_ref = 30.000000001593857
mass2_ref = 30.0000000050382
minchirp = 26.116416901770496
maxchirp = 26.116616901770495
mincov = 49139777294.867805
maxcov = 4913977729486.78
