
[data]
trigger-time = 1158454309.839997
injection-file = /work/shashwat.singh/Prospects-of-LGWs/unlens/injection.hdf

[global]
instruments = E1 E2 E3
mass1_ref = 30.000000000165173
mass2_ref = 30.00000000280625
minchirp = 26.11641690017711
maxchirp = 26.11661690017711
mincov = 5118393306.857364
maxcov = 511839330685.7364
