
[data]
trigger-time = 1484532528.5167572
injection-file = /work/shashwat.singh/Prospects-of-LGWs/unlens/injection.hdf

[global]
instruments = E1 E2 E3
mass1_ref = 30.00000000642233
mass2_ref = 30.000000006842356
minchirp = 26.116416904657516
maxchirp = 26.116616904657516
mincov = 163387125974.7998
maxcov = 16338712597479.98
