
[data]
trigger-time = 1057604049.4098262
injection-file = /work/shashwat.singh/Prospects-of-LGWs/unlens/injection.hdf

[global]
instruments = E1 E2 E3
mass1_ref = 30.000000006948873
mass2_ref = 30.00000000529943
minchirp = 26.11641690421511
maxchirp = 26.11661690421511
mincov = 30013074794.05439
maxcov = 3001307479405.439
