
[data]
trigger-time = 1303892323.8080678
injection-file = /work/shashwat.singh/Prospects-of-LGWs/unlens/injection.hdf

[global]
instruments = E1 E2 E3
mass1_ref = 30.000000002249358
mass2_ref = 30.00000000687357
minchirp = 26.11641690285471
maxchirp = 26.11661690285471
mincov = 53191756413.2555
maxcov = 5319175641325.55
