
[data]
trigger-time = 1242185775.3960016
injection-file = /work/shashwat.singh/Prospects-of-LGWs/unlens/injection.hdf

[global]
instruments = E1 E2 E3
mass1_ref = 30.000000002110063
mass2_ref = 30.000000007374304
minchirp = 26.116416903012034
maxchirp = 26.116616903012034
mincov = 100669993607.84323
maxcov = 10066999360784.324
