
[data]
trigger-time = 1213509944.7995207
injection-file = /work/shashwat.singh/Prospects-of-LGWs/unlens/injection.hdf

[global]
instruments = E1 E2 E3
mass1_ref = 30.000000008251373
mass2_ref = 30.000000002106404
minchirp = 26.11641690339221
maxchirp = 26.11661690339221
mincov = 135143649962.81876
maxcov = 13514364996281.875
