
[data]
trigger-time = 1457495339.6622758
injection-file = /work/shashwat.singh/Prospects-of-LGWs/unlens/injection.hdf

[global]
instruments = E1 E2 E3
mass1_ref = 30.000000006913734
mass2_ref = 30.000000004551243
minchirp = 26.116416903874146
maxchirp = 26.116616903874146
mincov = 173532207267.09454
maxcov = 17353220726709.455
