
[data]
trigger-time = 1946522989.2531362
injection-file = /work/shashwat.singh/Prospects-of-LGWs/unlens/injection.hdf

[global]
instruments = E1 E2 E3
mass1_ref = 30.00000000221851
mass2_ref = 30.000000007248808
minchirp = 26.116416903004616
maxchirp = 26.116616903004616
mincov = 114080319422.81071
maxcov = 11408031942281.072
