
[data]
trigger-time = 1394015828.495872
injection-file = /work/shashwat.singh/Prospects-of-LGWs/unlens/injection.hdf

[global]
instruments = E1 E2 E3
mass1_ref = 30.00000000342526
mass2_ref = 30.000000009411462
minchirp = 26.116416904471233
maxchirp = 26.116616904471233
mincov = 1016967364.3165672
maxcov = 101696736431.65672
