
[data]
trigger-time = 1589805470.7213626
injection-file = /work/shashwat.singh/Prospects-of-LGWs/unlens/injection.hdf

[global]
instruments = E1 E2 E3
mass1_ref = 30.000000000034362
mass2_ref = 30.0000000050267
minchirp = 26.11641690108668
maxchirp = 26.11661690108668
mincov = 28529758121.149822
maxcov = 2852975812114.9824
