
[data]
trigger-time = 1989659205.7584097
injection-file = /work/shashwat.singh/Prospects-of-LGWs/unlens/injection.hdf

[global]
instruments = E1 E2 E3
mass1_ref = 30.000000008122807
mass2_ref = 30.000000007160452
minchirp = 26.116416905536152
maxchirp = 26.11661690553615
mincov = 78504232052.53334
maxcov = 7850423205253.334
