
[data]
trigger-time = 1099444617.6852605
injection-file = /work/shashwat.singh/Prospects-of-LGWs/unlens/injection.hdf

[global]
instruments = E1 E2 E3
mass1_ref = 30.00000000799265
mass2_ref = 30.00000000464207
minchirp = 26.116416904383307
maxchirp = 26.116616904383307
mincov = 169743123568.31406
maxcov = 16974312356831.406
