
[data]
trigger-time = 1182220089.5564566
injection-file = /work/shashwat.singh/Prospects-of-LGWs/unlens/injection.hdf

[global]
instruments = E1 E2 E3
mass1_ref = 30.0000000042767
mass2_ref = 30.000000003800583
minchirp = 26.116416902399568
maxchirp = 26.116616902399567
mincov = 15186550867.292553
maxcov = 1518655086729.2554
