
[data]
trigger-time = 1153081097.179769
injection-file = /work/shashwat.singh/Prospects-of-LGWs/unlens/injection.hdf

[global]
instruments = E1 E2 E3
mass1_ref = 30.000000002637904
mass2_ref = 30.00000000865398
minchirp = 26.116416903798804
maxchirp = 26.116616903798803
mincov = 12280446157.489285
maxcov = 1228044615748.9285
