
[data]
trigger-time = 1075635681.2143576
injection-file = /work/shashwat.singh/Prospects-of-LGWs/unlens/injection.hdf

[global]
instruments = E1 E2 E3
mass1_ref = 30.000000005335693
mass2_ref = 30.00000000151922
minchirp = 26.1164169018675
maxchirp = 26.1166169018675
mincov = 71452582626.20918
maxcov = 7145258262620.918
