
[data]
trigger-time = 1116596104.620325
injection-file = /work/shashwat.singh/Prospects-of-LGWs/unlens/injection.hdf

[global]
instruments = E1 E2 E3
mass1_ref = 30.000000007010694
mass2_ref = 30.00000000024774
minchirp = 26.11641690204314
maxchirp = 26.11661690204314
mincov = 12305330430.811682
maxcov = 1230533043081.1682
