
[data]
trigger-time = 1599350264.764102
injection-file = /work/shashwat.singh/Prospects-of-LGWs/unlens/injection.hdf

[global]
instruments = E1 E2 E3
mass1_ref = 30.000000004967315
mass2_ref = 30.00000000625386
minchirp = 26.116416903768023
maxchirp = 26.116616903768023
mincov = 140950000493.98877
maxcov = 14095000049398.877
