
[data]
trigger-time = 1731484140.1296043
injection-file = /work/shashwat.singh/Prospects-of-LGWs/unlens/injection.hdf

[global]
instruments = E1 E2 E3
mass1_ref = 30.000000006833297
mass2_ref = 30.000000007667268
minchirp = 26.11641690519546
maxchirp = 26.11661690519546
mincov = 170905399709.25784
maxcov = 17090539970925.783
