
[data]
trigger-time = 1790032362.1237984
injection-file = /work/shashwat.singh/Prospects-of-LGWs/unlens/injection.hdf

[global]
instruments = E1 E2 E3
mass1_ref = 30.000000005331398
mass2_ref = 30.00000000950245
minchirp = 26.116416905340532
maxchirp = 26.116616905340532
mincov = 168748492849.3226
maxcov = 16874849284932.262
