
[data]
trigger-time = 1367517529.161119
injection-file = /work/shashwat.singh/Prospects-of-LGWs/unlens/injection.hdf

[global]
instruments = E1 E2 E3
mass1_ref = 30.000000005576723
mass2_ref = 30.000000008092854
minchirp = 26.116416904833752
maxchirp = 26.11661690483375
mincov = 105690162393.77426
maxcov = 10569016239377.426
