
[data]
trigger-time = 1567303278.7485461
injection-file = /work/shashwat.singh/Prospects-of-LGWs/unlens/injection.hdf

[global]
instruments = E1 E2 E3
mass1_ref = 30.000000000381867
mass2_ref = 30.000000008479937
minchirp = 26.116416902741047
maxchirp = 26.116616902741047
mincov = 44067409145.84726
maxcov = 4406740914584.726
