
[data]
trigger-time = 1057009361.349996
injection-file = /work/shashwat.singh/Prospects-of-LGWs/unlens/injection.hdf

[global]
instruments = E1 E2 E3
mass1_ref = 30.000000002965788
mass2_ref = 30.00000000975987
minchirp = 26.116416904422888
maxchirp = 26.116616904422887
mincov = 113162656872.91985
maxcov = 11316265687291.984
