
[data]
trigger-time = 1038218003.1304667
injection-file = /work/shashwat.singh/Prospects-of-LGWs/unlens/injection.hdf

[global]
instruments = E1 E2 E3
mass1_ref = 30.000000009992295
mass2_ref = 30.000000007355368
minchirp = 26.116416906434736
maxchirp = 26.116616906434736
mincov = 132100813666.92557
maxcov = 13210081366692.557
