
[data]
trigger-time = 1349050593.0974612
injection-file = /work/shashwat.singh/Prospects-of-LGWs/unlens/injection.hdf

[global]
instruments = E1 E2 E3
mass1_ref = 30.000000000496925
mass2_ref = 30.00000000655759
minchirp = 26.11641690195438
maxchirp = 26.11661690195438
mincov = 93532705660.11798
maxcov = 9353270566011.799
