
[data]
trigger-time = 1476945657.8198502
injection-file = /work/shashwat.singh/Prospects-of-LGWs/unlens/injection.hdf

[global]
instruments = E1 E2 E3
mass1_ref = 30.000000005585516
mass2_ref = 30.00000000580664
minchirp = 26.11641690384245
maxchirp = 26.11661690384245
mincov = 56585844681.88066
maxcov = 5658584468188.066
