
[data]
trigger-time = 1754536375.4287257
injection-file = /work/shashwat.singh/Prospects-of-LGWs/unlens/injection.hdf

[global]
instruments = E1 E2 E3
mass1_ref = 30.000000001595165
mass2_ref = 30.000000004277684
minchirp = 26.11641690144003
maxchirp = 26.11661690144003
mincov = 149386587425.23224
maxcov = 14938658742523.225
