
[data]
trigger-time = 1518891647.9041252
injection-file = /work/shashwat.singh/Prospects-of-LGWs/unlens/injection.hdf

[global]
instruments = E1 E2 E3
mass1_ref = 30.0000000039568
mass2_ref = 30.000000007779228
minchirp = 26.116416903992125
maxchirp = 26.116616903992124
mincov = 128830622359.10051
maxcov = 12883062235910.05
