
[data]
trigger-time = 1082943996.046657
injection-file = /work/shashwat.singh/Prospects-of-LGWs/unlens/injection.hdf

[global]
instruments = E1 E2 E3
mass1_ref = 30.00000000864828
mass2_ref = 30.000000009036484
minchirp = 26.116416906581463
maxchirp = 26.116616906581463
mincov = 86489254293.4045
maxcov = 8648925429340.449
