
[data]
trigger-time = 1584248660.6723595
injection-file = /work/shashwat.singh/Prospects-of-LGWs/unlens/injection.hdf

[global]
instruments = E1 E2 E3
mass1_ref = 30.000000002374275
mass2_ref = 30.000000000361737
minchirp = 26.116416900074643
maxchirp = 26.116616900074643
mincov = 167817289432.28632
maxcov = 16781728943228.633
