
[data]
trigger-time = 1132114178.5693312
injection-file = /work/shashwat.singh/Prospects-of-LGWs/unlens/injection.hdf

[global]
instruments = E1 E2 E3
mass1_ref = 30.000000001844107
mass2_ref = 30.00000000384456
minchirp = 26.116416901359862
maxchirp = 26.116616901359862
mincov = 2950713529.0609026
maxcov = 295071352906.0903
