
[data]
trigger-time = 1178902808.5710905
injection-file = /home/ss/Prospects-of-LGWs/unlens/injection.hdf

[global]
instruments = E1 E2 E3
mass1_ref = 30.00000000064907
mass2_ref = 30.000000001314717
minchirp = 26.116416899738514
maxchirp = 26.116616899738514
mincov = 23647161472.69715
maxcov = 2364716147269.715
