
[data]
trigger-time = 1643588242.8650641
injection-file = /work/shashwat.singh/Prospects-of-LGWs/unlens/injection.hdf

[global]
instruments = E1 E2 E3
mass1_ref = 30.000000005862475
mass2_ref = 30.000000006576588
minchirp = 26.11641690429814
maxchirp = 26.11661690429814
mincov = 165974537329.82867
maxcov = 16597453732982.867
