
[data]
trigger-time = 1210804039.3326507
injection-file = /work/shashwat.singh/Prospects-of-LGWs/unlens/injection.hdf

[global]
instruments = E1 E2 E3
mass1_ref = 30.000000004523027
mass2_ref = 30.00000000127262
minchirp = 26.116416901406428
maxchirp = 26.116616901406427
mincov = 179512032122.4704
maxcov = 17951203212247.04
