
[data]
trigger-time = 1780572970.0277202
injection-file = /work/shashwat.singh/Prospects-of-LGWs/unlens/injection.hdf

[global]
instruments = E1 E2 E3
mass1_ref = 30.0000000073071
mass2_ref = 30.0000000076906
minchirp = 26.116416905411853
maxchirp = 26.116616905411853
mincov = 64553020451.952194
maxcov = 6455302045195.22
