
[data]
trigger-time = 1425921895.3079891
injection-file = /work/shashwat.singh/Prospects-of-LGWs/unlens/injection.hdf

[global]
instruments = E1 E2 E3
mass1_ref = 30.000000008255213
mass2_ref = 30.000000007028774
minchirp = 26.116416905536465
maxchirp = 26.116616905536464
mincov = 15466548456.325733
maxcov = 1546654845632.5732
