
[data]
trigger-time = 1259045187.632354
injection-file = /work/shashwat.singh/Prospects-of-LGWs/unlens/injection.hdf

[global]
instruments = E1 E2 E3
mass1_ref = 30.000000000303398
mass2_ref = 30.000000001006228
minchirp = 26.116416899453775
maxchirp = 26.116616899453774
mincov = 24425554694.123875
maxcov = 2442555469412.387
