
[data]
trigger-time = 1296644935.454602
injection-file = /work/shashwat.singh/Prospects-of-LGWs/unlens/injection.hdf

[global]
instruments = E1 E2 E3
mass1_ref = 30.000000000992344
mass2_ref = 30.000000002431797
minchirp = 26.11641690037417
maxchirp = 26.11661690037417
mincov = 154545132539.39398
maxcov = 15454513253939.396
