
[data]
trigger-time = 1036391609.1567714
injection-file = /work/shashwat.singh/Prospects-of-LGWs/unlens/injection.hdf

[global]
instruments = E1 E2 E3
mass1_ref = 30.000000008559297
mass2_ref = 30.000000000129543
minchirp = 26.11641690266576
maxchirp = 26.11661690266576
mincov = 51093738971.00903
maxcov = 5109373897100.903
