
[data]
trigger-time = 1883601853.7000585
injection-file = /work/shashwat.singh/Prospects-of-LGWs/unlens/injection.hdf

[global]
instruments = E1 E2 E3
mass1_ref = 30.000000004563418
mass2_ref = 30.000000005940713
minchirp = 26.116416903455914
maxchirp = 26.116616903455913
mincov = 135326296540.98943
maxcov = 13532629654098.943
