
[data]
trigger-time = 1904322114.845211
injection-file = /work/shashwat.singh/Prospects-of-LGWs/unlens/injection.hdf

[global]
instruments = E1 E2 E3
mass1_ref = 30.000000002355854
mass2_ref = 30.000000001895053
minchirp = 26.116416900734038
maxchirp = 26.116616900734037
mincov = 149957316612.06854
maxcov = 14995731661206.854
