
[data]
trigger-time = 1923187129.3826766
injection-file = /work/shashwat.singh/Prospects-of-LGWs/unlens/injection.hdf

[global]
instruments = E1 E2 E3
mass1_ref = 30.000000002721286
mass2_ref = 30.000000009657466
minchirp = 26.11641690427189
maxchirp = 26.11661690427189
mincov = 147989898642.94403
maxcov = 14798989864294.404
