
[data]
trigger-time = 1628425301.875702
injection-file = /work/shashwat.singh/Prospects-of-LGWs/unlens/injection.hdf

[global]
instruments = E1 E2 E3
mass1_ref = 30.000000002181654
mass2_ref = 30.00000000985473
minchirp = 26.116416904122865
maxchirp = 26.116616904122864
mincov = 39875857531.178375
maxcov = 3987585753117.8374
