
[data]
trigger-time = 1452686692.3200994
injection-file = /work/shashwat.singh/Prospects-of-LGWs/unlens/injection.hdf

[global]
instruments = E1 E2 E3
mass1_ref = 30.000000004394117
mass2_ref = 30.000000004691447
minchirp = 26.11641690283845
maxchirp = 26.116616902838448
mincov = 555635691.3395693
maxcov = 55563569133.95694
