
[data]
trigger-time = 1911682740.241356
injection-file = /work/shashwat.singh/Prospects-of-LGWs/unlens/injection.hdf

[global]
instruments = E1 E2 E3
mass1_ref = 30.000000006298873
mass2_ref = 30.000000000352752
minchirp = 26.11641690177901
maxchirp = 26.11661690177901
mincov = 176652242222.42267
maxcov = 17665224222242.266
