
[data]
trigger-time = 1034847965.3081282
injection-file = /work/shashwat.singh/Prospects-of-LGWs/unlens/injection.hdf

[global]
instruments = E1 E2 E3
mass1_ref = 30.000000007440985
mass2_ref = 30.000000002822148
minchirp = 26.116416903351013
maxchirp = 26.116616903351012
mincov = 130822343382.63005
maxcov = 13082234338263.006
