
[data]
trigger-time = 1762953489.675725
injection-file = /work/shashwat.singh/Prospects-of-LGWs/unlens/injection.hdf

[global]
instruments = E1 E2 E3
mass1_ref = 30.00000000473309
mass2_ref = 30.000000001894602
minchirp = 26.11641690176859
maxchirp = 26.11661690176859
mincov = 156687599307.2245
maxcov = 15668759930722.45
