
[data]
trigger-time = 1248232523.291933
injection-file = /work/shashwat.singh/Prospects-of-LGWs/unlens/injection.hdf

[global]
instruments = E1 E2 E3
mass1_ref = 30.000000005268376
mass2_ref = 30.00000000260462
minchirp = 26.116416902310647
maxchirp = 26.116616902310646
mincov = 115331735662.33308
maxcov = 11533173566233.309
