
[data]
trigger-time = 1026078812.8129519
injection-file = /work/shashwat.singh/Prospects-of-LGWs/unlens/injection.hdf

[global]
instruments = E1 E2 E3
mass1_ref = 30.00000000065908
mass2_ref = 30.000000009120537
minchirp = 26.11641690314055
maxchirp = 26.11661690314055
mincov = 2831033736.199398
maxcov = 283103373619.9398
