
[data]
trigger-time = 1051234575.9094584
injection-file = /work/shashwat.singh/Prospects-of-LGWs/unlens/injection.hdf

[global]
instruments = E1 E2 E3
mass1_ref = 30.00000000384026
mass2_ref = 30.00000000748977
minchirp = 26.116416903815406
maxchirp = 26.116616903815405
mincov = 66355252252.200134
maxcov = 6635525225220.014
