
[data]
trigger-time = 1945796163.7352498
injection-file = /work/shashwat.singh/Prospects-of-LGWs/unlens/injection.hdf

[global]
instruments = E1 E2 E3
mass1_ref = 30.000000007097334
mass2_ref = 30.00000000709366
minchirp = 26.116416905060714
maxchirp = 26.116616905060713
mincov = 80979163649.64888
maxcov = 8097916364964.888
