
[data]
trigger-time = 1616693581.3947098
injection-file = /work/shashwat.singh/Prospects-of-LGWs/unlens/injection.hdf

[global]
instruments = E1 E2 E3
mass1_ref = 30.000000007982752
mass2_ref = 30.000000006295483
minchirp = 26.11641690509869
maxchirp = 26.116616905098688
mincov = 51178340977.08748
maxcov = 5117834097708.748
