
[data]
trigger-time = 1979159122.6922176
injection-file = /work/shashwat.singh/Prospects-of-LGWs/unlens/injection.hdf

[global]
instruments = E1 E2 E3
mass1_ref = 30.00000000606964
mass2_ref = 30.000000000167198
minchirp = 26.116416901598466
maxchirp = 26.116616901598466
mincov = 71845678385.43631
maxcov = 7184567838543.632
