
[data]
trigger-time = 1988514317.863696
injection-file = /work/shashwat.singh/Prospects-of-LGWs/unlens/injection.hdf

[global]
instruments = E1 E2 E3
mass1_ref = 30.000000004208
mass2_ref = 30.00000000208335
minchirp = 26.116416901622195
maxchirp = 26.116616901622194
mincov = 172055867523.89166
maxcov = 17205586752389.168
