
[data]
trigger-time = 1200632993.7199602
injection-file = /work/shashwat.singh/Prospects-of-LGWs/unlens/injection.hdf

[global]
instruments = E1 E2 E3
mass1_ref = 30.000000009394487
mass2_ref = 30.000000005792202
minchirp = 26.116416905494116
maxchirp = 26.116616905494116
mincov = 114312307526.94724
maxcov = 11431230752694.725
