
[data]
trigger-time = 1925747942.711973
injection-file = /work/shashwat.singh/Prospects-of-LGWs/unlens/injection.hdf

[global]
instruments = E1 E2 E3
mass1_ref = 30.000000002942304
mass2_ref = 30.000000000693085
minchirp = 26.11641690046612
maxchirp = 26.11661690046612
mincov = 149742817890.49673
maxcov = 14974281789049.672
