
[data]
trigger-time = 1488581514.5610006
injection-file = /work/shashwat.singh/Prospects-of-LGWs/unlens/injection.hdf

[global]
instruments = E1 E2 E3
mass1_ref = 30.00000000554502
mass2_ref = 30.00000000795783
minchirp = 26.11641690476118
maxchirp = 26.11661690476118
mincov = 131530077854.229
maxcov = 13153007785422.9
