
[data]
trigger-time = 1811966869.6962645
injection-file = /work/shashwat.singh/Prospects-of-LGWs/unlens/injection.hdf

[global]
instruments = E1 E2 E3
mass1_ref = 30.000000002951726
mass2_ref = 30.0000000038245
minchirp = 26.116416901833247
maxchirp = 26.116616901833247
mincov = 86751834826.1415
maxcov = 8675183482614.149
