
[data]
trigger-time = 1125908714.160024
injection-file = /work/shashwat.singh/Prospects-of-LGWs/unlens/injection.hdf

[global]
instruments = E1 E2 E3
mass1_ref = 30.00000000399701
mass2_ref = 30.000000001271403
minchirp = 26.116416901176933
maxchirp = 26.116616901176933
mincov = 65918829030.07579
maxcov = 6591882903007.579
