
[data]
trigger-time = 1250530291.3347714
injection-file = /work/shashwat.singh/Prospects-of-LGWs/unlens/injection.hdf

[global]
instruments = E1 E2 E3
mass1_ref = 30.000000005668724
mass2_ref = 30.000000009618745
minchirp = 26.11641690553798
maxchirp = 26.11661690553798
mincov = 116207898936.15352
maxcov = 11620789893615.352
