
[data]
trigger-time = 1216459415.0407403
injection-file = /work/shashwat.singh/Prospects-of-LGWs/unlens/injection.hdf

[global]
instruments = E1 E2 E3
mass1_ref = 30.00000000641808
mass2_ref = 30.00000000513899
minchirp = 26.11641690391423
maxchirp = 26.11661690391423
mincov = 44765063188.45352
maxcov = 4476506318845.353
