
[data]
trigger-time = 1464790110.4384122
injection-file = /work/shashwat.singh/Prospects-of-LGWs/unlens/injection.hdf

[global]
instruments = E1 E2 E3
mass1_ref = 30.000000002447248
mass2_ref = 30.000000009980077
minchirp = 26.116416904293033
maxchirp = 26.116616904293032
mincov = 39606426041.4088
maxcov = 3960642604140.8794
