
[data]
trigger-time = 1748767454.175221
injection-file = /work/shashwat.singh/Prospects-of-LGWs/unlens/injection.hdf

[global]
instruments = E1 E2 E3
mass1_ref = 30.00000000914554
mass2_ref = 30.00000000979657
minchirp = 26.116416907128755
maxchirp = 26.116616907128755
mincov = 2268490612.3063755
maxcov = 226849061230.63754
