
[data]
trigger-time = 1102110497.762272
injection-file = /work/shashwat.singh/Prospects-of-LGWs/unlens/injection.hdf

[global]
instruments = E1 E2 E3
mass1_ref = 30.000000007966175
mass2_ref = 30.000000005725198
minchirp = 26.11641690484324
maxchirp = 26.11661690484324
mincov = 98260092901.9042
maxcov = 9826009290190.422
