
[data]
trigger-time = 1557729219.209693
injection-file = /work/shashwat.singh/Prospects-of-LGWs/unlens/injection.hdf

[global]
instruments = E1 E2 E3
mass1_ref = 30.00000000936964
mass2_ref = 30.00000000278558
minchirp = 26.11641690417459
maxchirp = 26.116616904174588
mincov = 49843201856.8418
maxcov = 4984320185684.18
