
[data]
trigger-time = 1694600893.0075169
injection-file = /work/shashwat.singh/Prospects-of-LGWs/unlens/injection.hdf

[global]
instruments = E1 E2 E3
mass1_ref = 30.000000000668905
mass2_ref = 30.000000000432244
minchirp = 26.116416899363028
maxchirp = 26.116616899363027
mincov = 1785739990.7595284
maxcov = 178573999075.95282
