
[data]
trigger-time = 1494772452.8339474
injection-file = /work/shashwat.singh/Prospects-of-LGWs/unlens/injection.hdf

[global]
instruments = E1 E2 E3
mass1_ref = 30.00000000673022
mass2_ref = 30.000000009348657
minchirp = 26.116416905882463
maxchirp = 26.116616905882463
mincov = 141875632625.44504
maxcov = 14187563262544.504
