
[data]
trigger-time = 1494004269.402968
injection-file = /work/shashwat.singh/Prospects-of-LGWs/unlens/injection.hdf

[global]
instruments = E1 E2 E3
mass1_ref = 30.000000003186997
mass2_ref = 30.000000009312284
minchirp = 26.116416904324353
maxchirp = 26.116616904324353
mincov = 30706253311.61269
maxcov = 3070625331161.269
