
[data]
trigger-time = 1214455183.5007596
injection-file = /work/shashwat.singh/Prospects-of-LGWs/unlens/injection.hdf

[global]
instruments = E1 E2 E3
mass1_ref = 30.00000000008089
mass2_ref = 30.00000000049973
minchirp = 26.116416899136453
maxchirp = 26.116616899136453
mincov = 14576142516.733234
maxcov = 1457614251673.3232
