
[data]
trigger-time = 1979808399.3625693
injection-file = /work/shashwat.singh/Prospects-of-LGWs/unlens/injection.hdf

[global]
instruments = E1 E2 E3
mass1_ref = 30.000000009259967
mass2_ref = 30.000000007505452
minchirp = 26.116416906181296
maxchirp = 26.116616906181296
mincov = 135622316394.97258
maxcov = 13562231639497.258
