
[data]
trigger-time = 1734304193.983315
injection-file = /work/shashwat.singh/Prospects-of-LGWs/unlens/injection.hdf

[global]
instruments = E1 E2 E3
mass1_ref = 30.000000003773174
mass2_ref = 30.0000000077705
minchirp = 26.1164169039084
maxchirp = 26.1166169039084
mincov = 154894944519.27936
maxcov = 15489494451927.934
