
[data]
trigger-time = 1695708520.9036105
injection-file = /work/shashwat.singh/Prospects-of-LGWs/unlens/injection.hdf

[global]
instruments = E1 E2 E3
mass1_ref = 30.000000000007784
mass2_ref = 30.00000000433325
minchirp = 26.116416900773267
maxchirp = 26.116616900773266
mincov = 59306982177.28335
maxcov = 5930698217728.335
