
[data]
trigger-time = 1066556882.1978517
injection-file = /work/shashwat.singh/Prospects-of-LGWs/unlens/injection.hdf

[global]
instruments = E1 E2 E3
mass1_ref = 30.000000000351307
mass2_ref = 30.00000000300661
minchirp = 26.116416900345342
maxchirp = 26.116616900345342
mincov = 153861308347.4003
maxcov = 15386130834740.03
