
[data]
trigger-time = 1357619114.7921963
injection-file = /work/shashwat.singh/Prospects-of-LGWs/unlens/injection.hdf

[global]
instruments = E1 E2 E3
mass1_ref = 30.000000001010168
mass2_ref = 30.000000003083205
minchirp = 26.116416900665467
maxchirp = 26.116616900665466
mincov = 147426587259.4385
maxcov = 14742658725943.85
