
[data]
trigger-time = 1202221433.8334792
injection-file = /work/shashwat.singh/Prospects-of-LGWs/unlens/injection.hdf

[global]
instruments = E1 E2 E3
mass1_ref = 30.00000000864796
mass2_ref = 30.00000000973347
minchirp = 26.116416906884705
maxchirp = 26.116616906884705
mincov = 144955929507.22458
maxcov = 14495592950722.459
