
[data]
trigger-time = 1454244289.400639
injection-file = /work/shashwat.singh/Prospects-of-LGWs/unlens/injection.hdf

[global]
instruments = E1 E2 E3
mass1_ref = 30.000000006888996
mass2_ref = 30.00000000035896
minchirp = 26.11641690203858
maxchirp = 26.11661690203858
mincov = 33885168267.213055
maxcov = 3388516826721.3057
