
[data]
trigger-time = 1415131789.831843
injection-file = /work/shashwat.singh/Prospects-of-LGWs/unlens/injection.hdf

[global]
instruments = E1 E2 E3
mass1_ref = 30.000000004702777
mass2_ref = 30.000000001875687
minchirp = 26.116416901747165
maxchirp = 26.116616901747165
mincov = 126085230893.29056
maxcov = 12608523089329.055
