
[data]
trigger-time = 1012324693.1516695
injection-file = /work/shashwat.singh/Prospects-of-LGWs/unlens/injection.hdf

[global]
instruments = E1 E2 E3
mass1_ref = 30.000000002531593
mass2_ref = 30.000000008526907
minchirp = 26.116416903697218
maxchirp = 26.116616903697217
mincov = 169609760466.1663
maxcov = 16960976046616.629
