
[data]
trigger-time = 1211777586.896258
injection-file = /work/shashwat.singh/Prospects-of-LGWs/unlens/injection.hdf

[global]
instruments = E1 E2 E3
mass1_ref = 30.000000003397446
mass2_ref = 30.000000005894226
minchirp = 26.11641690292816
maxchirp = 26.11661690292816
mincov = 56166613124.56211
maxcov = 5616661312456.211
