
[data]
trigger-time = 1154993617.3270292
injection-file = /work/shashwat.singh/Prospects-of-LGWs/unlens/injection.hdf

[global]
instruments = E1 E2 E3
mass1_ref = 30.00000000307449
mass2_ref = 30.000000007569806
minchirp = 26.116416903516924
maxchirp = 26.116616903516924
mincov = 1026319802.5050981
maxcov = 102631980250.50981
