
[data]
trigger-time = 1412081566.2007613
injection-file = /work/shashwat.singh/Prospects-of-LGWs/unlens/injection.hdf

[global]
instruments = E1 E2 E3
mass1_ref = 30.000000002013266
mass2_ref = 30.00000000321497
minchirp = 26.116416901159447
maxchirp = 26.116616901159446
mincov = 12689505377.751095
maxcov = 1268950537775.1096
