
[data]
trigger-time = 1292701607.764244
injection-file = /work/shashwat.singh/Prospects-of-LGWs/unlens/injection.hdf

[global]
instruments = E1 E2 E3
mass1_ref = 30.000000009210215
mass2_ref = 30.00000000991061
minchirp = 26.116416907206546
maxchirp = 26.116616907206545
mincov = 161476580064.90152
maxcov = 16147658006490.152
