
[data]
trigger-time = 1945346034.7637544
injection-file = /work/shashwat.singh/Prospects-of-LGWs/unlens/injection.hdf

[global]
instruments = E1 E2 E3
mass1_ref = 30.00000000655265
mass2_ref = 30.000000007837322
minchirp = 26.116416905147325
maxchirp = 26.116616905147325
mincov = 30331545806.31086
maxcov = 3033154580631.086
