
[data]
trigger-time = 1122065164.4802194
injection-file = /work/shashwat.singh/Prospects-of-LGWs/unlens/injection.hdf

[global]
instruments = E1 E2 E3
mass1_ref = 30.000000001449585
mass2_ref = 30.000000007165713
minchirp = 26.116416902633752
maxchirp = 26.11661690263375
mincov = 140997937947.05923
maxcov = 14099793794705.922
