
[data]
trigger-time = 1765667098.0631552
injection-file = /work/shashwat.singh/Prospects-of-LGWs/unlens/injection.hdf

[global]
instruments = E1 E2 E3
mass1_ref = 30.00000000783046
mass2_ref = 30.00000000961622
minchirp = 26.116416906477834
maxchirp = 26.116616906477834
mincov = 41010543733.29677
maxcov = 4101054373329.677
