
[data]
trigger-time = 1369695765.6201212
injection-file = /work/shashwat.singh/Prospects-of-LGWs/unlens/injection.hdf

[global]
instruments = E1 E2 E3
mass1_ref = 30.000000003787594
mass2_ref = 30.000000009537093
minchirp = 26.116416904683632
maxchirp = 26.11661690468363
mincov = 113961354307.37862
maxcov = 11396135430737.861
