
[data]
trigger-time = 1927631659.984363
injection-file = /work/shashwat.singh/Prospects-of-LGWs/unlens/injection.hdf

[global]
instruments = E1 E2 E3
mass1_ref = 30.000000004448857
mass2_ref = 30.00000000980644
minchirp = 26.116416905088702
maxchirp = 26.1166169050887
mincov = 472229350.8470973
maxcov = 47222935084.70973
