
[data]
trigger-time = 1432269306.9593625
injection-file = /work/shashwat.singh/Prospects-of-LGWs/unlens/injection.hdf

[global]
instruments = E1 E2 E3
mass1_ref = 30.000000007325276
mass2_ref = 30.00000000731214
minchirp = 26.11641690525503
maxchirp = 26.11661690525503
mincov = 125408928957.38496
maxcov = 12540892895738.496
