
[data]
trigger-time = 1370494288.7445858
injection-file = /work/shashwat.singh/Prospects-of-LGWs/unlens/injection.hdf

[global]
instruments = E1 E2 E3
mass1_ref = 30.00000000496643
mass2_ref = 30.000000007239723
minchirp = 26.11641690419676
maxchirp = 26.11661690419676
mincov = 21143508592.388123
maxcov = 2114350859238.8123
