
[data]
trigger-time = 1791756996.276624
injection-file = /home/ss/Prospects-of-LGWs/unlens/injection.hdf

[global]
instruments = E1 E2 E3
mass1_ref = 30.000000006261438
mass2_ref = 30.00000000235712
minchirp = 26.11641690263517
maxchirp = 26.11661690263517
mincov = 942003907.0830717
maxcov = 94200390708.30717
