
[data]
trigger-time = 1577103412.470313
injection-file = /work/shashwat.singh/Prospects-of-LGWs/unlens/injection.hdf

[global]
instruments = E1 E2 E3
mass1_ref = 30.00000000486739
mass2_ref = 30.00000000855887
minchirp = 26.116416904727842
maxchirp = 26.11661690472784
mincov = 112803347676.96973
maxcov = 11280334767696.973
