
[data]
trigger-time = 1200920491.6350274
injection-file = /work/shashwat.singh/Prospects-of-LGWs/unlens/injection.hdf

[global]
instruments = E1 E2 E3
mass1_ref = 30.000000003904436
mass2_ref = 30.000000006799368
minchirp = 26.116416903542827
maxchirp = 26.116616903542827
mincov = 130153967006.5518
maxcov = 13015396700655.18
