
[data]
trigger-time = 1142461989.365611
injection-file = /work/shashwat.singh/Prospects-of-LGWs/unlens/injection.hdf

[global]
instruments = E1 E2 E3
mass1_ref = 30.000000008538255
mass2_ref = 30.000000001829196
minchirp = 26.11641690339642
maxchirp = 26.11661690339642
mincov = 275643609.45035994
maxcov = 27564360945.03599
