
[data]
trigger-time = 1802116249.0765748
injection-file = /work/shashwat.singh/Prospects-of-LGWs/unlens/injection.hdf

[global]
instruments = E1 E2 E3
mass1_ref = 30.000000004684484
mass2_ref = 30.000000000626848
minchirp = 26.116416901195617
maxchirp = 26.116616901195616
mincov = 22578478444.57837
maxcov = 2257847844457.837
