
[data]
trigger-time = 1569037185.064271
injection-file = /work/shashwat.singh/Prospects-of-LGWs/unlens/injection.hdf

[global]
instruments = E1 E2 E3
mass1_ref = 30.000000003392792
mass2_ref = 30.00000000449173
minchirp = 26.116416902315663
maxchirp = 26.116616902315663
mincov = 175977842161.8233
maxcov = 17597784216182.332
