
[data]
trigger-time = 1830144749.3821416
injection-file = /work/shashwat.singh/Prospects-of-LGWs/unlens/injection.hdf

[global]
instruments = E1 E2 E3
mass1_ref = 30.000000000498932
mass2_ref = 30.00000000788552
minchirp = 26.11641690253327
maxchirp = 26.11661690253327
mincov = 31984038965.843914
maxcov = 3198403896584.3916
