
[data]
trigger-time = 1681472594.0177844
injection-file = /work/shashwat.singh/Prospects-of-LGWs/unlens/injection.hdf

[global]
instruments = E1 E2 E3
mass1_ref = 30.00000000831091
mass2_ref = 30.000000006846346
minchirp = 26.1164169054813
maxchirp = 26.1166169054813
mincov = 100271670309.72244
maxcov = 10027167030972.244
