
[data]
trigger-time = 1280516498.1300588
injection-file = /work/shashwat.singh/Prospects-of-LGWs/unlens/injection.hdf

[global]
instruments = E1 E2 E3
mass1_ref = 30.00000000140658
mass2_ref = 30.000000005487397
minchirp = 26.116416901884502
maxchirp = 26.116616901884502
mincov = 74756811844.7724
maxcov = 7475681184477.24
