
[data]
trigger-time = 1304741853.1919856
injection-file = /work/shashwat.singh/Prospects-of-LGWs/unlens/injection.hdf

[global]
instruments = E1 E2 E3
mass1_ref = 30.000000005845454
mass2_ref = 30.000000003417714
minchirp = 26.116416902915752
maxchirp = 26.11661690291575
mincov = 97886531079.35172
maxcov = 9788653107935.172
