
[data]
trigger-time = 1182097277.5643175
injection-file = /work/shashwat.singh/Prospects-of-LGWs/unlens/injection.hdf

[global]
instruments = E1 E2 E3
mass1_ref = 30.000000009166744
mass2_ref = 30.00000000817139
minchirp = 26.116416906430587
maxchirp = 26.116616906430586
mincov = 52854175315.50077
maxcov = 5285417531550.077
