
[data]
trigger-time = 1976839710.822177
injection-file = /work/shashwat.singh/Prospects-of-LGWs/unlens/injection.hdf

[global]
instruments = E1 E2 E3
mass1_ref = 30.000000005810712
mass2_ref = 30.000000004830255
minchirp = 26.116416903515475
maxchirp = 26.116616903515474
mincov = 62118252715.21244
maxcov = 6211825271521.244
