
[data]
trigger-time = 1462170202.0013876
injection-file = /work/shashwat.singh/Prospects-of-LGWs/unlens/injection.hdf

[global]
instruments = E1 E2 E3
mass1_ref = 30.00000000556745
mass2_ref = 30.000000002206885
minchirp = 26.116416902267698
maxchirp = 26.116616902267697
mincov = 82446120124.43582
maxcov = 8244612012443.582
