
[data]
trigger-time = 1437315719.6941833
injection-file = /work/shashwat.singh/Prospects-of-LGWs/unlens/injection.hdf

[global]
instruments = E1 E2 E3
mass1_ref = 30.000000006597862
mass2_ref = 30.000000005070365
minchirp = 26.116416903962616
maxchirp = 26.116616903962615
mincov = 119938938918.48433
maxcov = 11993893891848.434
