
[data]
trigger-time = 1554075497.326799
injection-file = /work/shashwat.singh/Prospects-of-LGWs/unlens/injection.hdf

[global]
instruments = E1 E2 E3
mass1_ref = 30.000000003380443
mass2_ref = 30.000000000556376
minchirp = 26.116416900597326
maxchirp = 26.116616900597325
mincov = 74637867839.11679
maxcov = 7463786783911.68
