
[data]
trigger-time = 1804115565.6480386
injection-file = /work/shashwat.singh/Prospects-of-LGWs/unlens/injection.hdf

[global]
instruments = E1 E2 E3
mass1_ref = 30.000000006597748
mass2_ref = 30.000000008041827
minchirp = 26.11641690525597
maxchirp = 26.11661690525597
mincov = 137501232675.51633
maxcov = 13750123267551.633
