
[data]
trigger-time = 1129491051.4142084
injection-file = /work/shashwat.singh/Prospects-of-LGWs/unlens/injection.hdf

[global]
instruments = E1 E2 E3
mass1_ref = 30.000000001323432
mass2_ref = 30.000000000024098
minchirp = 26.11641689947027
maxchirp = 26.11661689947027
mincov = 124523712030.65495
maxcov = 12452371203065.496
