
[data]
trigger-time = 1205811276.0870013
injection-file = /work/shashwat.singh/Prospects-of-LGWs/unlens/injection.hdf

[global]
instruments = E1 E2 E3
mass1_ref = 30.000000003712987
mass2_ref = 30.000000009665676
minchirp = 26.116416904707126
maxchirp = 26.116616904707126
mincov = 33841872888.638184
maxcov = 3384187288863.8184
