
[data]
trigger-time = 1718391726.5736861
injection-file = /work/shashwat.singh/Prospects-of-LGWs/unlens/injection.hdf

[global]
instruments = E1 E2 E3
mass1_ref = 30.000000009167533
mass2_ref = 30.000000009466717
minchirp = 26.116416906994754
maxchirp = 26.116616906994754
mincov = 68456190183.059265
maxcov = 6845619018305.927
