
[data]
trigger-time = 1718778864.1855254
injection-file = /work/shashwat.singh/Prospects-of-LGWs/unlens/injection.hdf

[global]
instruments = E1 E2 E3
mass1_ref = 30.000000001495557
mass2_ref = 30.00000000891376
minchirp = 26.116416903414642
maxchirp = 26.11661690341464
mincov = 7396203542.397716
maxcov = 739620354239.7716
