
[data]
trigger-time = 1545911280.2760997
injection-file = /work/shashwat.singh/Prospects-of-LGWs/unlens/injection.hdf

[global]
instruments = E1 E2 E3
mass1_ref = 30.000000009852375
mass2_ref = 30.000000007854624
minchirp = 26.116416906591144
maxchirp = 26.116616906591144
mincov = 155749413999.7735
maxcov = 15574941399977.348
