
[data]
trigger-time = 1481499891.7443683
injection-file = /work/shashwat.singh/Prospects-of-LGWs/unlens/injection.hdf

[global]
instruments = E1 E2 E3
mass1_ref = 30.00000000656183
mass2_ref = 30.00000000328265
minchirp = 26.116416903168783
maxchirp = 26.116616903168783
mincov = 71309892585.47829
maxcov = 7130989258547.828
