
[data]
trigger-time = 1522366335.4724631
injection-file = /work/shashwat.singh/Prospects-of-LGWs/unlens/injection.hdf

[global]
instruments = E1 E2 E3
mass1_ref = 30.000000001166846
mass2_ref = 30.000000003220297
minchirp = 26.11641690079334
maxchirp = 26.11661690079334
mincov = 3622721114.40829
maxcov = 362272111440.829
