
[data]
trigger-time = 1354511410.2194564
injection-file = /work/shashwat.singh/Prospects-of-LGWs/unlens/injection.hdf

[global]
instruments = E1 E2 E3
mass1_ref = 30.00000000283917
mass2_ref = 30.000000002298233
minchirp = 26.11641690111991
maxchirp = 26.116616901119908
mincov = 137062258100.53667
maxcov = 13706225810053.668
