
[data]
trigger-time = 1611410944.9447064
injection-file = /work/shashwat.singh/Prospects-of-LGWs/unlens/injection.hdf

[global]
instruments = E1 E2 E3
mass1_ref = 30.000000000084395
mass2_ref = 30.000000009617683
minchirp = 26.1164169031068
maxchirp = 26.1166169031068
mincov = 115371428071.10886
maxcov = 11537142807110.887
