
[data]
trigger-time = 1371720495.4213676
injection-file = /work/shashwat.singh/Prospects-of-LGWs/unlens/injection.hdf

[global]
instruments = E1 E2 E3
mass1_ref = 30.00000000391058
mass2_ref = 30.000000004337128
minchirp = 26.11641690247375
maxchirp = 26.116616902473748
mincov = 18819212197.671047
maxcov = 1881921219767.1047
