
[data]
trigger-time = 1052506267.1367561
injection-file = /work/shashwat.singh/Prospects-of-LGWs/unlens/injection.hdf

[global]
instruments = E1 E2 E3
mass1_ref = 30.000000004623452
mass2_ref = 30.000000004218922
minchirp = 26.116416902732592
maxchirp = 26.11661690273259
mincov = 89693822556.98074
maxcov = 8969382255698.074
