
[data]
trigger-time = 1288556994.1994958
injection-file = /work/shashwat.singh/Prospects-of-LGWs/unlens/injection.hdf

[global]
instruments = E1 E2 E3
mass1_ref = 30.000000004484285
mass2_ref = 30.00000000533233
minchirp = 26.116416903156654
maxchirp = 26.116616903156654
mincov = 67417911894.82428
maxcov = 6741791189482.428
