
[data]
trigger-time = 1845892115.0001173
injection-file = /work/shashwat.singh/Prospects-of-LGWs/unlens/injection.hdf

[global]
instruments = E1 E2 E3
mass1_ref = 30.000000006987836
mass2_ref = 30.00000000572175
minchirp = 26.116416904415892
maxchirp = 26.116616904415892
mincov = 47892091832.15652
maxcov = 4789209183215.652
