
[data]
trigger-time = 1996635577.6057444
injection-file = /work/shashwat.singh/Prospects-of-LGWs/unlens/injection.hdf

[global]
instruments = E1 E2 E3
mass1_ref = 30.000000000604825
mass2_ref = 30.00000000658128
minchirp = 26.11641690201166
maxchirp = 26.11661690201166
mincov = 40284391354.42226
maxcov = 4028439135442.2256
