
[data]
trigger-time = 1760804047.653884
injection-file = /work/shashwat.singh/Prospects-of-LGWs/unlens/injection.hdf

[global]
instruments = E1 E2 E3
mass1_ref = 30.00000000025456
mass2_ref = 30.00000000969932
minchirp = 26.1164169032164
maxchirp = 26.1166169032164
mincov = 73236524100.49501
maxcov = 7323652410049.501
