
[data]
trigger-time = 1723254297.073152
injection-file = /work/shashwat.singh/Prospects-of-LGWs/unlens/injection.hdf

[global]
instruments = E1 E2 E3
mass1_ref = 30.00000000157145
mass2_ref = 30.000000001647905
minchirp = 26.11641690028503
maxchirp = 26.11661690028503
mincov = 68689407805.62874
maxcov = 6868940780562.873
