
[data]
trigger-time = 1174109732.9066148
injection-file = /work/shashwat.singh/Prospects-of-LGWs/unlens/injection.hdf

[global]
instruments = E1 E2 E3
mass1_ref = 30.0000000010088
mass2_ref = 30.000000004130918
minchirp = 26.116416901120918
maxchirp = 26.116616901120917
mincov = 923717986.052715
maxcov = 92371798605.27148
