
[data]
trigger-time = 1168020378.7683914
injection-file = /work/shashwat.singh/Prospects-of-LGWs/unlens/injection.hdf

[global]
instruments = E1 E2 E3
mass1_ref = 30.00000000236323
mass2_ref = 30.00000000352685
minchirp = 26.11641690144753
maxchirp = 26.11661690144753
mincov = 117549441564.63333
maxcov = 11754944156463.332
