
[data]
trigger-time = 1663411659.3656487
injection-file = /work/shashwat.singh/Prospects-of-LGWs/unlens/injection.hdf

[global]
instruments = E1 E2 E3
mass1_ref = 30.00000000151355
mass2_ref = 30.000000000837556
minchirp = 26.116416899907104
maxchirp = 26.116616899907104
mincov = 50838757.803839594
maxcov = 5083875780.38396
