
[data]
trigger-time = 1085978339.6578803
injection-file = /work/shashwat.singh/Prospects-of-LGWs/unlens/injection.hdf

[global]
instruments = E1 E2 E3
mass1_ref = 30.000000008753325
mass2_ref = 30.00000000718813
minchirp = 26.116416905822646
maxchirp = 26.116616905822646
mincov = 154311029123.0322
maxcov = 15431102912303.22
