
[data]
trigger-time = 1410359039.8045347
injection-file = /work/shashwat.singh/Prospects-of-LGWs/unlens/injection.hdf

[global]
instruments = E1 E2 E3
mass1_ref = 30.00000000949275
mass2_ref = 30.0000000075882
minchirp = 26.11641690631864
maxchirp = 26.11661690631864
mincov = 172666618899.50476
maxcov = 17266661889950.477
