
[data]
trigger-time = 1517455865.213691
injection-file = /work/shashwat.singh/Prospects-of-LGWs/unlens/injection.hdf

[global]
instruments = E1 E2 E3
mass1_ref = 30.000000002359318
mass2_ref = 30.00000000650781
minchirp = 26.116416902743367
maxchirp = 26.116616902743367
mincov = 80792159026.8902
maxcov = 8079215902689.02
