
[data]
trigger-time = 1418246152.6429925
injection-file = /work/shashwat.singh/Prospects-of-LGWs/unlens/injection.hdf

[global]
instruments = E1 E2 E3
mass1_ref = 30.000000003967408
mass2_ref = 30.0000000043054
minchirp = 26.116416902484673
maxchirp = 26.116616902484672
mincov = 20991363795.110695
maxcov = 2099136379511.0696
