
[data]
trigger-time = 1470423732.7179086
injection-file = /work/shashwat.singh/Prospects-of-LGWs/unlens/injection.hdf

[global]
instruments = E1 E2 E3
mass1_ref = 30.000000001972406
mass2_ref = 30.000000000569948
minchirp = 26.116416899990345
maxchirp = 26.116616899990344
mincov = 22849490006.963295
maxcov = 2284949000696.3296
