
[data]
trigger-time = 1911157457.7644587
injection-file = /work/shashwat.singh/Prospects-of-LGWs/unlens/injection.hdf

[global]
instruments = E1 E2 E3
mass1_ref = 30.00000000515456
mass2_ref = 30.00000000498947
minchirp = 26.11641690329917
maxchirp = 26.11661690329917
mincov = 120760406963.02129
maxcov = 12076040696302.129
