
[data]
trigger-time = 1218539333.4226334
injection-file = /work/shashwat.singh/Prospects-of-LGWs/unlens/injection.hdf

[global]
instruments = E1 E2 E3
mass1_ref = 30.00000000532457
mass2_ref = 30.00000000500633
minchirp = 26.11641690338051
maxchirp = 26.11661690338051
mincov = 131810818408.53354
maxcov = 13181081840853.355
