
[data]
trigger-time = 1248598832.2864282
injection-file = /work/shashwat.singh/Prospects-of-LGWs/unlens/injection.hdf

[global]
instruments = E1 E2 E3
mass1_ref = 30.000000005496037
mass2_ref = 30.00000000634571
minchirp = 26.116416904038143
maxchirp = 26.116616904038143
mincov = 146753576029.37027
maxcov = 14675357602937.027
