
[data]
trigger-time = 1637295957.4441512
injection-file = /work/shashwat.singh/Prospects-of-LGWs/unlens/injection.hdf

[global]
instruments = E1 E2 E3
mass1_ref = 30.0000000083829
mass2_ref = 30.000000004602892
minchirp = 26.11641690453612
maxchirp = 26.11661690453612
mincov = 76734832778.28664
maxcov = 7673483277828.663
