
[data]
trigger-time = 1889061525.0959625
injection-file = /work/shashwat.singh/Prospects-of-LGWs/unlens/injection.hdf

[global]
instruments = E1 E2 E3
mass1_ref = 30.00000000349171
mass2_ref = 30.000000002312323
minchirp = 26.116416901410076
maxchirp = 26.116616901410076
mincov = 65069280563.59025
maxcov = 6506928056359.024
