
[data]
trigger-time = 1722882448.384601
injection-file = /work/shashwat.singh/Prospects-of-LGWs/unlens/injection.hdf

[global]
instruments = E1 E2 E3
mass1_ref = 30.00000000397803
mass2_ref = 30.00000000126502
minchirp = 26.116416901165895
maxchirp = 26.116616901165894
mincov = 2252407000.2392015
maxcov = 225240700023.92017
