
[data]
trigger-time = 1466777846.4217515
injection-file = /work/shashwat.singh/Prospects-of-LGWs/unlens/injection.hdf

[global]
instruments = E1 E2 E3
mass1_ref = 30.000000009788543
mass2_ref = 30.000000002035094
minchirp = 26.11641690403026
maxchirp = 26.11661690403026
mincov = 2569438868.229539
maxcov = 256943886822.95386
