
[data]
trigger-time = 1611552336.366095
injection-file = /work/shashwat.singh/Prospects-of-LGWs/unlens/injection.hdf

[global]
instruments = E1 E2 E3
mass1_ref = 30.000000002644768
mass2_ref = 30.000000006955748
minchirp = 26.116416903062593
maxchirp = 26.116616903062592
mincov = 176432103430.46777
maxcov = 17643210343046.777
