
[data]
trigger-time = 1772451685.661092
injection-file = /work/shashwat.singh/Prospects-of-LGWs/unlens/injection.hdf

[global]
instruments = E1 E2 E3
mass1_ref = 30.000000007098535
mass2_ref = 30.000000002000604
minchirp = 26.116416902844353
maxchirp = 26.116616902844353
mincov = 91997723388.21767
maxcov = 9199772338821.766
