
[data]
trigger-time = 1518575685.413969
injection-file = /work/shashwat.singh/Prospects-of-LGWs/unlens/injection.hdf

[global]
instruments = E1 E2 E3
mass1_ref = 30.000000007000533
mass2_ref = 30.00000000603245
minchirp = 26.11641690455666
maxchirp = 26.11661690455666
mincov = 602375237.5986763
maxcov = 60237523759.86763
