
[data]
trigger-time = 1409369935.2275274
injection-file = /work/shashwat.singh/Prospects-of-LGWs/unlens/injection.hdf

[global]
instruments = E1 E2 E3
mass1_ref = 30.000000008742113
mass2_ref = 30.000000002282967
minchirp = 26.11641690368267
maxchirp = 26.11661690368267
mincov = 2256210703.9014845
maxcov = 225621070390.14847
