
[data]
trigger-time = 1060955365.440757
injection-file = /work/shashwat.singh/Prospects-of-LGWs/unlens/injection.hdf

[global]
instruments = E1 E2 E3
mass1_ref = 30.000000003833133
mass2_ref = 30.00000000254025
minchirp = 26.1164169016579
maxchirp = 26.1166169016579
mincov = 33356196523.14033
maxcov = 3335619652314.033
