
[data]
trigger-time = 1626974034.2987528
injection-file = /work/shashwat.singh/Prospects-of-LGWs/unlens/injection.hdf

[global]
instruments = E1 E2 E3
mass1_ref = 30.000000009201255
mass2_ref = 30.000000001800775
minchirp = 26.116416903672636
maxchirp = 26.116616903672636
mincov = 125327028252.78128
maxcov = 12532702825278.127
