
[data]
trigger-time = 1487121066.7382827
injection-file = /work/shashwat.singh/Prospects-of-LGWs/unlens/injection.hdf

[global]
instruments = E1 E2 E3
mass1_ref = 30.00000000633698
mass2_ref = 30.000000008789605
minchirp = 26.116416905467954
maxchirp = 26.116616905467954
mincov = 130509807378.35794
maxcov = 13050980737835.793
