
[data]
trigger-time = 1643701063.4830275
injection-file = /work/shashwat.singh/Prospects-of-LGWs/unlens/injection.hdf

[global]
instruments = E1 E2 E3
mass1_ref = 30.000000002023324
mass2_ref = 30.000000000794053
minchirp = 26.11641690011006
maxchirp = 26.11661690011006
mincov = 121255404043.5527
maxcov = 12125540404355.271
