
[data]
trigger-time = 1708066599.765746
injection-file = /work/shashwat.singh/Prospects-of-LGWs/unlens/injection.hdf

[global]
instruments = E1 E2 E3
mass1_ref = 30.00000000981565
mass2_ref = 30.00000000312854
minchirp = 26.11641690451801
maxchirp = 26.11661690451801
mincov = 672272789.0440521
maxcov = 67227278904.40521
