
[data]
trigger-time = 1536348025.2264085
injection-file = /work/shashwat.singh/Prospects-of-LGWs/unlens/injection.hdf

[global]
instruments = E1 E2 E3
mass1_ref = 30.000000004088818
mass2_ref = 30.000000005394057
minchirp = 26.116416903011384
maxchirp = 26.116616903011383
mincov = 159402166273.00867
maxcov = 15940216627300.867
