
[data]
trigger-time = 1186248608.0733635
injection-file = /work/shashwat.singh/Prospects-of-LGWs/unlens/injection.hdf

[global]
instruments = E1 E2 E3
mass1_ref = 30.000000001387388
mass2_ref = 30.000000006810996
minchirp = 26.11641690245228
maxchirp = 26.11661690245228
mincov = 13571895526.427616
maxcov = 1357189552642.7615
