
[data]
trigger-time = 1075482716.5603654
injection-file = /work/shashwat.singh/Prospects-of-LGWs/unlens/injection.hdf

[global]
instruments = E1 E2 E3
mass1_ref = 30.000000009667552
mass2_ref = 30.000000003232138
minchirp = 26.11641690449864
maxchirp = 26.11661690449864
mincov = 142873970350.63718
maxcov = 14287397035063.719
