
[data]
trigger-time = 1696422009.878777
injection-file = /work/shashwat.singh/Prospects-of-LGWs/unlens/injection.hdf

[global]
instruments = E1 E2 E3
mass1_ref = 30.000000003289134
mass2_ref = 30.000000004681937
minchirp = 26.116416902353333
maxchirp = 26.116616902353332
mincov = 139085178024.21762
maxcov = 13908517802421.762
