
[data]
trigger-time = 1563403020.5956998
injection-file = /work/shashwat.singh/Prospects-of-LGWs/unlens/injection.hdf

[global]
instruments = E1 E2 E3
mass1_ref = 30.00000000540845
mass2_ref = 30.000000005298695
minchirp = 26.11641690354428
maxchirp = 26.11661690354428
mincov = 168528208848.1815
maxcov = 16852820884818.148
