
[data]
trigger-time = 1649758529.5381122
injection-file = /work/shashwat.singh/Prospects-of-LGWs/unlens/injection.hdf

[global]
instruments = E1 E2 E3
mass1_ref = 30.000000007177867
mass2_ref = 30.000000001300304
minchirp = 26.11641690257406
maxchirp = 26.11661690257406
mincov = 23879724091.28527
maxcov = 2387972409128.5273
