
[data]
trigger-time = 1826213654.3596342
injection-file = /work/shashwat.singh/Prospects-of-LGWs/unlens/injection.hdf

[global]
instruments = E1 E2 E3
mass1_ref = 30.000000008713563
mass2_ref = 30.000000002811635
minchirp = 26.116416903900358
maxchirp = 26.116616903900358
mincov = 67997634572.748245
maxcov = 6799763457274.824
