
[data]
trigger-time = 1490878631.9305186
injection-file = /work/shashwat.singh/Prospects-of-LGWs/unlens/injection.hdf

[global]
instruments = E1 E2 E3
mass1_ref = 30.000000000159705
mass2_ref = 30.000000007836338
minchirp = 26.116416902364204
maxchirp = 26.116616902364203
mincov = 111647104952.96936
maxcov = 11164710495296.936
