
[data]
trigger-time = 1685894627.854763
injection-file = /work/shashwat.singh/Prospects-of-LGWs/unlens/injection.hdf

[global]
instruments = E1 E2 E3
mass1_ref = 30.00000000918106
mass2_ref = 30.000000004739515
minchirp = 26.11641690494301
maxchirp = 26.116616904943008
mincov = 14050629842.568472
maxcov = 1405062984256.8472
