
[data]
trigger-time = 1049748910.0412159
injection-file = /work/shashwat.singh/Prospects-of-LGWs/unlens/injection.hdf

[global]
instruments = E1 E2 E3
mass1_ref = 30.000000003712795
mass2_ref = 30.000000002166445
minchirp = 26.116416901442815
maxchirp = 26.116616901442814
mincov = 43376817246.465744
maxcov = 4337681724646.574
