
[data]
trigger-time = 1614188710.0010455
injection-file = /work/shashwat.singh/Prospects-of-LGWs/unlens/injection.hdf

[global]
instruments = E1 E2 E3
mass1_ref = 30.00000000654499
mass2_ref = 30.00000000348828
minchirp = 26.11641690325096
maxchirp = 26.11661690325096
mincov = 56393244497.734375
maxcov = 5639324449773.4375
