
[data]
trigger-time = 1614544720.4471788
injection-file = /work/shashwat.singh/Prospects-of-LGWs/unlens/injection.hdf

[global]
instruments = E1 E2 E3
mass1_ref = 30.000000007838807
mass2_ref = 30.00000000071364
minchirp = 26.116416902606392
maxchirp = 26.116616902606392
mincov = 120172088932.12614
maxcov = 12017208893212.615
