
[data]
trigger-time = 1013353038.7549531
injection-file = /work/shashwat.singh/Prospects-of-LGWs/unlens/injection.hdf

[global]
instruments = E1 E2 E3
mass1_ref = 30.00000000090723
mass2_ref = 30.00000000003563
minchirp = 26.11641689929413
maxchirp = 26.11661689929413
mincov = 107118824633.53757
maxcov = 10711882463353.758
