
[data]
trigger-time = 1083602460.7276492
injection-file = /work/shashwat.singh/Prospects-of-LGWs/unlens/injection.hdf

[global]
instruments = E1 E2 E3
mass1_ref = 30.000000009392767
mass2_ref = 30.000000008707524
minchirp = 26.116416906762336
maxchirp = 26.116616906762335
mincov = 127252848516.2281
maxcov = 12725284851622.81
