
[data]
trigger-time = 1285242514.9076178
injection-file = /work/shashwat.singh/Prospects-of-LGWs/unlens/injection.hdf

[global]
instruments = E1 E2 E3
mass1_ref = 30.000000007933014
mass2_ref = 30.00000000857236
minchirp = 26.116416906068107
maxchirp = 26.116616906068106
mincov = 108829455697.041
maxcov = 10882945569704.1
