
[data]
trigger-time = 1954822547.6366868
injection-file = /work/shashwat.singh/Prospects-of-LGWs/unlens/injection.hdf

[global]
instruments = E1 E2 E3
mass1_ref = 30.000000009793418
mass2_ref = 30.000000003951875
minchirp = 26.11641690486671
maxchirp = 26.11661690486671
mincov = 80256024928.54721
maxcov = 8025602492854.722
