
[data]
trigger-time = 1539610728.0326257
injection-file = /work/shashwat.singh/Prospects-of-LGWs/unlens/injection.hdf

[global]
instruments = E1 E2 E3
mass1_ref = 30.000000007803376
mass2_ref = 30.000000005525507
minchirp = 26.116416904685458
maxchirp = 26.116616904685458
mincov = 19681694052.37192
maxcov = 1968169405237.1921
