
[data]
trigger-time = 1110543987.3281121
injection-file = /work/shashwat.singh/Prospects-of-LGWs/unlens/injection.hdf

[global]
instruments = E1 E2 E3
mass1_ref = 30.0000000003875
mass2_ref = 30.00000000536572
minchirp = 26.11641690138796
maxchirp = 26.11661690138796
mincov = 65515793995.20149
maxcov = 6551579399520.148
