
[data]
trigger-time = 1837855215.8619535
injection-file = /work/shashwat.singh/Prospects-of-LGWs/unlens/injection.hdf

[global]
instruments = E1 E2 E3
mass1_ref = 30.000000005556497
mass2_ref = 30.000000002797396
minchirp = 26.11641690251997
maxchirp = 26.11661690251997
mincov = 52228702867.86888
maxcov = 5222870286786.888
