
[data]
trigger-time = 1810821923.0311508
injection-file = /work/shashwat.singh/Prospects-of-LGWs/unlens/injection.hdf

[global]
instruments = E1 E2 E3
mass1_ref = 30.00000000918983
mass2_ref = 30.00000000635357
minchirp = 26.11641690564938
maxchirp = 26.11661690564938
mincov = 75614124100.95235
maxcov = 7561412410095.234
