
[data]
trigger-time = 1357979414.647032
injection-file = /work/shashwat.singh/Prospects-of-LGWs/unlens/injection.hdf

[global]
instruments = E1 E2 E3
mass1_ref = 30.000000004739984
mass2_ref = 30.00000000571741
minchirp = 26.11641690343557
maxchirp = 26.11661690343557
mincov = 47522330212.50946
maxcov = 4752233021250.946
