
[data]
trigger-time = 1909727883.8026006
injection-file = /work/shashwat.singh/Prospects-of-LGWs/unlens/injection.hdf

[global]
instruments = E1 E2 E3
mass1_ref = 30.00000000893054
mass2_ref = 30.00000000630398
minchirp = 26.116416905514935
maxchirp = 26.116616905514935
mincov = 166358867438.04575
maxcov = 16635886743804.574
