
[data]
trigger-time = 1033864191.0094329
injection-file = /work/shashwat.singh/Prospects-of-LGWs/unlens/injection.hdf

[global]
instruments = E1 E2 E3
mass1_ref = 30.000000007711606
mass2_ref = 30.00000000673828
minchirp = 26.116416905173402
maxchirp = 26.1166169051734
mincov = 12166953921.732191
maxcov = 1216695392173.2192
