
[data]
trigger-time = 1528375072.570025
injection-file = /work/shashwat.singh/Prospects-of-LGWs/unlens/injection.hdf

[global]
instruments = E1 E2 E3
mass1_ref = 30.000000000993985
mass2_ref = 30.000000006913275
minchirp = 26.116416902325557
maxchirp = 26.116616902325557
mincov = 99470593010.05963
maxcov = 9947059301005.963
