
[data]
trigger-time = 1156385141.3250852
injection-file = /work/shashwat.singh/Prospects-of-LGWs/unlens/injection.hdf

[global]
instruments = E1 E2 E3
mass1_ref = 30.00000000739048
mass2_ref = 30.00000000964657
minchirp = 26.11641690629953
maxchirp = 26.11661690629953
mincov = 131275636359.72673
maxcov = 13127563635972.674
