
[data]
trigger-time = 1026889050.3055776
injection-file = /work/shashwat.singh/Prospects-of-LGWs/unlens/injection.hdf

[global]
instruments = E1 E2 E3
mass1_ref = 30.000000000189587
mass2_ref = 30.000000006203848
minchirp = 26.11641690166663
maxchirp = 26.116616901666628
mincov = 160461213259.0554
maxcov = 16046121325905.54
