
[data]
trigger-time = 1244111967.1586576
injection-file = /work/shashwat.singh/Prospects-of-LGWs/unlens/injection.hdf

[global]
instruments = E1 E2 E3
mass1_ref = 30.000000005468998
mass2_ref = 30.000000006060702
minchirp = 26.116416903902316
maxchirp = 26.116616903902315
mincov = 91604278393.98557
maxcov = 9160427839398.557
