
[data]
trigger-time = 1044338153.2440852
injection-file = /work/shashwat.singh/Prospects-of-LGWs/unlens/injection.hdf

[global]
instruments = E1 E2 E3
mass1_ref = 30.00000000651614
mass2_ref = 30.000000002717982
minchirp = 26.116416902903108
maxchirp = 26.116616902903107
mincov = 132696964389.3497
maxcov = 13269696438934.97
