
[data]
trigger-time = 1577789843.796053
injection-file = /work/shashwat.singh/Prospects-of-LGWs/unlens/injection.hdf

[global]
instruments = E1 E2 E3
mass1_ref = 30.000000005241787
mass2_ref = 30.00000000128505
minchirp = 26.116416901724698
maxchirp = 26.116616901724697
mincov = 81437436848.39107
maxcov = 8143743684839.106
