
[data]
trigger-time = 1569741470.5799286
injection-file = /work/shashwat.singh/Prospects-of-LGWs/unlens/injection.hdf

[global]
instruments = E1 E2 E3
mass1_ref = 30.000000007419185
mass2_ref = 30.000000004939146
minchirp = 26.116416904263
maxchirp = 26.116616904263
mincov = 69382684128.01804
maxcov = 6938268412801.805
