
[data]
trigger-time = 1573883907.5777605
injection-file = /work/shashwat.singh/Prospects-of-LGWs/unlens/injection.hdf

[global]
instruments = E1 E2 E3
mass1_ref = 30.0000000036229
mass2_ref = 30.000000009296517
minchirp = 26.11641690450723
maxchirp = 26.11661690450723
mincov = 5407839204.775011
maxcov = 540783920477.50116
