
[data]
trigger-time = 1294086600.9499905
injection-file = /work/shashwat.singh/Prospects-of-LGWs/unlens/injection.hdf

[global]
instruments = E1 E2 E3
mass1_ref = 30.000000009870085
mass2_ref = 30.000000004279652
minchirp = 26.116416905042758
maxchirp = 26.116616905042758
mincov = 7529737.995493971
maxcov = 752973799.5493971
