
[data]
trigger-time = 1818986627.139426
injection-file = /work/shashwat.singh/Prospects-of-LGWs/unlens/injection.hdf

[global]
instruments = E1 E2 E3
mass1_ref = 30.000000006452705
mass2_ref = 30.000000003409024
minchirp = 26.11641690317629
maxchirp = 26.11661690317629
mincov = 136767407743.10486
maxcov = 13676740774310.486
