
[data]
trigger-time = 1287296087.0226722
injection-file = /work/shashwat.singh/Prospects-of-LGWs/unlens/injection.hdf

[global]
instruments = E1 E2 E3
mass1_ref = 30.000000009160576
mass2_ref = 30.00000000005483
minchirp = 26.11641690289496
maxchirp = 26.11661690289496
mincov = 136955256763.19199
maxcov = 13695525676319.2
