
[data]
trigger-time = 1594548512.0227966
injection-file = /work/shashwat.singh/Prospects-of-LGWs/unlens/injection.hdf

[global]
instruments = E1 E2 E3
mass1_ref = 30.000000006345687
mass2_ref = 30.000000003220364
minchirp = 26.11641690304759
maxchirp = 26.11661690304759
mincov = 178997256376.78586
maxcov = 17899725637678.586
