
[data]
trigger-time = 1982277734.4693918
injection-file = /work/shashwat.singh/Prospects-of-LGWs/unlens/injection.hdf

[global]
instruments = E1 E2 E3
mass1_ref = 30.000000009512526
mass2_ref = 30.00000000372698
minchirp = 26.116416904646556
maxchirp = 26.116616904646555
mincov = 7616506108.211614
maxcov = 761650610821.1614
