
[data]
trigger-time = 1821227417.2008011
injection-file = /work/shashwat.singh/Prospects-of-LGWs/unlens/injection.hdf

[global]
instruments = E1 E2 E3
mass1_ref = 30.00000000490914
mass2_ref = 30.000000002518377
minchirp = 26.11641690211674
maxchirp = 26.11661690211674
mincov = 9093221142.362804
maxcov = 909322114236.2805
