
[data]
trigger-time = 1928262320.138609
injection-file = /work/shashwat.singh/Prospects-of-LGWs/unlens/injection.hdf

[global]
instruments = E1 E2 E3
mass1_ref = 30.000000002976474
mass2_ref = 30.000000002442484
minchirp = 26.116416901242463
maxchirp = 26.116616901242462
mincov = 177344776207.84653
maxcov = 17734477620784.652
