
[data]
trigger-time = 1503363683.6386797
injection-file = /work/shashwat.singh/Prospects-of-LGWs/unlens/injection.hdf

[global]
instruments = E1 E2 E3
mass1_ref = 30.000000008344728
mass2_ref = 30.00000000725007
minchirp = 26.116416905671752
maxchirp = 26.11661690567175
mincov = 53888974207.26504
maxcov = 5388897420726.504
