
[data]
trigger-time = 1833779604.7633686
injection-file = /work/shashwat.singh/Prospects-of-LGWs/unlens/injection.hdf

[global]
instruments = E1 E2 E3
mass1_ref = 30.000000003609273
mass2_ref = 30.000000007581793
minchirp = 26.11641690375492
maxchirp = 26.11661690375492
mincov = 110716903229.51692
maxcov = 11071690322951.691
