
[data]
trigger-time = 1508952708.3015873
injection-file = /work/shashwat.singh/Prospects-of-LGWs/unlens/injection.hdf

[global]
instruments = E1 E2 E3
mass1_ref = 30.00000000058422
mass2_ref = 30.000000009935842
minchirp = 26.116416903462845
maxchirp = 26.116616903462845
mincov = 140639951134.79
maxcov = 14063995113479.002
