
[data]
trigger-time = 1454471056.4645042
injection-file = /work/shashwat.singh/Prospects-of-LGWs/unlens/injection.hdf

[global]
instruments = E1 E2 E3
mass1_ref = 30.000000000082437
mass2_ref = 30.00000000687821
minchirp = 26.11641690191352
maxchirp = 26.11661690191352
mincov = 151028492943.11398
maxcov = 15102849294311.398
