
[data]
trigger-time = 1397943619.1188436
injection-file = /work/shashwat.singh/Prospects-of-LGWs/unlens/injection.hdf

[global]
instruments = E1 E2 E3
mass1_ref = 30.00000000317826
mass2_ref = 30.000000003718636
minchirp = 26.116416901885774
maxchirp = 26.116616901885774
mincov = 112935518293.52461
maxcov = 11293551829352.46
