
[data]
trigger-time = 1054433925.7611132
injection-file = /work/shashwat.singh/Prospects-of-LGWs/unlens/injection.hdf

[global]
instruments = E1 E2 E3
mass1_ref = 30.000000002746557
mass2_ref = 30.00000000637115
minchirp = 26.116416902852436
maxchirp = 26.116616902852435
mincov = 52243660245.15074
maxcov = 5224366024515.074
