
[data]
trigger-time = 1572438052.7584152
injection-file = /work/shashwat.singh/Prospects-of-LGWs/unlens/injection.hdf

[global]
instruments = E1 E2 E3
mass1_ref = 30.000000006706355
mass2_ref = 30.000000005652463
minchirp = 26.11641690426321
maxchirp = 26.11661690426321
mincov = 2734089889.283217
maxcov = 273408988928.3217
