
[data]
trigger-time = 1262698173.4709027
injection-file = /work/shashwat.singh/Prospects-of-LGWs/unlens/injection.hdf

[global]
instruments = E1 E2 E3
mass1_ref = 30.000000009264774
mass2_ref = 30.00000000514379
minchirp = 26.116416905155415
maxchirp = 26.116616905155414
mincov = 53874708996.98272
maxcov = 5387470899698.272
