
[data]
trigger-time = 1501067186.2918658
injection-file = /work/shashwat.singh/Prospects-of-LGWs/unlens/injection.hdf

[global]
instruments = E1 E2 E3
mass1_ref = 30.000000006118036
mass2_ref = 30.000000002734033
minchirp = 26.116416902736812
maxchirp = 26.116616902736812
mincov = 100225177482.95102
maxcov = 10022517748295.102
