
[data]
trigger-time = 1893720998.4895825
injection-file = /work/shashwat.singh/Prospects-of-LGWs/unlens/injection.hdf

[global]
instruments = E1 E2 E3
mass1_ref = 30.00000000695698
mass2_ref = 30.000000005220326
minchirp = 26.116416904184206
maxchirp = 26.116616904184205
mincov = 113228050566.6619
maxcov = 11322805056666.19
