
[data]
trigger-time = 1763441793.1017654
injection-file = /work/shashwat.singh/Prospects-of-LGWs/unlens/injection.hdf

[global]
instruments = E1 E2 E3
mass1_ref = 30.000000002573948
mass2_ref = 30.000000003408914
minchirp = 26.116416901487916
maxchirp = 26.116616901487916
mincov = 3694943096.571376
maxcov = 369494309657.1376
