
[data]
trigger-time = 1084620827.2960045
injection-file = /work/shashwat.singh/Prospects-of-LGWs/unlens/injection.hdf

[global]
instruments = E1 E2 E3
mass1_ref = 30.00000000056764
mass2_ref = 30.00000000300077
minchirp = 26.116416900436963
maxchirp = 26.116616900436963
mincov = 42689498639.04848
maxcov = 4268949863904.848
