
[data]
trigger-time = 1128611850.1018224
injection-file = /work/shashwat.singh/Prospects-of-LGWs/unlens/injection.hdf

[global]
instruments = E1 E2 E3
mass1_ref = 30.00000000204599
mass2_ref = 30.000000001413856
minchirp = 26.11641690038971
maxchirp = 26.116616900389708
mincov = 5853543598.007669
maxcov = 585354359800.767
