
[data]
trigger-time = 1273238638.5380492
injection-file = /work/shashwat.singh/Prospects-of-LGWs/unlens/injection.hdf

[global]
instruments = E1 E2 E3
mass1_ref = 30.00000000947056
mass2_ref = 30.000000005421917
minchirp = 26.11641690536605
maxchirp = 26.11661690536605
mincov = 71216585449.79646
maxcov = 7121658544979.646
