
[data]
trigger-time = 1783983071.6604419
injection-file = /work/shashwat.singh/Prospects-of-LGWs/unlens/injection.hdf

[global]
instruments = E1 E2 E3
mass1_ref = 30.000000008083337
mass2_ref = 30.0000000023661
minchirp = 26.116416903432107
maxchirp = 26.116616903432107
mincov = 65848494136.343994
maxcov = 6584849413634.399
