
[data]
trigger-time = 1869195118.2887092
injection-file = /work/shashwat.singh/Prospects-of-LGWs/unlens/injection.hdf

[global]
instruments = E1 E2 E3
mass1_ref = 30.000000002693252
mass2_ref = 30.00000000982813
minchirp = 26.116416904333974
maxchirp = 26.116616904333974
mincov = 48655684720.476234
maxcov = 4865568472047.623
