
[data]
trigger-time = 1625712848.6582756
injection-file = /work/shashwat.singh/Prospects-of-LGWs/unlens/injection.hdf

[global]
instruments = E1 E2 E3
mass1_ref = 30.00000000516097
mass2_ref = 30.000000003942624
minchirp = 26.116416902846293
maxchirp = 26.116616902846292
mincov = 8115313461.042295
maxcov = 811531346104.2296
