
[data]
trigger-time = 1319163743.7984633
injection-file = /work/shashwat.singh/Prospects-of-LGWs/unlens/injection.hdf

[global]
instruments = E1 E2 E3
mass1_ref = 30.000000005457398
mass2_ref = 30.000000000879698
minchirp = 26.116416901642104
maxchirp = 26.116616901642104
mincov = 17856857084.217598
maxcov = 1785685708421.7598
