
[data]
trigger-time = 1880848207.5730968
injection-file = /work/shashwat.singh/Prospects-of-LGWs/unlens/injection.hdf

[global]
instruments = E1 E2 E3
mass1_ref = 30.000000000293802
mass2_ref = 30.00000000787835
minchirp = 26.11641690244086
maxchirp = 26.11661690244086
mincov = 15843500215.993774
maxcov = 1584350021599.3774
