
[data]
trigger-time = 1734422424.637525
injection-file = /work/shashwat.singh/Prospects-of-LGWs/unlens/injection.hdf

[global]
instruments = E1 E2 E3
mass1_ref = 30.00000000221945
mass2_ref = 30.00000000091049
minchirp = 26.11641690024611
maxchirp = 26.11661690024611
mincov = 127437614973.30466
maxcov = 12743761497330.467
