
[data]
trigger-time = 1333024048.9716005
injection-file = /work/shashwat.singh/Prospects-of-LGWs/unlens/injection.hdf

[global]
instruments = E1 E2 E3
mass1_ref = 30.0000000059878
mass2_ref = 30.000000007066397
minchirp = 26.116416904565895
maxchirp = 26.116616904565895
mincov = 13373726559.146246
maxcov = 1337372655914.6245
