
[data]
trigger-time = 1328663246.739602
injection-file = /work/shashwat.singh/Prospects-of-LGWs/unlens/injection.hdf

[global]
instruments = E1 E2 E3
mass1_ref = 30.000000003794963
mass2_ref = 30.00000000058689
minchirp = 26.116416900791037
maxchirp = 26.116616900791037
mincov = 44832973576.15285
maxcov = 4483297357615.284
