
[data]
trigger-time = 1520348978.4441028
injection-file = /work/shashwat.singh/Prospects-of-LGWs/unlens/injection.hdf

[global]
instruments = E1 E2 E3
mass1_ref = 30.000000000392767
mass2_ref = 30.000000001478654
minchirp = 26.116416899698308
maxchirp = 26.116616899698307
mincov = 82838413351.85432
maxcov = 8283841335185.432
