
[data]
trigger-time = 1802946197.4702
injection-file = /work/shashwat.singh/Prospects-of-LGWs/unlens/injection.hdf

[global]
instruments = E1 E2 E3
mass1_ref = 30.000000008416244
mass2_ref = 30.00000000751275
minchirp = 26.11641690581722
maxchirp = 26.11661690581722
mincov = 54253196053.93257
maxcov = 5425319605393.257
