
[data]
trigger-time = 1614958984.0992582
injection-file = /work/shashwat.singh/Prospects-of-LGWs/unlens/injection.hdf

[global]
instruments = E1 E2 E3
mass1_ref = 30.000000001250992
mass2_ref = 30.000000007050993
minchirp = 26.116416902497374
maxchirp = 26.116616902497373
mincov = 27715616095.51289
maxcov = 2771561609551.289
