
[data]
trigger-time = 1638455784.273329
injection-file = /work/shashwat.singh/Prospects-of-LGWs/unlens/injection.hdf

[global]
instruments = E1 E2 E3
mass1_ref = 30.000000000628223
mass2_ref = 30.00000000814934
minchirp = 26.11641690270438
maxchirp = 26.11661690270438
mincov = 3117973144.803369
maxcov = 311797314480.3369
