
[data]
trigger-time = 1748957313.4836354
injection-file = /work/shashwat.singh/Prospects-of-LGWs/unlens/injection.hdf

[global]
instruments = E1 E2 E3
mass1_ref = 30.000000008466994
mass2_ref = 30.000000001634678
minchirp = 26.116416903280733
maxchirp = 26.116616903280732
mincov = 173600679656.58768
maxcov = 17360067965658.768
