
[data]
trigger-time = 1349206616.7324996
injection-file = /work/shashwat.singh/Prospects-of-LGWs/unlens/injection.hdf

[global]
instruments = E1 E2 E3
mass1_ref = 30.00000000874151
mass2_ref = 30.00000000382543
minchirp = 26.116416904353805
maxchirp = 26.116616904353805
mincov = 98803674295.58968
maxcov = 9880367429558.967
