
[data]
trigger-time = 1725019297.3244352
injection-file = /work/shashwat.singh/Prospects-of-LGWs/unlens/injection.hdf

[global]
instruments = E1 E2 E3
mass1_ref = 30.000000004180244
mass2_ref = 30.000000008148852
minchirp = 26.116416904250276
maxchirp = 26.116616904250275
mincov = 108482298097.74132
maxcov = 10848229809774.133
