
[data]
trigger-time = 1914899004.4302175
injection-file = /work/shashwat.singh/Prospects-of-LGWs/unlens/injection.hdf

[global]
instruments = E1 E2 E3
mass1_ref = 30.000000007039333
mass2_ref = 30.000000009955116
minchirp = 26.11641690628099
maxchirp = 26.11661690628099
mincov = 31572961562.05355
maxcov = 3157296156205.3555
