
[data]
trigger-time = 1053314309.7356627
injection-file = /work/shashwat.singh/Prospects-of-LGWs/unlens/injection.hdf

[global]
instruments = E1 E2 E3
mass1_ref = 30.000000003361027
mass2_ref = 30.00000000132952
minchirp = 26.116416900925405
maxchirp = 26.116616900925404
mincov = 169905597808.34366
maxcov = 16990559780834.365
