
[data]
trigger-time = 1012577227.3119987
injection-file = /work/shashwat.singh/Prospects-of-LGWs/unlens/injection.hdf

[global]
instruments = E1 E2 E3
mass1_ref = 30.000000003021466
mass2_ref = 30.000000000853795
minchirp = 26.11641690057053
maxchirp = 26.11661690057053
mincov = 53689404862.861176
maxcov = 5368940486286.117
