
[data]
trigger-time = 1941874763.8333201
injection-file = /work/shashwat.singh/Prospects-of-LGWs/unlens/injection.hdf

[global]
instruments = E1 E2 E3
mass1_ref = 30.000000002249628
mass2_ref = 30.000000004969188
minchirp = 26.116416902025897
maxchirp = 26.116616902025896
mincov = 27768713676.275635
maxcov = 2776871367627.5635
