
[data]
trigger-time = 1399770771.6775439
injection-file = /work/shashwat.singh/Prospects-of-LGWs/unlens/injection.hdf

[global]
instruments = E1 E2 E3
mass1_ref = 30.00000000876438
mass2_ref = 30.0000000058719
minchirp = 26.116416905254535
maxchirp = 26.116616905254535
mincov = 6038831310.427742
maxcov = 603883131042.7742
