
[data]
trigger-time = 1925054870.092294
injection-file = /work/shashwat.singh/Prospects-of-LGWs/unlens/injection.hdf

[global]
instruments = E1 E2 E3
mass1_ref = 30.00000000542798
mass2_ref = 30.000000006197915
minchirp = 26.11641690394419
maxchirp = 26.11661690394419
mincov = 74209950634.4228
maxcov = 7420995063442.28
