
[data]
trigger-time = 1812160465.54781
injection-file = /work/shashwat.singh/Prospects-of-LGWs/unlens/injection.hdf

[global]
instruments = E1 E2 E3
mass1_ref = 30.000000004522157
mass2_ref = 30.000000009953407
minchirp = 26.116416905184582
maxchirp = 26.116616905184582
mincov = 129660322304.40384
maxcov = 12966032230440.383
