
[data]
trigger-time = 1000574539.9907522
injection-file = /work/shashwat.singh/Prospects-of-LGWs/unlens/injection.hdf

[global]
instruments = E1 E2 E3
mass1_ref = 30.00000000780794
mass2_ref = 30.00000000226771
minchirp = 26.116416903269407
maxchirp = 26.116616903269406
mincov = 170097776338.05435
maxcov = 17009777633805.434
