
[data]
trigger-time = 1902638344.1330647
injection-file = /work/shashwat.singh/Prospects-of-LGWs/unlens/injection.hdf

[global]
instruments = E1 E2 E3
mass1_ref = 30.000000000371777
mass2_ref = 30.000000001895202
minchirp = 26.116416899870483
maxchirp = 26.116616899870483
mincov = 144087394042.09744
maxcov = 14408739404209.744
