
[data]
trigger-time = 1678845742.1523652
injection-file = /work/shashwat.singh/Prospects-of-LGWs/unlens/injection.hdf

[global]
instruments = E1 E2 E3
mass1_ref = 30.000000009647593
mass2_ref = 30.000000003033232
minchirp = 26.116416904403376
maxchirp = 26.116616904403376
mincov = 8782369195.075928
maxcov = 878236919507.5928
