
[data]
trigger-time = 1077805320.3416743
injection-file = /work/shashwat.singh/Prospects-of-LGWs/unlens/injection.hdf

[global]
instruments = E1 E2 E3
mass1_ref = 30.00000000474394
mass2_ref = 30.000000006368385
minchirp = 26.116416903720644
maxchirp = 26.116616903720644
mincov = 80857150136.20241
maxcov = 8085715013620.24
