
[data]
trigger-time = 1587020334.211225
injection-file = /work/shashwat.singh/Prospects-of-LGWs/unlens/injection.hdf

[global]
instruments = E1 E2 E3
mass1_ref = 30.000000009307087
mass2_ref = 30.000000006509598
minchirp = 26.116416905768336
maxchirp = 26.116616905768335
mincov = 35600415360.627365
maxcov = 3560041536062.737
