
[data]
trigger-time = 1044038880.094248
injection-file = /work/shashwat.singh/Prospects-of-LGWs/unlens/injection.hdf

[global]
instruments = E1 E2 E3
mass1_ref = 30.00000000724228
mass2_ref = 30.000000005530808
minchirp = 26.116416904443533
maxchirp = 26.116616904443532
mincov = 19236710451.57512
maxcov = 1923671045157.512
