
[data]
trigger-time = 1829193013.738696
injection-file = /work/shashwat.singh/Prospects-of-LGWs/unlens/injection.hdf

[global]
instruments = E1 E2 E3
mass1_ref = 30.000000004551918
mass2_ref = 30.000000008976613
minchirp = 26.11641690477236
maxchirp = 26.11661690477236
mincov = 34653848400.882614
maxcov = 3465384840088.261
