
[data]
trigger-time = 1370064952.2046125
injection-file = /work/shashwat.singh/Prospects-of-LGWs/unlens/injection.hdf

[global]
instruments = E1 E2 E3
mass1_ref = 30.000000000588336
mass2_ref = 30.000000007688055
minchirp = 26.116416902486232
maxchirp = 26.116616902486232
mincov = 174664470721.3631
maxcov = 17466447072136.309
