
[data]
trigger-time = 1737666574.8917954
injection-file = /work/shashwat.singh/Prospects-of-LGWs/unlens/injection.hdf

[global]
instruments = E1 E2 E3
mass1_ref = 30.00000000876315
mass2_ref = 30.000000002805127
minchirp = 26.11641690391911
maxchirp = 26.11661690391911
mincov = 69336053222.33812
maxcov = 6933605322233.8125
