
[data]
trigger-time = 1341851022.1041355
injection-file = /work/shashwat.singh/Prospects-of-LGWs/unlens/injection.hdf

[global]
instruments = E1 E2 E3
mass1_ref = 30.000000005648914
mass2_ref = 30.000000006208495
minchirp = 26.11641690404496
maxchirp = 26.11661690404496
mincov = 25.621644577521653
maxcov = 2562.164457752165
