
[data]
trigger-time = 1690363271.0538957
injection-file = /work/shashwat.singh/Prospects-of-LGWs/unlens/injection.hdf

[global]
instruments = E1 E2 E3
mass1_ref = 30.00000000797663
mass2_ref = 30.000000007709332
minchirp = 26.116416905711436
maxchirp = 26.116616905711435
mincov = 67199416256.69199
maxcov = 6719941625669.199
