
[data]
trigger-time = 1690474801.6076422
injection-file = /work/shashwat.singh/Prospects-of-LGWs/unlens/injection.hdf

[global]
instruments = E1 E2 E3
mass1_ref = 30.000000009515823
mass2_ref = 30.000000005418123
minchirp = 26.116416905384103
maxchirp = 26.116616905384102
mincov = 44465395934.05369
maxcov = 4446539593405.369
