
[data]
trigger-time = 1575045087.980598
injection-file = /work/shashwat.singh/Prospects-of-LGWs/unlens/injection.hdf

[global]
instruments = E1 E2 E3
mass1_ref = 30.00000000622048
mass2_ref = 30.000000006894428
minchirp = 26.11641690459232
maxchirp = 26.11661690459232
mincov = 131677108120.92
maxcov = 13167710812092.0
