
[data]
trigger-time = 1014750264.6799858
injection-file = /work/shashwat.singh/Prospects-of-LGWs/unlens/injection.hdf

[global]
instruments = E1 E2 E3
mass1_ref = 30.000000003227285
mass2_ref = 30.000000004637204
minchirp = 26.11641690230694
maxchirp = 26.11661690230694
mincov = 102169258347.7691
maxcov = 10216925834776.91
