
[data]
trigger-time = 1799836657.6540148
injection-file = /work/shashwat.singh/Prospects-of-LGWs/unlens/injection.hdf

[global]
instruments = E1 E2 E3
mass1_ref = 30.000000007963884
mass2_ref = 30.000000002483528
minchirp = 26.116416903431226
maxchirp = 26.116616903431225
mincov = 46311485369.55319
maxcov = 4631148536955.319
