
[data]
trigger-time = 1974045194.2521405
injection-file = /work/shashwat.singh/Prospects-of-LGWs/unlens/injection.hdf

[global]
instruments = E1 E2 E3
mass1_ref = 30.00000000260073
mass2_ref = 30.000000009382934
minchirp = 26.116416904099918
maxchirp = 26.116616904099917
mincov = 70871993411.95457
maxcov = 7087199341195.458
