
[data]
trigger-time = 1486440623.5798492
injection-file = /work/shashwat.singh/Prospects-of-LGWs/unlens/injection.hdf

[global]
instruments = E1 E2 E3
mass1_ref = 30.00000000960896
mass2_ref = 30.00000000287218
minchirp = 26.116416904316456
maxchirp = 26.116616904316455
mincov = 162587461470.70517
maxcov = 16258746147070.518
