
[data]
trigger-time = 1230122917.4123607
injection-file = /work/shashwat.singh/Prospects-of-LGWs/unlens/injection.hdf

[global]
instruments = E1 E2 E3
mass1_ref = 30.000000005909822
mass2_ref = 30.00000000885242
minchirp = 26.116416905309364
maxchirp = 26.116616905309364
mincov = 162960896836.81113
maxcov = 16296089683681.113
