
[data]
trigger-time = 1622573073.2701008
injection-file = /work/shashwat.singh/Prospects-of-LGWs/unlens/injection.hdf

[global]
instruments = E1 E2 E3
mass1_ref = 30.000000004156256
mass2_ref = 30.00000000941545
minchirp = 26.11641690479115
maxchirp = 26.11661690479115
mincov = 97471802852.80319
maxcov = 9747180285280.318
