
[data]
trigger-time = 1637002936.4256463
injection-file = /work/shashwat.singh/Prospects-of-LGWs/unlens/injection.hdf

[global]
instruments = E1 E2 E3
mass1_ref = 30.00000000171937
mass2_ref = 30.000000007493846
minchirp = 26.11641690289401
maxchirp = 26.11661690289401
mincov = 108720073615.1891
maxcov = 10872007361518.91
