
[data]
trigger-time = 1253104934.1083856
injection-file = /work/shashwat.singh/Prospects-of-LGWs/unlens/injection.hdf

[global]
instruments = E1 E2 E3
mass1_ref = 30.00000000679724
mass2_ref = 30.000000000468425
minchirp = 26.11641690204629
maxchirp = 26.11661690204629
mincov = 76306114288.72076
maxcov = 7630611428872.076
