
[data]
trigger-time = 1012289390.320794
injection-file = /work/shashwat.singh/Prospects-of-LGWs/unlens/injection.hdf

[global]
instruments = E1 E2 E3
mass1_ref = 30.00000000698668
mass2_ref = 30.000000009039294
minchirp = 26.116416905859435
maxchirp = 26.116616905859434
mincov = 84999777242.63472
maxcov = 8499977724263.472
