
[data]
trigger-time = 1733600938.4113264
injection-file = /work/shashwat.singh/Prospects-of-LGWs/unlens/injection.hdf

[global]
instruments = E1 E2 E3
mass1_ref = 30.00000000818009
mass2_ref = 30.000000006193375
minchirp = 26.11641690514014
maxchirp = 26.11661690514014
mincov = 15806865270.027765
maxcov = 1580686527002.7764
