
[data]
trigger-time = 1740714099.4249618
injection-file = /work/shashwat.singh/Prospects-of-LGWs/unlens/injection.hdf

[global]
instruments = E1 E2 E3
mass1_ref = 30.00000000427526
mass2_ref = 30.000000001196813
minchirp = 26.116416901265584
maxchirp = 26.116616901265584
mincov = 129125572740.86064
maxcov = 12912557274086.064
