
[data]
trigger-time = 1065860155.0708128
injection-file = /work/shashwat.singh/Prospects-of-LGWs/unlens/injection.hdf

[global]
instruments = E1 E2 E3
mass1_ref = 30.00000000627686
mass2_ref = 30.000000005349506
minchirp = 26.116416903944394
maxchirp = 26.116616903944394
mincov = 62509557382.53607
maxcov = 6250955738253.607
