
[data]
trigger-time = 1825513406.1995049
injection-file = /work/shashwat.singh/Prospects-of-LGWs/unlens/injection.hdf

[global]
instruments = E1 E2 E3
mass1_ref = 30.00000000660084
mass2_ref = 30.00000000523035
minchirp = 26.11641690403355
maxchirp = 26.11661690403355
mincov = 137971254882.88797
maxcov = 13797125488288.797
