
[data]
trigger-time = 1008436546.1912429
injection-file = /work/shashwat.singh/Prospects-of-LGWs/unlens/injection.hdf

[global]
instruments = E1 E2 E3
mass1_ref = 30.000000001433392
mass2_ref = 30.000000006542134
minchirp = 26.116416902355276
maxchirp = 26.116616902355275
mincov = 42166994634.793594
maxcov = 4216699463479.3594
