
[data]
trigger-time = 1489452567.8690548
injection-file = /work/shashwat.singh/Prospects-of-LGWs/unlens/injection.hdf

[global]
instruments = E1 E2 E3
mass1_ref = 30.0000000092302
mass2_ref = 30.000000006171955
minchirp = 26.1164169055879
maxchirp = 26.1166169055879
mincov = 111881534488.50879
maxcov = 11188153448850.879
