
[data]
trigger-time = 1323577754.496161
injection-file = /work/shashwat.singh/Prospects-of-LGWs/unlens/injection.hdf

[global]
instruments = E1 E2 E3
mass1_ref = 30.000000005991556
mass2_ref = 30.000000004811547
minchirp = 26.11641690358605
maxchirp = 26.11661690358605
mincov = 164031385626.56992
maxcov = 16403138562656.992
