
[data]
trigger-time = 1573299288.4392602
injection-file = /work/shashwat.singh/Prospects-of-LGWs/unlens/injection.hdf

[global]
instruments = E1 E2 E3
mass1_ref = 30.000000006215107
mass2_ref = 30.000000002097618
minchirp = 26.11641690250205
maxchirp = 26.11661690250205
mincov = 140128116251.36487
maxcov = 14012811625136.486
