
[data]
trigger-time = 1589133416.9808834
injection-file = /work/shashwat.singh/Prospects-of-LGWs/unlens/injection.hdf

[global]
instruments = E1 E2 E3
mass1_ref = 30.00000000428465
mass2_ref = 30.00000000633836
minchirp = 26.11641690350766
maxchirp = 26.11661690350766
mincov = 651571623.1884149
maxcov = 65157162318.84149
