
[data]
trigger-time = 1860200778.8023167
injection-file = /work/shashwat.singh/Prospects-of-LGWs/unlens/injection.hdf

[global]
instruments = E1 E2 E3
mass1_ref = 30.000000005424855
mass2_ref = 30.000000009390817
minchirp = 26.11641690533262
maxchirp = 26.11661690533262
mincov = 147700014149.77176
maxcov = 14770001414977.176
