
[data]
trigger-time = 1476070218.3675814
injection-file = /work/shashwat.singh/Prospects-of-LGWs/unlens/injection.hdf

[global]
instruments = E1 E2 E3
mass1_ref = 30.000000000170136
mass2_ref = 30.00000000334936
minchirp = 26.116416900415672
maxchirp = 26.11661690041567
mincov = 151215438159.8559
maxcov = 15121543815985.588
