
[data]
trigger-time = 1286755367.3851128
injection-file = /work/shashwat.singh/Prospects-of-LGWs/unlens/injection.hdf

[global]
instruments = E1 E2 E3
mass1_ref = 30.000000007722075
mass2_ref = 30.000000008082374
minchirp = 26.11641690576301
maxchirp = 26.11661690576301
mincov = 95248784320.64694
maxcov = 9524878432064.693
