
[data]
trigger-time = 1501093909.3272529
injection-file = /work/shashwat.singh/Prospects-of-LGWs/unlens/injection.hdf

[global]
instruments = E1 E2 E3
mass1_ref = 30.000000000315897
mass2_ref = 30.00000000713032
minchirp = 26.11641690212488
maxchirp = 26.11661690212488
mincov = 155689625846.83035
maxcov = 15568962584683.035
