
[data]
trigger-time = 1975129499.7863324
injection-file = /work/shashwat.singh/Prospects-of-LGWs/unlens/injection.hdf

[global]
instruments = E1 E2 E3
mass1_ref = 30.000000007776315
mass2_ref = 30.000000003809493
minchirp = 26.11641690392674
maxchirp = 26.11661690392674
mincov = 63284680721.59425
maxcov = 6328468072159.425
