
[data]
trigger-time = 1626966102.480764
injection-file = /work/shashwat.singh/Prospects-of-LGWs/unlens/injection.hdf

[global]
instruments = E1 E2 E3
mass1_ref = 30.000000003330694
mass2_ref = 30.000000009336418
minchirp = 26.116416904397408
maxchirp = 26.116616904397407
mincov = 138435184152.28986
maxcov = 13843518415228.984
