
[data]
trigger-time = 1531504145.6891932
injection-file = /work/shashwat.singh/Prospects-of-LGWs/unlens/injection.hdf

[global]
instruments = E1 E2 E3
mass1_ref = 30.000000009590675
mass2_ref = 30.00000000998388
minchirp = 26.116416907404044
maxchirp = 26.116616907404044
mincov = 37361774972.977715
maxcov = 3736177497297.7715
