
[data]
trigger-time = 1602118662.5443904
injection-file = /work/shashwat.singh/Prospects-of-LGWs/unlens/injection.hdf

[global]
instruments = E1 E2 E3
mass1_ref = 30.000000007648218
mass2_ref = 30.00000000093865
minchirp = 26.116416902621374
maxchirp = 26.116616902621374
mincov = 177448121471.05972
maxcov = 17744812147105.973
