
[data]
trigger-time = 1415312904.9393885
injection-file = /work/shashwat.singh/Prospects-of-LGWs/unlens/injection.hdf

[global]
instruments = E1 E2 E3
mass1_ref = 30.00000000116476
mass2_ref = 30.00000000400016
minchirp = 26.116416901131885
maxchirp = 26.116616901131884
mincov = 126323419351.7791
maxcov = 12632341935177.91
