
[data]
trigger-time = 1478125321.176031
injection-file = /work/shashwat.singh/Prospects-of-LGWs/unlens/injection.hdf

[global]
instruments = E1 E2 E3
mass1_ref = 30.00000000584953
mass2_ref = 30.000000003626457
minchirp = 26.11641690300839
maxchirp = 26.11661690300839
mincov = 103890108554.7361
maxcov = 10389010855473.61
