
[data]
trigger-time = 1385378512.7876492
injection-file = /work/shashwat.singh/Prospects-of-LGWs/unlens/injection.hdf

[global]
instruments = E1 E2 E3
mass1_ref = 30.000000007680352
mass2_ref = 30.000000008899125
minchirp = 26.116416906100362
maxchirp = 26.11661690610036
mincov = 34817695.493605174
maxcov = 3481769549.3605175
