
[data]
trigger-time = 1604090604.6536236
injection-file = /work/shashwat.singh/Prospects-of-LGWs/unlens/injection.hdf

[global]
instruments = E1 E2 E3
mass1_ref = 30.00000000021441
mass2_ref = 30.00000000045217
minchirp = 26.11641689917387
maxchirp = 26.11661689917387
mincov = 22972870493.568573
maxcov = 2297287049356.8574
