
[data]
trigger-time = 1087342670.9339314
injection-file = /work/shashwat.singh/Prospects-of-LGWs/unlens/injection.hdf

[global]
instruments = E1 E2 E3
mass1_ref = 30.00000000390172
mass2_ref = 30.0000000026195
minchirp = 26.11641690172225
maxchirp = 26.11661690172225
mincov = 138049804868.00754
maxcov = 13804980486800.754
