
[data]
trigger-time = 1362427937.5064292
injection-file = /work/shashwat.singh/Prospects-of-LGWs/unlens/injection.hdf

[global]
instruments = E1 E2 E3
mass1_ref = 30.000000008577423
mass2_ref = 30.000000004441063
minchirp = 26.11641690455035
maxchirp = 26.116616904550348
mincov = 11951234409.924923
maxcov = 1195123440992.4924
