
[data]
trigger-time = 1642643714.0944428
injection-file = /work/shashwat.singh/Prospects-of-LGWs/unlens/injection.hdf

[global]
instruments = E1 E2 E3
mass1_ref = 30.0000000066027
mass2_ref = 30.00000000277572
minchirp = 26.11641690296592
maxchirp = 26.11661690296592
mincov = 159447162610.39478
maxcov = 15944716261039.477
