
[data]
trigger-time = 1646258452.1379442
injection-file = /work/shashwat.singh/Prospects-of-LGWs/unlens/injection.hdf

[global]
instruments = E1 E2 E3
mass1_ref = 30.000000006082296
mass2_ref = 30.00000000827262
minchirp = 26.116416905132066
maxchirp = 26.116616905132066
mincov = 206595.01205784015
maxcov = 20659501.205784015
