
[data]
trigger-time = 1594746498.4491813
injection-file = /work/shashwat.singh/Prospects-of-LGWs/unlens/injection.hdf

[global]
instruments = E1 E2 E3
mass1_ref = 30.000000002564025
mass2_ref = 30.000000006542383
minchirp = 26.11641690284752
maxchirp = 26.116616902847518
mincov = 123442875604.264
maxcov = 12344287560426.402
