
[data]
trigger-time = 1774989665.5299432
injection-file = /work/shashwat.singh/Prospects-of-LGWs/unlens/injection.hdf

[global]
instruments = E1 E2 E3
mass1_ref = 30.00000000643016
mass2_ref = 30.000000009092112
minchirp = 26.116416905640186
maxchirp = 26.116616905640186
mincov = 107623440697.45993
maxcov = 10762344069745.994
