
[data]
trigger-time = 1248598983.7152917
injection-file = /work/shashwat.singh/Prospects-of-LGWs/unlens/injection.hdf

[global]
instruments = E1 E2 E3
mass1_ref = 30.000000000353833
mass2_ref = 30.00000000218173
minchirp = 26.116416899987392
maxchirp = 26.11661689998739
mincov = 112950077146.3146
maxcov = 11295007714631.46
