
[data]
trigger-time = 1674855048.8271441
injection-file = /work/shashwat.singh/Prospects-of-LGWs/unlens/injection.hdf

[global]
instruments = E1 E2 E3
mass1_ref = 30.000000009773892
mass2_ref = 30.00000000430126
minchirp = 26.11641690501029
maxchirp = 26.11661690501029
mincov = 126926852032.70511
maxcov = 12692685203270.51
