
[data]
trigger-time = 1471033763.676476
injection-file = /work/shashwat.singh/Prospects-of-LGWs/unlens/injection.hdf

[global]
instruments = E1 E2 E3
mass1_ref = 30.00000000765937
mass2_ref = 30.000000008614993
minchirp = 26.11641690596755
maxchirp = 26.11661690596755
mincov = 104069299077.50969
maxcov = 10406929907750.969
