
[data]
trigger-time = 1539983625.992251
injection-file = /work/shashwat.singh/Prospects-of-LGWs/unlens/injection.hdf

[global]
instruments = E1 E2 E3
mass1_ref = 30.00000000219208
mass2_ref = 30.000000001165056
minchirp = 26.116416900345
maxchirp = 26.116616900345
mincov = 137641635322.1628
maxcov = 13764163532216.281
