
[data]
trigger-time = 1271824541.9659755
injection-file = /work/shashwat.singh/Prospects-of-LGWs/unlens/injection.hdf

[global]
instruments = E1 E2 E3
mass1_ref = 30.00000000609001
mass2_ref = 30.000000000854975
minchirp = 26.116416901906707
maxchirp = 26.116616901906706
mincov = 161221506116.7831
maxcov = 16122150611678.31
