
[data]
trigger-time = 1305395767.6193721
injection-file = /work/shashwat.singh/Prospects-of-LGWs/unlens/injection.hdf

[global]
instruments = E1 E2 E3
mass1_ref = 30.000000003132996
mass2_ref = 30.000000000314778
minchirp = 26.116416900384454
maxchirp = 26.116616900384454
mincov = 120893651984.89893
maxcov = 12089365198489.893
