
[data]
trigger-time = 1814787245.5786364
injection-file = /work/shashwat.singh/Prospects-of-LGWs/unlens/injection.hdf

[global]
instruments = E1 E2 E3
mass1_ref = 30.000000009550682
mass2_ref = 30.000000003553417
minchirp = 26.116416904587613
maxchirp = 26.116616904587612
mincov = 67323895601.77116
maxcov = 6732389560177.115
