
[data]
trigger-time = 1057305695.4940069
injection-file = /work/shashwat.singh/Prospects-of-LGWs/unlens/injection.hdf

[global]
instruments = E1 E2 E3
mass1_ref = 30.00000000982877
mass2_ref = 30.000000000519567
minchirp = 26.1164169033881
maxchirp = 26.1166169033881
mincov = 98101133346.2804
maxcov = 9810113334628.04
