
[data]
trigger-time = 1549211738.8451695
injection-file = /work/shashwat.singh/Prospects-of-LGWs/unlens/injection.hdf

[global]
instruments = E1 E2 E3
mass1_ref = 30.000000000131248
mass2_ref = 30.00000000899726
minchirp = 26.11641690285714
maxchirp = 26.11661690285714
mincov = 9497851251.794533
maxcov = 949785125179.4532
