
[data]
trigger-time = 1503551905.503983
injection-file = /work/shashwat.singh/Prospects-of-LGWs/unlens/injection.hdf

[global]
instruments = E1 E2 E3
mass1_ref = 30.000000004981075
mass2_ref = 30.00000000929175
minchirp = 26.116416905096333
maxchirp = 26.116616905096333
mincov = 164324907989.99353
maxcov = 16432490798999.354
