
[data]
trigger-time = 1776882064.6454587
injection-file = /work/shashwat.singh/Prospects-of-LGWs/unlens/injection.hdf

[global]
instruments = E1 E2 E3
mass1_ref = 30.00000000946635
mass2_ref = 30.000000007564182
minchirp = 26.116416906296696
maxchirp = 26.116616906296695
mincov = 171369227103.5813
maxcov = 17136922710358.129
