
[data]
trigger-time = 1307532586.1854854
injection-file = /work/shashwat.singh/Prospects-of-LGWs/unlens/injection.hdf

[global]
instruments = E1 E2 E3
mass1_ref = 30.00000000949939
mass2_ref = 30.000000006438473
minchirp = 26.116416905821083
maxchirp = 26.116616905821083
mincov = 119031533794.73026
maxcov = 11903153379473.025
