
[data]
trigger-time = 1222951410.9959369
injection-file = /work/shashwat.singh/Prospects-of-LGWs/unlens/injection.hdf

[global]
instruments = E1 E2 E3
mass1_ref = 30.00000000469305
mass2_ref = 30.000000001011042
minchirp = 26.116416901366577
maxchirp = 26.116616901366577
mincov = 347504830.63820755
maxcov = 34750483063.820755
