
[data]
trigger-time = 1817844562.7034292
injection-file = /work/shashwat.singh/Prospects-of-LGWs/unlens/injection.hdf

[global]
instruments = E1 E2 E3
mass1_ref = 30.00000000955721
mass2_ref = 30.000000003782265
minchirp = 26.116416904690066
maxchirp = 26.116616904690066
mincov = 89068800710.51591
maxcov = 8906880071051.592
