
[data]
trigger-time = 1229596413.498702
injection-file = /work/shashwat.singh/Prospects-of-LGWs/unlens/injection.hdf

[global]
instruments = E1 E2 E3
mass1_ref = 30.00000000556577
mass2_ref = 30.000000006479084
minchirp = 26.116416904126552
maxchirp = 26.116616904126552
mincov = 104121458429.50516
maxcov = 10412145842950.516
