
[data]
trigger-time = 1317855758.7232296
injection-file = /work/shashwat.singh/Prospects-of-LGWs/unlens/injection.hdf

[global]
instruments = E1 E2 E3
mass1_ref = 30.000000005394465
mass2_ref = 30.000000001394554
minchirp = 26.116416901838818
maxchirp = 26.116616901838817
mincov = 175671527779.51675
maxcov = 17567152777951.676
