
[data]
trigger-time = 1149456390.5673208
injection-file = /work/shashwat.singh/Prospects-of-LGWs/unlens/injection.hdf

[global]
instruments = E1 E2 E3
mass1_ref = 30.000000006752508
mass2_ref = 30.00000000726896
minchirp = 26.11641690498692
maxchirp = 26.11661690498692
mincov = 134450923169.43196
maxcov = 13445092316943.195
