
[data]
trigger-time = 1606624677.345793
injection-file = /work/shashwat.singh/Prospects-of-LGWs/unlens/injection.hdf

[global]
instruments = E1 E2 E3
mass1_ref = 30.000000008903655
mass2_ref = 30.00000000602399
minchirp = 26.116416905381357
maxchirp = 26.116616905381356
mincov = 7760291.78076423
maxcov = 776029178.0764229
