
[data]
trigger-time = 1815132016.2745872
injection-file = /work/shashwat.singh/Prospects-of-LGWs/unlens/injection.hdf

[global]
instruments = E1 E2 E3
mass1_ref = 30.000000004519645
mass2_ref = 30.000000005090556
minchirp = 26.11641690306681
maxchirp = 26.11661690306681
mincov = 163724330002.01257
maxcov = 16372433000201.258
