
[data]
trigger-time = 1295525508.557788
injection-file = /work/shashwat.singh/Prospects-of-LGWs/unlens/injection.hdf

[global]
instruments = E1 E2 E3
mass1_ref = 30.000000009591293
mass2_ref = 30.00000000030158
minchirp = 26.116416903189847
maxchirp = 26.116616903189847
mincov = 3208487546.725093
maxcov = 320848754672.5093
