
[data]
trigger-time = 1068134796.2021245
injection-file = /work/shashwat.singh/Prospects-of-LGWs/unlens/injection.hdf

[global]
instruments = E1 E2 E3
mass1_ref = 30.00000000122801
mass2_ref = 30.000000009208893
minchirp = 26.11641690342665
maxchirp = 26.11661690342665
mincov = 86970742580.95241
maxcov = 8697074258095.24
