
[data]
trigger-time = 1722367237.0187798
injection-file = /work/shashwat.singh/Prospects-of-LGWs/unlens/injection.hdf

[global]
instruments = E1 E2 E3
mass1_ref = 30.000000002091138
mass2_ref = 30.000000002806317
minchirp = 26.116416901015466
maxchirp = 26.116616901015465
mincov = 130784265293.32895
maxcov = 13078426529332.895
