
[data]
trigger-time = 1925120216.1825392
injection-file = /work/shashwat.singh/Prospects-of-LGWs/unlens/injection.hdf

[global]
instruments = E1 E2 E3
mass1_ref = 30.000000002711054
mass2_ref = 30.00000000289606
minchirp = 26.11641690132436
maxchirp = 26.11661690132436
mincov = 79475469402.5132
maxcov = 7947546940251.319
