
[data]
trigger-time = 1940607527.5991256
injection-file = /work/shashwat.singh/Prospects-of-LGWs/unlens/injection.hdf

[global]
instruments = E1 E2 E3
mass1_ref = 30.00000000524372
mass2_ref = 30.000000007511847
minchirp = 26.11641690443591
maxchirp = 26.116616904435908
mincov = 105473961309.04128
maxcov = 10547396130904.127
