
[data]
trigger-time = 1368790465.514645
injection-file = /work/shashwat.singh/Prospects-of-LGWs/unlens/injection.hdf

[global]
instruments = E1 E2 E3
mass1_ref = 30.00000000860494
mass2_ref = 30.000000009854137
minchirp = 26.116416906918502
maxchirp = 26.1166169069185
mincov = 27190852374.10489
maxcov = 2719085237410.489
