
[data]
trigger-time = 1458609400.756435
injection-file = /work/shashwat.singh/Prospects-of-LGWs/unlens/injection.hdf

[global]
instruments = E1 E2 E3
mass1_ref = 30.00000000113381
mass2_ref = 30.00000000729913
minchirp = 26.116416902554374
maxchirp = 26.116616902554373
mincov = 54964846134.01753
maxcov = 5496484613401.754
