
[data]
trigger-time = 1077954366.543403
injection-file = /work/shashwat.singh/Prospects-of-LGWs/unlens/injection.hdf

[global]
instruments = E1 E2 E3
mass1_ref = 30.0000000002242
mass2_ref = 30.000000007496674
minchirp = 26.11641690224443
maxchirp = 26.11661690224443
mincov = 6768355960.4613
maxcov = 676835596046.13
