
[data]
trigger-time = 1768014944.3045979
injection-file = /work/shashwat.singh/Prospects-of-LGWs/unlens/injection.hdf

[global]
instruments = E1 E2 E3
mass1_ref = 30.000000009519347
mass2_ref = 30.000000005052378
minchirp = 26.116416905226437
maxchirp = 26.116616905226437
mincov = 80638837445.81061
maxcov = 8063883744581.061
