
[data]
trigger-time = 1476303897.1972609
injection-file = /work/shashwat.singh/Prospects-of-LGWs/unlens/injection.hdf

[global]
instruments = E1 E2 E3
mass1_ref = 30.000000003685116
mass2_ref = 30.000000009867705
minchirp = 26.11641690478293
maxchirp = 26.11661690478293
mincov = 1466771103.7522178
maxcov = 146677110375.22177
