
[data]
trigger-time = 1381425336.2415204
injection-file = /work/shashwat.singh/Prospects-of-LGWs/unlens/injection.hdf

[global]
instruments = E1 E2 E3
mass1_ref = 30.000000002791793
mass2_ref = 30.000000002024517
minchirp = 26.11641690098015
maxchirp = 26.116616900980148
mincov = 1537691387.0868134
maxcov = 153769138708.68137
