
[data]
trigger-time = 1684787504.7797868
injection-file = /work/shashwat.singh/Prospects-of-LGWs/unlens/injection.hdf

[global]
instruments = E1 E2 E3
mass1_ref = 30.000000006881223
mass2_ref = 30.00000000354498
minchirp = 26.116416903421992
maxchirp = 26.116616903421992
mincov = 157389856354.52148
maxcov = 15738985635452.148
