
[data]
trigger-time = 1944972569.0876994
injection-file = /work/shashwat.singh/Prospects-of-LGWs/unlens/injection.hdf

[global]
instruments = E1 E2 E3
mass1_ref = 30.00000000786706
mass2_ref = 30.00000000767657
minchirp = 26.116416905649483
maxchirp = 26.116616905649483
mincov = 71459492231.01082
maxcov = 7145949223101.082
