
[data]
trigger-time = 1615569815.3731217
injection-file = /work/shashwat.singh/Prospects-of-LGWs/unlens/injection.hdf

[global]
instruments = E1 E2 E3
mass1_ref = 30.000000001047916
mass2_ref = 30.00000000635329
minchirp = 26.116416902105286
maxchirp = 26.116616902105285
mincov = 16181672582.065699
maxcov = 1618167258206.5698
