
[data]
trigger-time = 1173955552.8529797
injection-file = /work/shashwat.singh/Prospects-of-LGWs/unlens/injection.hdf

[global]
instruments = E1 E2 E3
mass1_ref = 30.000000002105725
mass2_ref = 30.00000000098817
minchirp = 26.11641690023042
maxchirp = 26.11661690023042
mincov = 52607459042.36118
maxcov = 5260745904236.118
