
[data]
trigger-time = 1148664475.4361894
injection-file = /work/shashwat.singh/Prospects-of-LGWs/unlens/injection.hdf

[global]
instruments = E1 E2 E3
mass1_ref = 30.000000005606708
mass2_ref = 30.000000006908657
minchirp = 26.116416904331352
maxchirp = 26.11661690433135
mincov = 126277675.0409266
maxcov = 12627767504.092659
