
[data]
trigger-time = 1933824531.403129
injection-file = /work/shashwat.singh/Prospects-of-LGWs/unlens/injection.hdf

[global]
instruments = E1 E2 E3
mass1_ref = 30.000000003746933
mass2_ref = 30.00000000580948
minchirp = 26.116416903043394
maxchirp = 26.116616903043393
mincov = 102169748402.39053
maxcov = 10216974840239.055
