
[data]
trigger-time = 1072438254.9522296
injection-file = /work/shashwat.singh/Prospects-of-LGWs/unlens/injection.hdf

[global]
instruments = E1 E2 E3
mass1_ref = 30.000000001984898
mass2_ref = 30.000000008264827
minchirp = 26.11641690334518
maxchirp = 26.11661690334518
mincov = 103674328577.21829
maxcov = 10367432857721.83
