
[data]
trigger-time = 1316547805.9438004
injection-file = /work/shashwat.singh/Prospects-of-LGWs/unlens/injection.hdf

[global]
instruments = E1 E2 E3
mass1_ref = 30.000000004689777
mass2_ref = 30.000000004225946
minchirp = 26.11641690276452
maxchirp = 26.11661690276452
mincov = 53758279377.4414
maxcov = 5375827937744.14
