
[data]
trigger-time = 1604289417.610043
injection-file = /work/shashwat.singh/Prospects-of-LGWs/unlens/injection.hdf

[global]
instruments = E1 E2 E3
mass1_ref = 30.00000000158943
mass2_ref = 30.00000000231378
minchirp = 26.116416900582696
maxchirp = 26.116616900582695
mincov = 94840238025.54938
maxcov = 9484023802554.938
