
[data]
trigger-time = 1501904067.757071
injection-file = /work/shashwat.singh/Prospects-of-LGWs/unlens/injection.hdf

[global]
instruments = E1 E2 E3
mass1_ref = 30.000000001278288
mass2_ref = 30.00000000982215
minchirp = 26.11641690371547
maxchirp = 26.11661690371547
mincov = 172848792211.89862
maxcov = 17284879221189.861
