
[data]
trigger-time = 1396234938.7788801
injection-file = /work/shashwat.singh/Prospects-of-LGWs/unlens/injection.hdf

[global]
instruments = E1 E2 E3
mass1_ref = 30.000000007062578
mass2_ref = 30.000000001136403
minchirp = 26.11641690245254
maxchirp = 26.116616902452538
mincov = 8783050035.446362
maxcov = 878305003544.6361
