
[data]
trigger-time = 1127977091.536882
injection-file = /work/shashwat.singh/Prospects-of-LGWs/unlens/injection.hdf

[global]
instruments = E1 E2 E3
mass1_ref = 30.000000000663693
mass2_ref = 30.000000001899277
minchirp = 26.116416899999322
maxchirp = 26.116616899999322
mincov = 131339772698.3283
maxcov = 13133977269832.83
