
[data]
trigger-time = 1079760912.2839022
injection-file = /work/shashwat.singh/Prospects-of-LGWs/unlens/injection.hdf

[global]
instruments = E1 E2 E3
mass1_ref = 30.000000000954778
mass2_ref = 30.00000000413993
minchirp = 26.116416901101328
maxchirp = 26.116616901101327
mincov = 132888486746.91606
maxcov = 13288848674691.605
