
[data]
trigger-time = 1630724257.0200443
injection-file = /work/shashwat.singh/Prospects-of-LGWs/unlens/injection.hdf

[global]
instruments = E1 E2 E3
mass1_ref = 30.000000009511428
mass2_ref = 30.000000009317066
minchirp = 26.1164169070793
maxchirp = 26.1166169070793
mincov = 124238033698.46631
maxcov = 12423803369846.63
