
[data]
trigger-time = 1289781149.347006
injection-file = /work/shashwat.singh/Prospects-of-LGWs/unlens/injection.hdf

[global]
instruments = E1 E2 E3
mass1_ref = 30.00000000190873
mass2_ref = 30.00000000580829
minchirp = 26.11641690224275
maxchirp = 26.11661690224275
mincov = 141758918871.00085
maxcov = 14175891887100.086
