
[data]
trigger-time = 1209040346.865069
injection-file = /work/shashwat.singh/Prospects-of-LGWs/unlens/injection.hdf

[global]
instruments = E1 E2 E3
mass1_ref = 30.000000004923287
mass2_ref = 30.000000001194785
minchirp = 26.11641690154677
maxchirp = 26.11661690154677
mincov = 83387245640.77599
maxcov = 8338724564077.599
