
[data]
trigger-time = 1345140066.3170798
injection-file = /work/shashwat.singh/Prospects-of-LGWs/unlens/injection.hdf

[global]
instruments = E1 E2 E3
mass1_ref = 30.00000000631089
mass2_ref = 30.00000000448532
minchirp = 26.116416903583048
maxchirp = 26.116616903583047
mincov = 63872932370.403915
maxcov = 6387293237040.392
