
[data]
trigger-time = 1638397680.1516666
injection-file = /work/shashwat.singh/Prospects-of-LGWs/unlens/injection.hdf

[global]
instruments = E1 E2 E3
mass1_ref = 30.000000009679546
mass2_ref = 30.000000001893294
minchirp = 26.116416903921095
maxchirp = 26.116616903921095
mincov = 174405750682.95206
maxcov = 17440575068295.205
