
[data]
trigger-time = 1992525172.559342
injection-file = /work/shashwat.singh/Prospects-of-LGWs/unlens/injection.hdf

[global]
instruments = E1 E2 E3
mass1_ref = 30.000000003498684
mass2_ref = 30.000000003440753
minchirp = 26.11641690190429
maxchirp = 26.11661690190429
mincov = 114123868849.22949
maxcov = 11412386884922.95
