
[data]
trigger-time = 1946177468.2437277
injection-file = /work/shashwat.singh/Prospects-of-LGWs/unlens/injection.hdf

[global]
instruments = E1 E2 E3
mass1_ref = 30.000000009896016
mass2_ref = 30.00000000294678
minchirp = 26.116416904473876
maxchirp = 26.116616904473876
mincov = 105886879350.2016
maxcov = 10588687935020.16
