
[data]
trigger-time = 1238895147.2543201
injection-file = /work/shashwat.singh/Prospects-of-LGWs/unlens/injection.hdf

[global]
instruments = E1 E2 E3
mass1_ref = 30.00000000053191
mass2_ref = 30.000000002786507
minchirp = 26.11641690032815
maxchirp = 26.11661690032815
mincov = 163378894294.68402
maxcov = 16337889429468.4
