
[data]
trigger-time = 1584523781.9847317
injection-file = /work/shashwat.singh/Prospects-of-LGWs/unlens/injection.hdf

[global]
instruments = E1 E2 E3
mass1_ref = 30.000000002185285
mass2_ref = 30.00000000866563
minchirp = 26.11641690360686
maxchirp = 26.11661690360686
mincov = 136154634570.2286
maxcov = 13615463457022.861
