
[data]
trigger-time = 1131646709.6186793
injection-file = /work/shashwat.singh/Prospects-of-LGWs/unlens/injection.hdf

[global]
instruments = E1 E2 E3
mass1_ref = 30.000000000944457
mass2_ref = 30.00000000283842
minchirp = 26.116416900530318
maxchirp = 26.116616900530317
mincov = 1205518387.236997
maxcov = 120551838723.69968
