
[data]
trigger-time = 1729445344.8252344
injection-file = /work/shashwat.singh/Prospects-of-LGWs/unlens/injection.hdf

[global]
instruments = E1 E2 E3
mass1_ref = 30.00000000401108
mass2_ref = 30.00000000192749
minchirp = 26.11641690146864
maxchirp = 26.11661690146864
mincov = 95711872229.35207
maxcov = 9571187222935.207
