
[data]
trigger-time = 1409365437.322587
injection-file = /work/shashwat.singh/Prospects-of-LGWs/unlens/injection.hdf

[global]
instruments = E1 E2 E3
mass1_ref = 30.00000000597208
mass2_ref = 30.000000006857483
minchirp = 26.116416904468117
maxchirp = 26.116616904468117
mincov = 130809555645.68106
maxcov = 13080955564568.105
