
[data]
trigger-time = 1622252963.5332737
injection-file = /work/shashwat.singh/Prospects-of-LGWs/unlens/injection.hdf

[global]
instruments = E1 E2 E3
mass1_ref = 30.00000000150623
mass2_ref = 30.000000001222897
minchirp = 26.11641690007165
maxchirp = 26.116616900071648
mincov = 61257195235.69804
maxcov = 6125719523569.804
