
[data]
trigger-time = 1449116847.2575026
injection-file = /work/shashwat.singh/Prospects-of-LGWs/unlens/injection.hdf

[global]
instruments = E1 E2 E3
mass1_ref = 30.00000000134954
mass2_ref = 30.000000009441614
minchirp = 26.11641690358085
maxchirp = 26.116616903580848
mincov = 144210426389.44583
maxcov = 14421042638944.582
