
[data]
trigger-time = 1628446866.323676
injection-file = /work/shashwat.singh/Prospects-of-LGWs/unlens/injection.hdf

[global]
instruments = E1 E2 E3
mass1_ref = 30.000000002949665
mass2_ref = 30.00000000806985
minchirp = 26.116416903680246
maxchirp = 26.116616903680246
mincov = 114621728152.8759
maxcov = 11462172815287.59
