
[data]
trigger-time = 1184343095.1208856
injection-file = /work/shashwat.singh/Prospects-of-LGWs/unlens/injection.hdf

[global]
instruments = E1 E2 E3
mass1_ref = 30.00000000953311
mass2_ref = 30.00000000529935
minchirp = 26.11641690533993
maxchirp = 26.116616905339928
mincov = 42174010941.36781
maxcov = 4217401094136.7817
