
[data]
trigger-time = 1048232245.458712
injection-file = /work/shashwat.singh/Prospects-of-LGWs/unlens/injection.hdf

[global]
instruments = E1 E2 E3
mass1_ref = 30.00000000991248
mass2_ref = 30.0000000023817
minchirp = 26.116416904235077
maxchirp = 26.116616904235077
mincov = 178543781159.44214
maxcov = 17854378115944.215
