
[data]
trigger-time = 1271472775.536089
injection-file = /work/shashwat.singh/Prospects-of-LGWs/unlens/injection.hdf

[global]
instruments = E1 E2 E3
mass1_ref = 30.00000000596402
mass2_ref = 30.000000009584333
minchirp = 26.116416905651537
maxchirp = 26.116616905651536
mincov = 128407803199.98055
maxcov = 12840780319998.055
