
[data]
trigger-time = 1067735097.1177837
injection-file = /work/shashwat.singh/Prospects-of-LGWs/unlens/injection.hdf

[global]
instruments = E1 E2 E3
mass1_ref = 30.00000000033446
mass2_ref = 30.000000004235584
minchirp = 26.116416900872952
maxchirp = 26.116616900872952
mincov = 4154848861.912871
maxcov = 415484886191.2871
