
[data]
trigger-time = 1951363351.4544003
injection-file = /work/shashwat.singh/Prospects-of-LGWs/unlens/injection.hdf

[global]
instruments = E1 E2 E3
mass1_ref = 30.000000000913897
mass2_ref = 30.000000005011664
minchirp = 26.116416901462973
maxchirp = 26.116616901462972
mincov = 174890615452.9483
maxcov = 17489061545294.828
