
[data]
trigger-time = 1110400876.9830675
injection-file = /work/shashwat.singh/Prospects-of-LGWs/unlens/injection.hdf

[global]
instruments = E1 E2 E3
mass1_ref = 30.00000000005207
mass2_ref = 30.000000009070607
minchirp = 26.116416902854603
maxchirp = 26.116616902854602
mincov = 50521066906.427734
maxcov = 5052106690642.773
