
[data]
trigger-time = 1219620822.2002869
injection-file = /work/shashwat.singh/Prospects-of-LGWs/unlens/injection.hdf

[global]
instruments = E1 E2 E3
mass1_ref = 30.00000000946534
mass2_ref = 30.000000002729827
minchirp = 26.11641690419198
maxchirp = 26.11661690419198
mincov = 119426365054.76823
maxcov = 11942636505476.824
