
[data]
trigger-time = 1958526413.2301521
injection-file = /work/shashwat.singh/Prospects-of-LGWs/unlens/injection.hdf

[global]
instruments = E1 E2 E3
mass1_ref = 30.00000000546707
mass2_ref = 30.000000004020258
minchirp = 26.116416903013324
maxchirp = 26.116616903013323
mincov = 84002653347.14633
maxcov = 8400265334714.634
