
[data]
trigger-time = 1164900681.1818242
injection-file = /work/shashwat.singh/Prospects-of-LGWs/unlens/injection.hdf

[global]
instruments = E1 E2 E3
mass1_ref = 30.000000009175714
mass2_ref = 30.000000001063498
minchirp = 26.1164169033406
maxchirp = 26.1166169033406
mincov = 68254394338.50774
maxcov = 6825439433850.773
