
[data]
trigger-time = 1552612071.1699476
injection-file = /work/shashwat.singh/Prospects-of-LGWs/unlens/injection.hdf

[global]
instruments = E1 E2 E3
mass1_ref = 30.000000008404825
mass2_ref = 30.000000000305132
minchirp = 26.116416902674956
maxchirp = 26.116616902674956
mincov = 137016609446.21432
maxcov = 13701660944621.434
