
[data]
trigger-time = 1483404146.0436728
injection-file = /work/shashwat.singh/Prospects-of-LGWs/unlens/injection.hdf

[global]
instruments = E1 E2 E3
mass1_ref = 30.000000003462958
mass2_ref = 30.00000000161686
minchirp = 26.116416901094844
maxchirp = 26.116616901094844
mincov = 167059727384.21884
maxcov = 16705972738421.885
