
[data]
trigger-time = 1189317588.1517558
injection-file = /work/shashwat.singh/Prospects-of-LGWs/unlens/injection.hdf

[global]
instruments = E1 E2 E3
mass1_ref = 30.000000008834608
mass2_ref = 30.000000006171955
minchirp = 26.11641690541571
maxchirp = 26.11661690541571
mincov = 122486935036.06265
maxcov = 12248693503606.266
