
[data]
trigger-time = 1203882212.5032117
injection-file = /work/shashwat.singh/Prospects-of-LGWs/unlens/injection.hdf

[global]
instruments = E1 E2 E3
mass1_ref = 30.000000009321273
mass2_ref = 30.000000000947
minchirp = 26.11641690335325
maxchirp = 26.11661690335325
mincov = 436832975.14933205
maxcov = 43683297514.933205
