
[data]
trigger-time = 1297058876.8075986
injection-file = /work/shashwat.singh/Prospects-of-LGWs/unlens/injection.hdf

[global]
instruments = E1 E2 E3
mass1_ref = 30.000000009389872
mass2_ref = 30.000000006385182
minchirp = 26.116416905750217
maxchirp = 26.116616905750217
mincov = 64038641208.932655
maxcov = 6403864120893.266
