
[data]
trigger-time = 1456650068.456966
injection-file = /work/shashwat.singh/Prospects-of-LGWs/unlens/injection.hdf

[global]
instruments = E1 E2 E3
mass1_ref = 30.000000004479254
mass2_ref = 30.000000006338734
minchirp = 26.11641690359253
maxchirp = 26.11661690359253
mincov = 127607543168.3324
maxcov = 12760754316833.24
