
[data]
trigger-time = 1100216984.361494
injection-file = /work/shashwat.singh/Prospects-of-LGWs/unlens/injection.hdf

[global]
instruments = E1 E2 E3
mass1_ref = 30.000000009154768
mass2_ref = 30.000000007832757
minchirp = 26.116416906277976
maxchirp = 26.116616906277976
mincov = 112588181151.7998
maxcov = 11258818115179.98
