
[data]
trigger-time = 1632124577.835577
injection-file = /work/shashwat.singh/Prospects-of-LGWs/unlens/injection.hdf

[global]
instruments = E1 E2 E3
mass1_ref = 30.00000000311138
mass2_ref = 30.000000005779956
minchirp = 26.116416902753905
maxchirp = 26.116616902753904
mincov = 150134562208.33218
maxcov = 15013456220833.219
