
[data]
trigger-time = 1564751235.9502509
injection-file = /work/shashwat.singh/Prospects-of-LGWs/unlens/injection.hdf

[global]
instruments = E1 E2 E3
mass1_ref = 30.00000000067732
mass2_ref = 30.000000003479197
minchirp = 26.116416900692954
maxchirp = 26.116616900692954
mincov = 166007072259.39008
maxcov = 16600707225939.008
