
[data]
trigger-time = 1244955853.2541878
injection-file = /work/shashwat.singh/Prospects-of-LGWs/unlens/injection.hdf

[global]
instruments = E1 E2 E3
mass1_ref = 30.000000001758224
mass2_ref = 30.00000000971696
minchirp = 26.116416903878587
maxchirp = 26.116616903878587
mincov = 3610163684.4883523
maxcov = 361016368448.8352
