
[data]
trigger-time = 1192724899.8923361
injection-file = /work/shashwat.singh/Prospects-of-LGWs/unlens/injection.hdf

[global]
instruments = E1 E2 E3
mass1_ref = 30.000000000128654
mass2_ref = 30.000000009438672
minchirp = 26.116416903048147
maxchirp = 26.116616903048147
mincov = 83513631890.34587
maxcov = 8351363189034.588
