
[data]
trigger-time = 1424361646.7352185
injection-file = /work/shashwat.singh/Prospects-of-LGWs/unlens/injection.hdf

[global]
instruments = E1 E2 E3
mass1_ref = 30.000000008557063
mass2_ref = 30.00000000653042
minchirp = 26.116416905450933
maxchirp = 26.116616905450933
mincov = 167418792459.5731
maxcov = 16741879245957.309
