
[data]
trigger-time = 1550468544.7663312
injection-file = /work/shashwat.singh/Prospects-of-LGWs/unlens/injection.hdf

[global]
instruments = E1 E2 E3
mass1_ref = 30.000000005324182
mass2_ref = 30.000000000551363
minchirp = 26.116416901441205
maxchirp = 26.116616901441205
mincov = 16410051330.474735
maxcov = 1641005133047.4734
