
[data]
trigger-time = 1645920247.723876
injection-file = /work/shashwat.singh/Prospects-of-LGWs/unlens/injection.hdf

[global]
instruments = E1 E2 E3
mass1_ref = 30.00000000473123
mass2_ref = 30.000000007573977
minchirp = 26.116416904239877
maxchirp = 26.116616904239876
mincov = 89549512498.30519
maxcov = 8954951249830.52
