
[data]
trigger-time = 1679661390.4266095
injection-file = /work/shashwat.singh/Prospects-of-LGWs/unlens/injection.hdf

[global]
instruments = E1 E2 E3
mass1_ref = 30.000000000865498
mass2_ref = 30.00000000615784
minchirp = 26.11641690194081
maxchirp = 26.11661690194081
mincov = 105936780871.03061
maxcov = 10593678087103.06
