
[data]
trigger-time = 1334194055.6071026
injection-file = /work/shashwat.singh/Prospects-of-LGWs/unlens/injection.hdf

[global]
instruments = E1 E2 E3
mass1_ref = 30.00000000608635
mass2_ref = 30.0000000093592
minchirp = 26.11641690560679
maxchirp = 26.11661690560679
mincov = 98485346631.33359
maxcov = 9848534663133.36
