
[data]
trigger-time = 1602768966.7777255
injection-file = /work/shashwat.singh/Prospects-of-LGWs/unlens/injection.hdf

[global]
instruments = E1 E2 E3
mass1_ref = 30.000000001449507
mass2_ref = 30.00000000238856
minchirp = 26.11641690055434
maxchirp = 26.11661690055434
mincov = 175341865380.4047
maxcov = 17534186538040.469
