
[data]
trigger-time = 1564686557.4825327
injection-file = /work/shashwat.singh/Prospects-of-LGWs/unlens/injection.hdf

[global]
instruments = E1 E2 E3
mass1_ref = 30.000000000654428
mass2_ref = 30.00000000096593
minchirp = 26.116416899589026
maxchirp = 26.116616899589026
mincov = 173182218264.61102
maxcov = 17318221826461.104
