
[data]
trigger-time = 1127585214.5738301
injection-file = /work/shashwat.singh/Prospects-of-LGWs/unlens/injection.hdf

[global]
instruments = E1 E2 E3
mass1_ref = 30.00000000764662
mass2_ref = 30.0000000041677
minchirp = 26.116416904026206
maxchirp = 26.116616904026206
mincov = 156015554358.89612
maxcov = 15601555435889.611
