
[data]
trigger-time = 1802715739.750125
injection-file = /work/shashwat.singh/Prospects-of-LGWs/unlens/injection.hdf

[global]
instruments = E1 E2 E3
mass1_ref = 30.00000000569206
mass2_ref = 30.000000008345967
minchirp = 26.11641690499413
maxchirp = 26.116616904994128
mincov = 34450463295.03203
maxcov = 3445046329503.203
