
[data]
trigger-time = 1867061403.4335146
injection-file = /work/shashwat.singh/Prospects-of-LGWs/unlens/injection.hdf

[global]
instruments = E1 E2 E3
mass1_ref = 30.000000001019156
mass2_ref = 30.00000000775667
minchirp = 26.116416902703627
maxchirp = 26.116616902703626
mincov = 171823623826.78244
maxcov = 17182362382678.244
