
[data]
trigger-time = 1981602792.8801258
injection-file = /work/shashwat.singh/Prospects-of-LGWs/unlens/injection.hdf

[global]
instruments = E1 E2 E3
mass1_ref = 30.000000001656996
mass2_ref = 30.000000006922093
minchirp = 26.116416902617992
maxchirp = 26.11661690261799
mincov = 14497292666.314514
maxcov = 1449729266631.4514
