
[data]
trigger-time = 1974372942.6307082
injection-file = /work/shashwat.singh/Prospects-of-LGWs/unlens/injection.hdf

[global]
instruments = E1 E2 E3
mass1_ref = 30.000000004691792
mass2_ref = 30.00000000667063
minchirp = 26.116416903829506
maxchirp = 26.116616903829506
mincov = 120155825254.30183
maxcov = 12015582525430.184
