
[data]
trigger-time = 1863421083.524941
injection-file = /work/shashwat.singh/Prospects-of-LGWs/unlens/injection.hdf

[global]
instruments = E1 E2 E3
mass1_ref = 30.00000000520341
mass2_ref = 30.000000005716306
minchirp = 26.116416903636807
maxchirp = 26.116616903636807
mincov = 130103356578.94376
maxcov = 13010335657894.375
