
[data]
trigger-time = 1181384905.3868372
injection-file = /work/shashwat.singh/Prospects-of-LGWs/unlens/injection.hdf

[global]
instruments = E1 E2 E3
mass1_ref = 30.000000003845102
mass2_ref = 30.000000009944173
minchirp = 26.116416904885856
maxchirp = 26.116616904885856
mincov = 167132248617.2889
maxcov = 16713224861728.89
