
[data]
trigger-time = 1035848547.7800705
injection-file = /work/shashwat.singh/Prospects-of-LGWs/unlens/injection.hdf

[global]
instruments = E1 E2 E3
mass1_ref = 30.000000003537767
mass2_ref = 30.0000000099037
minchirp = 26.116416904734464
maxchirp = 26.116616904734464
mincov = 83526639859.41072
maxcov = 8352663985941.072
