
[data]
trigger-time = 1381986902.1192377
injection-file = /work/shashwat.singh/Prospects-of-LGWs/unlens/injection.hdf

[global]
instruments = E1 E2 E3
mass1_ref = 30.000000004472135
mass2_ref = 30.000000006323575
minchirp = 26.11641690358283
maxchirp = 26.11661690358283
mincov = 156923960580.6416
maxcov = 15692396058064.16
