
[data]
trigger-time = 1335791695.1886554
injection-file = /work/shashwat.singh/Prospects-of-LGWs/unlens/injection.hdf

[global]
instruments = E1 E2 E3
mass1_ref = 30.00000000600194
mass2_ref = 30.000000008263637
minchirp = 26.11641690509318
maxchirp = 26.116616905093178
mincov = 66488817501.17052
maxcov = 6648881750117.052
