
[data]
trigger-time = 1221380085.7641833
injection-file = /work/shashwat.singh/Prospects-of-LGWs/unlens/injection.hdf

[global]
instruments = E1 E2 E3
mass1_ref = 30.000000004396373
mass2_ref = 30.000000008985605
minchirp = 26.11641690470857
maxchirp = 26.116616904708568
mincov = 115757157681.99734
maxcov = 11575715768199.734
