
[data]
trigger-time = 1212081800.4776244
injection-file = /work/shashwat.singh/Prospects-of-LGWs/unlens/injection.hdf

[global]
instruments = E1 E2 E3
mass1_ref = 30.00000000133078
mass2_ref = 30.00000000582447
minchirp = 26.116416901998228
maxchirp = 26.116616901998228
mincov = 75101834669.95271
maxcov = 7510183466995.271
