
[data]
trigger-time = 1066762276.875687
injection-file = /work/shashwat.singh/Prospects-of-LGWs/unlens/injection.hdf

[global]
instruments = E1 E2 E3
mass1_ref = 30.00000000774905
mass2_ref = 30.000000007948646
minchirp = 26.116416905716545
maxchirp = 26.116616905716544
mincov = 152875517348.49847
maxcov = 15287551734849.848
