
[data]
trigger-time = 1950096300.884276
injection-file = /work/shashwat.singh/Prospects-of-LGWs/unlens/injection.hdf

[global]
instruments = E1 E2 E3
mass1_ref = 30.00000000535172
mass2_ref = 30.000000007500887
minchirp = 26.116416904478147
maxchirp = 26.116616904478146
mincov = 124058309822.29387
maxcov = 12405830982229.387
