
[data]
trigger-time = 1808757615.4777153
injection-file = /work/shashwat.singh/Prospects-of-LGWs/unlens/injection.hdf

[global]
instruments = E1 E2 E3
mass1_ref = 30.000000008426625
mass2_ref = 30.000000003941146
minchirp = 26.11641690426711
maxchirp = 26.116616904267108
mincov = 148750016813.34515
maxcov = 14875001681334.514
