
[data]
trigger-time = 1166210935.5350475
injection-file = /work/shashwat.singh/Prospects-of-LGWs/unlens/injection.hdf

[global]
instruments = E1 E2 E3
mass1_ref = 30.000000006253252
mass2_ref = 30.000000004569195
minchirp = 26.116416903594466
maxchirp = 26.116616903594466
mincov = 135593899784.00847
maxcov = 13559389978400.848
