
[data]
trigger-time = 1615048048.3739076
injection-file = /work/shashwat.singh/Prospects-of-LGWs/unlens/injection.hdf

[global]
instruments = E1 E2 E3
mass1_ref = 30.00000000609371
mass2_ref = 30.00000000516003
minchirp = 26.1164169037822
maxchirp = 26.116616903782198
mincov = 87176387816.58096
maxcov = 8717638781658.097
