
[data]
trigger-time = 1166345137.4731762
injection-file = /work/shashwat.singh/Prospects-of-LGWs/unlens/injection.hdf

[global]
instruments = E1 E2 E3
mass1_ref = 30.000000005743253
mass2_ref = 30.000000009756555
minchirp = 26.116416905630405
maxchirp = 26.116616905630405
mincov = 107921818227.14856
maxcov = 10792181822714.855
