
[data]
trigger-time = 1669278115.0005927
injection-file = /work/shashwat.singh/Prospects-of-LGWs/unlens/injection.hdf

[global]
instruments = E1 E2 E3
mass1_ref = 30.00000000341907
mass2_ref = 30.000000008834512
minchirp = 26.116416904217406
maxchirp = 26.116616904217405
mincov = 94441337627.56572
maxcov = 9444133762756.572
