
[data]
trigger-time = 1234952943.736743
injection-file = /work/shashwat.singh/Prospects-of-LGWs/unlens/injection.hdf

[global]
instruments = E1 E2 E3
mass1_ref = 30.00000000775827
mass2_ref = 30.00000000323903
minchirp = 26.116416903670576
maxchirp = 26.116616903670575
mincov = 106279500537.98956
maxcov = 10627950053798.957
