
[data]
trigger-time = 1022148798.7976294
injection-file = /work/shashwat.singh/Prospects-of-LGWs/unlens/injection.hdf

[global]
instruments = E1 E2 E3
mass1_ref = 30.000000000550408
mass2_ref = 30.000000008594952
minchirp = 26.116416902864472
maxchirp = 26.11661690286447
mincov = 74977337312.79092
maxcov = 7497733731279.093
