
[data]
trigger-time = 1655233244.1339383
injection-file = /work/shashwat.singh/Prospects-of-LGWs/unlens/injection.hdf

[global]
instruments = E1 E2 E3
mass1_ref = 30.000000005085035
mass2_ref = 30.000000005793964
minchirp = 26.116416903619083
maxchirp = 26.116616903619082
mincov = 167613165993.21518
maxcov = 16761316599321.52
