
[data]
trigger-time = 1200116330.6682982
injection-file = /work/shashwat.singh/Prospects-of-LGWs/unlens/injection.hdf

[global]
instruments = E1 E2 E3
mass1_ref = 30.000000001989815
mass2_ref = 30.00000000846972
minchirp = 26.1164169034365
maxchirp = 26.1166169034365
mincov = 31788412171.329487
maxcov = 3178841217132.9487
