
[data]
trigger-time = 1960118076.0081663
injection-file = /work/shashwat.singh/Prospects-of-LGWs/unlens/injection.hdf

[global]
instruments = E1 E2 E3
mass1_ref = 30.00000000739316
mass2_ref = 30.000000001315392
minchirp = 26.11641690267434
maxchirp = 26.11661690267434
mincov = 162078039109.0408
maxcov = 16207803910904.08
