
[data]
trigger-time = 1803731619.6834075
injection-file = /work/shashwat.singh/Prospects-of-LGWs/unlens/injection.hdf

[global]
instruments = E1 E2 E3
mass1_ref = 30.00000000292112
mass2_ref = 30.000000002730847
minchirp = 26.116416901343886
maxchirp = 26.116616901343885
mincov = 55670886800.35466
maxcov = 5567088680035.467
