
[data]
trigger-time = 1514164849.0822222
injection-file = /work/shashwat.singh/Prospects-of-LGWs/unlens/injection.hdf

[global]
instruments = E1 E2 E3
mass1_ref = 30.00000000956058
mass2_ref = 30.00000000103846
minchirp = 26.116416903497228
maxchirp = 26.116616903497228
mincov = 156518305113.3331
maxcov = 15651830511333.31
