
[data]
trigger-time = 1801993328.7874906
injection-file = /work/shashwat.singh/Prospects-of-LGWs/unlens/injection.hdf

[global]
instruments = E1 E2 E3
mass1_ref = 30.000000005918594
mass2_ref = 30.00000000222514
minchirp = 26.11641690242849
maxchirp = 26.11661690242849
mincov = 77832287831.92116
maxcov = 7783228783192.115
