
[data]
trigger-time = 1349242133.7165031
injection-file = /work/shashwat.singh/Prospects-of-LGWs/unlens/injection.hdf

[global]
instruments = E1 E2 E3
mass1_ref = 30.00000000348835
mass2_ref = 30.000000001003347
minchirp = 26.11641690083885
maxchirp = 26.11661690083885
mincov = 1233037959.6339078
maxcov = 123303795963.39078
