
[data]
trigger-time = 1837615010.4845371
injection-file = /work/shashwat.singh/Prospects-of-LGWs/unlens/injection.hdf

[global]
instruments = E1 E2 E3
mass1_ref = 30.000000001236945
mass2_ref = 30.000000009497565
minchirp = 26.116416903556193
maxchirp = 26.116616903556192
mincov = 14157538050.606161
maxcov = 1415753805060.6162
