
[data]
trigger-time = 1357654639.2541475
injection-file = /work/shashwat.singh/Prospects-of-LGWs/unlens/injection.hdf

[global]
instruments = E1 E2 E3
mass1_ref = 30.000000004022983
mass2_ref = 30.000000009803752
minchirp = 26.11641690490216
maxchirp = 26.11661690490216
mincov = 735619882.7126797
maxcov = 73561988271.26797
