
[data]
trigger-time = 1749088479.5702736
injection-file = /work/shashwat.singh/Prospects-of-LGWs/unlens/injection.hdf

[global]
instruments = E1 E2 E3
mass1_ref = 30.000000002358664
mass2_ref = 30.000000000362284
minchirp = 26.11641690006809
maxchirp = 26.116616900068088
mincov = 29291760063.414417
maxcov = 2929176006341.4414
