
[data]
trigger-time = 1330484369.163063
injection-file = /work/shashwat.singh/Prospects-of-LGWs/unlens/injection.hdf

[global]
instruments = E1 E2 E3
mass1_ref = 30.000000002145356
mass2_ref = 30.000000005177498
minchirp = 26.11641690207118
maxchirp = 26.11661690207118
mincov = 24567546616.218475
maxcov = 2456754661621.8477
