
[data]
trigger-time = 1828632753.1661177
injection-file = /work/shashwat.singh/Prospects-of-LGWs/unlens/injection.hdf

[global]
instruments = E1 E2 E3
mass1_ref = 30.00000000024783
mass2_ref = 30.000000008937548
minchirp = 26.11641690288189
maxchirp = 26.11661690288189
mincov = 653853550.3343756
maxcov = 65385355033.43757
