
[data]
trigger-time = 1679963620.8739104
injection-file = /work/shashwat.singh/Prospects-of-LGWs/unlens/injection.hdf

[global]
instruments = E1 E2 E3
mass1_ref = 30.00000000395133
mass2_ref = 30.000000008078214
minchirp = 26.116416904119887
maxchirp = 26.116616904119887
mincov = 24389405040.222656
maxcov = 2438940504022.2656
