
[data]
trigger-time = 1648508046.801066
injection-file = /work/shashwat.singh/Prospects-of-LGWs/unlens/injection.hdf

[global]
instruments = E1 E2 E3
mass1_ref = 30.00000000875963
mass2_ref = 30.00000000367237
minchirp = 26.11641690429507
maxchirp = 26.116616904295068
mincov = 154268911858.58212
maxcov = 15426891185858.213
