
[data]
trigger-time = 1872950253.002718
injection-file = /work/shashwat.singh/Prospects-of-LGWs/unlens/injection.hdf

[global]
instruments = E1 E2 E3
mass1_ref = 30.000000000179906
mass2_ref = 30.00000000696473
minchirp = 26.116416901993606
maxchirp = 26.116616901993606
mincov = 49095077277.92793
maxcov = 4909507727792.794
