
[data]
trigger-time = 1555951645.3179698
injection-file = /work/shashwat.singh/Prospects-of-LGWs/unlens/injection.hdf

[global]
instruments = E1 E2 E3
mass1_ref = 30.0000000038458
mass2_ref = 30.0000000012863
minchirp = 26.1164169011176
maxchirp = 26.1166169011176
mincov = 30103585561.862812
maxcov = 3010358556186.2812
