
[data]
trigger-time = 1714258818.3351161
injection-file = /work/shashwat.singh/Prospects-of-LGWs/unlens/injection.hdf

[global]
instruments = E1 E2 E3
mass1_ref = 30.000000000609266
mass2_ref = 30.00000000852723
minchirp = 26.116416902860617
maxchirp = 26.116616902860617
mincov = 94447495893.13287
maxcov = 9444749589313.287
