
[data]
trigger-time = 1714751329.5966153
injection-file = /work/shashwat.singh/Prospects-of-LGWs/unlens/injection.hdf

[global]
instruments = E1 E2 E3
mass1_ref = 30.000000001737032
mass2_ref = 30.000000006829467
minchirp = 26.11641690261251
maxchirp = 26.11661690261251
mincov = 146748192362.37738
maxcov = 14674819236237.738
