
[data]
trigger-time = 1485569557.326503
injection-file = /work/shashwat.singh/Prospects-of-LGWs/unlens/injection.hdf

[global]
instruments = E1 E2 E3
mass1_ref = 30.000000003664788
mass2_ref = 30.000000000569234
minchirp = 26.11641690072669
maxchirp = 26.11661690072669
mincov = 143868648067.5643
maxcov = 14386864806756.43
