
[data]
trigger-time = 1974479079.457355
injection-file = /work/shashwat.singh/Prospects-of-LGWs/unlens/injection.hdf

[global]
instruments = E1 E2 E3
mass1_ref = 30.000000006596665
mass2_ref = 30.000000002632245
minchirp = 26.11641690290084
maxchirp = 26.11661690290084
mincov = 160902981992.07614
maxcov = 16090298199207.615
