
[data]
trigger-time = 1793502822.5586207
injection-file = /work/shashwat.singh/Prospects-of-LGWs/unlens/injection.hdf

[global]
instruments = E1 E2 E3
mass1_ref = 30.000000009006925
mass2_ref = 30.000000008586202
minchirp = 26.116416906541577
maxchirp = 26.116616906541577
mincov = 135763290800.50993
maxcov = 13576329080050.994
