
[data]
trigger-time = 1122133762.9734707
injection-file = /work/shashwat.singh/Prospects-of-LGWs/unlens/injection.hdf

[global]
instruments = E1 E2 E3
mass1_ref = 30.000000002215735
mass2_ref = 30.000000009155865
minchirp = 26.116416903833503
maxchirp = 26.116616903833503
mincov = 117598352506.64111
maxcov = 11759835250664.111
