
[data]
trigger-time = 1044444340.6040435
injection-file = /work/shashwat.singh/Prospects-of-LGWs/unlens/injection.hdf

[global]
instruments = E1 E2 E3
mass1_ref = 30.00000000040851
mass2_ref = 30.000000000010996
minchirp = 26.116416899066323
maxchirp = 26.116616899066322
mincov = 155991569530.41928
maxcov = 15599156953041.93
