
[data]
trigger-time = 1987603348.6594856
injection-file = /work/shashwat.singh/Prospects-of-LGWs/unlens/injection.hdf

[global]
instruments = E1 E2 E3
mass1_ref = 30.00000000773998
mass2_ref = 30.00000000547071
minchirp = 26.11641690463401
maxchirp = 26.11661690463401
mincov = 53382484115.969536
maxcov = 5338248411596.954
