
[data]
trigger-time = 1167873800.5561996
injection-file = /work/shashwat.singh/Prospects-of-LGWs/unlens/injection.hdf

[global]
instruments = E1 E2 E3
mass1_ref = 30.000000000251788
mass2_ref = 30.00000000579187
minchirp = 26.116416901514377
maxchirp = 26.116616901514377
mincov = 99676710271.64838
maxcov = 9967671027164.838
