
[data]
trigger-time = 1280342573.930664
injection-file = /work/shashwat.singh/Prospects-of-LGWs/unlens/injection.hdf

[global]
instruments = E1 E2 E3
mass1_ref = 30.000000008881994
mass2_ref = 30.0000000020099
minchirp = 26.116416903624696
maxchirp = 26.116616903624696
mincov = 9486501128.607986
maxcov = 948650112860.7986
