
[data]
trigger-time = 1662526780.112879
injection-file = /work/shashwat.singh/Prospects-of-LGWs/unlens/injection.hdf

[global]
instruments = E1 E2 E3
mass1_ref = 30.000000002207184
mass2_ref = 30.00000000877839
minchirp = 26.116416903665474
maxchirp = 26.116616903665474
mincov = 123152111905.53699
maxcov = 12315211190553.7
