
[data]
trigger-time = 1526306380.9773521
injection-file = /work/shashwat.singh/Prospects-of-LGWs/unlens/injection.hdf

[global]
instruments = E1 E2 E3
mass1_ref = 30.00000000275806
mass2_ref = 30.000000007909776
minchirp = 26.116416903527167
maxchirp = 26.116616903527166
mincov = 97476867725.51761
maxcov = 9747686772551.762
