
[data]
trigger-time = 1851680609.5023153
injection-file = /work/shashwat.singh/Prospects-of-LGWs/unlens/injection.hdf

[global]
instruments = E1 E2 E3
mass1_ref = 30.000000000364768
mass2_ref = 30.00000000591288
minchirp = 26.116416901616226
maxchirp = 26.116616901616226
mincov = 45125450308.4657
maxcov = 4512545030846.57
