
[data]
trigger-time = 1902984510.4647775
injection-file = /work/shashwat.singh/Prospects-of-LGWs/unlens/injection.hdf

[global]
instruments = E1 E2 E3
mass1_ref = 30.0000000058148
mass2_ref = 30.000000003570168
minchirp = 26.11641690296877
maxchirp = 26.11661690296877
mincov = 1515500573.945881
maxcov = 151550057394.58807
