
[data]
trigger-time = 1545685349.4620795
injection-file = /work/shashwat.singh/Prospects-of-LGWs/unlens/injection.hdf

[global]
instruments = E1 E2 E3
mass1_ref = 30.000000000753957
mass2_ref = 30.0000000094749
minchirp = 26.116416903336095
maxchirp = 26.116616903336094
mincov = 1841917266.454237
maxcov = 184191726645.4237
