
[data]
trigger-time = 1638782802.2337599
injection-file = /work/shashwat.singh/Prospects-of-LGWs/unlens/injection.hdf

[global]
instruments = E1 E2 E3
mass1_ref = 30.000000008246666
mass2_ref = 30.000000008724793
minchirp = 26.11641690627098
maxchirp = 26.11661690627098
mincov = 29195862383.641808
maxcov = 2919586238364.1807
