
[data]
trigger-time = 1084585098.187507
injection-file = /work/shashwat.singh/Prospects-of-LGWs/unlens/injection.hdf

[global]
instruments = E1 E2 E3
mass1_ref = 30.00000000299954
mass2_ref = 30.000000007205305
minchirp = 26.11641690332564
maxchirp = 26.11661690332564
mincov = 1817037513.045011
maxcov = 181703751304.5011
