
[data]
trigger-time = 1891721487.657567
injection-file = /work/shashwat.singh/Prospects-of-LGWs/unlens/injection.hdf

[global]
instruments = E1 E2 E3
mass1_ref = 30.000000005025797
mass2_ref = 30.000000007135583
minchirp = 26.11641690417727
maxchirp = 26.11661690417727
mincov = 49108173.357246645
maxcov = 4910817335.724665
