
[data]
trigger-time = 1386823950.6084354
injection-file = /work/shashwat.singh/Prospects-of-LGWs/unlens/injection.hdf

[global]
instruments = E1 E2 E3
mass1_ref = 30.00000000299141
mass2_ref = 30.000000008040523
minchirp = 26.116416903685653
maxchirp = 26.116616903685653
mincov = 49322677673.739815
maxcov = 4932267767373.981
