
[data]
trigger-time = 1066762720.4399023
injection-file = /work/shashwat.singh/Prospects-of-LGWs/unlens/injection.hdf

[global]
instruments = E1 E2 E3
mass1_ref = 30.00000000233899
mass2_ref = 30.00000000795386
minchirp = 26.116416903363948
maxchirp = 26.116616903363948
mincov = 51714231479.69255
maxcov = 5171423147969.256
