
[data]
trigger-time = 1243380886.0832715
injection-file = /work/shashwat.singh/Prospects-of-LGWs/unlens/injection.hdf

[global]
instruments = E1 E2 E3
mass1_ref = 30.000000000380716
mass2_ref = 30.000000000369035
minchirp = 26.116416899210073
maxchirp = 26.116616899210072
mincov = 85678274086.34361
maxcov = 8567827408634.361
