
[data]
trigger-time = 1059903484.9801315
injection-file = /work/shashwat.singh/Prospects-of-LGWs/unlens/injection.hdf

[global]
instruments = E1 E2 E3
mass1_ref = 30.00000000273183
mass2_ref = 30.00000000480391
minchirp = 26.116416902163845
maxchirp = 26.116616902163845
mincov = 533616683.490949
maxcov = 53361668349.094894
