
[data]
trigger-time = 1927841925.4052796
injection-file = /work/shashwat.singh/Prospects-of-LGWs/unlens/injection.hdf

[global]
instruments = E1 E2 E3
mass1_ref = 30.0000000071328
mass2_ref = 30.000000008637585
minchirp = 26.11641690574818
maxchirp = 26.11661690574818
mincov = 108439387087.00726
maxcov = 10843938708700.727
