
[data]
trigger-time = 1404297821.1529193
injection-file = /work/shashwat.singh/Prospects-of-LGWs/unlens/injection.hdf

[global]
instruments = E1 E2 E3
mass1_ref = 30.000000008277635
mass2_ref = 30.000000000974442
minchirp = 26.116416902910924
maxchirp = 26.116616902910923
mincov = 133084810541.53523
maxcov = 13308481054153.523
