
[data]
trigger-time = 1236028607.8957026
injection-file = /work/shashwat.singh/Prospects-of-LGWs/unlens/injection.hdf

[global]
instruments = E1 E2 E3
mass1_ref = 30.000000009808055
mass2_ref = 30.000000002536567
minchirp = 26.116416904257033
maxchirp = 26.116616904257032
mincov = 78412379243.80916
maxcov = 7841237924380.916
