
[data]
trigger-time = 1169174610.841885
injection-file = /work/shashwat.singh/Prospects-of-LGWs/unlens/injection.hdf

[global]
instruments = E1 E2 E3
mass1_ref = 30.000000007784877
mass2_ref = 30.000000008299626
minchirp = 26.116416905884908
maxchirp = 26.116616905884907
mincov = 9501031251.66143
maxcov = 950103125166.1431
