
[data]
trigger-time = 1809473148.5208557
injection-file = /work/shashwat.singh/Prospects-of-LGWs/unlens/injection.hdf

[global]
instruments = E1 E2 E3
mass1_ref = 30.000000000010807
mass2_ref = 30.00000000382639
minchirp = 26.11641690055396
maxchirp = 26.11661690055396
mincov = 86032226665.42178
maxcov = 8603222666542.179
