
[data]
trigger-time = 1607458022.037578
injection-file = /work/shashwat.singh/Prospects-of-LGWs/unlens/injection.hdf

[global]
instruments = E1 E2 E3
mass1_ref = 30.000000007217135
mass2_ref = 30.0000000098147
minchirp = 26.11641690629726
maxchirp = 26.11661690629726
mincov = 159182707454.66592
maxcov = 15918270745466.592
