
[data]
trigger-time = 1076538390.5640442
injection-file = /work/shashwat.singh/Prospects-of-LGWs/unlens/injection.hdf

[global]
instruments = E1 E2 E3
mass1_ref = 30.000000004037595
mass2_ref = 30.000000003266905
minchirp = 26.116416902063193
maxchirp = 26.116616902063193
mincov = 138141295413.36542
maxcov = 13814129541336.541
