
[data]
trigger-time = 1438549552.7101855
injection-file = /work/shashwat.singh/Prospects-of-LGWs/unlens/injection.hdf

[global]
instruments = E1 E2 E3
mass1_ref = 30.00000000120414
mass2_ref = 30.000000004308195
minchirp = 26.116416901283106
maxchirp = 26.116616901283106
mincov = 69696373620.4321
maxcov = 6969637362043.211
