
[data]
trigger-time = 1394365389.2177196
injection-file = /work/shashwat.singh/Prospects-of-LGWs/unlens/injection.hdf

[global]
instruments = E1 E2 E3
mass1_ref = 30.000000007863495
mass2_ref = 30.000000007718725
minchirp = 26.11641690566628
maxchirp = 26.11661690566628
mincov = 148425839445.64728
maxcov = 14842583944564.729
