
[data]
trigger-time = 1757199808.5837584
injection-file = /work/shashwat.singh/Prospects-of-LGWs/unlens/injection.hdf

[global]
instruments = E1 E2 E3
mass1_ref = 30.000000000451582
mass2_ref = 30.000000006829854
minchirp = 26.116416902053153
maxchirp = 26.116616902053153
mincov = 20381240501.2908
maxcov = 2038124050129.0798
