
[data]
trigger-time = 1289432059.6575203
injection-file = /work/shashwat.singh/Prospects-of-LGWs/unlens/injection.hdf

[global]
instruments = E1 E2 E3
mass1_ref = 30.00000000245279
mass2_ref = 30.000000004862372
minchirp = 26.116416902067833
maxchirp = 26.116616902067832
mincov = 173788588813.4108
maxcov = 17378858881341.078
