
[data]
trigger-time = 1861854719.3171554
injection-file = /work/shashwat.singh/Prospects-of-LGWs/unlens/injection.hdf

[global]
instruments = E1 E2 E3
mass1_ref = 30.000000007459633
mass2_ref = 30.000000006974172
minchirp = 26.116416905166403
maxchirp = 26.116616905166403
mincov = 178346221048.11078
maxcov = 17834622104811.08
