
[data]
trigger-time = 1232523923.3211899
injection-file = /work/shashwat.singh/Prospects-of-LGWs/unlens/injection.hdf

[global]
instruments = E1 E2 E3
mass1_ref = 30.000000003424912
mass2_ref = 30.000000003397663
minchirp = 26.116416901853423
maxchirp = 26.116616901853423
mincov = 31198789754.875835
maxcov = 3119878975487.5835
