
[data]
trigger-time = 1663396019.1779056
injection-file = /work/shashwat.singh/Prospects-of-LGWs/unlens/injection.hdf

[global]
instruments = E1 E2 E3
mass1_ref = 30.000000002211074
mass2_ref = 30.00000000600783
minchirp = 26.11641690246121
maxchirp = 26.11661690246121
mincov = 88226169857.66727
maxcov = 8822616985766.727
