
[data]
trigger-time = 1169057693.7336178
injection-file = /work/shashwat.singh/Prospects-of-LGWs/unlens/injection.hdf

[global]
instruments = E1 E2 E3
mass1_ref = 30.000000002810786
mass2_ref = 30.00000000609916
minchirp = 26.116416902762005
maxchirp = 26.116616902762004
mincov = 231942508.45550618
maxcov = 23194250845.550617
