
[data]
trigger-time = 1286536312.201812
injection-file = /work/shashwat.singh/Prospects-of-LGWs/unlens/injection.hdf

[global]
instruments = E1 E2 E3
mass1_ref = 30.000000007295046
mass2_ref = 30.000000003160412
minchirp = 26.116416903434725
maxchirp = 26.116616903434725
mincov = 93163251101.03566
maxcov = 9316325110103.566
