
[data]
trigger-time = 1032604731.851053
injection-file = /work/shashwat.singh/Prospects-of-LGWs/unlens/injection.hdf

[global]
instruments = E1 E2 E3
mass1_ref = 30.00000000313723
mass2_ref = 30.00000000758218
minchirp = 26.11641690354962
maxchirp = 26.11661690354962
mincov = 99458797032.22874
maxcov = 9945879703222.875
