
[data]
trigger-time = 1925987043.5975952
injection-file = /work/shashwat.singh/Prospects-of-LGWs/unlens/injection.hdf

[global]
instruments = E1 E2 E3
mass1_ref = 30.000000008756473
mass2_ref = 30.00000000205054
minchirp = 26.11641690358775
maxchirp = 26.11661690358775
mincov = 27190451083.155216
maxcov = 2719045108315.5215
