
[data]
trigger-time = 1798590687.4998965
injection-file = /work/shashwat.singh/Prospects-of-LGWs/unlens/injection.hdf

[global]
instruments = E1 E2 E3
mass1_ref = 30.000000003086697
mass2_ref = 30.000000008473652
minchirp = 26.11641690391566
maxchirp = 26.11661690391566
mincov = 92652159772.95894
maxcov = 9265215977295.895
