
[data]
trigger-time = 1185912183.9688997
injection-file = /work/shashwat.singh/Prospects-of-LGWs/unlens/injection.hdf

[global]
instruments = E1 E2 E3
mass1_ref = 30.000000008483298
mass2_ref = 30.000000006754924
minchirp = 26.116416905516544
maxchirp = 26.116616905516544
mincov = 122158822.00146493
maxcov = 12215882200.146494
