
[data]
trigger-time = 1895023117.1588228
injection-file = /work/shashwat.singh/Prospects-of-LGWs/unlens/injection.hdf

[global]
instruments = E1 E2 E3
mass1_ref = 30.000000007682893
mass2_ref = 30.000000009301246
minchirp = 26.1164169062765
maxchirp = 26.116616906276498
mincov = 159801057063.7384
maxcov = 15980105706373.84
