
[data]
trigger-time = 1503441597.7350492
injection-file = /work/shashwat.singh/Prospects-of-LGWs/unlens/injection.hdf

[global]
instruments = E1 E2 E3
mass1_ref = 30.000000003534716
mass2_ref = 30.000000008377366
minchirp = 26.116416904068757
maxchirp = 26.116616904068756
mincov = 84283779376.34312
maxcov = 8428377937634.3125
