
[data]
trigger-time = 1408563255.1195526
injection-file = /work/shashwat.singh/Prospects-of-LGWs/unlens/injection.hdf

[global]
instruments = E1 E2 E3
mass1_ref = 30.00000000770128
mass2_ref = 30.000000007130524
minchirp = 26.11641690533964
maxchirp = 26.11661690533964
mincov = 75577450712.75314
maxcov = 7557745071275.313
