
[data]
trigger-time = 1915554648.8032155
injection-file = /work/shashwat.singh/Prospects-of-LGWs/unlens/injection.hdf

[global]
instruments = E1 E2 E3
mass1_ref = 30.00000000739429
mass2_ref = 30.000000004537352
minchirp = 26.116416904077276
maxchirp = 26.116616904077276
mincov = 56247547118.97239
maxcov = 5624754711897.238
