
[data]
trigger-time = 1990412489.563261
injection-file = /work/shashwat.singh/Prospects-of-LGWs/unlens/injection.hdf

[global]
instruments = E1 E2 E3
mass1_ref = 30.000000007495146
mass2_ref = 30.00000000312207
minchirp = 26.116416903505137
maxchirp = 26.116616903505136
mincov = 179107281603.4884
maxcov = 17910728160348.84
