
[data]
trigger-time = 1641534278.7687416
injection-file = /work/shashwat.singh/Prospects-of-LGWs/unlens/injection.hdf

[global]
instruments = E1 E2 E3
mass1_ref = 30.00000000582865
mass2_ref = 30.00000000459417
minchirp = 26.11641690342052
maxchirp = 26.11661690342052
mincov = 51648207879.06837
maxcov = 5164820787906.837
