
[data]
trigger-time = 1997880233.8220954
injection-file = /work/shashwat.singh/Prospects-of-LGWs/unlens/injection.hdf

[global]
instruments = E1 E2 E3
mass1_ref = 30.00000000944121
mass2_ref = 30.000000003423164
minchirp = 26.11641690448327
maxchirp = 26.11661690448327
mincov = 68480252234.37303
maxcov = 6848025223437.304
