
[data]
trigger-time = 1233600482.7368474
injection-file = /work/shashwat.singh/Prospects-of-LGWs/unlens/injection.hdf

[global]
instruments = E1 E2 E3
mass1_ref = 30.000000002036266
mass2_ref = 30.000000000956522
minchirp = 26.11641690018641
maxchirp = 26.11661690018641
mincov = 111446781599.15268
maxcov = 11144678159915.27
