
[data]
trigger-time = 1292747498.248875
injection-file = /work/shashwat.singh/Prospects-of-LGWs/unlens/injection.hdf

[global]
instruments = E1 E2 E3
mass1_ref = 30.000000008837617
mass2_ref = 30.00000000804427
minchirp = 26.116416906231994
maxchirp = 26.116616906231993
mincov = 54597704962.83914
maxcov = 5459770496283.914
