
[data]
trigger-time = 1115486920.7415607
injection-file = /work/shashwat.singh/Prospects-of-LGWs/unlens/injection.hdf

[global]
instruments = E1 E2 E3
mass1_ref = 30.000000009998146
mass2_ref = 30.000000003378954
minchirp = 26.116416904706448
maxchirp = 26.116616904706447
mincov = 20999315535.896458
maxcov = 2099931553589.6458
