
[data]
trigger-time = 1573291497.2399595
injection-file = /work/shashwat.singh/Prospects-of-LGWs/unlens/injection.hdf

[global]
instruments = E1 E2 E3
mass1_ref = 30.000000007753325
mass2_ref = 30.00000000743134
minchirp = 26.116416905493235
maxchirp = 26.116616905493235
mincov = 32992843738.945545
maxcov = 3299284373894.5547
