
[data]
trigger-time = 1173893994.6758313
injection-file = /work/shashwat.singh/Prospects-of-LGWs/unlens/injection.hdf

[global]
instruments = E1 E2 E3
mass1_ref = 30.00000000561631
mass2_ref = 30.000000004780055
minchirp = 26.116416903409007
maxchirp = 26.116616903409007
mincov = 165269254095.36935
maxcov = 16526925409536.936
