
[data]
trigger-time = 1085731375.7034354
injection-file = /work/shashwat.singh/Prospects-of-LGWs/unlens/injection.hdf

[global]
instruments = E1 E2 E3
mass1_ref = 30.000000000637286
mass2_ref = 30.000000009210616
minchirp = 26.116416903170272
maxchirp = 26.11661690317027
mincov = 91047256291.36218
maxcov = 9104725629136.219
