
[data]
trigger-time = 1922232786.9035463
injection-file = /home/ss/Prospects-of-LGWs/unlens/injection.hdf

[global]
instruments = E1 E2 E3
mass1_ref = 30.00000000550806
mass2_ref = 30.00000000733894
minchirp = 26.116416904475706
maxchirp = 26.116616904475705
mincov = 13667212929.441174
maxcov = 1366721292944.1172
