
[data]
trigger-time = 1610168504.7412424
injection-file = /work/shashwat.singh/Prospects-of-LGWs/unlens/injection.hdf

[global]
instruments = E1 E2 E3
mass1_ref = 30.000000000751935
mass2_ref = 30.000000006171437
minchirp = 26.116416901897296
maxchirp = 26.116616901897295
mincov = 246813.0059361474
maxcov = 24681300.593614742
