
[data]
trigger-time = 1254679881.3496149
injection-file = /work/shashwat.singh/Prospects-of-LGWs/unlens/injection.hdf

[global]
instruments = E1 E2 E3
mass1_ref = 30.000000004791577
mass2_ref = 30.00000000466269
minchirp = 26.11641690299893
maxchirp = 26.11661690299893
mincov = 35626297183.067696
maxcov = 3562629718306.7695
