
[data]
trigger-time = 1373971496.622644
injection-file = /work/shashwat.singh/Prospects-of-LGWs/unlens/injection.hdf

[global]
instruments = E1 E2 E3
mass1_ref = 30.000000001458126
mass2_ref = 30.00000000218361
minchirp = 26.11641690046888
maxchirp = 26.11661690046888
mincov = 54207375453.62992
maxcov = 5420737545362.992
