
[data]
trigger-time = 1472520675.80414
injection-file = /work/shashwat.singh/Prospects-of-LGWs/unlens/injection.hdf

[global]
instruments = E1 E2 E3
mass1_ref = 30.00000000461534
mass2_ref = 30.000000006440487
minchirp = 26.116416903696056
maxchirp = 26.116616903696055
mincov = 67880959009.74553
maxcov = 6788095900974.553
