
[data]
trigger-time = 1732776696.2673318
injection-file = /work/shashwat.singh/Prospects-of-LGWs/unlens/injection.hdf

[global]
instruments = E1 E2 E3
mass1_ref = 30.00000000453381
mass2_ref = 30.000000003754522
minchirp = 26.11641690249143
maxchirp = 26.11661690249143
mincov = 60858208941.81517
maxcov = 6085820894181.518
