
[data]
trigger-time = 1280093209.4071846
injection-file = /work/shashwat.singh/Prospects-of-LGWs/unlens/injection.hdf

[global]
instruments = E1 E2 E3
mass1_ref = 30.000000001222972
mass2_ref = 30.00000000112542
minchirp = 26.11641689990592
maxchirp = 26.11661689990592
mincov = 162079206073.44943
maxcov = 16207920607344.943
