
[data]
trigger-time = 1285043243.5170414
injection-file = /work/shashwat.singh/Prospects-of-LGWs/unlens/injection.hdf

[global]
instruments = E1 E2 E3
mass1_ref = 30.00000000664207
mass2_ref = 30.00000000730022
minchirp = 26.11641690495246
maxchirp = 26.11661690495246
mincov = 176987358591.55988
maxcov = 17698735859155.984
