
[data]
trigger-time = 1071906795.1772685
injection-file = /work/shashwat.singh/Prospects-of-LGWs/unlens/injection.hdf

[global]
instruments = E1 E2 E3
mass1_ref = 30.000000001412143
mass2_ref = 30.000000007061495
minchirp = 26.11641690257209
maxchirp = 26.11661690257209
mincov = 24043531581.76283
maxcov = 2404353158176.283
