
[data]
trigger-time = 1253543100.7351255
injection-file = /work/shashwat.singh/Prospects-of-LGWs/unlens/injection.hdf

[global]
instruments = E1 E2 E3
mass1_ref = 30.000000009959837
mass2_ref = 30.000000001442604
minchirp = 26.116416903846925
maxchirp = 26.116616903846925
mincov = 105824820576.19978
maxcov = 10582482057619.979
