
[data]
trigger-time = 1340357048.681693
injection-file = /work/shashwat.singh/Prospects-of-LGWs/unlens/injection.hdf

[global]
instruments = E1 E2 E3
mass1_ref = 30.000000007942397
mass2_ref = 30.000000000245482
minchirp = 26.116416902447707
maxchirp = 26.116616902447706
mincov = 63542451852.34131
maxcov = 6354245185234.131
