
[data]
trigger-time = 1618085087.1356397
injection-file = /work/shashwat.singh/Prospects-of-LGWs/unlens/injection.hdf

[global]
instruments = E1 E2 E3
mass1_ref = 30.000000005214595
mass2_ref = 30.00000000938884
minchirp = 26.11641690524024
maxchirp = 26.11661690524024
mincov = 171309215916.2011
maxcov = 17130921591620.113
