
[data]
trigger-time = 1891230958.0004215
injection-file = /work/shashwat.singh/Prospects-of-LGWs/unlens/injection.hdf

[global]
instruments = E1 E2 E3
mass1_ref = 30.000000004295615
mass2_ref = 30.000000002064645
minchirp = 26.116416901652187
maxchirp = 26.116616901652186
mincov = 63028770128.70431
maxcov = 6302877012870.431
