
[data]
trigger-time = 1351131652.1297712
injection-file = /work/shashwat.singh/Prospects-of-LGWs/unlens/injection.hdf

[global]
instruments = E1 E2 E3
mass1_ref = 30.000000003791516
mass2_ref = 30.000000003980148
minchirp = 26.116416902266536
maxchirp = 26.116616902266536
mincov = 78504646290.86276
maxcov = 7850464629086.275
