
[data]
trigger-time = 1487307226.756187
injection-file = /work/shashwat.singh/Prospects-of-LGWs/unlens/injection.hdf

[global]
instruments = E1 E2 E3
mass1_ref = 30.000000001842402
mass2_ref = 30.000000002936346
minchirp = 26.116416900963795
maxchirp = 26.116616900963795
mincov = 169720341622.6807
maxcov = 16972034162268.068
