
[data]
trigger-time = 1256720587.4302518
injection-file = /work/shashwat.singh/Prospects-of-LGWs/unlens/injection.hdf

[global]
instruments = E1 E2 E3
mass1_ref = 30.00000000161029
mass2_ref = 30.00000000532347
minchirp = 26.116416901901818
maxchirp = 26.116616901901818
mincov = 101676104418.33871
maxcov = 10167610441833.871
