
[data]
trigger-time = 1080105459.6061876
injection-file = /work/shashwat.singh/Prospects-of-LGWs/unlens/injection.hdf

[global]
instruments = E1 E2 E3
mass1_ref = 30.000000006776112
mass2_ref = 30.000000004804296
minchirp = 26.116416903924392
maxchirp = 26.116616903924392
mincov = 169508706935.02924
maxcov = 16950870693502.926
