
[data]
trigger-time = 1460984749.3108473
injection-file = /work/shashwat.singh/Prospects-of-LGWs/unlens/injection.hdf

[global]
instruments = E1 E2 E3
mass1_ref = 30.000000007288065
mass2_ref = 30.00000000261084
minchirp = 26.116416903192473
maxchirp = 26.116616903192472
mincov = 100166667903.47244
maxcov = 10016666790347.244
