
[data]
trigger-time = 1595529601.1697743
injection-file = /work/shashwat.singh/Prospects-of-LGWs/unlens/injection.hdf

[global]
instruments = E1 E2 E3
mass1_ref = 30.000000000959307
mass2_ref = 30.000000009187506
minchirp = 26.11641690330038
maxchirp = 26.11661690330038
mincov = 160623640770.83737
maxcov = 16062364077083.738
