
[data]
trigger-time = 1778578599.2489161
injection-file = /work/shashwat.singh/Prospects-of-LGWs/unlens/injection.hdf

[global]
instruments = E1 E2 E3
mass1_ref = 30.000000009519297
mass2_ref = 30.000000009343953
minchirp = 26.116416907094433
maxchirp = 26.116616907094432
mincov = 91393464280.92218
maxcov = 9139346428092.219
