
[data]
trigger-time = 1285865851.598592
injection-file = /work/shashwat.singh/Prospects-of-LGWs/unlens/injection.hdf

[global]
instruments = E1 E2 E3
mass1_ref = 30.000000005615863
mass2_ref = 30.000000002164256
minchirp = 26.11641690227022
maxchirp = 26.11661690227022
mincov = 19862465374.14139
maxcov = 1986246537414.1392
