
[data]
trigger-time = 1059631398.2202263
injection-file = /work/shashwat.singh/Prospects-of-LGWs/unlens/injection.hdf

[global]
instruments = E1 E2 E3
mass1_ref = 30.00000000403771
mass2_ref = 30.00000000131607
minchirp = 26.116416901214095
maxchirp = 26.116616901214094
mincov = 420420809.3031513
maxcov = 42042080930.31513
