
[data]
trigger-time = 1845348572.8560865
injection-file = /work/shashwat.singh/Prospects-of-LGWs/unlens/injection.hdf

[global]
instruments = E1 E2 E3
mass1_ref = 30.0000000011856
mass2_ref = 30.000000006720644
minchirp = 26.116416902325117
maxchirp = 26.116616902325116
mincov = 1725241222.465498
maxcov = 172524122246.5498
