
[data]
trigger-time = 1128306422.1602352
injection-file = /work/shashwat.singh/Prospects-of-LGWs/unlens/injection.hdf

[global]
instruments = E1 E2 E3
mass1_ref = 30.00000000215304
mass2_ref = 30.00000000270798
minchirp = 26.116416900999607
maxchirp = 26.116616900999606
mincov = 18236500706.918648
maxcov = 1823650070691.865
