
[data]
trigger-time = 1924114574.0883727
injection-file = /work/shashwat.singh/Prospects-of-LGWs/unlens/injection.hdf

[global]
instruments = E1 E2 E3
mass1_ref = 30.00000000589962
mass2_ref = 30.000000009765806
minchirp = 26.116416905702497
maxchirp = 26.116616905702497
mincov = 29760712655.112926
maxcov = 2976071265511.293
