
[data]
trigger-time = 1219398771.6454065
injection-file = /work/shashwat.singh/Prospects-of-LGWs/unlens/injection.hdf

[global]
instruments = E1 E2 E3
mass1_ref = 30.000000000575493
mass2_ref = 30.000000006318974
minchirp = 26.116416901884715
maxchirp = 26.116616901884715
mincov = 151036644147.89807
maxcov = 15103664414789.807
