
[data]
trigger-time = 1833091720.402306
injection-file = /work/shashwat.singh/Prospects-of-LGWs/unlens/injection.hdf

[global]
instruments = E1 E2 E3
mass1_ref = 30.000000002652683
mass2_ref = 30.00000000336527
minchirp = 26.116416901503193
maxchirp = 26.116616901503193
mincov = 131673408747.66121
maxcov = 13167340874766.121
