
[data]
trigger-time = 1637271917.940174
injection-file = /work/shashwat.singh/Prospects-of-LGWs/unlens/injection.hdf

[global]
instruments = E1 E2 E3
mass1_ref = 30.00000000567307
mass2_ref = 30.000000009467826
minchirp = 26.116416905474182
maxchirp = 26.11661690547418
mincov = 45144058338.38844
maxcov = 4514405833838.845
