
[data]
trigger-time = 1053898949.2058707
injection-file = /work/shashwat.singh/Prospects-of-LGWs/unlens/injection.hdf

[global]
instruments = E1 E2 E3
mass1_ref = 30.000000007366527
mass2_ref = 30.000000007539523
minchirp = 26.11641690537196
maxchirp = 26.11661690537196
mincov = 57915559510.52849
maxcov = 5791555951052.85
