
[data]
trigger-time = 1647814241.217421
injection-file = /work/shashwat.singh/Prospects-of-LGWs/unlens/injection.hdf

[global]
instruments = E1 E2 E3
mass1_ref = 30.000000002739828
mass2_ref = 30.000000009064347
minchirp = 26.11641690402179
maxchirp = 26.11661690402179
mincov = 117158670450.49304
maxcov = 11715867045049.305
