
[data]
trigger-time = 1050143810.8679043
injection-file = /work/shashwat.singh/Prospects-of-LGWs/unlens/injection.hdf

[global]
instruments = E1 E2 E3
mass1_ref = 30.000000009693814
mass2_ref = 30.000000002685674
minchirp = 26.11641690427221
maxchirp = 26.11661690427221
mincov = 154649430887.57272
maxcov = 15464943088757.273
