
[data]
trigger-time = 1016322231.9986717
injection-file = /work/shashwat.singh/Prospects-of-LGWs/unlens/injection.hdf

[global]
instruments = E1 E2 E3
mass1_ref = 30.000000008062724
mass2_ref = 30.000000009832753
minchirp = 26.11641690667318
maxchirp = 26.11661690667318
mincov = 98299475017.73796
maxcov = 9829947501773.797
