
[data]
trigger-time = 1290658221.2699223
injection-file = /work/shashwat.singh/Prospects-of-LGWs/unlens/injection.hdf

[global]
instruments = E1 E2 E3
mass1_ref = 30.000000008549446
mass2_ref = 30.000000003854286
minchirp = 26.11641690428276
maxchirp = 26.11661690428276
mincov = 115006661306.3431
maxcov = 11500666130634.309
