
[data]
trigger-time = 1562087222.9466314
injection-file = /work/shashwat.singh/Prospects-of-LGWs/unlens/injection.hdf

[global]
instruments = E1 E2 E3
mass1_ref = 30.000000005458794
mass2_ref = 30.000000006761635
minchirp = 26.116416904202975
maxchirp = 26.116616904202974
mincov = 79035496838.9107
maxcov = 7903549683891.07
