
[data]
trigger-time = 1210301943.157381
injection-file = /work/shashwat.singh/Prospects-of-LGWs/unlens/injection.hdf

[global]
instruments = E1 E2 E3
mass1_ref = 30.000000003936023
mass2_ref = 30.00000000345761
minchirp = 26.116416902101992
maxchirp = 26.116616902101992
mincov = 49958501272.90127
maxcov = 4995850127290.127
