
[data]
trigger-time = 1985729797.6129107
injection-file = /work/shashwat.singh/Prospects-of-LGWs/unlens/injection.hdf

[global]
instruments = E1 E2 E3
mass1_ref = 30.00000000205489
mass2_ref = 30.00000000798439
minchirp = 26.116416903253576
maxchirp = 26.116616903253576
mincov = 175660345887.89377
maxcov = 17566034588789.377
