
[data]
trigger-time = 1332982666.7409
injection-file = /work/shashwat.singh/Prospects-of-LGWs/unlens/injection.hdf

[global]
instruments = E1 E2 E3
mass1_ref = 30.00000000072484
mass2_ref = 30.000000005072078
minchirp = 26.11641690140698
maxchirp = 26.116616901406978
mincov = 151696673212.8502
maxcov = 15169667321285.02
