
[data]
trigger-time = 1167639217.2046838
injection-file = /work/shashwat.singh/Prospects-of-LGWs/unlens/injection.hdf

[global]
instruments = E1 E2 E3
mass1_ref = 30.00000000370126
mass2_ref = 30.00000000125246
minchirp = 26.116416901039955
maxchirp = 26.116616901039954
mincov = 114449826076.0488
maxcov = 11444982607604.88
