
[data]
trigger-time = 1168204608.4894087
injection-file = /work/shashwat.singh/Prospects-of-LGWs/unlens/injection.hdf

[global]
instruments = E1 E2 E3
mass1_ref = 30.000000005353026
mass2_ref = 30.000000006630497
minchirp = 26.116416904099857
maxchirp = 26.116616904099857
mincov = 76778674990.59831
maxcov = 7677867499059.832
