
[data]
trigger-time = 1378540077.0841289
injection-file = /work/shashwat.singh/Prospects-of-LGWs/unlens/injection.hdf

[global]
instruments = E1 E2 E3
mass1_ref = 30.000000006853778
mass2_ref = 30.00000000589404
minchirp = 26.116416904432533
maxchirp = 26.116616904432533
mincov = 8670781099.368557
maxcov = 867078109936.8557
