
[data]
trigger-time = 1731623294.9593115
injection-file = /work/shashwat.singh/Prospects-of-LGWs/unlens/injection.hdf

[global]
instruments = E1 E2 E3
mass1_ref = 30.000000005251835
mass2_ref = 30.00000000769521
minchirp = 26.116416904519255
maxchirp = 26.116616904519255
mincov = 103000052289.3204
maxcov = 10300005228932.04
