
[data]
trigger-time = 1690219686.6442194
injection-file = /work/shashwat.singh/Prospects-of-LGWs/unlens/injection.hdf

[global]
instruments = E1 E2 E3
mass1_ref = 30.00000000282505
mass2_ref = 30.00000000538673
minchirp = 26.116416902458113
maxchirp = 26.116616902458112
mincov = 145013760819.84866
maxcov = 14501376081984.865
