
[data]
trigger-time = 1086243693.284286
injection-file = /work/shashwat.singh/Prospects-of-LGWs/unlens/injection.hdf

[global]
instruments = E1 E2 E3
mass1_ref = 30.00000000957167
mass2_ref = 30.000000009636974
minchirp = 26.116416907244773
maxchirp = 26.116616907244772
mincov = 67250968499.12797
maxcov = 6725096849912.797
