
[data]
trigger-time = 1943110703.6641097
injection-file = /work/shashwat.singh/Prospects-of-LGWs/unlens/injection.hdf

[global]
instruments = E1 E2 E3
mass1_ref = 30.000000006659658
mass2_ref = 30.000000005497405
minchirp = 26.116416904175395
maxchirp = 26.116616904175395
mincov = 113113976179.86902
maxcov = 11311397617986.902
