
[data]
trigger-time = 1686461892.558497
injection-file = /work/shashwat.singh/Prospects-of-LGWs/unlens/injection.hdf

[global]
instruments = E1 E2 E3
mass1_ref = 30.00000000475547
mass2_ref = 30.00000000402668
minchirp = 26.116416902706376
maxchirp = 26.116616902706376
mincov = 177189831982.6321
maxcov = 17718983198263.21
