
[data]
trigger-time = 1439348429.3188837
injection-file = /work/shashwat.singh/Prospects-of-LGWs/unlens/injection.hdf

[global]
instruments = E1 E2 E3
mass1_ref = 30.000000007623864
mass2_ref = 30.000000009758605
minchirp = 26.11641690644988
maxchirp = 26.11661690644988
mincov = 161309535587.32718
maxcov = 16130953558732.717
