
[data]
trigger-time = 1718930696.3325152
injection-file = /work/shashwat.singh/Prospects-of-LGWs/unlens/injection.hdf

[global]
instruments = E1 E2 E3
mass1_ref = 30.000000002627118
mass2_ref = 30.00000000975829
minchirp = 26.116416904274786
maxchirp = 26.116616904274785
mincov = 60371503106.29307
maxcov = 6037150310629.307
