
[data]
trigger-time = 1002460293.0111886
injection-file = /work/shashwat.singh/Prospects-of-LGWs/unlens/injection.hdf

[global]
instruments = E1 E2 E3
mass1_ref = 30.00000000888895
mass2_ref = 30.000000003917886
minchirp = 26.116416904458223
maxchirp = 26.116616904458223
mincov = 171847380799.23438
maxcov = 17184738079923.438
