
[data]
trigger-time = 1513265019.431251
injection-file = /work/shashwat.singh/Prospects-of-LGWs/unlens/injection.hdf

[global]
instruments = E1 E2 E3
mass1_ref = 30.0000000001918
mass2_ref = 30.000000007578233
minchirp = 26.11641690226583
maxchirp = 26.11661690226583
mincov = 75806877441.96933
maxcov = 7580687744196.933
