
[data]
trigger-time = 1226844681.9777718
injection-file = /work/shashwat.singh/Prospects-of-LGWs/unlens/injection.hdf

[global]
instruments = E1 E2 E3
mass1_ref = 30.000000004518935
mass2_ref = 30.000000009194032
minchirp = 26.116416904852642
maxchirp = 26.11661690485264
mincov = 22744557175.128143
maxcov = 2274455717512.8145
