
[data]
trigger-time = 1910885904.147686
injection-file = /work/shashwat.singh/Prospects-of-LGWs/unlens/injection.hdf

[global]
instruments = E1 E2 E3
mass1_ref = 30.000000009400726
mass2_ref = 30.00000000702775
minchirp = 26.116416906034637
maxchirp = 26.116616906034636
mincov = 96739425031.21202
maxcov = 9673942503121.203
