
[data]
trigger-time = 1065101465.5239648
injection-file = /work/shashwat.singh/Prospects-of-LGWs/unlens/injection.hdf

[global]
instruments = E1 E2 E3
mass1_ref = 30.000000002926868
mass2_ref = 30.00000000388617
minchirp = 26.11641690184927
maxchirp = 26.11661690184927
mincov = 103288797554.65843
maxcov = 10328879755465.844
