
[data]
trigger-time = 1493480199.792567
injection-file = /work/shashwat.singh/Prospects-of-LGWs/unlens/injection.hdf

[global]
instruments = E1 E2 E3
mass1_ref = 30.000000003321446
mass2_ref = 30.000000006124868
minchirp = 26.11641690299547
maxchirp = 26.11661690299547
mincov = 21307285247.219982
maxcov = 2130728524721.9983
