
[data]
trigger-time = 1660631169.9192057
injection-file = /work/shashwat.singh/Prospects-of-LGWs/unlens/injection.hdf

[global]
instruments = E1 E2 E3
mass1_ref = 30.00000000605533
mass2_ref = 30.000000005028195
minchirp = 26.11641690370811
maxchirp = 26.11661690370811
mincov = 154254712919.383
maxcov = 15425471291938.3
