
[data]
trigger-time = 1636253532.4022107
injection-file = /work/shashwat.singh/Prospects-of-LGWs/unlens/injection.hdf

[global]
instruments = E1 E2 E3
mass1_ref = 30.000000006064322
mass2_ref = 30.000000002020524
minchirp = 26.116416902402857
maxchirp = 26.116616902402857
mincov = 59603745311.12783
maxcov = 5960374531112.783
