
[data]
trigger-time = 1766763584.6768465
injection-file = /work/shashwat.singh/Prospects-of-LGWs/unlens/injection.hdf

[global]
instruments = E1 E2 E3
mass1_ref = 30.000000005198793
mass2_ref = 30.000000008023477
minchirp = 26.116416904639053
maxchirp = 26.116616904639052
mincov = 27283546115.224773
maxcov = 2728354611522.4775
