
[data]
trigger-time = 1536898690.6620746
injection-file = /work/shashwat.singh/Prospects-of-LGWs/unlens/injection.hdf

[global]
instruments = E1 E2 E3
mass1_ref = 30.000000000080878
mass2_ref = 30.00000000082253
minchirp = 26.116416899276956
maxchirp = 26.116616899276956
mincov = 328935928.15208536
maxcov = 32893592815.208534
