
[data]
trigger-time = 1471696722.851309
injection-file = /work/shashwat.singh/Prospects-of-LGWs/unlens/injection.hdf

[global]
instruments = E1 E2 E3
mass1_ref = 30.00000000310404
mass2_ref = 30.000000004211813
minchirp = 26.116416902068135
maxchirp = 26.116616902068134
mincov = 178196230686.41818
maxcov = 17819623068641.82
