
[data]
trigger-time = 1560582350.5280857
injection-file = /work/shashwat.singh/Prospects-of-LGWs/unlens/injection.hdf

[global]
instruments = E1 E2 E3
mass1_ref = 30.00000000846434
mass2_ref = 30.000000002972993
minchirp = 26.116416903862113
maxchirp = 26.116616903862113
mincov = 14619634772.392466
maxcov = 1461963477239.2466
