
[data]
trigger-time = 1810742735.3934407
injection-file = /work/shashwat.singh/Prospects-of-LGWs/unlens/injection.hdf

[global]
instruments = E1 E2 E3
mass1_ref = 30.00000000750138
mass2_ref = 30.000000006571767
minchirp = 26.11641690500942
maxchirp = 26.11661690500942
mincov = 167451927970.43958
maxcov = 16745192797043.957
