
[data]
trigger-time = 1742760447.475055
injection-file = /work/shashwat.singh/Prospects-of-LGWs/unlens/injection.hdf

[global]
instruments = E1 E2 E3
mass1_ref = 30.000000003141427
mass2_ref = 30.00000000094395
minchirp = 26.11641690066199
maxchirp = 26.116616900661988
mincov = 6512983124.065553
maxcov = 651298312406.5553
