
[data]
trigger-time = 1595773739.4292057
injection-file = /work/shashwat.singh/Prospects-of-LGWs/unlens/injection.hdf

[global]
instruments = E1 E2 E3
mass1_ref = 30.00000000765003
mass2_ref = 30.000000007015448
minchirp = 26.116416905267247
maxchirp = 26.116616905267247
mincov = 446032564.9670046
maxcov = 44603256496.700455
