
[data]
trigger-time = 1001677117.2657545
injection-file = /work/shashwat.singh/Prospects-of-LGWs/unlens/injection.hdf

[global]
instruments = E1 E2 E3
mass1_ref = 30.000000001170818
mass2_ref = 30.000000008663562
minchirp = 26.116416903164385
maxchirp = 26.116616903164385
mincov = 150131235705.86734
maxcov = 15013123570586.734
