
[data]
trigger-time = 1873493114.505477
injection-file = /work/shashwat.singh/Prospects-of-LGWs/unlens/injection.hdf

[global]
instruments = E1 E2 E3
mass1_ref = 30.000000007383512
mass2_ref = 30.000000008344266
minchirp = 26.116416905729636
maxchirp = 26.116616905729636
mincov = 132944628541.51535
maxcov = 13294462854151.535
