
[data]
trigger-time = 1214759479.1821
injection-file = /work/shashwat.singh/Prospects-of-LGWs/unlens/injection.hdf

[global]
instruments = E1 E2 E3
mass1_ref = 30.00000000043657
mass2_ref = 30.000000002938677
minchirp = 26.116416900352885
maxchirp = 26.116616900352884
mincov = 37896180611.503136
maxcov = 3789618061150.3135
