
[data]
trigger-time = 1687175662.962191
injection-file = /work/shashwat.singh/Prospects-of-LGWs/unlens/injection.hdf

[global]
instruments = E1 E2 E3
mass1_ref = 30.00000000454146
mass2_ref = 30.000000008138972
minchirp = 26.116416904403202
maxchirp = 26.1166169044032
mincov = 117200732943.17903
maxcov = 11720073294317.902
