
[data]
trigger-time = 1257429891.993608
injection-file = /work/shashwat.singh/Prospects-of-LGWs/unlens/injection.hdf

[global]
instruments = E1 E2 E3
mass1_ref = 30.000000002291422
mass2_ref = 30.000000009792668
minchirp = 26.116416904143627
maxchirp = 26.116616904143626
mincov = 87190613289.34402
maxcov = 8719061328934.402
