
[data]
trigger-time = 1759495781.1857305
injection-file = /work/shashwat.singh/Prospects-of-LGWs/unlens/injection.hdf

[global]
instruments = E1 E2 E3
mass1_ref = 30.00000000566831
mass2_ref = 30.00000000500629
minchirp = 26.116416903530112
maxchirp = 26.11661690353011
mincov = 46373881396.93406
maxcov = 4637388139693.406
