
[data]
trigger-time = 1398628223.6276772
injection-file = /work/shashwat.singh/Prospects-of-LGWs/unlens/injection.hdf

[global]
instruments = E1 E2 E3
mass1_ref = 30.00000000084
mass2_ref = 30.00000000725321
minchirp = 26.1164169024065
maxchirp = 26.1166169024065
mincov = 79878259397.75098
maxcov = 7987825939775.098
