
[data]
trigger-time = 1379908063.8174
injection-file = /work/shashwat.singh/Prospects-of-LGWs/unlens/injection.hdf

[global]
instruments = E1 E2 E3
mass1_ref = 30.000000009806396
mass2_ref = 30.000000003458798
minchirp = 26.116416904657736
maxchirp = 26.116616904657736
mincov = 164665707504.77783
maxcov = 16466570750477.783
