
[data]
trigger-time = 1416380506.2559223
injection-file = /work/shashwat.singh/Prospects-of-LGWs/unlens/injection.hdf

[global]
instruments = E1 E2 E3
mass1_ref = 30.000000000668333
mass2_ref = 30.0000000027402
minchirp = 26.116416900367373
maxchirp = 26.116616900367372
mincov = 30679003599.827126
maxcov = 3067900359982.7124
