
[data]
trigger-time = 1253034600.158567
injection-file = /work/shashwat.singh/Prospects-of-LGWs/unlens/injection.hdf

[global]
instruments = E1 E2 E3
mass1_ref = 30.000000005423146
mass2_ref = 30.000000005657217
minchirp = 26.116416903706735
maxchirp = 26.116616903706735
mincov = 58291275008.76752
maxcov = 5829127500876.752
