
[data]
trigger-time = 1642046087.5635915
injection-file = /work/shashwat.singh/Prospects-of-LGWs/unlens/injection.hdf

[global]
instruments = E1 E2 E3
mass1_ref = 30.000000003455114
mass2_ref = 30.000000004258972
minchirp = 26.116416902241475
maxchirp = 26.116616902241475
mincov = 43902133728.66099
maxcov = 4390213372866.0986
