
[data]
trigger-time = 1809852205.2815151
injection-file = /work/shashwat.singh/Prospects-of-LGWs/unlens/injection.hdf

[global]
instruments = E1 E2 E3
mass1_ref = 30.000000007633755
mass2_ref = 30.000000009177054
minchirp = 26.116416906201053
maxchirp = 26.116616906201052
mincov = 165405945698.1671
maxcov = 16540594569816.71
