
[data]
trigger-time = 1943409245.7047722
injection-file = /work/shashwat.singh/Prospects-of-LGWs/unlens/injection.hdf

[global]
instruments = E1 E2 E3
mass1_ref = 30.000000001860393
mass2_ref = 30.00000000010524
minchirp = 26.116416899739313
maxchirp = 26.116616899739313
mincov = 43949142331.06492
maxcov = 4394914233106.4917
