
[data]
trigger-time = 1960603413.3567462
injection-file = /work/shashwat.singh/Prospects-of-LGWs/unlens/injection.hdf

[global]
instruments = E1 E2 E3
mass1_ref = 30.00000000887138
mass2_ref = 30.000000000872934
minchirp = 26.11641690312518
maxchirp = 26.11661690312518
mincov = 92183050101.09062
maxcov = 9218305010109.062
