
[data]
trigger-time = 1896978459.3024032
injection-file = /work/shashwat.singh/Prospects-of-LGWs/unlens/injection.hdf

[global]
instruments = E1 E2 E3
mass1_ref = 30.000000007973075
mass2_ref = 30.00000000386049
minchirp = 26.116416904034583
maxchirp = 26.116616904034583
mincov = 118848195159.81897
maxcov = 11884819515981.896
