
[data]
trigger-time = 1118708299.3044715
injection-file = /work/shashwat.singh/Prospects-of-LGWs/unlens/injection.hdf

[global]
instruments = E1 E2 E3
mass1_ref = 30.00000000509405
mass2_ref = 30.000000002747665
minchirp = 26.11641690229703
maxchirp = 26.11661690229703
mincov = 53985738755.71843
maxcov = 5398573875571.843
