
[data]
trigger-time = 1561160650.8259592
injection-file = /work/shashwat.singh/Prospects-of-LGWs/unlens/injection.hdf

[global]
instruments = E1 E2 E3
mass1_ref = 30.000000004520928
mass2_ref = 30.00000000826733
minchirp = 26.116416904450137
maxchirp = 26.116616904450137
mincov = 97507534449.25713
maxcov = 9750753444925.713
