
[data]
trigger-time = 1724955174.6166358
injection-file = /work/shashwat.singh/Prospects-of-LGWs/unlens/injection.hdf

[global]
instruments = E1 E2 E3
mass1_ref = 30.000000009585676
mass2_ref = 30.000000007876505
minchirp = 26.11641690648458
maxchirp = 26.11661690648458
mincov = 134564451646.72849
maxcov = 13456445164672.85
