
[data]
trigger-time = 1678261999.1105673
injection-file = /work/shashwat.singh/Prospects-of-LGWs/unlens/injection.hdf

[global]
instruments = E1 E2 E3
mass1_ref = 30.000000002766292
mass2_ref = 30.00000000979621
minchirp = 26.11641690435187
maxchirp = 26.11661690435187
mincov = 84518504519.49374
maxcov = 8451850451949.374
