
[data]
trigger-time = 1294821957.4081926
injection-file = /work/shashwat.singh/Prospects-of-LGWs/unlens/injection.hdf

[global]
instruments = E1 E2 E3
mass1_ref = 30.00000000141395
mass2_ref = 30.000000001074827
minchirp = 26.116416899967028
maxchirp = 26.116616899967028
mincov = 63918815514.54768
maxcov = 6391881551454.768
