
[data]
trigger-time = 1584054256.5648882
injection-file = /work/shashwat.singh/Prospects-of-LGWs/unlens/injection.hdf

[global]
instruments = E1 E2 E3
mass1_ref = 30.00000000999169
mass2_ref = 30.000000005490513
minchirp = 26.116416905622746
maxchirp = 26.116616905622745
mincov = 56606827890.9647
maxcov = 5660682789096.47
