
[data]
trigger-time = 1263019264.8474245
injection-file = /work/shashwat.singh/Prospects-of-LGWs/unlens/injection.hdf

[global]
instruments = E1 E2 E3
mass1_ref = 30.000000008157276
mass2_ref = 30.000000006725084
minchirp = 26.116416905361646
maxchirp = 26.116616905361646
mincov = 169468450556.18192
maxcov = 16946845055618.191
