
[data]
trigger-time = 1789046530.6391485
injection-file = /work/shashwat.singh/Prospects-of-LGWs/unlens/injection.hdf

[global]
instruments = E1 E2 E3
mass1_ref = 30.00000000382927
mass2_ref = 30.00000000764277
minchirp = 26.116416903877223
maxchirp = 26.116616903877222
mincov = 163946882044.3488
maxcov = 16394688204434.879
