
[data]
trigger-time = 1475900739.5537045
injection-file = /work/shashwat.singh/Prospects-of-LGWs/unlens/injection.hdf

[global]
instruments = E1 E2 E3
mass1_ref = 30.00000000118157
mass2_ref = 30.000000001268837
minchirp = 26.116416899950327
maxchirp = 26.116616899950326
mincov = 79239260234.86925
maxcov = 7923926023486.925
