
[data]
trigger-time = 1234007700.98309
injection-file = /work/shashwat.singh/Prospects-of-LGWs/unlens/injection.hdf

[global]
instruments = E1 E2 E3
mass1_ref = 30.000000001667857
mass2_ref = 30.000000003702066
minchirp = 26.116416901221122
maxchirp = 26.11661690122112
mincov = 157196032590.87454
maxcov = 15719603259087.453
