
[data]
trigger-time = 1912734212.3866782
injection-file = /work/shashwat.singh/Prospects-of-LGWs/unlens/injection.hdf

[global]
instruments = E1 E2 E3
mass1_ref = 30.00000000600685
mass2_ref = 30.000000002660702
minchirp = 26.116416902656496
maxchirp = 26.116616902656496
mincov = 82225681821.01622
maxcov = 8222568182101.622
