
[data]
trigger-time = 1746786799.3040729
injection-file = /work/shashwat.singh/Prospects-of-LGWs/unlens/injection.hdf

[global]
instruments = E1 E2 E3
mass1_ref = 30.00000000309385
mass2_ref = 30.0000000025753
minchirp = 26.116416901351364
maxchirp = 26.116616901351364
mincov = 95135050894.1171
maxcov = 9513505089411.709
