
[data]
trigger-time = 1284134639.463689
injection-file = /work/shashwat.singh/Prospects-of-LGWs/unlens/injection.hdf

[global]
instruments = E1 E2 E3
mass1_ref = 30.000000005376545
mass2_ref = 30.000000001783288
minchirp = 26.11641690200022
maxchirp = 26.11661690200022
mincov = 64419781135.013405
maxcov = 6441978113501.34
