
[data]
trigger-time = 1472544569.5178852
injection-file = /work/shashwat.singh/Prospects-of-LGWs/unlens/injection.hdf

[global]
instruments = E1 E2 E3
mass1_ref = 30.000000005059714
mass2_ref = 30.000000004535714
minchirp = 26.116416903060376
maxchirp = 26.116616903060375
mincov = 96962707022.02902
maxcov = 9696270702202.902
