
[data]
trigger-time = 1752086589.5533648
injection-file = /work/shashwat.singh/Prospects-of-LGWs/unlens/injection.hdf

[global]
instruments = E1 E2 E3
mass1_ref = 30.00000000578548
mass2_ref = 30.00000000747059
minchirp = 26.116416904653764
maxchirp = 26.116616904653764
mincov = 179288211999.23
maxcov = 17928821199923.0
