
[data]
trigger-time = 1237157877.0923355
injection-file = /work/shashwat.singh/Prospects-of-LGWs/unlens/injection.hdf

[global]
instruments = E1 E2 E3
mass1_ref = 30.000000008708763
mass2_ref = 30.000000004699043
minchirp = 26.11641690471981
maxchirp = 26.11661690471981
mincov = 855214122.5814093
maxcov = 85521412258.14093
