
[data]
trigger-time = 1592140679.9271164
injection-file = /work/shashwat.singh/Prospects-of-LGWs/unlens/injection.hdf

[global]
instruments = E1 E2 E3
mass1_ref = 30.000000002714266
mass2_ref = 30.000000006388245
minchirp = 26.116416902845824
maxchirp = 26.116616902845823
mincov = 707342063.0774417
maxcov = 70734206307.74417
