
[data]
trigger-time = 1984395924.1803207
injection-file = /work/shashwat.singh/Prospects-of-LGWs/unlens/injection.hdf

[global]
instruments = E1 E2 E3
mass1_ref = 30.000000008245326
mass2_ref = 30.000000000557428
minchirp = 26.116416902715347
maxchirp = 26.116616902715347
mincov = 60266226795.491455
maxcov = 6026622679549.1455
