
[data]
trigger-time = 1377875907.9181314
injection-file = /work/shashwat.singh/Prospects-of-LGWs/unlens/injection.hdf

[global]
instruments = E1 E2 E3
mass1_ref = 30.000000009366357
mass2_ref = 30.000000009565287
minchirp = 26.1164169071242
maxchirp = 26.1166169071242
mincov = 83807759041.80942
maxcov = 8380775904180.942
