
[data]
trigger-time = 1853295488.1135225
injection-file = /work/shashwat.singh/Prospects-of-LGWs/unlens/injection.hdf

[global]
instruments = E1 E2 E3
mass1_ref = 30.000000004044892
mass2_ref = 30.000000002531536
minchirp = 26.11641690174628
maxchirp = 26.11661690174628
mincov = 149982238173.2555
maxcov = 14998223817325.549
