
[data]
trigger-time = 1078054758.4091063
injection-file = /work/shashwat.singh/Prospects-of-LGWs/unlens/injection.hdf

[global]
instruments = E1 E2 E3
mass1_ref = 30.000000008725557
mass2_ref = 30.000000006216453
minchirp = 26.116416905387613
maxchirp = 26.116616905387612
mincov = 137649294552.48706
maxcov = 13764929455248.707
