
[data]
trigger-time = 1252952586.8806875
injection-file = /work/shashwat.singh/Prospects-of-LGWs/unlens/injection.hdf

[global]
instruments = E1 E2 E3
mass1_ref = 30.00000000241562
mass2_ref = 30.000000001209315
minchirp = 26.11641690046157
maxchirp = 26.11661690046157
mincov = 108088504854.54193
maxcov = 10808850485454.193
