
[data]
trigger-time = 1804083638.7293699
injection-file = /work/shashwat.singh/Prospects-of-LGWs/unlens/injection.hdf

[global]
instruments = E1 E2 E3
mass1_ref = 30.000000000955882
mass2_ref = 30.00000000022362
minchirp = 26.11641689939713
maxchirp = 26.11661689939713
mincov = 149680893509.96222
maxcov = 14968089350996.223
