
[data]
trigger-time = 1079515117.8305838
injection-file = /work/shashwat.singh/Prospects-of-LGWs/unlens/injection.hdf

[global]
instruments = E1 E2 E3
mass1_ref = 30.00000000000566
mass2_ref = 30.000000006411927
minchirp = 26.11641690167714
maxchirp = 26.11661690167714
mincov = 111515990272.222
maxcov = 11151599027222.2
