
[data]
trigger-time = 1224444077.0300934
injection-file = /work/shashwat.singh/Prospects-of-LGWs/unlens/injection.hdf

[global]
instruments = E1 E2 E3
mass1_ref = 30.000000002246868
mass2_ref = 30.00000000976664
minchirp = 26.116416904112906
maxchirp = 26.116616904112906
mincov = 170538523078.25504
maxcov = 17053852307825.504
