
[data]
trigger-time = 1960816725.6044817
injection-file = /work/shashwat.singh/Prospects-of-LGWs/unlens/injection.hdf

[global]
instruments = E1 E2 E3
mass1_ref = 30.000000005673698
mass2_ref = 30.000000008706998
minchirp = 26.116416905143286
maxchirp = 26.116616905143285
mincov = 161557671382.10428
maxcov = 16155767138210.428
