
[data]
trigger-time = 1871747229.2143984
injection-file = /work/shashwat.singh/Prospects-of-LGWs/unlens/injection.hdf

[global]
instruments = E1 E2 E3
mass1_ref = 30.000000009529
mass2_ref = 30.000000009284523
minchirp = 26.116416907072786
maxchirp = 26.116616907072785
mincov = 13630058653.794214
maxcov = 1363005865379.4214
