
[data]
trigger-time = 1158187843.5924428
injection-file = /work/shashwat.singh/Prospects-of-LGWs/unlens/injection.hdf

[global]
instruments = E1 E2 E3
mass1_ref = 30.000000005577917
mass2_ref = 30.000000002597673
minchirp = 26.116416902442356
maxchirp = 26.116616902442356
mincov = 91067704342.71121
maxcov = 9106770434271.121
