
[data]
trigger-time = 1170546195.6033022
injection-file = /work/shashwat.singh/Prospects-of-LGWs/unlens/injection.hdf

[global]
instruments = E1 E2 E3
mass1_ref = 30.000000006781633
mass2_ref = 30.00000000061541
minchirp = 26.116416902103477
maxchirp = 26.116616902103477
mincov = 43383723370.53126
maxcov = 4338372337053.1255
