
[data]
trigger-time = 1259097041.2673619
injection-file = /work/shashwat.singh/Prospects-of-LGWs/unlens/injection.hdf

[global]
instruments = E1 E2 E3
mass1_ref = 30.000000009952508
mass2_ref = 30.000000008171995
minchirp = 26.116416906772873
maxchirp = 26.116616906772872
mincov = 113795676101.27661
maxcov = 11379567610127.66
