
[data]
trigger-time = 1918876355.1000185
injection-file = /work/shashwat.singh/Prospects-of-LGWs/unlens/injection.hdf

[global]
instruments = E1 E2 E3
mass1_ref = 30.00000000051441
mass2_ref = 30.000000003530698
minchirp = 26.116416900644463
maxchirp = 26.116616900644463
mincov = 98108708894.80855
maxcov = 9810870889480.855
