
[data]
trigger-time = 1599099244.676866
injection-file = /work/shashwat.singh/Prospects-of-LGWs/unlens/injection.hdf

[global]
instruments = E1 E2 E3
mass1_ref = 30.000000001892623
mass2_ref = 30.00000000972861
minchirp = 26.11641690394216
maxchirp = 26.11661690394216
mincov = 85764675848.08029
maxcov = 8576467584808.029
