
[data]
trigger-time = 1647329200.424674
injection-file = /work/shashwat.singh/Prospects-of-LGWs/unlens/injection.hdf

[global]
instruments = E1 E2 E3
mass1_ref = 30.000000006712213
mass2_ref = 30.000000000061085
minchirp = 26.116416901831972
maxchirp = 26.11661690183197
mincov = 16544471323.41001
maxcov = 1654447132341.001
