
[data]
trigger-time = 1660761789.175379
injection-file = /work/shashwat.singh/Prospects-of-LGWs/unlens/injection.hdf

[global]
instruments = E1 E2 E3
mass1_ref = 30.000000004726456
mass2_ref = 30.000000005062287
minchirp = 26.116416903144522
maxchirp = 26.11661690314452
mincov = 37293919928.863815
maxcov = 3729391992886.3813
