
[data]
trigger-time = 1942845063.0793157
injection-file = /work/shashwat.singh/Prospects-of-LGWs/unlens/injection.hdf

[global]
instruments = E1 E2 E3
mass1_ref = 30.000000009816077
mass2_ref = 30.000000005069467
minchirp = 26.11641690536303
maxchirp = 26.11661690536303
mincov = 29540892933.360035
maxcov = 2954089293336.0034
