
[data]
trigger-time = 1197808614.3583183
injection-file = /work/shashwat.singh/Prospects-of-LGWs/unlens/injection.hdf

[global]
instruments = E1 E2 E3
mass1_ref = 30.000000000526953
mass2_ref = 30.000000006524058
minchirp = 26.116416901952856
maxchirp = 26.116616901952856
mincov = 51629738541.11204
maxcov = 5162973854111.203
