
[data]
trigger-time = 1974798289.6603303
injection-file = /work/shashwat.singh/Prospects-of-LGWs/unlens/injection.hdf

[global]
instruments = E1 E2 E3
mass1_ref = 30.000000008202072
mass2_ref = 30.000000000557954
minchirp = 26.116416902696745
maxchirp = 26.116616902696745
mincov = 174759072049.60062
maxcov = 17475907204960.06
