
[data]
trigger-time = 1406656868.0753212
injection-file = /work/shashwat.singh/Prospects-of-LGWs/unlens/injection.hdf

[global]
instruments = E1 E2 E3
mass1_ref = 30.000000003377433
mass2_ref = 30.000000004345324
minchirp = 26.116416902245252
maxchirp = 26.11661690224525
mincov = 78968898401.27173
maxcov = 7896889840127.173
