
[data]
trigger-time = 1857851437.6800556
injection-file = /work/shashwat.singh/Prospects-of-LGWs/unlens/injection.hdf

[global]
instruments = E1 E2 E3
mass1_ref = 30.000000000416698
mass2_ref = 30.000000007841567
minchirp = 26.116416902478345
maxchirp = 26.116616902478345
mincov = 24449485255.43849
maxcov = 2444948525543.849
