
[data]
trigger-time = 1075008893.698819
injection-file = /work/shashwat.singh/Prospects-of-LGWs/unlens/injection.hdf

[global]
instruments = E1 E2 E3
mass1_ref = 30.000000003118597
mass2_ref = 30.00000000564584
minchirp = 26.116416902698667
maxchirp = 26.116616902698667
mincov = 118890888919.01355
maxcov = 11889088891901.355
