
[data]
trigger-time = 1218405916.9224432
injection-file = /work/shashwat.singh/Prospects-of-LGWs/unlens/injection.hdf

[global]
instruments = E1 E2 E3
mass1_ref = 30.000000008050854
mass2_ref = 30.000000005398487
minchirp = 26.116416904737893
maxchirp = 26.116616904737892
mincov = 165125035015.8581
maxcov = 16512503501585.809
