
[data]
trigger-time = 1843361575.0540733
injection-file = /work/shashwat.singh/Prospects-of-LGWs/unlens/injection.hdf

[global]
instruments = E1 E2 E3
mass1_ref = 30.000000005041937
mass2_ref = 30.000000009550757
minchirp = 26.116416905235564
maxchirp = 26.116616905235563
mincov = 112867887281.66972
maxcov = 11286788728166.973
