
[data]
trigger-time = 1854650523.700462
injection-file = /work/shashwat.singh/Prospects-of-LGWs/unlens/injection.hdf

[global]
instruments = E1 E2 E3
mass1_ref = 30.00000000907222
mass2_ref = 30.0000000001058
minchirp = 26.11641690287869
maxchirp = 26.11661690287869
mincov = 60648122359.22715
maxcov = 6064812235922.715
