
[data]
trigger-time = 1140157254.7385418
injection-file = /work/shashwat.singh/Prospects-of-LGWs/unlens/injection.hdf

[global]
instruments = E1 E2 E3
mass1_ref = 30.000000007697555
mass2_ref = 30.000000001601293
minchirp = 26.116416902931284
maxchirp = 26.116616902931284
mincov = 141533322585.52057
maxcov = 14153332258552.059
