
[data]
trigger-time = 1651590067.0965753
injection-file = /work/shashwat.singh/Prospects-of-LGWs/unlens/injection.hdf

[global]
instruments = E1 E2 E3
mass1_ref = 30.000000007845482
mass2_ref = 30.00000000306809
minchirp = 26.116416903634132
maxchirp = 26.11661690363413
mincov = 93788032118.84532
maxcov = 9378803211884.533
