
[data]
trigger-time = 1021629694.2613497
injection-file = /work/shashwat.singh/Prospects-of-LGWs/unlens/injection.hdf

[global]
instruments = E1 E2 E3
mass1_ref = 30.000000002059508
mass2_ref = 30.000000002280558
minchirp = 26.116416900772847
maxchirp = 26.116616900772847
mincov = 34453155583.16911
maxcov = 3445315558316.9116
