
[data]
trigger-time = 1334051645.722316
injection-file = /work/shashwat.singh/Prospects-of-LGWs/unlens/injection.hdf

[global]
instruments = E1 E2 E3
mass1_ref = 30.000000006882235
mass2_ref = 30.000000001639535
minchirp = 26.116416902593038
maxchirp = 26.116616902593037
mincov = 73726054630.39383
maxcov = 7372605463039.383
