
[data]
trigger-time = 1321034313.3102093
injection-file = /work/shashwat.singh/Prospects-of-LGWs/unlens/injection.hdf

[global]
instruments = E1 E2 E3
mass1_ref = 30.000000002102578
mass2_ref = 30.00000000982909
minchirp = 26.116416904077283
maxchirp = 26.116616904077283
mincov = 149872959457.31097
maxcov = 14987295945731.098
