
[data]
trigger-time = 1652467373.8308616
injection-file = /work/shashwat.singh/Prospects-of-LGWs/unlens/injection.hdf

[global]
instruments = E1 E2 E3
mass1_ref = 30.000000004204594
mass2_ref = 30.00000000672939
minchirp = 26.116416903643017
maxchirp = 26.116616903643017
mincov = 151447286410.62625
maxcov = 15144728641062.625
