
[data]
trigger-time = 1023299664.0955437
injection-file = /work/shashwat.singh/Prospects-of-LGWs/unlens/injection.hdf

[global]
instruments = E1 E2 E3
mass1_ref = 30.000000008015743
mass2_ref = 30.00000000403769
minchirp = 26.116416904130286
maxchirp = 26.116616904130286
mincov = 49679709470.92275
maxcov = 4967970947092.275
