
[data]
trigger-time = 1182187046.1065826
injection-file = /work/shashwat.singh/Prospects-of-LGWs/unlens/injection.hdf

[global]
instruments = E1 E2 E3
mass1_ref = 30.00000000707205
mass2_ref = 30.000000005271986
minchirp = 26.116416904256777
maxchirp = 26.116616904256777
mincov = 25316493643.790108
maxcov = 2531649364379.0107
