
[data]
trigger-time = 1970769310.6185741
injection-file = /work/shashwat.singh/Prospects-of-LGWs/unlens/injection.hdf

[global]
instruments = E1 E2 E3
mass1_ref = 30.00000000375811
mass2_ref = 30.000000003413874
minchirp = 26.11641690200551
maxchirp = 26.11661690200551
mincov = 121298180822.50374
maxcov = 12129818082250.373
