
[data]
trigger-time = 1208621005.6479764
injection-file = /work/shashwat.singh/Prospects-of-LGWs/unlens/injection.hdf

[global]
instruments = E1 E2 E3
mass1_ref = 30.00000000148233
mass2_ref = 30.00000000948683
minchirp = 26.11641690365833
maxchirp = 26.11661690365833
mincov = 30652263758.54008
maxcov = 3065226375854.0083
