
[data]
trigger-time = 1492999281.5096178
injection-file = /work/shashwat.singh/Prospects-of-LGWs/unlens/injection.hdf

[global]
instruments = E1 E2 E3
mass1_ref = 30.00000000092112
mass2_ref = 30.000000003366466
minchirp = 26.116416900750004
maxchirp = 26.116616900750003
mincov = 173908626102.21735
maxcov = 17390862610221.734
