
[data]
trigger-time = 1727803939.7601871
injection-file = /work/shashwat.singh/Prospects-of-LGWs/unlens/injection.hdf

[global]
instruments = E1 E2 E3
mass1_ref = 30.00000000274671
mass2_ref = 30.000000003333767
minchirp = 26.116416901530407
maxchirp = 26.116616901530406
mincov = 31076323612.616005
maxcov = 3107632361261.6006
