
[data]
trigger-time = 1261065468.9181757
injection-file = /work/shashwat.singh/Prospects-of-LGWs/unlens/injection.hdf

[global]
instruments = E1 E2 E3
mass1_ref = 30.000000003852982
mass2_ref = 30.000000009578887
minchirp = 26.116416904730286
maxchirp = 26.116616904730286
mincov = 106874609561.69833
maxcov = 10687460956169.834
