
[data]
trigger-time = 1591907677.024118
injection-file = /work/shashwat.singh/Prospects-of-LGWs/unlens/injection.hdf

[global]
instruments = E1 E2 E3
mass1_ref = 30.000000001861967
mass2_ref = 30.000000004300258
minchirp = 26.116416901565987
maxchirp = 26.116616901565987
mincov = 64534468009.00034
maxcov = 6453446800900.034
