
[data]
trigger-time = 1232059461.2420743
injection-file = /work/shashwat.singh/Prospects-of-LGWs/unlens/injection.hdf

[global]
instruments = E1 E2 E3
mass1_ref = 30.000000001873108
mass2_ref = 30.000000002795367
minchirp = 26.116416900915798
maxchirp = 26.116616900915798
mincov = 91096822302.08194
maxcov = 9109682230208.193
