
[data]
trigger-time = 1800002237.0798802
injection-file = /work/shashwat.singh/Prospects-of-LGWs/unlens/injection.hdf

[global]
instruments = E1 E2 E3
mass1_ref = 30.000000009859935
mass2_ref = 30.000000008527888
minchirp = 26.116416906887487
maxchirp = 26.116616906887486
mincov = 45620386586.03365
maxcov = 4562038658603.365
