
[data]
trigger-time = 1603440124.6163101
injection-file = /work/shashwat.singh/Prospects-of-LGWs/unlens/injection.hdf

[global]
instruments = E1 E2 E3
mass1_ref = 30.000000009730464
mass2_ref = 30.000000004205884
minchirp = 26.116416904949872
maxchirp = 26.116616904949872
mincov = 8066807192.105817
maxcov = 806680719210.5817
