
[data]
trigger-time = 1894129879.2206411
injection-file = /work/shashwat.singh/Prospects-of-LGWs/unlens/injection.hdf

[global]
instruments = E1 E2 E3
mass1_ref = 30.0000000007009
mass2_ref = 30.000000000961837
minchirp = 26.116416899607476
maxchirp = 26.116616899607475
mincov = 61023433087.70736
maxcov = 6102343308770.736
