
[data]
trigger-time = 1280954391.0300226
injection-file = /work/shashwat.singh/Prospects-of-LGWs/unlens/injection.hdf

[global]
instruments = E1 E2 E3
mass1_ref = 30.0000000035082
mass2_ref = 30.000000003189705
minchirp = 26.11641690179916
maxchirp = 26.11661690179916
mincov = 159851997035.79727
maxcov = 15985199703579.727
