
[data]
trigger-time = 1099488490.2243545
injection-file = /work/shashwat.singh/Prospects-of-LGWs/unlens/injection.hdf

[global]
instruments = E1 E2 E3
mass1_ref = 30.000000007876977
mass2_ref = 30.000000006387886
minchirp = 26.116416905092866
maxchirp = 26.116616905092865
mincov = 7190742542.077852
maxcov = 719074254207.7852
