
[data]
trigger-time = 1984120296.8470979
injection-file = /work/shashwat.singh/Prospects-of-LGWs/unlens/injection.hdf

[global]
instruments = E1 E2 E3
mass1_ref = 30.000000004787395
mass2_ref = 30.000000000762434
minchirp = 26.116416901299427
maxchirp = 26.116616901299427
mincov = 91931209551.06606
maxcov = 9193120955106.605
