
[data]
trigger-time = 1163300811.4170058
injection-file = /work/shashwat.singh/Prospects-of-LGWs/unlens/injection.hdf

[global]
instruments = E1 E2 E3
mass1_ref = 30.000000003400544
mass2_ref = 30.000000002201713
minchirp = 26.11641690132225
maxchirp = 26.11661690132225
mincov = 100339697194.79033
maxcov = 10033969719479.033
