
[data]
trigger-time = 1957244576.28098
injection-file = /work/shashwat.singh/Prospects-of-LGWs/unlens/injection.hdf

[global]
instruments = E1 E2 E3
mass1_ref = 30.00000000981159
mass2_ref = 30.000000007704237
minchirp = 26.116416906507933
maxchirp = 26.116616906507932
mincov = 70161788967.43161
maxcov = 7016178896743.162
