
[data]
trigger-time = 1324726641.445669
injection-file = /work/shashwat.singh/Prospects-of-LGWs/unlens/injection.hdf

[global]
instruments = E1 E2 E3
mass1_ref = 30.000000008811956
mass2_ref = 30.000000007379654
minchirp = 26.116416905931533
maxchirp = 26.116616905931533
mincov = 68906198372.55339
maxcov = 6890619837255.34
