
[data]
trigger-time = 1842757633.170699
injection-file = /work/shashwat.singh/Prospects-of-LGWs/unlens/injection.hdf

[global]
instruments = E1 E2 E3
mass1_ref = 30.000000002600974
mass2_ref = 30.00000000201311
minchirp = 26.116416900892123
maxchirp = 26.116616900892122
mincov = 157657502880.3471
maxcov = 15765750288034.709
