
[data]
trigger-time = 1541845233.5570064
injection-file = /work/shashwat.singh/Prospects-of-LGWs/unlens/injection.hdf

[global]
instruments = E1 E2 E3
mass1_ref = 30.000000008559095
mass2_ref = 30.000000007601113
minchirp = 26.116416905917863
maxchirp = 26.116616905917862
mincov = 81412353704.96167
maxcov = 8141235370496.167
