
[data]
trigger-time = 1166545098.2295344
injection-file = /work/shashwat.singh/Prospects-of-LGWs/unlens/injection.hdf

[global]
instruments = E1 E2 E3
mass1_ref = 30.000000008025054
mass2_ref = 30.00000000806204
minchirp = 26.11641690588604
maxchirp = 26.11661690588604
mincov = 38376384749.25255
maxcov = 3837638474925.2544
