
[data]
trigger-time = 1855128622.004827
injection-file = /work/shashwat.singh/Prospects-of-LGWs/unlens/injection.hdf

[global]
instruments = E1 E2 E3
mass1_ref = 30.000000003744848
mass2_ref = 30.00000000598265
minchirp = 26.116416903117866
maxchirp = 26.116616903117865
mincov = 110390749202.58908
maxcov = 11039074920258.908
