
[data]
trigger-time = 1209696182.282023
injection-file = /work/shashwat.singh/Prospects-of-LGWs/unlens/injection.hdf

[global]
instruments = E1 E2 E3
mass1_ref = 30.000000000454317
mass2_ref = 30.000000001226116
minchirp = 26.116416899615174
maxchirp = 26.116616899615174
mincov = 1364979100.863473
maxcov = 136497910086.34729
