
[data]
trigger-time = 1811872595.48527
injection-file = /work/shashwat.singh/Prospects-of-LGWs/unlens/injection.hdf

[global]
instruments = E1 E2 E3
mass1_ref = 30.000000008619217
mass2_ref = 30.000000000505654
minchirp = 26.116416902855555
maxchirp = 26.116616902855554
mincov = 146455327171.85028
maxcov = 14645532717185.03
