
[data]
trigger-time = 1069284723.1694151
injection-file = /work/shashwat.singh/Prospects-of-LGWs/unlens/injection.hdf

[global]
instruments = E1 E2 E3
mass1_ref = 30.000000007808055
mass2_ref = 30.000000004305956
minchirp = 26.116416904156655
maxchirp = 26.116616904156654
mincov = 24199570193.22564
maxcov = 2419957019322.564
