
[data]
trigger-time = 1117624938.0613518
injection-file = /work/shashwat.singh/Prospects-of-LGWs/unlens/injection.hdf

[global]
instruments = E1 E2 E3
mass1_ref = 30.000000009519688
mass2_ref = 30.000000006476093
minchirp = 26.116416905846293
maxchirp = 26.116616905846293
mincov = 26957618384.23394
maxcov = 2695761838423.394
