
[data]
trigger-time = 1589955471.1649377
injection-file = /work/shashwat.singh/Prospects-of-LGWs/unlens/injection.hdf

[global]
instruments = E1 E2 E3
mass1_ref = 30.00000000425711
mass2_ref = 30.000000008659804
minchirp = 26.11641690450614
maxchirp = 26.116616904506138
mincov = 128634605884.13016
maxcov = 12863460588413.016
