
[data]
trigger-time = 1287732680.949506
injection-file = /work/shashwat.singh/Prospects-of-LGWs/unlens/injection.hdf

[global]
instruments = E1 E2 E3
mass1_ref = 30.0000000071216
mass2_ref = 30.000000008272416
minchirp = 26.11641690558436
maxchirp = 26.116616905584358
mincov = 157373432934.0569
maxcov = 15737343293405.688
