
[data]
trigger-time = 1561557360.276369
injection-file = /home/ss/Prospects-of-LGWs/unlens/injection.hdf

[global]
instruments = E1 E2 E3
mass1_ref = 30.00000000505059
mass2_ref = 30.000000000193474
minchirp = 26.116416901166335
maxchirp = 26.116616901166335
mincov = 343586864.36320853
maxcov = 34358686436.320854
