
[data]
trigger-time = 1398784751.233599
injection-file = /work/shashwat.singh/Prospects-of-LGWs/unlens/injection.hdf

[global]
instruments = E1 E2 E3
mass1_ref = 30.00000000131646
mass2_ref = 30.000000003919553
minchirp = 26.116416901162832
maxchirp = 26.116616901162832
mincov = 157066499.17999887
maxcov = 15706649917.999887
