
[data]
trigger-time = 1870836430.021474
injection-file = /work/shashwat.singh/Prospects-of-LGWs/unlens/injection.hdf

[global]
instruments = E1 E2 E3
mass1_ref = 30.000000007199237
mass2_ref = 30.000000004829083
minchirp = 26.116416904119355
maxchirp = 26.116616904119354
mincov = 120459468069.4842
maxcov = 12045946806948.42
