
[data]
trigger-time = 1384423294.1584992
injection-file = /work/shashwat.singh/Prospects-of-LGWs/unlens/injection.hdf

[global]
instruments = E1 E2 E3
mass1_ref = 30.000000000468788
mass2_ref = 30.00000000782345
minchirp = 26.11641690249313
maxchirp = 26.116616902493128
mincov = 66706266766.01243
maxcov = 6670626676601.242
