
[data]
trigger-time = 1989251049.3075588
injection-file = /work/shashwat.singh/Prospects-of-LGWs/unlens/injection.hdf

[global]
instruments = E1 E2 E3
mass1_ref = 30.000000006646875
mass2_ref = 30.000000008309772
minchirp = 26.116416905393983
maxchirp = 26.116616905393983
mincov = 102190863086.14963
maxcov = 10219086308614.963
