
[data]
trigger-time = 1564377773.0153646
injection-file = /work/shashwat.singh/Prospects-of-LGWs/unlens/injection.hdf

[global]
instruments = E1 E2 E3
mass1_ref = 30.00000000470896
mass2_ref = 30.000000001296602
minchirp = 26.116416901497796
maxchirp = 26.116616901497796
mincov = 32779760332.52865
maxcov = 3277976033252.865
