
[data]
trigger-time = 1895965021.0458336
injection-file = /work/shashwat.singh/Prospects-of-LGWs/unlens/injection.hdf

[global]
instruments = E1 E2 E3
mass1_ref = 30.00000000518815
mass2_ref = 30.00000000059353
minchirp = 26.116416901400346
maxchirp = 26.116616901400345
mincov = 4767344510.244371
maxcov = 476734451024.4372
