
[data]
trigger-time = 1019097329.522082
injection-file = /work/shashwat.singh/Prospects-of-LGWs/unlens/injection.hdf

[global]
instruments = E1 E2 E3
mass1_ref = 30.000000008196864
mass2_ref = 30.000000003845862
minchirp = 26.116416904125625
maxchirp = 26.116616904125625
mincov = 15010466940.788586
maxcov = 1501046694078.8586
