
[data]
trigger-time = 1636621373.232586
injection-file = /work/shashwat.singh/Prospects-of-LGWs/unlens/injection.hdf

[global]
instruments = E1 E2 E3
mass1_ref = 30.000000004201457
mass2_ref = 30.000000008763944
minchirp = 26.11641690452724
maxchirp = 26.11661690452724
mincov = 155596338650.0474
maxcov = 15559633865004.738
