
[data]
trigger-time = 1605226351.2586806
injection-file = /work/shashwat.singh/Prospects-of-LGWs/unlens/injection.hdf

[global]
instruments = E1 E2 E3
mass1_ref = 30.000000005706013
mass2_ref = 30.000000000957137
minchirp = 26.116416901784028
maxchirp = 26.116616901784028
mincov = 105848317926.6196
maxcov = 10584831792661.96
