
[data]
trigger-time = 1299695343.876068
injection-file = /work/shashwat.singh/Prospects-of-LGWs/unlens/injection.hdf

[global]
instruments = E1 E2 E3
mass1_ref = 30.000000000791587
mass2_ref = 30.000000003751467
minchirp = 26.116416900861203
maxchirp = 26.116616900861203
mincov = 1818639471.2467606
maxcov = 181863947124.67606
