
[data]
trigger-time = 1050217434.949691
injection-file = /work/shashwat.singh/Prospects-of-LGWs/unlens/injection.hdf

[global]
instruments = E1 E2 E3
mass1_ref = 30.000000001797687
mass2_ref = 30.000000008300344
minchirp = 26.11641690327915
maxchirp = 26.116616903279148
mincov = 164390711351.01352
maxcov = 16439071135101.352
