
[data]
trigger-time = 1814037204.4884636
injection-file = /work/shashwat.singh/Prospects-of-LGWs/unlens/injection.hdf

[global]
instruments = E1 E2 E3
mass1_ref = 30.000000000040284
mass2_ref = 30.000000001623178
minchirp = 26.11641689960779
maxchirp = 26.116616899607788
mincov = 54292329760.34773
maxcov = 5429232976034.773
