
[data]
trigger-time = 1830416543.1731427
injection-file = /work/shashwat.singh/Prospects-of-LGWs/unlens/injection.hdf

[global]
instruments = E1 E2 E3
mass1_ref = 30.00000000977709
mass2_ref = 30.00000000144241
minchirp = 26.116416903767295
maxchirp = 26.116616903767294
mincov = 56542195946.09338
maxcov = 5654219594609.338
