
[data]
trigger-time = 1064015619.8974476
injection-file = /work/shashwat.singh/Prospects-of-LGWs/unlens/injection.hdf

[global]
instruments = E1 E2 E3
mass1_ref = 30.000000005195947
mass2_ref = 30.000000002761503
minchirp = 26.116416902347407
maxchirp = 26.116616902347406
mincov = 18113683393.766388
maxcov = 1811368339376.6387
