
[data]
trigger-time = 1492697835.516971
injection-file = /work/shashwat.singh/Prospects-of-LGWs/unlens/injection.hdf

[global]
instruments = E1 E2 E3
mass1_ref = 30.00000000339552
mass2_ref = 30.000000004791474
minchirp = 26.11641690244732
maxchirp = 26.11661690244732
mincov = 116128355759.12875
maxcov = 11612835575912.875
