
[data]
trigger-time = 1741857383.527953
injection-file = /work/shashwat.singh/Prospects-of-LGWs/unlens/injection.hdf

[global]
instruments = E1 E2 E3
mass1_ref = 30.00000000636325
mass2_ref = 30.000000000479233
minchirp = 26.116416901862088
maxchirp = 26.116616901862088
mincov = 161548092813.80206
maxcov = 16154809281380.205
