
[data]
trigger-time = 1080196940.9332194
injection-file = /work/shashwat.singh/Prospects-of-LGWs/unlens/injection.hdf

[global]
instruments = E1 E2 E3
mass1_ref = 30.00000000268537
mass2_ref = 30.000000009589808
minchirp = 26.116416904226806
maxchirp = 26.116616904226806
mincov = 8011807440.434886
maxcov = 801180744043.4886
