
[data]
trigger-time = 1371159088.8477757
injection-file = /work/shashwat.singh/Prospects-of-LGWs/unlens/injection.hdf

[global]
instruments = E1 E2 E3
mass1_ref = 30.000000006012847
mass2_ref = 30.000000008427882
minchirp = 26.116416905169416
maxchirp = 26.116616905169415
mincov = 147789081853.06683
maxcov = 14778908185306.684
