
[data]
trigger-time = 1287755343.1606884
injection-file = /work/shashwat.singh/Prospects-of-LGWs/unlens/injection.hdf

[global]
instruments = E1 E2 E3
mass1_ref = 30.000000004631538
mass2_ref = 30.00000000898025
minchirp = 26.1164169048086
maxchirp = 26.1166169048086
mincov = 127011130389.25252
maxcov = 12701113038925.252
