
[data]
trigger-time = 1916680606.1954417
injection-file = /work/shashwat.singh/Prospects-of-LGWs/unlens/injection.hdf

[global]
instruments = E1 E2 E3
mass1_ref = 30.000000007576322
mass2_ref = 30.00000000906551
minchirp = 26.116416906127505
maxchirp = 26.116616906127504
mincov = 73870257311.556
maxcov = 7387025731155.6
