
[data]
trigger-time = 1776622268.3014822
injection-file = /work/shashwat.singh/Prospects-of-LGWs/unlens/injection.hdf

[global]
instruments = E1 E2 E3
mass1_ref = 30.000000000240334
mass2_ref = 30.000000002794064
minchirp = 26.116416900204523
maxchirp = 26.116616900204523
mincov = 90108836322.17873
maxcov = 9010883632217.873
