
[data]
trigger-time = 1736393547.2140498
injection-file = /work/shashwat.singh/Prospects-of-LGWs/unlens/injection.hdf

[global]
instruments = E1 E2 E3
mass1_ref = 30.00000000019697
mass2_ref = 30.000000005229758
minchirp = 26.116416901245845
maxchirp = 26.116616901245845
mincov = 151367986147.37784
maxcov = 15136798614737.783
