
[data]
trigger-time = 1291771989.2138104
injection-file = /work/shashwat.singh/Prospects-of-LGWs/unlens/injection.hdf

[global]
instruments = E1 E2 E3
mass1_ref = 30.000000005606285
mass2_ref = 30.00000000511409
minchirp = 26.11641690355004
maxchirp = 26.11661690355004
mincov = 89831676786.86606
maxcov = 8983167678686.605
