
[data]
trigger-time = 1647922039.0773668
injection-file = /work/shashwat.singh/Prospects-of-LGWs/unlens/injection.hdf

[global]
instruments = E1 E2 E3
mass1_ref = 30.000000009757365
mass2_ref = 30.00000000878895
minchirp = 26.116416906956477
maxchirp = 26.116616906956477
mincov = 147722823812.79984
maxcov = 14772282381279.982
