
[data]
trigger-time = 1977595592.929329
injection-file = /work/shashwat.singh/Prospects-of-LGWs/unlens/injection.hdf

[global]
instruments = E1 E2 E3
mass1_ref = 30.000000004419284
mass2_ref = 30.00000000017837
minchirp = 26.11641690088497
maxchirp = 26.11661690088497
mincov = 65023593354.45111
maxcov = 6502359335445.111
