
[data]
trigger-time = 1482178033.8185525
injection-file = /work/shashwat.singh/Prospects-of-LGWs/unlens/injection.hdf

[global]
instruments = E1 E2 E3
mass1_ref = 30.000000002137927
mass2_ref = 30.00000000927328
minchirp = 26.11641690385074
maxchirp = 26.11661690385074
mincov = 49163724659.91243
maxcov = 4916372465991.242
