
[data]
trigger-time = 1998470160.9084795
injection-file = /work/shashwat.singh/Prospects-of-LGWs/unlens/injection.hdf

[global]
instruments = E1 E2 E3
mass1_ref = 30.00000000147672
mass2_ref = 30.00000000921539
minchirp = 26.116416903537736
maxchirp = 26.116616903537736
mincov = 131530742208.283
maxcov = 13153074220828.3
