
[data]
trigger-time = 1902015070.2206883
injection-file = /work/shashwat.singh/Prospects-of-LGWs/unlens/injection.hdf

[global]
instruments = E1 E2 E3
mass1_ref = 30.0000000013639
mass2_ref = 30.00000000786337
minchirp = 26.116416902900127
maxchirp = 26.116616902900127
mincov = 2531873719.6349688
maxcov = 253187371963.49686
