
[data]
trigger-time = 1628406183.4885888
injection-file = /work/shashwat.singh/Prospects-of-LGWs/unlens/injection.hdf

[global]
instruments = E1 E2 E3
mass1_ref = 30.000000008200036
mass2_ref = 30.000000005616126
minchirp = 26.11641690489756
maxchirp = 26.11661690489756
mincov = 170767591412.38495
maxcov = 17076759141238.494
