
[data]
trigger-time = 1331458153.9641528
injection-file = /work/shashwat.singh/Prospects-of-LGWs/unlens/injection.hdf

[global]
instruments = E1 E2 E3
mass1_ref = 30.000000009097672
mass2_ref = 30.000000004483038
minchirp = 26.11641690479507
maxchirp = 26.11661690479507
mincov = 15019457874.78361
maxcov = 1501945787478.3608
