
[data]
trigger-time = 1079327467.4805608
injection-file = /work/shashwat.singh/Prospects-of-LGWs/unlens/injection.hdf

[global]
instruments = E1 E2 E3
mass1_ref = 30.000000009402115
mass2_ref = 30.00000000477833
minchirp = 26.11641690505612
maxchirp = 26.11661690505612
mincov = 91715771354.32578
maxcov = 9171577135432.576
