
[data]
trigger-time = 1718622881.2111363
injection-file = /work/shashwat.singh/Prospects-of-LGWs/unlens/injection.hdf

[global]
instruments = E1 E2 E3
mass1_ref = 30.00000000924198
mass2_ref = 30.00000000804395
minchirp = 26.116416906407864
maxchirp = 26.116616906407863
mincov = 25637715802.151955
maxcov = 2563771580215.1953
