
[data]
trigger-time = 1529997002.2395499
injection-file = /work/shashwat.singh/Prospects-of-LGWs/unlens/injection.hdf

[global]
instruments = E1 E2 E3
mass1_ref = 30.000000002567553
mass2_ref = 30.00000000134128
minchirp = 26.116416900585143
maxchirp = 26.116616900585143
mincov = 79673131877.63318
maxcov = 7967313187763.318
