
[data]
trigger-time = 1441073063.586435
injection-file = /work/shashwat.singh/Prospects-of-LGWs/unlens/injection.hdf

[global]
instruments = E1 E2 E3
mass1_ref = 30.000000009887014
mass2_ref = 30.000000002671904
minchirp = 26.116416904350313
maxchirp = 26.116616904350312
mincov = 20266995421.971138
maxcov = 2026699542197.114
