
[data]
trigger-time = 1263767598.8999686
injection-file = /work/shashwat.singh/Prospects-of-LGWs/unlens/injection.hdf

[global]
instruments = E1 E2 E3
mass1_ref = 30.000000009481386
mass2_ref = 30.000000008472863
minchirp = 26.116416906698767
maxchirp = 26.116616906698766
mincov = 104379111359.61496
maxcov = 10437911135961.496
