
[data]
trigger-time = 1189578478.5546675
injection-file = /work/shashwat.singh/Prospects-of-LGWs/unlens/injection.hdf

[global]
instruments = E1 E2 E3
mass1_ref = 30.000000000380584
mass2_ref = 30.000000007591648
minchirp = 26.11641690235384
maxchirp = 26.11661690235384
mincov = 27614117787.512886
maxcov = 2761411778751.2886
