
[data]
trigger-time = 1500278866.8632576
injection-file = /work/shashwat.singh/Prospects-of-LGWs/unlens/injection.hdf

[global]
instruments = E1 E2 E3
mass1_ref = 30.000000001605436
mass2_ref = 30.00000000327823
minchirp = 26.116416901009462
maxchirp = 26.11661690100946
mincov = 159275864069.5562
maxcov = 15927586406955.621
