
[data]
trigger-time = 1015356175.6845514
injection-file = /work/shashwat.singh/Prospects-of-LGWs/unlens/injection.hdf

[global]
instruments = E1 E2 E3
mass1_ref = 30.00000000307868
mass2_ref = 30.00000000266519
minchirp = 26.11641690138389
maxchirp = 26.11661690138389
mincov = 70841011562.665
maxcov = 7084101156266.499
