
[data]
trigger-time = 1179084569.40183
injection-file = /work/shashwat.singh/Prospects-of-LGWs/unlens/injection.hdf

[global]
instruments = E1 E2 E3
mass1_ref = 30.000000000722597
mass2_ref = 30.000000000184034
minchirp = 26.11641689927836
maxchirp = 26.11661689927836
mincov = 147340757220.75897
maxcov = 14734075722075.896
