
[data]
trigger-time = 1029214939.4009243
injection-file = /work/shashwat.singh/Prospects-of-LGWs/unlens/injection.hdf

[global]
instruments = E1 E2 E3
mass1_ref = 30.000000009748522
mass2_ref = 30.00000000475458
minchirp = 26.116416905196566
maxchirp = 26.116616905196565
mincov = 10541242094.820984
maxcov = 1054124209482.0984
