
[data]
trigger-time = 1388594846.048125
injection-file = /work/shashwat.singh/Prospects-of-LGWs/unlens/injection.hdf

[global]
instruments = E1 E2 E3
mass1_ref = 30.000000005341146
mass2_ref = 30.000000009182717
minchirp = 26.116416905205604
maxchirp = 26.116616905205603
mincov = 3232029851.2897305
maxcov = 323202985128.973
