
[data]
trigger-time = 1300844513.698171
injection-file = /work/shashwat.singh/Prospects-of-LGWs/unlens/injection.hdf

[global]
instruments = E1 E2 E3
mass1_ref = 30.000000003922292
mass2_ref = 30.00000000314923
minchirp = 26.11641690196178
maxchirp = 26.11661690196178
mincov = 45113469538.709724
maxcov = 4511346953870.973
