
[data]
trigger-time = 1612784194.1698606
injection-file = /work/shashwat.singh/Prospects-of-LGWs/unlens/injection.hdf

[global]
instruments = E1 E2 E3
mass1_ref = 30.000000005277652
mass2_ref = 30.00000000799126
minchirp = 26.116416904659356
maxchirp = 26.116616904659356
mincov = 13675492046.993258
maxcov = 1367549204699.3257
