
[data]
trigger-time = 1987541779.590714
injection-file = /work/shashwat.singh/Prospects-of-LGWs/unlens/injection.hdf

[global]
instruments = E1 E2 E3
mass1_ref = 30.000000007426486
mass2_ref = 30.00000000525772
minchirp = 26.116416904404847
maxchirp = 26.116616904404847
mincov = 73984661722.95903
maxcov = 7398466172295.903
