
[data]
trigger-time = 1798301340.3201618
injection-file = /work/shashwat.singh/Prospects-of-LGWs/unlens/injection.hdf

[global]
instruments = E1 E2 E3
mass1_ref = 30.000000006299487
mass2_ref = 30.00000000138
minchirp = 26.116416902226415
maxchirp = 26.116616902226415
mincov = 115643741381.75679
maxcov = 11564374138175.68
