
[data]
trigger-time = 1534579078.027624
injection-file = /work/shashwat.singh/Prospects-of-LGWs/unlens/injection.hdf

[global]
instruments = E1 E2 E3
mass1_ref = 30.000000007640867
mass2_ref = 30.00000000247981
minchirp = 26.116416903289007
maxchirp = 26.116616903289007
mincov = 75877906547.48158
maxcov = 7587790654748.158
