
[data]
trigger-time = 1970945100.768633
injection-file = /work/shashwat.singh/Prospects-of-LGWs/unlens/injection.hdf

[global]
instruments = E1 E2 E3
mass1_ref = 30.000000003441397
mass2_ref = 30.000000006042864
minchirp = 26.116416903011988
maxchirp = 26.116616903011987
mincov = 87495160387.05273
maxcov = 8749516038705.273
