
[data]
trigger-time = 1782184303.3437092
injection-file = /work/shashwat.singh/Prospects-of-LGWs/unlens/injection.hdf

[global]
instruments = E1 E2 E3
mass1_ref = 30.00000000560089
mass2_ref = 30.000000008014332
minchirp = 26.116416904810094
maxchirp = 26.116616904810094
mincov = 346264387.2242188
maxcov = 34626438722.42188
