
[data]
trigger-time = 1742359080.198208
injection-file = /work/shashwat.singh/Prospects-of-LGWs/unlens/injection.hdf

[global]
instruments = E1 E2 E3
mass1_ref = 30.000000006725216
mass2_ref = 30.000000005716934
minchirp = 26.116416904299484
maxchirp = 26.116616904299484
mincov = 107598178.33868866
maxcov = 10759817833.868866
