
[data]
trigger-time = 1512998113.7778823
injection-file = /work/shashwat.singh/Prospects-of-LGWs/unlens/injection.hdf

[global]
instruments = E1 E2 E3
mass1_ref = 30.000000008044378
mass2_ref = 30.000000007133725
minchirp = 26.116416905490375
maxchirp = 26.116616905490375
mincov = 54580722871.417496
maxcov = 5458072287141.749
