
[data]
trigger-time = 1906649691.3751383
injection-file = /work/shashwat.singh/Prospects-of-LGWs/unlens/injection.hdf

[global]
instruments = E1 E2 E3
mass1_ref = 30.0000000059932
mass2_ref = 30.000000009127415
minchirp = 26.116416905465357
maxchirp = 26.116616905465357
mincov = 67229472372.769714
maxcov = 6722947237276.972
