
[data]
trigger-time = 1979543053.7852592
injection-file = /work/shashwat.singh/Prospects-of-LGWs/unlens/injection.hdf

[global]
instruments = E1 E2 E3
mass1_ref = 30.000000009592057
mass2_ref = 30.000000004120775
minchirp = 26.11641690485258
maxchirp = 26.11661690485258
mincov = 136333183257.09306
maxcov = 13633318325709.307
