
[data]
trigger-time = 1909864893.863857
injection-file = /work/shashwat.singh/Prospects-of-LGWs/unlens/injection.hdf

[global]
instruments = E1 E2 E3
mass1_ref = 30.00000000190299
mass2_ref = 30.000000003929404
minchirp = 26.11641690142242
maxchirp = 26.116616901422418
mincov = 29191008131.187904
maxcov = 2919100813118.79
