
[data]
trigger-time = 1092701627.1275094
injection-file = /work/shashwat.singh/Prospects-of-LGWs/unlens/injection.hdf

[global]
instruments = E1 E2 E3
mass1_ref = 30.000000003544883
mass2_ref = 30.000000005319166
minchirp = 26.116416902742024
maxchirp = 26.116616902742024
mincov = 161454357927.69183
maxcov = 16145435792769.182
