
[data]
trigger-time = 1446202418.9328969
injection-file = /work/shashwat.singh/Prospects-of-LGWs/unlens/injection.hdf

[global]
instruments = E1 E2 E3
mass1_ref = 30.00000000439367
mass2_ref = 30.00000000900614
minchirp = 26.11641690471633
maxchirp = 26.11661690471633
mincov = 101193205562.66653
maxcov = 10119320556266.652
