
[data]
trigger-time = 1464744342.6793718
injection-file = /work/shashwat.singh/Prospects-of-LGWs/unlens/injection.hdf

[global]
instruments = E1 E2 E3
mass1_ref = 30.000000001094282
mass2_ref = 30.000000002158515
minchirp = 26.116416900299587
maxchirp = 26.116616900299586
mincov = 125730005691.74411
maxcov = 12573000569174.412
