
[data]
trigger-time = 1918348564.5914378
injection-file = /work/shashwat.singh/Prospects-of-LGWs/unlens/injection.hdf

[global]
instruments = E1 E2 E3
mass1_ref = 30.000000005334602
mass2_ref = 30.00000000969395
minchirp = 26.116416905425282
maxchirp = 26.116616905425282
mincov = 5775362540.629699
maxcov = 577536254062.9698
