
[data]
trigger-time = 1588707659.2079425
injection-file = /work/shashwat.singh/Prospects-of-LGWs/unlens/injection.hdf

[global]
instruments = E1 E2 E3
mass1_ref = 30.00000000524165
mass2_ref = 30.000000007181956
minchirp = 26.116416904291412
maxchirp = 26.116616904291412
mincov = 108772707744.53053
maxcov = 10877270774453.053
