
[data]
trigger-time = 1370475747.3568568
injection-file = /work/shashwat.singh/Prospects-of-LGWs/unlens/injection.hdf

[global]
instruments = E1 E2 E3
mass1_ref = 30.00000000970731
mass2_ref = 30.000000006445596
minchirp = 26.116416905914686
maxchirp = 26.116616905914686
mincov = 12429049237.408718
maxcov = 1242904923740.8718
