
[data]
trigger-time = 1085050331.5815845
injection-file = /work/shashwat.singh/Prospects-of-LGWs/unlens/injection.hdf

[global]
instruments = E1 E2 E3
mass1_ref = 30.000000004384944
mass2_ref = 30.000000003928964
minchirp = 26.116416902502564
maxchirp = 26.116616902502564
mincov = 145084167148.17944
maxcov = 14508416714817.945
