
[data]
trigger-time = 1807885939.2145848
injection-file = /work/shashwat.singh/Prospects-of-LGWs/unlens/injection.hdf

[global]
instruments = E1 E2 E3
mass1_ref = 30.00000000296065
mass2_ref = 30.00000000642604
minchirp = 26.11641690296952
maxchirp = 26.11661690296952
mincov = 137378598166.20078
maxcov = 13737859816620.078
