
[data]
trigger-time = 1502559525.1214056
injection-file = /work/shashwat.singh/Prospects-of-LGWs/unlens/injection.hdf

[global]
instruments = E1 E2 E3
mass1_ref = 30.000000008457437
mass2_ref = 30.000000003752337
minchirp = 26.11641690419834
maxchirp = 26.116616904198338
mincov = 19365322937.82537
maxcov = 1936532293782.5369
