
[data]
trigger-time = 1853813574.2555583
injection-file = /work/shashwat.singh/Prospects-of-LGWs/unlens/injection.hdf

[global]
instruments = E1 E2 E3
mass1_ref = 30.000000002657398
mass2_ref = 30.000000007929394
minchirp = 26.116416903491896
maxchirp = 26.116616903491895
mincov = 117955792464.39206
maxcov = 11795579246439.207
