
[data]
trigger-time = 1567116933.0949216
injection-file = /work/shashwat.singh/Prospects-of-LGWs/unlens/injection.hdf

[global]
instruments = E1 E2 E3
mass1_ref = 30.000000002888985
mass2_ref = 30.00000000817701
minchirp = 26.11641690370048
maxchirp = 26.11661690370048
mincov = 67746841588.00148
maxcov = 6774684158800.147
