
[data]
trigger-time = 1523341983.5481145
injection-file = /work/shashwat.singh/Prospects-of-LGWs/unlens/injection.hdf

[global]
instruments = E1 E2 E3
mass1_ref = 30.00000000335829
mass2_ref = 30.00000000463313
minchirp = 26.11641690236219
maxchirp = 26.11661690236219
mincov = 158316546598.6591
maxcov = 15831654659865.908
