
[data]
trigger-time = 1625321252.7603905
injection-file = /work/shashwat.singh/Prospects-of-LGWs/unlens/injection.hdf

[global]
instruments = E1 E2 E3
mass1_ref = 30.0000000048974
mass2_ref = 30.000000008856667
minchirp = 26.11641690487053
maxchirp = 26.11661690487053
mincov = 13404391189.3894
maxcov = 1340439118938.94
