
[data]
trigger-time = 1387195339.8900542
injection-file = /work/shashwat.singh/Prospects-of-LGWs/unlens/injection.hdf

[global]
instruments = E1 E2 E3
mass1_ref = 30.000000008374208
mass2_ref = 30.000000001921226
minchirp = 26.116416903365074
maxchirp = 26.116616903365074
mincov = 54129674889.89676
maxcov = 5412967488989.676
