
[data]
trigger-time = 1381967676.8999453
injection-file = /work/shashwat.singh/Prospects-of-LGWs/unlens/injection.hdf

[global]
instruments = E1 E2 E3
mass1_ref = 30.00000000300116
mass2_ref = 30.00000000809296
minchirp = 26.11641690371272
maxchirp = 26.11661690371272
mincov = 1118202749.465589
maxcov = 111820274946.5589
