
[data]
trigger-time = 1419696073.589321
injection-file = /work/shashwat.singh/Prospects-of-LGWs/unlens/injection.hdf

[global]
instruments = E1 E2 E3
mass1_ref = 30.00000000824835
mass2_ref = 30.000000004595204
minchirp = 26.116416904474207
maxchirp = 26.116616904474206
mincov = 6820639799.502476
maxcov = 682063979950.2476
