
[data]
trigger-time = 1982049976.9589105
injection-file = /work/shashwat.singh/Prospects-of-LGWs/unlens/injection.hdf

[global]
instruments = E1 E2 E3
mass1_ref = 30.0000000004829
mass2_ref = 30.000000006115247
minchirp = 26.116416901755734
maxchirp = 26.116616901755734
mincov = 122166548795.58548
maxcov = 12216654879558.547
