
[data]
trigger-time = 1263499755.5872614
injection-file = /work/shashwat.singh/Prospects-of-LGWs/unlens/injection.hdf

[global]
instruments = E1 E2 E3
mass1_ref = 30.000000001924455
mass2_ref = 30.000000006241073
minchirp = 26.116416902437976
maxchirp = 26.116616902437976
mincov = 160305130333.60944
maxcov = 16030513033360.945
