
[data]
trigger-time = 1479340486.5185215
injection-file = /work/shashwat.singh/Prospects-of-LGWs/unlens/injection.hdf

[global]
instruments = E1 E2 E3
mass1_ref = 30.000000000798153
mass2_ref = 30.000000002275854
minchirp = 26.116416900221765
maxchirp = 26.116616900221764
mincov = 103323823454.22017
maxcov = 10332382345422.016
