
[data]
trigger-time = 1173534274.200759
injection-file = /work/shashwat.singh/Prospects-of-LGWs/unlens/injection.hdf

[global]
instruments = E1 E2 E3
mass1_ref = 30.000000005106223
mass2_ref = 30.000000005643102
minchirp = 26.11641690356264
maxchirp = 26.11661690356264
mincov = 165684537592.60907
maxcov = 16568453759260.908
