
[data]
trigger-time = 1500542439.1851244
injection-file = /work/shashwat.singh/Prospects-of-LGWs/unlens/injection.hdf

[global]
instruments = E1 E2 E3
mass1_ref = 30.00000000744079
mass2_ref = 30.00000000171665
minchirp = 26.11641690286973
maxchirp = 26.11661690286973
mincov = 82458294049.77078
maxcov = 8245829404977.078
