
[data]
trigger-time = 1021070045.3415669
injection-file = /work/shashwat.singh/Prospects-of-LGWs/unlens/injection.hdf

[global]
instruments = E1 E2 E3
mass1_ref = 30.00000000565403
mass2_ref = 30.000000004476156
minchirp = 26.116416903293143
maxchirp = 26.116616903293142
mincov = 82505562440.8256
maxcov = 8250556244082.561
