
[data]
trigger-time = 1266823184.1422133
injection-file = /work/shashwat.singh/Prospects-of-LGWs/unlens/injection.hdf

[global]
instruments = E1 E2 E3
mass1_ref = 30.000000003069733
mass2_ref = 30.0000000075585
minchirp = 26.116416903509933
maxchirp = 26.116616903509932
mincov = 179656938167.62204
maxcov = 17965693816762.203
