
[data]
trigger-time = 1325539365.5570168
injection-file = /work/shashwat.singh/Prospects-of-LGWs/unlens/injection.hdf

[global]
instruments = E1 E2 E3
mass1_ref = 30.00000000701769
mass2_ref = 30.000000003108767
minchirp = 26.11641690329152
maxchirp = 26.11661690329152
mincov = 2565934.0395894093
maxcov = 256593403.95894092
