
[data]
trigger-time = 1602164095.090553
injection-file = /work/shashwat.singh/Prospects-of-LGWs/unlens/injection.hdf

[global]
instruments = E1 E2 E3
mass1_ref = 30.000000004815544
mass2_ref = 30.000000005763606
minchirp = 26.116416903488567
maxchirp = 26.116616903488566
mincov = 134270070389.78702
maxcov = 13427007038978.701
