
[data]
trigger-time = 1805610719.7966924
injection-file = /work/shashwat.singh/Prospects-of-LGWs/unlens/injection.hdf

[global]
instruments = E1 E2 E3
mass1_ref = 30.000000001251504
mass2_ref = 30.00000000798118
minchirp = 26.116416902902483
maxchirp = 26.116616902902482
mincov = 152014166119.4376
maxcov = 15201416611943.76
