
[data]
trigger-time = 1384988307.706685
injection-file = /work/shashwat.singh/Prospects-of-LGWs/unlens/injection.hdf

[global]
instruments = E1 E2 E3
mass1_ref = 30.000000007767397
mass2_ref = 30.000000004811774
minchirp = 26.116416904359127
maxchirp = 26.116616904359127
mincov = 46779864762.407974
maxcov = 4677986476240.798
