
[data]
trigger-time = 1546413936.6792748
injection-file = /work/shashwat.singh/Prospects-of-LGWs/unlens/injection.hdf

[global]
instruments = E1 E2 E3
mass1_ref = 30.00000000809829
mass2_ref = 30.000000007556938
minchirp = 26.11641690569806
maxchirp = 26.11661690569806
mincov = 88964357367.45525
maxcov = 8896435736745.525
