
[data]
trigger-time = 1720586427.2361045
injection-file = /work/shashwat.singh/Prospects-of-LGWs/unlens/injection.hdf

[global]
instruments = E1 E2 E3
mass1_ref = 30.000000000105622
mass2_ref = 30.000000000736648
minchirp = 26.116416899250343
maxchirp = 26.116616899250342
mincov = 20623667.644806854
maxcov = 2062366764.4806857
