
[data]
trigger-time = 1789355232.8177671
injection-file = /work/shashwat.singh/Prospects-of-LGWs/unlens/injection.hdf

[global]
instruments = E1 E2 E3
mass1_ref = 30.000000002742087
mass2_ref = 30.00000000714657
minchirp = 26.116416903188014
maxchirp = 26.116616903188014
mincov = 14284684290.972294
maxcov = 1428468429097.2292
