
[data]
trigger-time = 1831792904.1023395
injection-file = /work/shashwat.singh/Prospects-of-LGWs/unlens/injection.hdf

[global]
instruments = E1 E2 E3
mass1_ref = 30.00000000108768
mass2_ref = 30.000000001635446
minchirp = 26.116416900069034
maxchirp = 26.116616900069033
mincov = 1749149886.8004174
maxcov = 174914988680.04175
