
[data]
trigger-time = 1622187004.7301052
injection-file = /work/shashwat.singh/Prospects-of-LGWs/unlens/injection.hdf

[global]
instruments = E1 E2 E3
mass1_ref = 30.000000000917588
mass2_ref = 30.000000002314543
minchirp = 26.11641690029059
maxchirp = 26.11661690029059
mincov = 102831666910.85648
maxcov = 10283166691085.648
