
[data]
trigger-time = 1309735535.7956421
injection-file = /work/shashwat.singh/Prospects-of-LGWs/unlens/injection.hdf

[global]
instruments = E1 E2 E3
mass1_ref = 30.00000000178752
mass2_ref = 30.000000002619707
minchirp = 26.11641690080208
maxchirp = 26.11661690080208
mincov = 8177727731.894002
maxcov = 817772773189.4001
