
[data]
trigger-time = 1735097482.869848
injection-file = /work/shashwat.singh/Prospects-of-LGWs/unlens/injection.hdf

[global]
instruments = E1 E2 E3
mass1_ref = 30.000000003709268
mass2_ref = 30.000000000037048
minchirp = 26.116416900514402
maxchirp = 26.1166169005144
mincov = 176835092222.77997
maxcov = 17683509222277.996
