
[data]
trigger-time = 1615093482.8533378
injection-file = /work/shashwat.singh/Prospects-of-LGWs/unlens/injection.hdf

[global]
instruments = E1 E2 E3
mass1_ref = 30.000000003993666
mass2_ref = 30.000000001091486
minchirp = 26.116416901097168
maxchirp = 26.116616901097167
mincov = 3577098.3856321042
maxcov = 357709838.5632104
