
[data]
trigger-time = 1794838464.5090475
injection-file = /work/shashwat.singh/Prospects-of-LGWs/unlens/injection.hdf

[global]
instruments = E1 E2 E3
mass1_ref = 30.00000000781325
mass2_ref = 30.000000003175394
minchirp = 26.11641690366681
maxchirp = 26.11661690366681
mincov = 46079716934.01272
maxcov = 4607971693401.271
