
[data]
trigger-time = 1300531029.9843807
injection-file = /work/shashwat.singh/Prospects-of-LGWs/unlens/injection.hdf

[global]
instruments = E1 E2 E3
mass1_ref = 30.000000001564676
mass2_ref = 30.000000007761493
minchirp = 26.116416902943175
maxchirp = 26.116616902943175
mincov = 73483117681.27072
maxcov = 7348311768127.072
