
[data]
trigger-time = 1022737548.4692221
injection-file = /work/shashwat.singh/Prospects-of-LGWs/unlens/injection.hdf

[global]
instruments = E1 E2 E3
mass1_ref = 30.00000000801806
mass2_ref = 30.0000000006399
minchirp = 26.116416902652322
maxchirp = 26.11661690265232
mincov = 14168319809.23913
maxcov = 1416831980923.913
