
[data]
trigger-time = 1435355609.816549
injection-file = /work/shashwat.singh/Prospects-of-LGWs/unlens/injection.hdf

[global]
instruments = E1 E2 E3
mass1_ref = 30.000000004400835
mass2_ref = 30.000000002054488
minchirp = 26.116416901693565
maxchirp = 26.116616901693565
mincov = 137468590269.6662
maxcov = 13746859026966.621
