
[data]
trigger-time = 1992081323.3817663
injection-file = /work/shashwat.singh/Prospects-of-LGWs/unlens/injection.hdf

[global]
instruments = E1 E2 E3
mass1_ref = 30.000000004520693
mass2_ref = 30.000000002858577
minchirp = 26.11641690209574
maxchirp = 26.11661690209574
mincov = 152710756172.78564
maxcov = 15271075617278.564
