
[data]
trigger-time = 1848061063.7253604
injection-file = /work/shashwat.singh/Prospects-of-LGWs/unlens/injection.hdf

[global]
instruments = E1 E2 E3
mass1_ref = 30.000000003380393
mass2_ref = 30.000000000385658
minchirp = 26.116416900522996
maxchirp = 26.116616900522995
mincov = 102696365.08409187
maxcov = 10269636508.409187
