
[data]
trigger-time = 1417399541.3583908
injection-file = /work/shashwat.singh/Prospects-of-LGWs/unlens/injection.hdf

[global]
instruments = E1 E2 E3
mass1_ref = 30.00000000154362
mass2_ref = 30.000000006800494
minchirp = 26.116416902515713
maxchirp = 26.116616902515712
mincov = 2096970759.8665466
maxcov = 209697075986.65466
