
[data]
trigger-time = 1628561009.6216912
injection-file = /work/shashwat.singh/Prospects-of-LGWs/unlens/injection.hdf

[global]
instruments = E1 E2 E3
mass1_ref = 30.000000007657214
mass2_ref = 30.000000008967007
minchirp = 26.116416906119834
maxchirp = 26.116616906119834
mincov = 178779048494.59927
maxcov = 17877904849459.926
