
[data]
trigger-time = 1493544872.7989352
injection-file = /work/shashwat.singh/Prospects-of-LGWs/unlens/injection.hdf

[global]
instruments = E1 E2 E3
mass1_ref = 30.00000000377716
mass2_ref = 30.000000000295294
minchirp = 26.11641690065636
maxchirp = 26.11661690065636
mincov = 94928403536.97726
maxcov = 9492840353697.727
