
[data]
trigger-time = 1145475997.2886336
injection-file = /work/shashwat.singh/Prospects-of-LGWs/unlens/injection.hdf

[global]
instruments = E1 E2 E3
mass1_ref = 30.00000000156409
mass2_ref = 30.000000006177164
minchirp = 26.1164169022533
maxchirp = 26.1166169022533
mincov = 134550437752.64377
maxcov = 13455043775264.377
