
[data]
trigger-time = 1966816157.0071988
injection-file = /work/shashwat.singh/Prospects-of-LGWs/unlens/injection.hdf

[global]
instruments = E1 E2 E3
mass1_ref = 30.000000007558512
mass2_ref = 30.00000000374366
minchirp = 26.116416903803284
maxchirp = 26.116616903803283
mincov = 127204064807.4412
maxcov = 12720406480744.12
