
[data]
trigger-time = 1574135455.7936459
injection-file = /work/shashwat.singh/Prospects-of-LGWs/unlens/injection.hdf

[global]
instruments = E1 E2 E3
mass1_ref = 30.000000000663384
mass2_ref = 30.000000006249877
minchirp = 26.116416901892897
maxchirp = 26.116616901892897
mincov = 153719822057.79486
maxcov = 15371982205779.484
