
[data]
trigger-time = 1247762509.931161
injection-file = /work/shashwat.singh/Prospects-of-LGWs/unlens/injection.hdf

[global]
instruments = E1 E2 E3
mass1_ref = 30.000000004487095
mass2_ref = 30.00000000518823
minchirp = 26.116416903095153
maxchirp = 26.116616903095153
mincov = 30207865945.54027
maxcov = 3020786594554.0273
