
[data]
trigger-time = 1169730969.7710824
injection-file = /work/shashwat.singh/Prospects-of-LGWs/unlens/injection.hdf

[global]
instruments = E1 E2 E3
mass1_ref = 30.000000006112312
mass2_ref = 30.000000005564367
minchirp = 26.116416903966297
maxchirp = 26.116616903966296
mincov = 90375789425.78473
maxcov = 9037578942578.473
