
[data]
trigger-time = 1829633208.6468754
injection-file = /work/shashwat.singh/Prospects-of-LGWs/unlens/injection.hdf

[global]
instruments = E1 E2 E3
mass1_ref = 30.000000002041514
mass2_ref = 30.000000004965315
minchirp = 26.116416901933626
maxchirp = 26.116616901933625
mincov = 3300373006.4787526
maxcov = 330037300647.87524
