
[data]
trigger-time = 1101390639.3787098
injection-file = /work/shashwat.singh/Prospects-of-LGWs/unlens/injection.hdf

[global]
instruments = E1 E2 E3
mass1_ref = 30.000000000138588
mass2_ref = 30.000000003056275
minchirp = 26.11641690027437
maxchirp = 26.11661690027437
mincov = 72028139108.01688
maxcov = 7202813910801.6875
