
[data]
trigger-time = 1660177055.0322604
injection-file = /work/shashwat.singh/Prospects-of-LGWs/unlens/injection.hdf

[global]
instruments = E1 E2 E3
mass1_ref = 30.000000009516388
mass2_ref = 30.000000005570786
minchirp = 26.116416905450798
maxchirp = 26.116616905450798
mincov = 304716649.17752945
maxcov = 30471664917.752945
