
[data]
trigger-time = 1106223866.2971106
injection-file = /work/shashwat.singh/Prospects-of-LGWs/unlens/injection.hdf

[global]
instruments = E1 E2 E3
mass1_ref = 30.000000006097828
mass2_ref = 30.000000001064727
minchirp = 26.116416902001408
maxchirp = 26.116616902001407
mincov = 149339731700.0511
maxcov = 14933973170005.107
