
[data]
trigger-time = 1390527162.9685383
injection-file = /work/shashwat.singh/Prospects-of-LGWs/unlens/injection.hdf

[global]
instruments = E1 E2 E3
mass1_ref = 30.00000000140307
mass2_ref = 30.000000000084686
minchirp = 26.116416899531306
maxchirp = 26.116616899531305
mincov = 46926417247.22699
maxcov = 4692641724722.699
