
[data]
trigger-time = 1571093435.8560905
injection-file = /work/shashwat.singh/Prospects-of-LGWs/unlens/injection.hdf

[global]
instruments = E1 E2 E3
mass1_ref = 30.000000009826042
mass2_ref = 30.000000007560534
minchirp = 26.116416906451672
maxchirp = 26.11661690645167
mincov = 20150629546.776886
maxcov = 2015062954677.6885
