
[data]
trigger-time = 1829059997.2915273
injection-file = /work/shashwat.singh/Prospects-of-LGWs/unlens/injection.hdf

[global]
instruments = E1 E2 E3
mass1_ref = 30.000000000819103
mass2_ref = 30.000000002860684
minchirp = 26.116416900485444
maxchirp = 26.116616900485443
mincov = 55586822922.12051
maxcov = 5558682292212.051
