
[data]
trigger-time = 1840147962.3436604
injection-file = /work/shashwat.singh/Prospects-of-LGWs/unlens/injection.hdf

[global]
instruments = E1 E2 E3
mass1_ref = 30.000000004203972
mass2_ref = 30.000000006132343
minchirp = 26.116416903382866
maxchirp = 26.116616903382866
mincov = 108810100007.83386
maxcov = 10881010000783.387
