
[data]
trigger-time = 1609002624.242038
injection-file = /work/shashwat.singh/Prospects-of-LGWs/unlens/injection.hdf

[global]
instruments = E1 E2 E3
mass1_ref = 30.00000000396506
mass2_ref = 30.000000009887543
minchirp = 26.116416904913418
maxchirp = 26.116616904913418
mincov = 77092800999.00179
maxcov = 7709280099900.178
