
[data]
trigger-time = 1045293401.8601587
injection-file = /work/shashwat.singh/Prospects-of-LGWs/unlens/injection.hdf

[global]
instruments = E1 E2 E3
mass1_ref = 30.00000000605495
mass2_ref = 30.000000007412776
minchirp = 26.116416904745893
maxchirp = 26.116616904745893
mincov = 86380227192.72447
maxcov = 8638022719272.447
