
[data]
trigger-time = 1094382551.1554682
injection-file = /work/shashwat.singh/Prospects-of-LGWs/unlens/injection.hdf

[global]
instruments = E1 E2 E3
mass1_ref = 30.000000000784222
mass2_ref = 30.00000000771727
minchirp = 26.116416902584216
maxchirp = 26.116616902584216
mincov = 127644167123.11447
maxcov = 12764416712311.447
