
[data]
trigger-time = 1791815833.8764548
injection-file = /work/shashwat.singh/Prospects-of-LGWs/unlens/injection.hdf

[global]
instruments = E1 E2 E3
mass1_ref = 30.00000000051969
mass2_ref = 30.000000005442367
minchirp = 26.11641690147886
maxchirp = 26.11661690147886
mincov = 28334883242.979443
maxcov = 2833488324297.9443
