
[data]
trigger-time = 1588960296.8615704
injection-file = /work/shashwat.singh/Prospects-of-LGWs/unlens/injection.hdf

[global]
instruments = E1 E2 E3
mass1_ref = 30.00000000225433
mass2_ref = 30.000000003876963
minchirp = 26.116416901552526
maxchirp = 26.116616901552526
mincov = 112810024564.96017
maxcov = 11281002456496.018
