
[data]
trigger-time = 1683288256.5319417
injection-file = /work/shashwat.singh/Prospects-of-LGWs/unlens/injection.hdf

[global]
instruments = E1 E2 E3
mass1_ref = 30.00000000937835
mass2_ref = 30.000000006607838
minchirp = 26.116416905842115
maxchirp = 26.116616905842115
mincov = 141636081529.01605
maxcov = 14163608152901.605
