
[data]
trigger-time = 1763757879.4894948
injection-file = /work/shashwat.singh/Prospects-of-LGWs/unlens/injection.hdf

[global]
instruments = E1 E2 E3
mass1_ref = 30.000000006956206
mass2_ref = 30.000000000930342
minchirp = 26.116416902316544
maxchirp = 26.116616902316544
mincov = 168945129605.26343
maxcov = 16894512960526.344
