
[data]
trigger-time = 1121307479.2146351
injection-file = /work/shashwat.singh/Prospects-of-LGWs/unlens/injection.hdf

[global]
instruments = E1 E2 E3
mass1_ref = 30.000000009723653
mass2_ref = 30.00000000067917
minchirp = 26.116416903411814
maxchirp = 26.116616903411813
mincov = 138962908421.85434
maxcov = 13896290842185.434
