
[data]
trigger-time = 1886039355.0358233
injection-file = /work/shashwat.singh/Prospects-of-LGWs/unlens/injection.hdf

[global]
instruments = E1 E2 E3
mass1_ref = 30.00000000983991
mass2_ref = 30.000000003639812
minchirp = 26.116416904751112
maxchirp = 26.116616904751112
mincov = 112533737.65187974
maxcov = 11253373765.187973
