
[data]
trigger-time = 1945614349.9638557
injection-file = /work/shashwat.singh/Prospects-of-LGWs/unlens/injection.hdf

[global]
instruments = E1 E2 E3
mass1_ref = 30.00000000840868
mass2_ref = 30.000000004323653
minchirp = 26.11641690442579
maxchirp = 26.11661690442579
mincov = 74637525490.44455
maxcov = 7463752549044.454
