
[data]
trigger-time = 1388327970.8065982
injection-file = /work/shashwat.singh/Prospects-of-LGWs/unlens/injection.hdf

[global]
instruments = E1 E2 E3
mass1_ref = 30.000000002469434
mass2_ref = 30.000000003186575
minchirp = 26.116416901345644
maxchirp = 26.116616901345644
mincov = 161493455923.4416
maxcov = 16149345592344.158
