
[data]
trigger-time = 1140636323.342424
injection-file = /work/shashwat.singh/Prospects-of-LGWs/unlens/injection.hdf

[global]
instruments = E1 E2 E3
mass1_ref = 30.000000005679407
mass2_ref = 30.000000009845593
minchirp = 26.116416905641373
maxchirp = 26.116616905641372
mincov = 114048817547.01303
maxcov = 11404881754701.305
