
[data]
trigger-time = 1485511982.1991222
injection-file = /work/shashwat.singh/Prospects-of-LGWs/unlens/injection.hdf

[global]
instruments = E1 E2 E3
mass1_ref = 30.000000003217693
mass2_ref = 30.000000006210378
minchirp = 26.11641690298753
maxchirp = 26.11661690298753
mincov = 35878629837.05596
maxcov = 3587862983705.596
