
[data]
trigger-time = 1474238847.4952
injection-file = /work/shashwat.singh/Prospects-of-LGWs/unlens/injection.hdf

[global]
instruments = E1 E2 E3
mass1_ref = 30.000000004905292
mass2_ref = 30.000000003881055
minchirp = 26.116416902708206
maxchirp = 26.116616902708206
mincov = 168714999597.98782
maxcov = 16871499959798.781
