
[data]
trigger-time = 1869230651.2801626
injection-file = /work/shashwat.singh/Prospects-of-LGWs/unlens/injection.hdf

[global]
instruments = E1 E2 E3
mass1_ref = 30.000000004803656
mass2_ref = 30.000000003651202
minchirp = 26.116416902563916
maxchirp = 26.116616902563916
mincov = 16687936428.893162
maxcov = 1668793642889.3162
