
[data]
trigger-time = 1697397339.4717674
injection-file = /work/shashwat.singh/Prospects-of-LGWs/unlens/injection.hdf

[global]
instruments = E1 E2 E3
mass1_ref = 30.00000000602545
mass2_ref = 30.00000000283063
minchirp = 26.116416902738557
maxchirp = 26.116616902738556
mincov = 87737242925.89777
maxcov = 8773724292589.776
