
[data]
trigger-time = 1172060305.3233392
injection-file = /work/shashwat.singh/Prospects-of-LGWs/unlens/injection.hdf

[global]
instruments = E1 E2 E3
mass1_ref = 30.000000005304358
mass2_ref = 30.000000005130108
minchirp = 26.11641690342559
maxchirp = 26.11661690342559
mincov = 132623632239.49905
maxcov = 13262363223949.904
