
[data]
trigger-time = 1952057972.4418044
injection-file = /work/shashwat.singh/Prospects-of-LGWs/unlens/injection.hdf

[global]
instruments = E1 E2 E3
mass1_ref = 30.000000000605223
mass2_ref = 30.00000000447049
minchirp = 26.116416901093057
maxchirp = 26.116616901093057
mincov = 27887368505.84675
maxcov = 2788736850584.675
