
[data]
trigger-time = 1327990969.7751458
injection-file = /work/shashwat.singh/Prospects-of-LGWs/unlens/injection.hdf

[global]
instruments = E1 E2 E3
mass1_ref = 30.00000000316546
mass2_ref = 30.000000002794565
minchirp = 26.116416901477976
maxchirp = 26.116616901477975
mincov = 135500959576.50484
maxcov = 13550095957650.484
