
[data]
trigger-time = 1259840161.4868374
injection-file = /work/shashwat.singh/Prospects-of-LGWs/unlens/injection.hdf

[global]
instruments = E1 E2 E3
mass1_ref = 30.000000006020997
mass2_ref = 30.000000004149815
minchirp = 26.116416903310828
maxchirp = 26.116616903310828
mincov = 80931979646.22617
maxcov = 8093197964622.616
