
[data]
trigger-time = 1050690039.8799312
injection-file = /work/shashwat.singh/Prospects-of-LGWs/unlens/injection.hdf

[global]
instruments = E1 E2 E3
mass1_ref = 30.000000008238462
mass2_ref = 30.00000000719832
minchirp = 26.116416905602975
maxchirp = 26.116616905602974
mincov = 13843925356.688984
maxcov = 1384392535668.8984
