
[data]
trigger-time = 1846721546.8330522
injection-file = /work/shashwat.singh/Prospects-of-LGWs/unlens/injection.hdf

[global]
instruments = E1 E2 E3
mass1_ref = 30.000000002980393
mass2_ref = 30.000000006260006
minchirp = 26.116416902905844
maxchirp = 26.116616902905843
mincov = 154286581088.2501
maxcov = 15428658108825.01
