
[data]
trigger-time = 1936510267.0499897
injection-file = /work/shashwat.singh/Prospects-of-LGWs/unlens/injection.hdf

[global]
instruments = E1 E2 E3
mass1_ref = 30.000000005572446
mass2_ref = 30.000000007629236
minchirp = 26.116416904630093
maxchirp = 26.116616904630092
mincov = 131606314548.68501
maxcov = 13160631454868.5
