
[data]
trigger-time = 1705346025.4746423
injection-file = /work/shashwat.singh/Prospects-of-LGWs/unlens/injection.hdf

[global]
instruments = E1 E2 E3
mass1_ref = 30.000000004026756
mass2_ref = 30.00000000160348
minchirp = 26.116416901334425
maxchirp = 26.116616901334424
mincov = 135953210772.2238
maxcov = 13595321077222.38
