
[data]
trigger-time = 1489035300.8486316
injection-file = /work/shashwat.singh/Prospects-of-LGWs/unlens/injection.hdf

[global]
instruments = E1 E2 E3
mass1_ref = 30.000000000208587
mass2_ref = 30.000000003118284
minchirp = 26.11641690033183
maxchirp = 26.11661690033183
mincov = 16044017128.04498
maxcov = 1604401712804.498
