
[data]
trigger-time = 1452526242.9291348
injection-file = /work/shashwat.singh/Prospects-of-LGWs/unlens/injection.hdf

[global]
instruments = E1 E2 E3
mass1_ref = 30.000000009335853
mass2_ref = 30.000000002774268
minchirp = 26.11641690415496
maxchirp = 26.11661690415496
mincov = 109127633518.42976
maxcov = 10912763351842.977
