
[data]
trigger-time = 1407161402.4962065
injection-file = /work/shashwat.singh/Prospects-of-LGWs/unlens/injection.hdf

[global]
instruments = E1 E2 E3
mass1_ref = 30.00000000225908
mass2_ref = 30.00000000315862
minchirp = 26.116416901241912
maxchirp = 26.116616901241912
mincov = 145459157684.37836
maxcov = 14545915768437.834
