
[data]
trigger-time = 1904905380.8945808
injection-file = /work/shashwat.singh/Prospects-of-LGWs/unlens/injection.hdf

[global]
instruments = E1 E2 E3
mass1_ref = 30.00000000003259
mass2_ref = 30.000000009076754
minchirp = 26.116416902848794
maxchirp = 26.116616902848794
mincov = 82126169358.87729
maxcov = 8212616935887.7295
