
[data]
trigger-time = 1440761567.6932569
injection-file = /work/shashwat.singh/Prospects-of-LGWs/unlens/injection.hdf

[global]
instruments = E1 E2 E3
mass1_ref = 30.000000004804285
mass2_ref = 30.000000004329333
minchirp = 26.116416902859363
maxchirp = 26.116616902859363
mincov = 116829509383.67117
maxcov = 11682950938367.117
