
[data]
trigger-time = 1999283099.4521856
injection-file = /work/shashwat.singh/Prospects-of-LGWs/unlens/injection.hdf

[global]
instruments = E1 E2 E3
mass1_ref = 30.00000000447806
mass2_ref = 30.000000002302528
minchirp = 26.116416901835148
maxchirp = 26.116616901835148
mincov = 139072803371.55222
maxcov = 13907280337155.223
