
[data]
trigger-time = 1052990742.1756109
injection-file = /work/shashwat.singh/Prospects-of-LGWs/unlens/injection.hdf

[global]
instruments = E1 E2 E3
mass1_ref = 30.00000000165461
mass2_ref = 30.000000002602256
minchirp = 26.11641690073663
maxchirp = 26.11661690073663
mincov = 58857185921.11536
maxcov = 5885718592111.535
