
[data]
trigger-time = 1679827258.1682158
injection-file = /work/shashwat.singh/Prospects-of-LGWs/unlens/injection.hdf

[global]
instruments = E1 E2 E3
mass1_ref = 30.00000000677322
mass2_ref = 30.000000007647145
minchirp = 26.116416905160552
maxchirp = 26.11661690516055
mincov = 62519200926.02626
maxcov = 6251920092602.626
