
[data]
trigger-time = 1742204751.8978562
injection-file = /work/shashwat.singh/Prospects-of-LGWs/unlens/injection.hdf

[global]
instruments = E1 E2 E3
mass1_ref = 30.000000003166235
mass2_ref = 30.000000001178286
minchirp = 26.116416900774787
maxchirp = 26.116616900774787
mincov = 26970591432.43641
maxcov = 2697059143243.641
