
[data]
trigger-time = 1836369360.4150748
injection-file = /work/shashwat.singh/Prospects-of-LGWs/unlens/injection.hdf

[global]
instruments = E1 E2 E3
mass1_ref = 30.00000000578945
mass2_ref = 30.00000000482492
minchirp = 26.116416903503897
maxchirp = 26.116616903503896
mincov = 173343566129.38257
maxcov = 17334356612938.258
