
[data]
trigger-time = 1186753579.118797
injection-file = /work/shashwat.singh/Prospects-of-LGWs/unlens/injection.hdf

[global]
instruments = E1 E2 E3
mass1_ref = 30.00000000229854
mass2_ref = 30.000000008853004
minchirp = 26.116416903737715
maxchirp = 26.116616903737714
mincov = 77103436641.8544
maxcov = 7710343664185.44
