
[data]
trigger-time = 1611327879.2524295
injection-file = /work/shashwat.singh/Prospects-of-LGWs/unlens/injection.hdf

[global]
instruments = E1 E2 E3
mass1_ref = 30.000000008411977
mass2_ref = 30.000000005250243
minchirp = 26.11641690483055
maxchirp = 26.11661690483055
mincov = 41887351290.57029
maxcov = 4188735129057.029
