
[data]
trigger-time = 1578465546.1713665
injection-file = /work/shashwat.singh/Prospects-of-LGWs/unlens/injection.hdf

[global]
instruments = E1 E2 E3
mass1_ref = 30.00000000190846
mass2_ref = 30.000000004049266
minchirp = 26.116416901476978
maxchirp = 26.116616901476977
mincov = 65625344780.533035
maxcov = 6562534478053.303
