
[data]
trigger-time = 1249950417.981103
injection-file = /work/shashwat.singh/Prospects-of-LGWs/unlens/injection.hdf

[global]
instruments = E1 E2 E3
mass1_ref = 30.00000000629561
mass2_ref = 30.000000006550557
minchirp = 26.116416904475344
maxchirp = 26.116616904475343
mincov = 121349490254.2546
maxcov = 12134949025425.459
