
[data]
trigger-time = 1251896508.8494363
injection-file = /work/shashwat.singh/Prospects-of-LGWs/unlens/injection.hdf

[global]
instruments = E1 E2 E3
mass1_ref = 30.00000000679607
mass2_ref = 30.000000001894946
minchirp = 26.11641690266671
maxchirp = 26.11661690266671
mincov = 92764012474.77438
maxcov = 9276401247477.44
