
[data]
trigger-time = 1295605143.5886505
injection-file = /work/shashwat.singh/Prospects-of-LGWs/unlens/injection.hdf

[global]
instruments = E1 E2 E3
mass1_ref = 30.000000007497604
mass2_ref = 30.000000003442487
minchirp = 26.116416903645675
maxchirp = 26.116616903645674
mincov = 164908685385.30545
maxcov = 16490868538530.545
