
[data]
trigger-time = 1318450284.2824674
injection-file = /work/shashwat.singh/Prospects-of-LGWs/unlens/injection.hdf

[global]
instruments = E1 E2 E3
mass1_ref = 30.00000000131404
mass2_ref = 30.00000000580068
minchirp = 26.116416901980585
maxchirp = 26.116616901980585
mincov = 107212722583.40097
maxcov = 10721272258340.096
