
[data]
trigger-time = 1264730858.4994829
injection-file = /work/shashwat.singh/Prospects-of-LGWs/unlens/injection.hdf

[global]
instruments = E1 E2 E3
mass1_ref = 30.000000003141775
mass2_ref = 30.00000000540273
minchirp = 26.116416902602936
maxchirp = 26.116616902602935
mincov = 75171042511.85568
maxcov = 7517104251185.568
