
[data]
trigger-time = 1368707289.5494373
injection-file = /work/shashwat.singh/Prospects-of-LGWs/unlens/injection.hdf

[global]
instruments = E1 E2 E3
mass1_ref = 30.000000002230742
mass2_ref = 30.000000006238537
minchirp = 26.11641690257019
maxchirp = 26.11661690257019
mincov = 128886971932.57114
maxcov = 12888697193257.113
