
[data]
trigger-time = 1197320280.6485999
injection-file = /work/shashwat.singh/Prospects-of-LGWs/unlens/injection.hdf

[global]
instruments = E1 E2 E3
mass1_ref = 30.00000000434518
mass2_ref = 30.00000000820377
minchirp = 26.11641690434597
maxchirp = 26.11661690434597
mincov = 148240861988.8435
maxcov = 14824086198884.352
