
[data]
trigger-time = 1612246962.8713639
injection-file = /work/shashwat.singh/Prospects-of-LGWs/unlens/injection.hdf

[global]
instruments = E1 E2 E3
mass1_ref = 30.00000000195413
mass2_ref = 30.000000006003038
minchirp = 26.116416902347282
maxchirp = 26.116616902347282
mincov = 168637042112.27966
maxcov = 16863704211227.967
