
[data]
trigger-time = 1505247937.864702
injection-file = /work/shashwat.singh/Prospects-of-LGWs/unlens/injection.hdf

[global]
instruments = E1 E2 E3
mass1_ref = 30.000000007864454
mass2_ref = 30.000000008033375
minchirp = 26.116416905803653
maxchirp = 26.116616905803653
mincov = 9153562084.215023
maxcov = 915356208421.5022
