
[data]
trigger-time = 1990866004.3646054
injection-file = /work/shashwat.singh/Prospects-of-LGWs/unlens/injection.hdf

[global]
instruments = E1 E2 E3
mass1_ref = 30.000000005517904
mass2_ref = 30.000000002379515
minchirp = 26.116416902321276
maxchirp = 26.116616902321276
mincov = 105926758724.66829
maxcov = 10592675872466.828
