
[data]
trigger-time = 1901717448.396131
injection-file = /work/shashwat.singh/Prospects-of-LGWs/unlens/injection.hdf

[global]
instruments = E1 E2 E3
mass1_ref = 30.00000000258207
mass2_ref = 30.000000008151847
minchirp = 26.116416903555933
maxchirp = 26.116616903555933
mincov = 113489534665.55142
maxcov = 11348953466555.14
