
[data]
trigger-time = 1378054384.360953
injection-file = /work/shashwat.singh/Prospects-of-LGWs/unlens/injection.hdf

[global]
instruments = E1 E2 E3
mass1_ref = 30.00000000746436
mass2_ref = 30.000000009647586
minchirp = 26.11641690633213
maxchirp = 26.11661690633213
mincov = 39068204566.2127
maxcov = 3906820456621.27
