
[data]
trigger-time = 1482367438.335023
injection-file = /work/shashwat.singh/Prospects-of-LGWs/unlens/injection.hdf

[global]
instruments = E1 E2 E3
mass1_ref = 30.00000000274089
mass2_ref = 30.000000005998277
minchirp = 26.116416902687668
maxchirp = 26.116616902687667
mincov = 65114369416.03988
maxcov = 6511436941603.988
