
[data]
trigger-time = 1530081221.9091244
injection-file = /work/shashwat.singh/Prospects-of-LGWs/unlens/injection.hdf

[global]
instruments = E1 E2 E3
mass1_ref = 30.000000000409887
mass2_ref = 30.000000003052783
minchirp = 26.11641690039094
maxchirp = 26.11661690039094
mincov = 65362276253.29732
maxcov = 6536227625329.731
