
[data]
trigger-time = 1728068441.6943412
injection-file = /work/shashwat.singh/Prospects-of-LGWs/unlens/injection.hdf

[global]
instruments = E1 E2 E3
mass1_ref = 30.000000001774662
mass2_ref = 30.000000007428426
minchirp = 26.116416902889604
maxchirp = 26.116616902889604
mincov = 110075827391.85745
maxcov = 11007582739185.744
