
[data]
trigger-time = 1833295450.5062363
injection-file = /work/shashwat.singh/Prospects-of-LGWs/unlens/injection.hdf

[global]
instruments = E1 E2 E3
mass1_ref = 30.000000007431098
mass2_ref = 30.000000006892297
minchirp = 26.116416905118346
maxchirp = 26.116616905118345
mincov = 103547101730.65677
maxcov = 10354710173065.678
