
[data]
trigger-time = 1595774257.828076
injection-file = /work/shashwat.singh/Prospects-of-LGWs/unlens/injection.hdf

[global]
instruments = E1 E2 E3
mass1_ref = 30.00000000557989
mass2_ref = 30.000000004792025
minchirp = 26.11641690339836
maxchirp = 26.11661690339836
mincov = 159062953031.18423
maxcov = 15906295303118.422
