
[data]
trigger-time = 1735535414.4441214
injection-file = /work/shashwat.singh/Prospects-of-LGWs/unlens/injection.hdf

[global]
instruments = E1 E2 E3
mass1_ref = 30.00000000886231
mass2_ref = 30.000000004808076
minchirp = 26.116416904834107
maxchirp = 26.116616904834107
mincov = 5732075015.728483
maxcov = 573207501572.8483
