
[data]
trigger-time = 1437546774.4523377
injection-file = /work/shashwat.singh/Prospects-of-LGWs/unlens/injection.hdf

[global]
instruments = E1 E2 E3
mass1_ref = 30.00000000742148
mass2_ref = 30.000000000906443
minchirp = 26.116416902508664
maxchirp = 26.116616902508664
mincov = 154107898549.60983
maxcov = 15410789854960.984
