
[data]
trigger-time = 1769638356.321784
injection-file = /work/shashwat.singh/Prospects-of-LGWs/unlens/injection.hdf

[global]
instruments = E1 E2 E3
mass1_ref = 30.000000008588206
mass2_ref = 30.000000002983832
minchirp = 26.116416903920747
maxchirp = 26.116616903920747
mincov = 73729705778.83456
maxcov = 7372970577883.456
