
[data]
trigger-time = 1374909039.552979
injection-file = /work/shashwat.singh/Prospects-of-LGWs/unlens/injection.hdf

[global]
instruments = E1 E2 E3
mass1_ref = 30.000000009636118
mass2_ref = 30.000000001665267
minchirp = 26.11641690380294
maxchirp = 26.11661690380294
mincov = 144056853650.59738
maxcov = 14405685365059.738
