
[data]
trigger-time = 1857878398.0879576
injection-file = /work/shashwat.singh/Prospects-of-LGWs/unlens/injection.hdf

[global]
instruments = E1 E2 E3
mass1_ref = 30.0000000033591
mass2_ref = 30.00000000938348
minchirp = 26.116416904430256
maxchirp = 26.116616904430256
mincov = 2859021535.0177617
maxcov = 285902153501.7762
