
[data]
trigger-time = 1401287061.71447
injection-file = /work/shashwat.singh/Prospects-of-LGWs/unlens/injection.hdf

[global]
instruments = E1 E2 E3
mass1_ref = 30.00000000906758
mass2_ref = 30.00000000800453
minchirp = 26.116416906314793
maxchirp = 26.116616906314793
mincov = 15153913232.26008
maxcov = 1515391323226.008
