
[data]
trigger-time = 1319462347.7643995
injection-file = /work/shashwat.singh/Prospects-of-LGWs/unlens/injection.hdf

[global]
instruments = E1 E2 E3
mass1_ref = 30.000000003423228
mass2_ref = 30.000000004491678
minchirp = 26.116416902328886
maxchirp = 26.116616902328886
mincov = 141389638623.15762
maxcov = 14138963862315.762
