
[data]
trigger-time = 1325763177.554995
injection-file = /work/shashwat.singh/Prospects-of-LGWs/unlens/injection.hdf

[global]
instruments = E1 E2 E3
mass1_ref = 30.00000000329362
mass2_ref = 30.000000003687873
minchirp = 26.116416901922594
maxchirp = 26.116616901922594
mincov = 125306923932.67233
maxcov = 12530692393267.234
