
[data]
trigger-time = 1387316373.3687816
injection-file = /work/shashwat.singh/Prospects-of-LGWs/unlens/injection.hdf

[global]
instruments = E1 E2 E3
mass1_ref = 30.00000000610948
mass2_ref = 30.000000004309168
minchirp = 26.116416903418706
maxchirp = 26.116616903418706
mincov = 1820343290.7740932
maxcov = 182034329077.40933
