
[data]
trigger-time = 1530824037.1743677
injection-file = /work/shashwat.singh/Prospects-of-LGWs/unlens/injection.hdf

[global]
instruments = E1 E2 E3
mass1_ref = 30.000000006191808
mass2_ref = 30.00000000708057
minchirp = 26.116416904660863
maxchirp = 26.116616904660862
mincov = 12529146313.106756
maxcov = 1252914631310.6758
