
[data]
trigger-time = 1269161593.3190665
injection-file = /work/shashwat.singh/Prospects-of-LGWs/unlens/injection.hdf

[global]
instruments = E1 E2 E3
mass1_ref = 30.000000001694584
mass2_ref = 30.00000000952489
minchirp = 26.116416903767284
maxchirp = 26.116616903767284
mincov = 100523093359.21341
maxcov = 10052309335921.34
