
[data]
trigger-time = 1196783541.9338408
injection-file = /work/shashwat.singh/Prospects-of-LGWs/unlens/injection.hdf

[global]
instruments = E1 E2 E3
mass1_ref = 30.000000000352923
mass2_ref = 30.000000003739558
minchirp = 26.116416900665083
maxchirp = 26.116616900665083
mincov = 100080391733.44499
maxcov = 10008039173344.5
