
[data]
trigger-time = 1812192755.297791
injection-file = /work/shashwat.singh/Prospects-of-LGWs/unlens/injection.hdf

[global]
instruments = E1 E2 E3
mass1_ref = 30.000000004846083
mass2_ref = 30.000000004758924
minchirp = 26.116416903064547
maxchirp = 26.116616903064546
mincov = 98483187658.80893
maxcov = 9848318765880.893
