
[data]
trigger-time = 1331390869.3484566
injection-file = /work/shashwat.singh/Prospects-of-LGWs/unlens/injection.hdf

[global]
instruments = E1 E2 E3
mass1_ref = 30.000000000327027
mass2_ref = 30.00000000961912
minchirp = 26.116416903213036
maxchirp = 26.116616903213036
mincov = 14870833091.038136
maxcov = 1487083309103.8135
