
[data]
trigger-time = 1691165950.5557382
injection-file = /work/shashwat.singh/Prospects-of-LGWs/unlens/injection.hdf

[global]
instruments = E1 E2 E3
mass1_ref = 30.000000008018223
mass2_ref = 30.00000000137106
minchirp = 26.116416902970645
maxchirp = 26.116616902970645
mincov = 260455862.8518595
maxcov = 26045586285.18595
