
[data]
trigger-time = 1191594304.5027368
injection-file = /work/shashwat.singh/Prospects-of-LGWs/unlens/injection.hdf

[global]
instruments = E1 E2 E3
mass1_ref = 30.000000002428365
mass2_ref = 30.000000004412865
minchirp = 26.116416901861545
maxchirp = 26.116616901861544
mincov = 72797310613.90251
maxcov = 7279731061390.252
