
[data]
trigger-time = 1656239877.6537223
injection-file = /work/shashwat.singh/Prospects-of-LGWs/unlens/injection.hdf

[global]
instruments = E1 E2 E3
mass1_ref = 30.000000003599773
mass2_ref = 30.000000008087436
minchirp = 26.116416903970876
maxchirp = 26.116616903970876
mincov = 121186688868.8281
maxcov = 12118668886882.81
