
[data]
trigger-time = 1717690680.5476956
injection-file = /work/shashwat.singh/Prospects-of-LGWs/unlens/injection.hdf

[global]
instruments = E1 E2 E3
mass1_ref = 30.000000007611863
mass2_ref = 30.00000000006192
minchirp = 26.116416902223932
maxchirp = 26.11661690222393
mincov = 176552626163.19025
maxcov = 17655262616319.023
