
[data]
trigger-time = 1494046317.1983387
injection-file = /work/shashwat.singh/Prospects-of-LGWs/unlens/injection.hdf

[global]
instruments = E1 E2 E3
mass1_ref = 30.000000004239503
mass2_ref = 30.000000007199983
minchirp = 26.116416903863048
maxchirp = 26.116616903863047
mincov = 80139784566.08658
maxcov = 8013978456608.658
