
[data]
trigger-time = 1785063408.0042052
injection-file = /work/shashwat.singh/Prospects-of-LGWs/unlens/injection.hdf

[global]
instruments = E1 E2 E3
mass1_ref = 30.000000003462915
mass2_ref = 30.000000001145164
minchirp = 26.116416900889508
maxchirp = 26.116616900889507
mincov = 143485275196.69257
maxcov = 14348527519669.256
