
[data]
trigger-time = 1726809177.9985375
injection-file = /work/shashwat.singh/Prospects-of-LGWs/unlens/injection.hdf

[global]
instruments = E1 E2 E3
mass1_ref = 30.000000003351083
mass2_ref = 30.00000000663033
minchirp = 26.116416903228387
maxchirp = 26.116616903228387
mincov = 12665887745.201653
maxcov = 1266588774520.1653
