
[data]
trigger-time = 1823452428.983977
injection-file = /work/shashwat.singh/Prospects-of-LGWs/unlens/injection.hdf

[global]
instruments = E1 E2 E3
mass1_ref = 30.000000009603617
mass2_ref = 30.000000008313545
minchirp = 26.116416906682623
maxchirp = 26.116616906682623
mincov = 124355592.3162098
maxcov = 12435559231.62098
