
[data]
trigger-time = 1139566198.5993137
injection-file = /work/shashwat.singh/Prospects-of-LGWs/unlens/injection.hdf

[global]
instruments = E1 E2 E3
mass1_ref = 30.00000000799673
mass2_ref = 30.000000005519638
minchirp = 26.116416904767068
maxchirp = 26.116616904767067
mincov = 53917046317.42235
maxcov = 5391704631742.235
