
[data]
trigger-time = 1355909297.8398023
injection-file = /work/shashwat.singh/Prospects-of-LGWs/unlens/injection.hdf

[global]
instruments = E1 E2 E3
mass1_ref = 30.000000001131685
mass2_ref = 30.00000000614584
minchirp = 26.116416902051448
maxchirp = 26.116616902051447
mincov = 54985732116.72681
maxcov = 5498573211672.681
