
[data]
trigger-time = 1339967984.5364892
injection-file = /work/shashwat.singh/Prospects-of-LGWs/unlens/injection.hdf

[global]
instruments = E1 E2 E3
mass1_ref = 30.000000008127966
mass2_ref = 30.000000008032636
minchirp = 26.116416905918037
maxchirp = 26.116616905918036
mincov = 23660871883.138557
maxcov = 2366087188313.856
