
[data]
trigger-time = 1112409340.0103972
injection-file = /work/shashwat.singh/Prospects-of-LGWs/unlens/injection.hdf

[global]
instruments = E1 E2 E3
mass1_ref = 30.0000000082722
mass2_ref = 30.00000000110082
minchirp = 26.116416902963568
maxchirp = 26.116616902963568
mincov = 6201172900.749431
maxcov = 620117290074.9431
