
[data]
trigger-time = 1075993872.7207549
injection-file = /work/shashwat.singh/Prospects-of-LGWs/unlens/injection.hdf

[global]
instruments = E1 E2 E3
mass1_ref = 30.000000004156263
mass2_ref = 30.000000005304344
minchirp = 26.116416903001692
maxchirp = 26.11661690300169
mincov = 96796799173.43532
maxcov = 9679679917343.531
