
[data]
trigger-time = 1750061197.0567768
injection-file = /work/shashwat.singh/Prospects-of-LGWs/unlens/injection.hdf

[global]
instruments = E1 E2 E3
mass1_ref = 30.000000007497597
mass2_ref = 30.000000006773455
minchirp = 26.11641690509556
maxchirp = 26.116616905095558
mincov = 7162771628.677414
maxcov = 716277162867.7415
