
[data]
trigger-time = 1023218176.9681268
injection-file = /work/shashwat.singh/Prospects-of-LGWs/unlens/injection.hdf

[global]
instruments = E1 E2 E3
mass1_ref = 30.000000006265715
mass2_ref = 30.000000005070486
minchirp = 26.11641690381809
maxchirp = 26.11661690381809
mincov = 64549016759.52986
maxcov = 6454901675952.986
