
[data]
trigger-time = 1037049574.7593659
injection-file = /work/shashwat.singh/Prospects-of-LGWs/unlens/injection.hdf

[global]
instruments = E1 E2 E3
mass1_ref = 30.000000006051756
mass2_ref = 30.0000000094542
minchirp = 26.116416905633084
maxchirp = 26.116616905633084
mincov = 178748258083.89227
maxcov = 17874825808389.227
