
[data]
trigger-time = 1855997232.3639278
injection-file = /work/shashwat.singh/Prospects-of-LGWs/unlens/injection.hdf

[global]
instruments = E1 E2 E3
mass1_ref = 30.000000003671598
mass2_ref = 30.000000003327916
minchirp = 26.11641690193044
maxchirp = 26.11661690193044
mincov = 81418390795.01991
maxcov = 8141839079501.991
