
[data]
trigger-time = 1647657819.684229
injection-file = /work/shashwat.singh/Prospects-of-LGWs/unlens/injection.hdf

[global]
instruments = E1 E2 E3
mass1_ref = 30.00000000457467
mass2_ref = 30.000000006324882
minchirp = 26.116416903628032
maxchirp = 26.11661690362803
mincov = 133270121843.67966
maxcov = 13327012184367.967
