
[data]
trigger-time = 1320839322.0076656
injection-file = /work/shashwat.singh/Prospects-of-LGWs/unlens/injection.hdf

[global]
instruments = E1 E2 E3
mass1_ref = 30.000000002994838
mass2_ref = 30.0000000000508
minchirp = 26.116416900209416
maxchirp = 26.116616900209415
mincov = 262158382.89296016
maxcov = 26215838289.296017
