
[data]
trigger-time = 1100899372.5375144
injection-file = /work/shashwat.singh/Prospects-of-LGWs/unlens/injection.hdf

[global]
instruments = E1 E2 E3
mass1_ref = 30.00000000344534
mass2_ref = 30.00000000444962
minchirp = 26.116416902320207
maxchirp = 26.116616902320207
mincov = 148726460354.1037
maxcov = 14872646035410.37
