
[data]
trigger-time = 1983783277.8405309
injection-file = /work/shashwat.singh/Prospects-of-LGWs/unlens/injection.hdf

[global]
instruments = E1 E2 E3
mass1_ref = 30.000000006097537
mass2_ref = 30.000000003204146
minchirp = 26.116416902932517
maxchirp = 26.116616902932517
mincov = 65493477644.02551
maxcov = 6549347764402.551
