
[data]
trigger-time = 1341716283.5749104
injection-file = /work/shashwat.singh/Prospects-of-LGWs/unlens/injection.hdf

[global]
instruments = E1 E2 E3
mass1_ref = 30.000000000787086
mass2_ref = 30.000000004278938
minchirp = 26.11641690108884
maxchirp = 26.11661690108884
mincov = 169670468247.18045
maxcov = 16967046824718.045
