
[data]
trigger-time = 1647789280.3503845
injection-file = /work/shashwat.singh/Prospects-of-LGWs/unlens/injection.hdf

[global]
instruments = E1 E2 E3
mass1_ref = 30.000000003202977
mass2_ref = 30.000000004112753
minchirp = 26.11641690206808
maxchirp = 26.11661690206808
mincov = 179032756624.32565
maxcov = 17903275662432.566
