
[data]
trigger-time = 1233131154.260504
injection-file = /work/shashwat.singh/Prospects-of-LGWs/unlens/injection.hdf

[global]
instruments = E1 E2 E3
mass1_ref = 30.000000006661686
mass2_ref = 30.000000008964935
minchirp = 26.116416905685607
maxchirp = 26.116616905685607
mincov = 107687482193.93895
maxcov = 10768748219393.895
