
[data]
trigger-time = 1914792558.3831325
injection-file = /work/shashwat.singh/Prospects-of-LGWs/unlens/injection.hdf

[global]
instruments = E1 E2 E3
mass1_ref = 30.000000004269324
mass2_ref = 30.00000000200215
minchirp = 26.116416901613544
maxchirp = 26.116616901613543
mincov = 68385759226.18583
maxcov = 6838575922618.583
