
[data]
trigger-time = 1337259160.32066
injection-file = /work/shashwat.singh/Prospects-of-LGWs/unlens/injection.hdf

[global]
instruments = E1 E2 E3
mass1_ref = 30.000000004963592
mass2_ref = 30.000000008101843
minchirp = 26.116416904570784
maxchirp = 26.116616904570783
mincov = 65798676259.00747
maxcov = 6579867625900.747
