
[data]
trigger-time = 1028398910.0405965
injection-file = /work/shashwat.singh/Prospects-of-LGWs/unlens/injection.hdf

[global]
instruments = E1 E2 E3
mass1_ref = 30.000000009977025
mass2_ref = 30.00000000137982
minchirp = 26.11641690382708
maxchirp = 26.11661690382708
mincov = 27730555442.55657
maxcov = 2773055544255.6567
