
[data]
trigger-time = 1552691423.6335182
injection-file = /work/shashwat.singh/Prospects-of-LGWs/unlens/injection.hdf

[global]
instruments = E1 E2 E3
mass1_ref = 30.000000004485933
mass2_ref = 30.000000006854933
minchirp = 26.116416903820124
maxchirp = 26.116616903820123
mincov = 105142026155.65306
maxcov = 10514202615565.307
