
[data]
trigger-time = 1441505586.3405056
injection-file = /work/shashwat.singh/Prospects-of-LGWs/unlens/injection.hdf

[global]
instruments = E1 E2 E3
mass1_ref = 30.000000005143733
mass2_ref = 30.00000000920156
minchirp = 26.116416905127878
maxchirp = 26.116616905127877
mincov = 63936088404.86908
maxcov = 6393608840486.908
