
[data]
trigger-time = 1146979630.757241
injection-file = /work/shashwat.singh/Prospects-of-LGWs/unlens/injection.hdf

[global]
instruments = E1 E2 E3
mass1_ref = 30.00000000101119
mass2_ref = 30.000000001952678
minchirp = 26.116416900173824
maxchirp = 26.116616900173824
mincov = 157467754682.0964
maxcov = 15746775468209.64
