
[data]
trigger-time = 1587158716.0653443
injection-file = /work/shashwat.singh/Prospects-of-LGWs/unlens/injection.hdf

[global]
instruments = E1 E2 E3
mass1_ref = 30.000000000631907
mass2_ref = 30.000000007200477
minchirp = 26.11641690229297
maxchirp = 26.116616902292968
mincov = 88551080249.22037
maxcov = 8855108024922.037
