
[data]
trigger-time = 1424105688.0833457
injection-file = /work/shashwat.singh/Prospects-of-LGWs/unlens/injection.hdf

[global]
instruments = E1 E2 E3
mass1_ref = 30.00000000511075
mass2_ref = 30.000000009261495
minchirp = 26.11641690513961
maxchirp = 26.116616905139608
mincov = 110668744564.17534
maxcov = 11066874456417.535
