
[data]
trigger-time = 1108867399.5645678
injection-file = /work/shashwat.singh/Prospects-of-LGWs/unlens/injection.hdf

[global]
instruments = E1 E2 E3
mass1_ref = 30.000000000904073
mass2_ref = 30.000000002406125
minchirp = 26.116416900324573
maxchirp = 26.116616900324573
mincov = 30832130.482580326
maxcov = 3083213048.258033
