
[data]
trigger-time = 1554015630.958385
injection-file = /work/shashwat.singh/Prospects-of-LGWs/unlens/injection.hdf

[global]
instruments = E1 E2 E3
mass1_ref = 30.000000006365493
mass2_ref = 30.000000009768247
minchirp = 26.11641690590634
maxchirp = 26.11661690590634
mincov = 159551921355.38904
maxcov = 15955192135538.904
