
[data]
trigger-time = 1822885056.956111
injection-file = /work/shashwat.singh/Prospects-of-LGWs/unlens/injection.hdf

[global]
instruments = E1 E2 E3
mass1_ref = 30.000000000545576
mass2_ref = 30.00000000216117
minchirp = 26.116416900061903
maxchirp = 26.116616900061903
mincov = 150439580459.78314
maxcov = 15043958045978.316
