
[data]
trigger-time = 1773939263.7202492
injection-file = /work/shashwat.singh/Prospects-of-LGWs/unlens/injection.hdf

[global]
instruments = E1 E2 E3
mass1_ref = 30.000000000468795
mass2_ref = 30.00000000127766
minchirp = 26.116416899643912
maxchirp = 26.116616899643912
mincov = 19087843422.78487
maxcov = 1908784342278.4868
