
[data]
trigger-time = 1911295976.3011653
injection-file = /work/shashwat.singh/Prospects-of-LGWs/unlens/injection.hdf

[global]
instruments = E1 E2 E3
mass1_ref = 30.000000004134588
mass2_ref = 30.000000005081223
minchirp = 26.11641690289514
maxchirp = 26.11661690289514
mincov = 154765659884.11377
maxcov = 15476565988411.377
