
[data]
trigger-time = 1153995200.5696993
injection-file = /work/shashwat.singh/Prospects-of-LGWs/unlens/injection.hdf

[global]
instruments = E1 E2 E3
mass1_ref = 30.000000003187854
mass2_ref = 30.000000004334062
minchirp = 26.11641690215783
maxchirp = 26.11661690215783
mincov = 97407362150.17131
maxcov = 9740736215017.13
