
[data]
trigger-time = 1978793951.424604
injection-file = /work/shashwat.singh/Prospects-of-LGWs/unlens/injection.hdf

[global]
instruments = E1 E2 E3
mass1_ref = 30.00000000482583
mass2_ref = 30.000000008220432
minchirp = 26.11641690456244
maxchirp = 26.116616904562438
mincov = 146927504765.59152
maxcov = 14692750476559.152
