
[data]
trigger-time = 1177423374.356681
injection-file = /work/shashwat.singh/Prospects-of-LGWs/unlens/injection.hdf

[global]
instruments = E1 E2 E3
mass1_ref = 30.000000005507243
mass2_ref = 30.000000001790095
minchirp = 26.116416902060074
maxchirp = 26.116616902060073
mincov = 104115721219.13522
maxcov = 10411572121913.521
