
[data]
trigger-time = 1622867563.6236014
injection-file = /work/shashwat.singh/Prospects-of-LGWs/unlens/injection.hdf

[global]
instruments = E1 E2 E3
mass1_ref = 30.000000009556892
mass2_ref = 30.00000000668418
minchirp = 26.116416905953063
maxchirp = 26.116616905953062
mincov = 161154548955.06525
maxcov = 16115454895506.523
