
[data]
trigger-time = 1524058798.6496449
injection-file = /work/shashwat.singh/Prospects-of-LGWs/unlens/injection.hdf

[global]
instruments = E1 E2 E3
mass1_ref = 30.000000004151925
mass2_ref = 30.000000000647443
minchirp = 26.11641690097277
maxchirp = 26.11661690097277
mincov = 144253101879.50018
maxcov = 14425310187950.02
