
[data]
trigger-time = 1397190251.721611
injection-file = /work/shashwat.singh/Prospects-of-LGWs/unlens/injection.hdf

[global]
instruments = E1 E2 E3
mass1_ref = 30.000000006505296
mass2_ref = 30.00000000421631
minchirp = 26.116416903550576
maxchirp = 26.116616903550575
mincov = 1949440771.469894
maxcov = 194944077146.9894
