
[data]
trigger-time = 1661719102.0388112
injection-file = /work/shashwat.singh/Prospects-of-LGWs/unlens/injection.hdf

[global]
instruments = E1 E2 E3
mass1_ref = 30.000000009466252
mass2_ref = 30.000000006519272
minchirp = 26.11641690584183
maxchirp = 26.11661690584183
mincov = 9530474493.93273
maxcov = 953047449393.273
