
[data]
trigger-time = 1020716569.1499078
injection-file = /work/shashwat.singh/Prospects-of-LGWs/unlens/injection.hdf

[global]
instruments = E1 E2 E3
mass1_ref = 30.000000004810143
mass2_ref = 30.000000004675794
minchirp = 26.11641690301272
maxchirp = 26.11661690301272
mincov = 162715351976.603
maxcov = 16271535197660.3
