
[data]
trigger-time = 1330357928.5039933
injection-file = /work/shashwat.singh/Prospects-of-LGWs/unlens/injection.hdf

[global]
instruments = E1 E2 E3
mass1_ref = 30.000000003112504
mass2_ref = 30.00000000885775
minchirp = 26.11641690409408
maxchirp = 26.11661690409408
mincov = 68729567588.14178
maxcov = 6872956758814.179
