
[data]
trigger-time = 1239593189.0998924
injection-file = /work/shashwat.singh/Prospects-of-LGWs/unlens/injection.hdf

[global]
instruments = E1 E2 E3
mass1_ref = 30.00000000329485
mass2_ref = 30.000000003383533
minchirp = 26.11641690179066
maxchirp = 26.11661690179066
mincov = 133762047676.24838
maxcov = 13376204767624.84
