
[data]
trigger-time = 1400669625.80301
injection-file = /work/shashwat.singh/Prospects-of-LGWs/unlens/injection.hdf

[global]
instruments = E1 E2 E3
mass1_ref = 30.000000007995894
mass2_ref = 30.000000002580922
minchirp = 26.11641690348755
maxchirp = 26.11661690348755
mincov = 145613204709.43597
maxcov = 14561320470943.596
