
[data]
trigger-time = 1767869818.5742495
injection-file = /work/shashwat.singh/Prospects-of-LGWs/unlens/injection.hdf

[global]
instruments = E1 E2 E3
mass1_ref = 30.000000002195815
mass2_ref = 30.00000000770992
minchirp = 26.116416903195447
maxchirp = 26.116616903195446
mincov = 168082702578.05927
maxcov = 16808270257805.926
