
[data]
trigger-time = 1427537843.2692566
injection-file = /work/shashwat.singh/Prospects-of-LGWs/unlens/injection.hdf

[global]
instruments = E1 E2 E3
mass1_ref = 30.000000008148316
mass2_ref = 30.000000003455558
minchirp = 26.116416903934603
maxchirp = 26.116616903934602
mincov = 156587395559.12918
maxcov = 15658739555912.918
