
[data]
trigger-time = 1070152236.8228517
injection-file = /work/shashwat.singh/Prospects-of-LGWs/unlens/injection.hdf

[global]
instruments = E1 E2 E3
mass1_ref = 30.000000000750592
mass2_ref = 30.0000000095039
minchirp = 26.116416903347254
maxchirp = 26.116616903347253
mincov = 142131763462.52716
maxcov = 14213176346252.717
