
[data]
trigger-time = 1792562458.207972
injection-file = /work/shashwat.singh/Prospects-of-LGWs/unlens/injection.hdf

[global]
instruments = E1 E2 E3
mass1_ref = 30.000000009059484
mass2_ref = 30.000000008873286
minchirp = 26.116416906689416
maxchirp = 26.116616906689416
mincov = 56968604105.80221
maxcov = 5696860410580.221
