
[data]
trigger-time = 1412507129.828453
injection-file = /work/shashwat.singh/Prospects-of-LGWs/unlens/injection.hdf

[global]
instruments = E1 E2 E3
mass1_ref = 30.000000009106195
mass2_ref = 30.000000001402363
minchirp = 26.11641690345784
maxchirp = 26.11661690345784
mincov = 172900290270.98105
maxcov = 17290029027098.105
