
[data]
trigger-time = 1416499052.614179
injection-file = /work/shashwat.singh/Prospects-of-LGWs/unlens/injection.hdf

[global]
instruments = E1 E2 E3
mass1_ref = 30.000000005974975
mass2_ref = 30.0000000025392
minchirp = 26.116416902589734
maxchirp = 26.116616902589733
mincov = 19025491876.08895
maxcov = 1902549187608.8953
