
[data]
trigger-time = 1393196883.4369736
injection-file = /work/shashwat.singh/Prospects-of-LGWs/unlens/injection.hdf

[global]
instruments = E1 E2 E3
mass1_ref = 30.000000000766722
mass2_ref = 30.000000002338002
minchirp = 26.116416900235134
maxchirp = 26.116616900235133
mincov = 226327772.48109922
maxcov = 22632777248.109924
