
[data]
trigger-time = 1109365062.493599
injection-file = /work/shashwat.singh/Prospects-of-LGWs/unlens/injection.hdf

[global]
instruments = E1 E2 E3
mass1_ref = 30.00000000212741
mass2_ref = 30.000000000254115
minchirp = 26.116416899920342
maxchirp = 26.11661689992034
mincov = 97518488377.84329
maxcov = 9751848837784.33
