
[data]
trigger-time = 1960573671.7916217
injection-file = /work/shashwat.singh/Prospects-of-LGWs/unlens/injection.hdf

[global]
instruments = E1 E2 E3
mass1_ref = 30.00000000335817
mass2_ref = 30.000000008154032
minchirp = 26.116416903894702
maxchirp = 26.116616903894702
mincov = 140677247607.58282
maxcov = 14067724760758.283
