
[data]
trigger-time = 1601730162.8447776
injection-file = /work/shashwat.singh/Prospects-of-LGWs/unlens/injection.hdf

[global]
instruments = E1 E2 E3
mass1_ref = 30.000000003454222
mass2_ref = 30.000000006513677
minchirp = 26.116416903222504
maxchirp = 26.116616903222504
mincov = 99766654137.833
maxcov = 9976665413783.299
