
[data]
trigger-time = 1436966255.9428313
injection-file = /work/shashwat.singh/Prospects-of-LGWs/unlens/injection.hdf

[global]
instruments = E1 E2 E3
mass1_ref = 30.000000005667275
mass2_ref = 30.000000001089365
minchirp = 26.116416901824724
maxchirp = 26.116616901824724
mincov = 15658001024.278193
maxcov = 1565800102427.8193
