
[data]
trigger-time = 1731657966.3994212
injection-file = /work/shashwat.singh/Prospects-of-LGWs/unlens/injection.hdf

[global]
instruments = E1 E2 E3
mass1_ref = 30.000000004018403
mass2_ref = 30.000000009724108
minchirp = 26.116416904865503
maxchirp = 26.116616904865502
mincov = 13722579371.665094
maxcov = 1372257937166.5093
