
[data]
trigger-time = 1099579251.1245463
injection-file = /work/shashwat.singh/Prospects-of-LGWs/unlens/injection.hdf

[global]
instruments = E1 E2 E3
mass1_ref = 30.00000000711701
mass2_ref = 30.000000004204878
minchirp = 26.11641690381186
maxchirp = 26.11661690381186
mincov = 30029999588.409798
maxcov = 3002999958840.9795
