
[data]
trigger-time = 1436805157.7973626
injection-file = /work/shashwat.singh/Prospects-of-LGWs/unlens/injection.hdf

[global]
instruments = E1 E2 E3
mass1_ref = 30.000000003155545
mass2_ref = 30.00000000968244
minchirp = 26.116416904471784
maxchirp = 26.116616904471783
mincov = 63604682973.36039
maxcov = 6360468297336.039
