
[data]
trigger-time = 1877335241.5649347
injection-file = /home/ss/Prospects-of-LGWs/unlens/injection.hdf

[global]
instruments = E1 E2 E3
mass1_ref = 30.000000009096627
mass2_ref = 30.000000001516863
minchirp = 26.116416903503513
maxchirp = 26.116616903503513
mincov = 21725453746.87003
maxcov = 2172545374687.003
