
[data]
trigger-time = 1713151775.2509701
injection-file = /work/shashwat.singh/Prospects-of-LGWs/unlens/injection.hdf

[global]
instruments = E1 E2 E3
mass1_ref = 30.000000006278178
mass2_ref = 30.000000001929664
minchirp = 26.116416902456393
maxchirp = 26.116616902456393
mincov = 80424142021.55339
maxcov = 8042414202155.34
