
[data]
trigger-time = 1591674010.1563973
injection-file = /work/shashwat.singh/Prospects-of-LGWs/unlens/injection.hdf

[global]
instruments = E1 E2 E3
mass1_ref = 30.000000001538357
mass2_ref = 30.00000000645966
minchirp = 26.116416902365064
maxchirp = 26.116616902365063
mincov = 70284100514.26309
maxcov = 7028410051426.31
