
[data]
trigger-time = 1417818506.8291857
injection-file = /work/shashwat.singh/Prospects-of-LGWs/unlens/injection.hdf

[global]
instruments = E1 E2 E3
mass1_ref = 30.000000005331692
mass2_ref = 30.000000005474245
minchirp = 26.116416903587282
maxchirp = 26.116616903587282
mincov = 153055994971.0783
maxcov = 15305599497107.83
