
[data]
trigger-time = 1876454960.1522496
injection-file = /work/shashwat.singh/Prospects-of-LGWs/unlens/injection.hdf

[global]
instruments = E1 E2 E3
mass1_ref = 30.000000008540987
mass2_ref = 30.000000004260635
minchirp = 26.116416904455953
maxchirp = 26.116616904455952
mincov = 70903238308.1006
maxcov = 7090323830810.06
