
[data]
trigger-time = 1177375306.7914104
injection-file = /work/shashwat.singh/Prospects-of-LGWs/unlens/injection.hdf

[global]
instruments = E1 E2 E3
mass1_ref = 30.000000001398252
mass2_ref = 30.000000008219796
minchirp = 26.116416903070224
maxchirp = 26.116616903070224
mincov = 122012302276.73087
maxcov = 12201230227673.086
