
[data]
trigger-time = 1178230757.0425634
injection-file = /work/shashwat.singh/Prospects-of-LGWs/unlens/injection.hdf

[global]
instruments = E1 E2 E3
mass1_ref = 30.000000001762864
mass2_ref = 30.00000000830469
minchirp = 26.11641690326588
maxchirp = 26.11661690326588
mincov = 13463461248.491982
maxcov = 1346346124849.1982
