
[data]
trigger-time = 1003274587.8781339
injection-file = /work/shashwat.singh/Prospects-of-LGWs/unlens/injection.hdf

[global]
instruments = E1 E2 E3
mass1_ref = 30.0000000067389
mass2_ref = 30.00000000603802
minchirp = 26.116416904445202
maxchirp = 26.116616904445202
mincov = 86186539617.97214
maxcov = 8618653961797.213
