
[data]
trigger-time = 1682194215.6366067
injection-file = /work/shashwat.singh/Prospects-of-LGWs/unlens/injection.hdf

[global]
instruments = E1 E2 E3
mass1_ref = 30.000000000908035
mass2_ref = 30.000000000128125
minchirp = 26.11641689933474
maxchirp = 26.11661689933474
mincov = 127965395193.7815
maxcov = 12796539519378.148
