
[data]
trigger-time = 1051830068.1710536
injection-file = /work/shashwat.singh/Prospects-of-LGWs/unlens/injection.hdf

[global]
instruments = E1 E2 E3
mass1_ref = 30.000000000395566
mass2_ref = 30.00000000859339
minchirp = 26.116416902796395
maxchirp = 26.116616902796395
mincov = 121336691681.26147
maxcov = 12133669168126.148
