
[data]
trigger-time = 1053593379.2145215
injection-file = /work/shashwat.singh/Prospects-of-LGWs/unlens/injection.hdf

[global]
instruments = E1 E2 E3
mass1_ref = 30.00000000496964
mass2_ref = 30.000000004021125
minchirp = 26.116416902797184
maxchirp = 26.116616902797183
mincov = 802037595.3365272
maxcov = 80203759533.65273
