
[data]
trigger-time = 1387193400.8063447
injection-file = /work/shashwat.singh/Prospects-of-LGWs/unlens/injection.hdf

[global]
instruments = E1 E2 E3
mass1_ref = 30.000000006931757
mass2_ref = 30.000000008840445
minchirp = 26.116416905748974
maxchirp = 26.116616905748973
mincov = 119672647310.58255
maxcov = 11967264731058.254
