
[data]
trigger-time = 1295956223.5860543
injection-file = /work/shashwat.singh/Prospects-of-LGWs/unlens/injection.hdf

[global]
instruments = E1 E2 E3
mass1_ref = 30.00000000715454
mass2_ref = 30.000000002627942
minchirp = 26.116416903141797
maxchirp = 26.116616903141797
mincov = 145752935787.96613
maxcov = 14575293578796.611
