
[data]
trigger-time = 1647506914.780661
injection-file = /work/shashwat.singh/Prospects-of-LGWs/unlens/injection.hdf

[global]
instruments = E1 E2 E3
mass1_ref = 30.00000000157479
mass2_ref = 30.000000001973213
minchirp = 26.11641690042808
maxchirp = 26.11661690042808
mincov = 156322358596.51312
maxcov = 15632235859651.312
