
[data]
trigger-time = 1864653522.1111417
injection-file = /work/shashwat.singh/Prospects-of-LGWs/unlens/injection.hdf

[global]
instruments = E1 E2 E3
mass1_ref = 30.00000000102776
mass2_ref = 30.000000006271883
minchirp = 26.11641690206108
maxchirp = 26.11661690206108
mincov = 42237744981.38786
maxcov = 4223774498138.7866
