
[data]
trigger-time = 1854802121.7532206
injection-file = /work/shashwat.singh/Prospects-of-LGWs/unlens/injection.hdf

[global]
instruments = E1 E2 E3
mass1_ref = 30.000000007323646
mass2_ref = 30.000000007342642
minchirp = 26.1164169052676
maxchirp = 26.1166169052676
mincov = 139954443980.5506
maxcov = 13995444398055.06
