
[data]
trigger-time = 1946914101.6093068
injection-file = /work/shashwat.singh/Prospects-of-LGWs/unlens/injection.hdf

[global]
instruments = E1 E2 E3
mass1_ref = 30.000000009039628
mass2_ref = 30.00000000399256
minchirp = 26.116416904556313
maxchirp = 26.116616904556313
mincov = 149045743361.62485
maxcov = 14904574336162.484
