
[data]
trigger-time = 1834822783.900145
injection-file = /work/shashwat.singh/Prospects-of-LGWs/unlens/injection.hdf

[global]
instruments = E1 E2 E3
mass1_ref = 30.00000000918549
mass2_ref = 30.000000007407714
minchirp = 26.116416906106338
maxchirp = 26.116616906106337
mincov = 77128373554.48189
maxcov = 7712837355448.188
