
[data]
trigger-time = 1651488599.7562149
injection-file = /work/shashwat.singh/Prospects-of-LGWs/unlens/injection.hdf

[global]
instruments = E1 E2 E3
mass1_ref = 30.000000006390092
mass2_ref = 30.00000000511676
minchirp = 26.116416903892375
maxchirp = 26.116616903892375
mincov = 126435960690.56819
maxcov = 12643596069056.818
