
[data]
trigger-time = 1102071662.2911072
injection-file = /work/shashwat.singh/Prospects-of-LGWs/unlens/injection.hdf

[global]
instruments = E1 E2 E3
mass1_ref = 30.000000008147648
mass2_ref = 30.000000006892037
minchirp = 26.11641690543013
maxchirp = 26.116616905430128
mincov = 175934058093.08215
maxcov = 17593405809308.215
