
[data]
trigger-time = 1239229349.6661627
injection-file = /work/shashwat.singh/Prospects-of-LGWs/unlens/injection.hdf

[global]
instruments = E1 E2 E3
mass1_ref = 30.00000000220058
mass2_ref = 30.000000006858905
minchirp = 26.116416902827094
maxchirp = 26.116616902827094
mincov = 29361476178.488842
maxcov = 2936147617848.8843
