
[data]
trigger-time = 1308335932.3899767
injection-file = /work/shashwat.singh/Prospects-of-LGWs/unlens/injection.hdf

[global]
instruments = E1 E2 E3
mass1_ref = 30.000000000139348
mass2_ref = 30.00000000348035
minchirp = 26.11641690045929
maxchirp = 26.116616900459288
mincov = 163042742279.53717
maxcov = 16304274227953.719
