
[data]
trigger-time = 1915958009.4676588
injection-file = /work/shashwat.singh/Prospects-of-LGWs/unlens/injection.hdf

[global]
instruments = E1 E2 E3
mass1_ref = 30.00000000649319
mass2_ref = 30.000000009053334
minchirp = 26.11641690565074
maxchirp = 26.11661690565074
mincov = 148961063661.98123
maxcov = 14896106366198.123
