
[data]
trigger-time = 1278217691.935491
injection-file = /work/shashwat.singh/Prospects-of-LGWs/unlens/injection.hdf

[global]
instruments = E1 E2 E3
mass1_ref = 30.000000003491188
mass2_ref = 30.000000007976293
minchirp = 26.116416903875237
maxchirp = 26.116616903875236
mincov = 165172359596.65256
maxcov = 16517235959665.256
