
[data]
trigger-time = 1205852528.0032642
injection-file = /work/shashwat.singh/Prospects-of-LGWs/unlens/injection.hdf

[global]
instruments = E1 E2 E3
mass1_ref = 30.00000000787989
mass2_ref = 30.000000007370538
minchirp = 26.11641690552186
maxchirp = 26.11661690552186
mincov = 46836142115.10998
maxcov = 4683614211510.998
