
[data]
trigger-time = 1381402579.6424325
injection-file = /work/shashwat.singh/Prospects-of-LGWs/unlens/injection.hdf

[global]
instruments = E1 E2 E3
mass1_ref = 30.000000005266603
mass2_ref = 30.00000000806026
minchirp = 26.116416904684577
maxchirp = 26.116616904684577
mincov = 38201688449.810135
maxcov = 3820168844981.0137
