
[data]
trigger-time = 1407631330.7671442
injection-file = /work/shashwat.singh/Prospects-of-LGWs/unlens/injection.hdf

[global]
instruments = E1 E2 E3
mass1_ref = 30.00000000281607
mass2_ref = 30.00000000980862
minchirp = 26.11641690437894
maxchirp = 26.11661690437894
mincov = 171587847865.17105
maxcov = 17158784786517.105
