
[data]
trigger-time = 1354452309.8145428
injection-file = /work/shashwat.singh/Prospects-of-LGWs/unlens/injection.hdf

[global]
instruments = E1 E2 E3
mass1_ref = 30.00000000893728
mass2_ref = 30.00000000162188
minchirp = 26.116416903479866
maxchirp = 26.116616903479866
mincov = 128221608643.53714
maxcov = 12822160864353.713
