
[data]
trigger-time = 1365259209.2780097
injection-file = /work/shashwat.singh/Prospects-of-LGWs/unlens/injection.hdf

[global]
instruments = E1 E2 E3
mass1_ref = 30.000000007865793
mass2_ref = 30.000000005158114
minchirp = 26.116416904552707
maxchirp = 26.116616904552707
mincov = 10888645248.343544
maxcov = 1088864524834.3544
