
[data]
trigger-time = 1729053933.4334495
injection-file = /work/shashwat.singh/Prospects-of-LGWs/unlens/injection.hdf

[global]
instruments = E1 E2 E3
mass1_ref = 30.00000000424449
mass2_ref = 30.00000000733382
minchirp = 26.11641690392348
maxchirp = 26.11661690392348
mincov = 142115549951.5692
maxcov = 14211554995156.922
