
[data]
trigger-time = 1010347239.7137614
injection-file = /work/shashwat.singh/Prospects-of-LGWs/unlens/injection.hdf

[global]
instruments = E1 E2 E3
mass1_ref = 30.000000009059306
mass2_ref = 30.000000001110912
minchirp = 26.11641690331057
maxchirp = 26.116616903310568
mincov = 63300447296.98341
maxcov = 6330044729698.341
