
[data]
trigger-time = 1343921446.8281758
injection-file = /work/shashwat.singh/Prospects-of-LGWs/unlens/injection.hdf

[global]
instruments = E1 E2 E3
mass1_ref = 30.000000006906106
mass2_ref = 30.00000000191549
minchirp = 26.11641690272355
maxchirp = 26.11661690272355
mincov = 48148301287.98689
maxcov = 4814830128798.689
