
[data]
trigger-time = 1327812483.6425502
injection-file = /work/shashwat.singh/Prospects-of-LGWs/unlens/injection.hdf

[global]
instruments = E1 E2 E3
mass1_ref = 30.00000000383479
mass2_ref = 30.00000000650395
minchirp = 26.11641690338392
maxchirp = 26.11661690338392
mincov = 170154228536.91547
maxcov = 17015422853691.547
