
[data]
trigger-time = 1358342364.6671047
injection-file = /work/shashwat.singh/Prospects-of-LGWs/unlens/injection.hdf

[global]
instruments = E1 E2 E3
mass1_ref = 30.000000005861242
mass2_ref = 30.00000000595464
minchirp = 26.116416904026888
maxchirp = 26.116616904026888
mincov = 48662740811.099335
maxcov = 4866274081109.934
