
[data]
trigger-time = 1585623716.1026926
injection-file = /work/shashwat.singh/Prospects-of-LGWs/unlens/injection.hdf

[global]
instruments = E1 E2 E3
mass1_ref = 30.00000000257279
mass2_ref = 30.00000000723014
minchirp = 26.116416903150697
maxchirp = 26.116616903150696
mincov = 111116185781.54062
maxcov = 11111618578154.062
