
[data]
trigger-time = 1310027084.0286083
injection-file = /work/shashwat.singh/Prospects-of-LGWs/unlens/injection.hdf

[global]
instruments = E1 E2 E3
mass1_ref = 30.0000000030961
mass2_ref = 30.000000005197972
minchirp = 26.116416902493928
maxchirp = 26.116616902493927
mincov = 106094525198.24457
maxcov = 10609452519824.457
