
[data]
trigger-time = 1271769575.9619873
injection-file = /work/shashwat.singh/Prospects-of-LGWs/unlens/injection.hdf

[global]
instruments = E1 E2 E3
mass1_ref = 30.000000007493895
mass2_ref = 30.000000008830366
minchirp = 26.116416905989272
maxchirp = 26.11661690598927
mincov = 30225794026.469635
maxcov = 3022579402646.9634
