
[data]
trigger-time = 1736142707.2509398
injection-file = /work/shashwat.singh/Prospects-of-LGWs/unlens/injection.hdf

[global]
instruments = E1 E2 E3
mass1_ref = 30.000000000042604
mass2_ref = 30.000000003475073
minchirp = 26.116416900414883
maxchirp = 26.116616900414883
mincov = 174602230329.61182
maxcov = 17460223032961.182
