
[data]
trigger-time = 1371942831.1662555
injection-file = /work/shashwat.singh/Prospects-of-LGWs/unlens/injection.hdf

[global]
instruments = E1 E2 E3
mass1_ref = 30.00000000956052
mass2_ref = 30.000000003592852
minchirp = 26.11641690460906
maxchirp = 26.11661690460906
mincov = 161918290966.87177
maxcov = 16191829096687.176
