
[data]
trigger-time = 1232050184.3772187
injection-file = /work/shashwat.singh/Prospects-of-LGWs/unlens/injection.hdf

[global]
instruments = E1 E2 E3
mass1_ref = 30.000000007863747
mass2_ref = 30.000000008789293
minchirp = 26.11641690613238
maxchirp = 26.11661690613238
mincov = 91542789488.73213
maxcov = 9154278948873.213
