
[data]
trigger-time = 1875223290.6860676
injection-file = /work/shashwat.singh/Prospects-of-LGWs/unlens/injection.hdf

[global]
instruments = E1 E2 E3
mass1_ref = 30.000000002642306
mass2_ref = 30.000000001517698
minchirp = 26.116416900694468
maxchirp = 26.116616900694467
mincov = 159476948187.55496
maxcov = 15947694818755.496
