
[data]
trigger-time = 1792246808.4132388
injection-file = /work/shashwat.singh/Prospects-of-LGWs/unlens/injection.hdf

[global]
instruments = E1 E2 E3
mass1_ref = 30.000000001360704
mass2_ref = 30.000000000470585
minchirp = 26.11641689968084
maxchirp = 26.11661689968084
mincov = 164767345208.40536
maxcov = 16476734520840.537
