
[data]
trigger-time = 1333728130.3853111
injection-file = /work/shashwat.singh/Prospects-of-LGWs/unlens/injection.hdf

[global]
instruments = E1 E2 E3
mass1_ref = 30.00000000922695
mass2_ref = 30.000000001277733
minchirp = 26.116416903456155
maxchirp = 26.116616903456155
mincov = 75960178790.74384
maxcov = 7596017879074.384
