
[data]
trigger-time = 1682737814.1198149
injection-file = /work/shashwat.singh/Prospects-of-LGWs/unlens/injection.hdf

[global]
instruments = E1 E2 E3
mass1_ref = 30.00000000216368
mass2_ref = 30.000000006799592
minchirp = 26.116416902785215
maxchirp = 26.116616902785214
mincov = 11705885123.033466
maxcov = 1170588512303.3467
