
[data]
trigger-time = 1808741794.905769
injection-file = /work/shashwat.singh/Prospects-of-LGWs/unlens/injection.hdf

[global]
instruments = E1 E2 E3
mass1_ref = 30.000000004594735
mass2_ref = 30.000000001878654
minchirp = 26.11641690170143
maxchirp = 26.11661690170143
mincov = 164502635340.98135
maxcov = 16450263534098.135
