
[data]
trigger-time = 1674088575.416316
injection-file = /work/shashwat.singh/Prospects-of-LGWs/unlens/injection.hdf

[global]
instruments = E1 E2 E3
mass1_ref = 30.000000003324875
mass2_ref = 30.000000006780372
minchirp = 26.11641690328229
maxchirp = 26.11661690328229
mincov = 9176854885.310026
maxcov = 917685488531.0027
