
[data]
trigger-time = 1877578942.1312342
injection-file = /work/shashwat.singh/Prospects-of-LGWs/unlens/injection.hdf

[global]
instruments = E1 E2 E3
mass1_ref = 30.000000004869882
mass2_ref = 30.00000000288705
minchirp = 26.116416902260124
maxchirp = 26.116616902260123
mincov = 829184183.4463624
maxcov = 82918418344.63625
