
[data]
trigger-time = 1370887420.8309276
injection-file = /work/shashwat.singh/Prospects-of-LGWs/unlens/injection.hdf

[global]
instruments = E1 E2 E3
mass1_ref = 30.00000000999096
mass2_ref = 30.000000006418258
minchirp = 26.116416906026252
maxchirp = 26.116616906026252
mincov = 106231399176.16666
maxcov = 10623139917616.666
