
[data]
trigger-time = 1977939941.4620266
injection-file = /work/shashwat.singh/Prospects-of-LGWs/unlens/injection.hdf

[global]
instruments = E1 E2 E3
mass1_ref = 30.000000006663683
mass2_ref = 30.000000007084907
minchirp = 26.116416904868146
maxchirp = 26.116616904868145
mincov = 22488763850.48796
maxcov = 2248876385048.796
