
[data]
trigger-time = 1241418178.168275
injection-file = /work/shashwat.singh/Prospects-of-LGWs/unlens/injection.hdf

[global]
instruments = E1 E2 E3
mass1_ref = 30.000000006949694
mass2_ref = 30.000000002189243
minchirp = 26.116416902861676
maxchirp = 26.116616902861676
mincov = 110933938758.06107
maxcov = 11093393875806.105
