
[data]
trigger-time = 1918208018.8316112
injection-file = /work/shashwat.singh/Prospects-of-LGWs/unlens/injection.hdf

[global]
instruments = E1 E2 E3
mass1_ref = 30.00000000252456
mass2_ref = 30.00000000226749
minchirp = 26.116416900969586
maxchirp = 26.116616900969586
mincov = 42331643340.694084
maxcov = 4233164334069.4087
