
[data]
trigger-time = 1277985842.268994
injection-file = /work/shashwat.singh/Prospects-of-LGWs/unlens/injection.hdf

[global]
instruments = E1 E2 E3
mass1_ref = 30.000000003150177
mass2_ref = 30.000000004909687
minchirp = 26.116416902391983
maxchirp = 26.116616902391982
mincov = 43195090878.37845
maxcov = 4319509087837.8447
