
[data]
trigger-time = 1386779263.1171327
injection-file = /work/shashwat.singh/Prospects-of-LGWs/unlens/injection.hdf

[global]
instruments = E1 E2 E3
mass1_ref = 30.000000000020627
mass2_ref = 30.00000000117161
minchirp = 26.116416899402676
maxchirp = 26.116616899402676
mincov = 175225671172.33432
maxcov = 17522567117233.434
