
[data]
trigger-time = 1271906335.7642658
injection-file = /work/shashwat.singh/Prospects-of-LGWs/unlens/injection.hdf

[global]
instruments = E1 E2 E3
mass1_ref = 30.000000003823153
mass2_ref = 30.000000002220855
minchirp = 26.116416901514533
maxchirp = 26.116616901514533
mincov = 59858854078.32832
maxcov = 5985885407832.832
