
[data]
trigger-time = 1473093333.630952
injection-file = /work/shashwat.singh/Prospects-of-LGWs/unlens/injection.hdf

[global]
instruments = E1 E2 E3
mass1_ref = 30.000000009566183
mass2_ref = 30.000000005566125
minchirp = 26.116416905470444
maxchirp = 26.116616905470444
mincov = 42286334266.41745
maxcov = 4228633426641.745
