
[data]
trigger-time = 1114200472.9698672
injection-file = /work/shashwat.singh/Prospects-of-LGWs/unlens/injection.hdf

[global]
instruments = E1 E2 E3
mass1_ref = 30.000000007926396
mass2_ref = 30.000000001754124
minchirp = 26.116416903097416
maxchirp = 26.116616903097416
mincov = 45121995593.41694
maxcov = 4512199559341.693
