
[data]
trigger-time = 1590849780.3404274
injection-file = /work/shashwat.singh/Prospects-of-LGWs/unlens/injection.hdf

[global]
instruments = E1 E2 E3
mass1_ref = 30.000000000278344
mass2_ref = 30.000000006681844
minchirp = 26.116416901913325
maxchirp = 26.116616901913325
mincov = 122521979549.89827
maxcov = 12252197954989.826
