
[data]
trigger-time = 1071960644.6917081
injection-file = /work/shashwat.singh/Prospects-of-LGWs/unlens/injection.hdf

[global]
instruments = E1 E2 E3
mass1_ref = 30.00000000108754
mass2_ref = 30.00000000196077
minchirp = 26.11641690021058
maxchirp = 26.11661690021058
mincov = 4350997815.874987
maxcov = 435099781587.4987
