
[data]
trigger-time = 1487592275.4153895
injection-file = /work/shashwat.singh/Prospects-of-LGWs/unlens/injection.hdf

[global]
instruments = E1 E2 E3
mass1_ref = 30.00000000993376
mass2_ref = 30.00000000739443
minchirp = 26.116416906426256
maxchirp = 26.116616906426255
mincov = 178565524196.61496
maxcov = 17856552419661.496
