
[data]
trigger-time = 1478082330.3467731
injection-file = /work/shashwat.singh/Prospects-of-LGWs/unlens/injection.hdf

[global]
instruments = E1 E2 E3
mass1_ref = 30.00000000999013
mass2_ref = 30.0000000092663
minchirp = 26.116416907265574
maxchirp = 26.116616907265573
mincov = 159751979595.71716
maxcov = 15975197959571.717
