
[data]
trigger-time = 1699894621.922267
injection-file = /work/shashwat.singh/Prospects-of-LGWs/unlens/injection.hdf

[global]
instruments = E1 E2 E3
mass1_ref = 30.00000000591924
mass2_ref = 30.00000000895168
minchirp = 26.11641690535667
maxchirp = 26.11661690535667
mincov = 33564881069.74009
maxcov = 3356488106974.009
