
[data]
trigger-time = 1535825919.8161793
injection-file = /work/shashwat.singh/Prospects-of-LGWs/unlens/injection.hdf

[global]
instruments = E1 E2 E3
mass1_ref = 30.000000004310845
mass2_ref = 30.000000003423906
minchirp = 26.11641690225047
maxchirp = 26.11661690225047
mincov = 128280342776.02505
maxcov = 12828034277602.504
