
[data]
trigger-time = 1997195533.9409804
injection-file = /work/shashwat.singh/Prospects-of-LGWs/unlens/injection.hdf

[global]
instruments = E1 E2 E3
mass1_ref = 30.000000003383292
mass2_ref = 30.00000000864984
minchirp = 26.11641690412145
maxchirp = 26.11661690412145
mincov = 124686404391.25554
maxcov = 12468640439125.555
