
[data]
trigger-time = 1420853851.1332006
injection-file = /work/shashwat.singh/Prospects-of-LGWs/unlens/injection.hdf

[global]
instruments = E1 E2 E3
mass1_ref = 30.00000000226475
mass2_ref = 30.00000000679074
minchirp = 26.116416902825357
maxchirp = 26.116616902825356
mincov = 122945701137.06119
maxcov = 12294570113706.117
