
[data]
trigger-time = 1673348503.7850294
injection-file = /work/shashwat.singh/Prospects-of-LGWs/unlens/injection.hdf

[global]
instruments = E1 E2 E3
mass1_ref = 30.000000009416013
mass2_ref = 30.000000008087
minchirp = 26.11641690650235
maxchirp = 26.11661690650235
mincov = 7975144380.672312
maxcov = 797514438067.2312
