
[data]
trigger-time = 1270045664.9820404
injection-file = /work/shashwat.singh/Prospects-of-LGWs/unlens/injection.hdf

[global]
instruments = E1 E2 E3
mass1_ref = 30.00000000162413
mass2_ref = 30.00000000456095
minchirp = 26.11641690157594
maxchirp = 26.116616901575938
mincov = 113853294998.30913
maxcov = 11385329499830.914
