
[data]
trigger-time = 1995463036.578418
injection-file = /work/shashwat.singh/Prospects-of-LGWs/unlens/injection.hdf

[global]
instruments = E1 E2 E3
mass1_ref = 30.000000005963514
mass2_ref = 30.00000000113577
minchirp = 26.116416901973867
maxchirp = 26.116616901973867
mincov = 87851263405.37852
maxcov = 8785126340537.853
