
[data]
trigger-time = 1917951066.2579317
injection-file = /work/shashwat.singh/Prospects-of-LGWs/unlens/injection.hdf

[global]
instruments = E1 E2 E3
mass1_ref = 30.0000000068288
mass2_ref = 30.000000008456954
minchirp = 26.116416905537235
maxchirp = 26.116616905537235
mincov = 161032404840.44614
maxcov = 16103240484044.613
