
[data]
trigger-time = 1298688145.6730554
injection-file = /work/shashwat.singh/Prospects-of-LGWs/unlens/injection.hdf

[global]
instruments = E1 E2 E3
mass1_ref = 30.00000000039649
mass2_ref = 30.000000004598338
minchirp = 26.11641690105785
maxchirp = 26.11661690105785
mincov = 135779965545.95114
maxcov = 13577996554595.115
