
[data]
trigger-time = 1607205208.8804038
injection-file = /work/shashwat.singh/Prospects-of-LGWs/unlens/injection.hdf

[global]
instruments = E1 E2 E3
mass1_ref = 30.000000003709008
mass2_ref = 30.00000000168657
minchirp = 26.116416901232284
maxchirp = 26.116616901232284
mincov = 37142183084.34386
maxcov = 3714218308434.3857
