
[data]
trigger-time = 1924085722.3343034
injection-file = /work/shashwat.singh/Prospects-of-LGWs/unlens/injection.hdf

[global]
instruments = E1 E2 E3
mass1_ref = 30.000000005557308
mass2_ref = 30.000000004572325
minchirp = 26.1164169032929
maxchirp = 26.1166169032929
mincov = 45551981381.4478
maxcov = 4555198138144.78
