
[data]
trigger-time = 1973575470.4952612
injection-file = /work/shashwat.singh/Prospects-of-LGWs/unlens/injection.hdf

[global]
instruments = E1 E2 E3
mass1_ref = 30.00000000559307
mass2_ref = 30.000000004214723
minchirp = 26.116416903152814
maxchirp = 26.116616903152813
mincov = 94932407144.7897
maxcov = 9493240714478.97
