
[data]
trigger-time = 1800900484.586215
injection-file = /work/shashwat.singh/Prospects-of-LGWs/unlens/injection.hdf

[global]
instruments = E1 E2 E3
mass1_ref = 30.000000003535707
mass2_ref = 30.000000005448218
minchirp = 26.116416902794203
maxchirp = 26.116616902794203
mincov = 143601527103.38608
maxcov = 14360152710338.61
