
[data]
trigger-time = 1635996583.3851871
injection-file = /work/shashwat.singh/Prospects-of-LGWs/unlens/injection.hdf

[global]
instruments = E1 E2 E3
mass1_ref = 30.00000000051176
mass2_ref = 30.000000007808573
minchirp = 26.11641690250536
maxchirp = 26.11661690250536
mincov = 110685916709.6009
maxcov = 11068591670960.09
