
[data]
trigger-time = 1096922272.0027564
injection-file = /work/shashwat.singh/Prospects-of-LGWs/unlens/injection.hdf

[global]
instruments = E1 E2 E3
mass1_ref = 30.00000000867133
mass2_ref = 30.00000000440302
minchirp = 26.116416904574663
maxchirp = 26.116616904574663
mincov = 177055288692.92468
maxcov = 17705528869292.47
