
[data]
trigger-time = 1527449776.449322
injection-file = /work/shashwat.singh/Prospects-of-LGWs/unlens/injection.hdf

[global]
instruments = E1 E2 E3
mass1_ref = 30.000000002053447
mass2_ref = 30.000000002923557
minchirp = 26.11641690105009
maxchirp = 26.11661690105009
mincov = 168820030116.38647
maxcov = 16882003011638.648
