
[data]
trigger-time = 1494868273.3674207
injection-file = /work/shashwat.singh/Prospects-of-LGWs/unlens/injection.hdf

[global]
instruments = E1 E2 E3
mass1_ref = 30.000000001776424
mass2_ref = 30.000000001694207
minchirp = 26.116416900394405
maxchirp = 26.116616900394405
mincov = 128949217925.46225
maxcov = 12894921792546.227
