
[data]
trigger-time = 1871388215.6279192
injection-file = /work/shashwat.singh/Prospects-of-LGWs/unlens/injection.hdf

[global]
instruments = E1 E2 E3
mass1_ref = 30.00000000681621
mass2_ref = 30.000000009179328
minchirp = 26.116416905846187
maxchirp = 26.116616905846186
mincov = 153830931118.99258
maxcov = 15383093111899.258
