
[data]
trigger-time = 1384935743.8106284
injection-file = /work/shashwat.singh/Prospects-of-LGWs/unlens/injection.hdf

[global]
instruments = E1 E2 E3
mass1_ref = 30.000000008842807
mass2_ref = 30.000000004333366
minchirp = 26.116416904618987
maxchirp = 26.116616904618986
mincov = 41732055350.18498
maxcov = 4173205535018.498
