
[data]
trigger-time = 1543465038.474916
injection-file = /work/shashwat.singh/Prospects-of-LGWs/unlens/injection_100.hdf

[global]
instruments = E1 E2 E3 C1 C2 H1 V1 L1 I1 K1
mass1_ref = 30.000000006727863
mass2_ref = 30.00000000657041
minchirp = 26.116416904672136
maxchirp = 26.116616904672135
mincov = 132023305192.64941
maxcov = 13202330519264.941
