
[data]
trigger-time = 1930915835.8477516
injection-file = /work/shashwat.singh/Prospects-of-LGWs/unlens/injection_100.hdf

[global]
instruments = E1 E2 E3 C1 C2 H1 V1 L1 I1 K1
mass1_ref = 30.000000007944177
mass2_ref = 30.00000000586321
minchirp = 26.11641690489374
maxchirp = 26.11661690489374
mincov = 179185523748.12683
maxcov = 17918552374812.684
