
[data]
trigger-time = 1827903175.7485712
injection-file = /work/shashwat.singh/Prospects-of-LGWs/unlens/injection_100.hdf

[global]
instruments = E1 E2 E3 C1 C2 H1 V1 L1 I1 K1
mass1_ref = 30.00000000311442
mass2_ref = 30.000000008030742
minchirp = 26.116416903734937
maxchirp = 26.116616903734936
mincov = 170667630901.5478
maxcov = 17066763090154.777
