
[data]
trigger-time = 1056628202.8381062
injection-file = /work/shashwat.singh/Prospects-of-LGWs/unlens/injection_100.hdf

[global]
instruments = E1 E2 E3 C1 C2 H1 V1 L1 I1 K1
mass1_ref = 30.000000004431463
mass2_ref = 30.00000000793154
minchirp = 26.116416904265034
maxchirp = 26.116616904265033
mincov = 141490953763.62817
maxcov = 14149095376362.816
