
[data]
trigger-time = 1384030768.1157324
injection-file = /work/shashwat.singh/Prospects-of-LGWs/unlens/injection_100.hdf

[global]
instruments = E1 E2 E3 C1 C2 H1 V1 L1 I1 K1
mass1_ref = 30.000000007236338
mass2_ref = 30.000000001566754
minchirp = 26.116416902715493
maxchirp = 26.116616902715492
mincov = 100049064886.26318
maxcov = 10004906488626.318
