
[data]
trigger-time = 1130211789.479595
injection-file = /work/shashwat.singh/Prospects-of-LGWs/unlens/injection_100.hdf

[global]
instruments = E1 E2 E3 C1 C2 H1 V1 L1 I1 K1
mass1_ref = 30.00000000029706
mass2_ref = 30.000000005899068
minchirp = 26.116416901580745
maxchirp = 26.116616901580745
mincov = 106258652355.04286
maxcov = 10625865235504.285
