
[data]
trigger-time = 1298993982.2004142
injection-file = /work/shashwat.singh/Prospects-of-LGWs/unlens/injection.hdf

[global]
instruments = C1 C2
mass1_ref = 30.000000002864617
mass2_ref = 30.00000000427525
minchirp = 26.11641690199153
maxchirp = 26.11661690199153
mincov = 120984715211.58675
maxcov = 12098471521158.674
