
[data]
trigger-time = 1208330552.4017477
injection-file = /work/shashwat.singh/Prospects-of-LGWs/unlens/injection.hdf

[global]
instruments = C1 C2
mass1_ref = 30.00000000678907
mass2_ref = 30.00000000847631
minchirp = 26.116416905528364
maxchirp = 26.116616905528364
mincov = 5714173606.615779
maxcov = 571417360661.5779
