
[data]
trigger-time = 1702861297.1499817
injection-file = /work/shashwat.singh/Prospects-of-LGWs/unlens/injection.hdf

[global]
instruments = C1 C2
mass1_ref = 30.000000003410808
mass2_ref = 30.00000000994465
minchirp = 26.116416904697026
maxchirp = 26.116616904697025
mincov = 162692396231.82184
maxcov = 16269239623182.184
