
[data]
trigger-time = 1500387478.4899929
injection-file = /work/shashwat.singh/Prospects-of-LGWs/unlens/injection.hdf

[global]
instruments = C1 C2
mass1_ref = 30.00000000644976
mass2_ref = 30.000000001118106
minchirp = 26.116416902177832
maxchirp = 26.11661690217783
mincov = 174276064941.2287
maxcov = 17427606494122.87
