
[data]
trigger-time = 1231585864.5711114
injection-file = /work/shashwat.singh/Prospects-of-LGWs/unlens/injection.hdf

[global]
instruments = C1 C2
mass1_ref = 30.000000006678146
mass2_ref = 30.000000009806826
minchirp = 26.116416906059225
maxchirp = 26.116616906059225
mincov = 171286808900.6395
maxcov = 17128680890063.95
