
[data]
trigger-time = 1417290209.5060353
injection-file = /work/shashwat.singh/Prospects-of-LGWs/unlens/injection.hdf

[global]
instruments = C1 C2
mass1_ref = 30.000000002764686
mass2_ref = 30.00000000455544
minchirp = 26.116416902069993
maxchirp = 26.116616902069993
mincov = 158813298747.5141
maxcov = 15881329874751.408
