
[data]
trigger-time = 1590829140.7305784
injection-file = /work/shashwat.singh/Prospects-of-LGWs/unlens/injection.hdf

[global]
instruments = C1 C2
mass1_ref = 30.00000000326047
mass2_ref = 30.000000007573114
minchirp = 26.116416903599315
maxchirp = 26.116616903599315
mincov = 138270726005.75043
maxcov = 13827072600575.043
