
[data]
trigger-time = 1493235525.0922608
injection-file = /work/shashwat.singh/Prospects-of-LGWs/unlens/injection.hdf

[global]
instruments = C1 C2
mass1_ref = 30.000000003578535
mass2_ref = 30.000000001768623
minchirp = 26.11641690121121
maxchirp = 26.11661690121121
mincov = 16214843343.66888
maxcov = 1621484334366.8882
