
[data]
trigger-time = 1078931552.9774823
injection-file = /work/shashwat.singh/Prospects-of-LGWs/unlens/injection.hdf

[global]
instruments = C1 C2
mass1_ref = 30.00000000814753
mass2_ref = 30.0000000032625
minchirp = 26.11641690385023
maxchirp = 26.11661690385023
mincov = 149579789926.3772
maxcov = 14957978992637.719
