
[data]
trigger-time = 1436406620.1961274
injection-file = /work/shashwat.singh/Prospects-of-LGWs/unlens/injection.hdf

[global]
instruments = C1 C2
mass1_ref = 30.00000000076972
mass2_ref = 30.00000000449299
minchirp = 26.11641690117445
maxchirp = 26.11661690117445
mincov = 47900586702.2389
maxcov = 4790058670223.89
