
[data]
trigger-time = 1995192789.3474815
injection-file = /work/shashwat.singh/Prospects-of-LGWs/unlens/injection.hdf

[global]
instruments = C1 C2
mass1_ref = 30.00000000858247
mass2_ref = 30.000000004751726
minchirp = 26.11641690468777
maxchirp = 26.11661690468777
mincov = 6519397914.415078
maxcov = 651939791441.5078
