
[data]
trigger-time = 1338628056.5141475
injection-file = /work/shashwat.singh/Prospects-of-LGWs/unlens/injection.hdf

[global]
instruments = C1 C2
mass1_ref = 30.000000001354323
mass2_ref = 30.000000001797535
minchirp = 26.11641690025565
maxchirp = 26.11661690025565
mincov = 49555248711.71416
maxcov = 4955524871171.415
