
[data]
trigger-time = 1389400406.7703826
injection-file = /work/shashwat.singh/Prospects-of-LGWs/unlens/injection.hdf

[global]
instruments = C1 C2
mass1_ref = 30.000000000835087
mass2_ref = 30.0000000015193
minchirp = 26.116416899908533
maxchirp = 26.116616899908532
mincov = 78863258063.89651
maxcov = 7886325806389.65
