
[data]
trigger-time = 1865575377.007278
injection-file = /work/shashwat.singh/Prospects-of-LGWs/unlens/injection.hdf

[global]
instruments = C1 C2
mass1_ref = 30.000000000376737
mass2_ref = 30.000000001800906
minchirp = 26.1164168998316
maxchirp = 26.116616899831598
mincov = 148047509741.74518
maxcov = 14804750974174.52
