
[data]
trigger-time = 1509890953.7113676
injection-file = /work/shashwat.singh/Prospects-of-LGWs/unlens/injection.hdf

[global]
instruments = C1 C2
mass1_ref = 30.000000001365628
mass2_ref = 30.00000000797834
minchirp = 26.116416902950924
maxchirp = 26.116616902950923
mincov = 151608455043.54623
maxcov = 15160845504354.625
