
[data]
trigger-time = 1395412781.8790565
injection-file = /work/shashwat.singh/Prospects-of-LGWs/unlens/injection.hdf

[global]
instruments = C1 C2
mass1_ref = 30.00000000447448
mass2_ref = 30.000000003594327
minchirp = 26.116416902395876
maxchirp = 26.116616902395876
mincov = 107939469395.45528
maxcov = 10793946939545.527
