
[data]
trigger-time = 1965576905.4452932
injection-file = /work/shashwat.singh/Prospects-of-LGWs/unlens/injection.hdf

[global]
instruments = C1 C2
mass1_ref = 30.0000000007909
mass2_ref = 30.000000001047713
minchirp = 26.116416899684026
maxchirp = 26.116616899684026
mincov = 9103083495.62968
maxcov = 910308349562.9681
