
[data]
trigger-time = 1055410246.0556837
injection-file = /work/shashwat.singh/Prospects-of-LGWs/unlens/injection.hdf

[global]
instruments = C1 C2
mass1_ref = 30.000000009765092
mass2_ref = 30.00000000625773
minchirp = 26.116416905858063
maxchirp = 26.116616905858063
mincov = 68561748658.23788
maxcov = 6856174865823.788
