
[data]
trigger-time = 1099293766.8352027
injection-file = /work/shashwat.singh/Prospects-of-LGWs/unlens/injection.hdf

[global]
instruments = C1 C2
mass1_ref = 30.00000000539908
mass2_ref = 30.00000000199628
minchirp = 26.116416902102742
maxchirp = 26.11661690210274
mincov = 45193772526.954315
maxcov = 4519377252695.432
