
[data]
trigger-time = 1119147252.8401182
injection-file = /work/shashwat.singh/Prospects-of-LGWs/unlens/injection.hdf

[global]
instruments = C1 C2
mass1_ref = 30.00000000754781
mass2_ref = 30.000000008187065
minchirp = 26.116416905732727
maxchirp = 26.116616905732727
mincov = 585189024.7094809
maxcov = 58518902470.94809
