
[data]
trigger-time = 1330155578.141313
injection-file = /work/shashwat.singh/Prospects-of-LGWs/unlens/injection.hdf

[global]
instruments = C1 C2
mass1_ref = 30.00000000812136
mass2_ref = 30.000000009233
minchirp = 26.11641690643765
maxchirp = 26.11661690643765
mincov = 46043497551.17425
maxcov = 4604349755117.425
