
[data]
trigger-time = 1632895270.2434936
injection-file = /work/shashwat.singh/Prospects-of-LGWs/unlens/injection.hdf

[global]
instruments = C1 C2
mass1_ref = 30.000000003809443
mass2_ref = 30.000000003713616
minchirp = 26.116416902158328
maxchirp = 26.116616902158327
mincov = 157306215522.49152
maxcov = 15730621552249.15
