
[data]
trigger-time = 1169213573.7638056
injection-file = /work/shashwat.singh/Prospects-of-LGWs/unlens/injection.hdf

[global]
instruments = C1 C2
mass1_ref = 30.000000007832618
mass2_ref = 30.000000008349172
minchirp = 26.11641690592726
maxchirp = 26.11661690592726
mincov = 164421741619.9136
maxcov = 16442174161991.36
