
[data]
trigger-time = 1752580455.558813
injection-file = /work/shashwat.singh/Prospects-of-LGWs/unlens/injection.hdf

[global]
instruments = C1 C2
mass1_ref = 30.000000006411966
mass2_ref = 30.000000002867576
minchirp = 26.116416902922882
maxchirp = 26.116616902922882
mincov = 127679819685.47794
maxcov = 12767981968547.793
