
[data]
trigger-time = 1022393050.5464077
injection-file = /work/shashwat.singh/Prospects-of-LGWs/unlens/injection.hdf

[global]
instruments = C1 C2
mass1_ref = 30.00000000017601
mass2_ref = 30.000000002755154
minchirp = 26.116416900159585
maxchirp = 26.116616900159585
mincov = 149454869483.10352
maxcov = 14945486948310.352
