
[data]
trigger-time = 1707168373.9780188
injection-file = /work/shashwat.singh/Prospects-of-LGWs/unlens/injection.hdf

[global]
instruments = C1 C2
mass1_ref = 30.00000000501186
mass2_ref = 30.000000004203425
minchirp = 26.11641690289491
maxchirp = 26.116616902894908
mincov = 34509144368.36777
maxcov = 3450914436836.777
