
[data]
trigger-time = 1539759110.5038242
injection-file = /work/shashwat.singh/Prospects-of-LGWs/unlens/injection.hdf

[global]
instruments = C1 C2
mass1_ref = 30.00000000544317
mass2_ref = 30.000000002227257
minchirp = 26.11641690222247
maxchirp = 26.116616902222468
mincov = 174384664065.68375
maxcov = 17438466406568.375
