
[data]
trigger-time = 1719362199.4622707
injection-file = /work/shashwat.singh/Prospects-of-LGWs/unlens/injection.hdf

[global]
instruments = C1 C2
mass1_ref = 30.00000000497374
mass2_ref = 30.00000000175998
minchirp = 26.11641690181475
maxchirp = 26.116616901814748
mincov = 158720190755.98215
maxcov = 15872019075598.215
