
[data]
trigger-time = 1424671422.5393364
injection-file = /work/shashwat.singh/Prospects-of-LGWs/unlens/injection.hdf

[global]
instruments = C1 C2
mass1_ref = 30.00000000713216
mass2_ref = 30.00000000955504
minchirp = 26.11641690614725
maxchirp = 26.11661690614725
mincov = 76544206.64656955
maxcov = 7654420664.656955
