
[data]
trigger-time = 1283065862.3483078
injection-file = /work/shashwat.singh/Prospects-of-LGWs/unlens/injection.hdf

[global]
instruments = C1 C2
mass1_ref = 30.000000007541633
mass2_ref = 30.000000005228124
minchirp = 26.116416904442087
maxchirp = 26.116616904442086
mincov = 24068320855.257393
maxcov = 2406832085525.7393
