
[data]
trigger-time = 1623302248.1367698
injection-file = /work/shashwat.singh/Prospects-of-LGWs/unlens/injection.hdf

[global]
instruments = C1 C2
mass1_ref = 30.000000000413298
mass2_ref = 30.000000004657522
minchirp = 26.11641690109093
maxchirp = 26.11661690109093
mincov = 93744519370.61386
maxcov = 9374451937061.387
