
[data]
trigger-time = 1191121762.5717592
injection-file = /work/shashwat.singh/Prospects-of-LGWs/unlens/injection.hdf

[global]
instruments = C1 C2
mass1_ref = 30.000000009308042
mass2_ref = 30.00000000803534
minchirp = 26.11641690643287
maxchirp = 26.11661690643287
mincov = 32108665233.843567
maxcov = 3210866523384.3564
