
[data]
trigger-time = 1651998107.3272543
injection-file = /work/shashwat.singh/Prospects-of-LGWs/unlens/injection.hdf

[global]
instruments = C1 C2
mass1_ref = 30.000000001897103
mass2_ref = 30.000000003196998
minchirp = 26.11641690110106
maxchirp = 26.11661690110106
mincov = 102000842.33503765
maxcov = 10200084233.503765
