
[data]
trigger-time = 1078358344.9402692
injection-file = /work/shashwat.singh/Prospects-of-LGWs/unlens/injection.hdf

[global]
instruments = C1 C2
mass1_ref = 30.00000000426231
mass2_ref = 30.000000009523834
minchirp = 26.116416904884495
maxchirp = 26.116616904884495
mincov = 98748444309.52783
maxcov = 9874844430952.783
