
[data]
trigger-time = 1093897571.9848306
injection-file = /work/shashwat.singh/Prospects-of-LGWs/unlens/injection.hdf

[global]
instruments = C1 C2
mass1_ref = 30.000000008291508
mass2_ref = 30.000000003007518
minchirp = 26.11641690380191
maxchirp = 26.11661690380191
mincov = 13581161774.972115
maxcov = 1358116177497.2114
