
[data]
trigger-time = 1831038976.8106427
injection-file = /work/shashwat.singh/Prospects-of-LGWs/unlens/injection.hdf

[global]
instruments = C1 C2
mass1_ref = 30.000000005683162
mass2_ref = 30.000000001924338
minchirp = 26.11641690219508
maxchirp = 26.11661690219508
mincov = 150994671688.76767
maxcov = 15099467168876.768
