
[data]
trigger-time = 1344434729.749239
injection-file = /work/shashwat.singh/Prospects-of-LGWs/unlens/injection.hdf

[global]
instruments = C1 C2
mass1_ref = 30.000000000025988
mass2_ref = 30.000000001843752
minchirp = 26.116416899697576
maxchirp = 26.116616899697576
mincov = 126113974996.26736
maxcov = 12611397499626.736
