
[data]
trigger-time = 1606177587.2478533
injection-file = /work/shashwat.singh/Prospects-of-LGWs/unlens/injection.hdf

[global]
instruments = C1 C2
mass1_ref = 30.000000000224578
mass2_ref = 30.000000002687027
minchirp = 26.116416900151073
maxchirp = 26.116616900151072
mincov = 65049164187.81647
maxcov = 6504916418781.646
