
[data]
trigger-time = 1695544372.3581247
injection-file = /work/shashwat.singh/Prospects-of-LGWs/unlens/injection.hdf

[global]
instruments = C1 C2
mass1_ref = 30.000000003725713
mass2_ref = 30.000000008867946
minchirp = 26.116416904365433
maxchirp = 26.116616904365433
mincov = 137459498145.46066
maxcov = 13745949814546.066
