
[data]
trigger-time = 1643761712.183774
injection-file = /work/shashwat.singh/Prospects-of-LGWs/unlens/injection.hdf

[global]
instruments = C1 C2
mass1_ref = 30.000000000249344
mass2_ref = 30.000000001632326
minchirp = 26.11641689970277
maxchirp = 26.11661689970277
mincov = 27430549645.621128
maxcov = 2743054964562.113
