
[data]
trigger-time = 1437064820.9282868
injection-file = /work/shashwat.singh/Prospects-of-LGWs/unlens/injection.hdf

[global]
instruments = C1 C2
mass1_ref = 30.00000000327835
mass2_ref = 30.000000007891842
minchirp = 26.116416903745833
maxchirp = 26.116616903745832
mincov = 127806764322.6569
maxcov = 12780676432265.691
