
[data]
trigger-time = 1526622895.225477
injection-file = /work/shashwat.singh/Prospects-of-LGWs/unlens/injection.hdf

[global]
instruments = C1 C2
mass1_ref = 30.000000002657025
mass2_ref = 30.00000000463323
minchirp = 26.11641690205699
maxchirp = 26.11661690205699
mincov = 132291111993.15976
maxcov = 13229111199315.977
