
[data]
trigger-time = 1436360884.6020837
injection-file = /work/shashwat.singh/Prospects-of-LGWs/unlens/injection.hdf

[global]
instruments = C1 C2
mass1_ref = 30.00000000234797
mass2_ref = 30.000000009505722
minchirp = 26.116416904043344
maxchirp = 26.116616904043344
mincov = 167275613090.61218
maxcov = 16727561309061.219
