
[data]
trigger-time = 1189777233.674686
injection-file = /work/shashwat.singh/Prospects-of-LGWs/unlens/injection.hdf

[global]
instruments = C1 C2
mass1_ref = 30.000000005623672
mass2_ref = 30.000000002228465
minchirp = 26.116416902301566
maxchirp = 26.116616902301566
mincov = 1540598038.0467348
maxcov = 154059803804.6735
