
[data]
trigger-time = 1274856493.5284386
injection-file = /work/shashwat.singh/Prospects-of-LGWs/unlens/injection.hdf

[global]
instruments = C1 C2
mass1_ref = 30.000000008778542
mass2_ref = 30.000000005595982
minchirp = 26.1164169051406
maxchirp = 26.1166169051406
mincov = 27924918386.044014
maxcov = 2792491838604.4014
