
[data]
trigger-time = 1719702808.1842177
injection-file = /work/shashwat.singh/Prospects-of-LGWs/unlens/injection.hdf

[global]
instruments = C1 C2
mass1_ref = 30.00000000420704
mass2_ref = 30.000000008154473
minchirp = 26.116416904264383
maxchirp = 26.116616904264383
mincov = 46544343172.70735
maxcov = 4654434317270.734
