
[data]
trigger-time = 1742576938.5535433
injection-file = /work/shashwat.singh/Prospects-of-LGWs/unlens/injection.hdf

[global]
instruments = C1 C2
mass1_ref = 30.000000007791574
mass2_ref = 30.00000000692835
minchirp = 26.116416905290944
maxchirp = 26.116616905290943
mincov = 113979918200.8448
maxcov = 11397991820084.48
