
[data]
trigger-time = 1538595265.824842
injection-file = /work/shashwat.singh/Prospects-of-LGWs/unlens/injection.hdf

[global]
instruments = C1 C2
mass1_ref = 30.000000002726456
mass2_ref = 30.000000005475112
minchirp = 26.116416902453665
maxchirp = 26.116616902453664
mincov = 9693942330.382355
maxcov = 969394233038.2355
