
[data]
trigger-time = 1663933812.4655032
injection-file = /work/shashwat.singh/Prospects-of-LGWs/unlens/injection.hdf

[global]
instruments = C1 C2
mass1_ref = 30.000000006197272
mass2_ref = 30.000000009613185
minchirp = 26.116416905765625
maxchirp = 26.116616905765625
mincov = 69678111360.6058
maxcov = 6967811136060.581
