
[data]
trigger-time = 1039165003.1634411
injection-file = /work/shashwat.singh/Prospects-of-LGWs/unlens/injection.hdf

[global]
instruments = C1 C2
mass1_ref = 30.00000000225191
mass2_ref = 30.00000000737998
minchirp = 26.116416903076246
maxchirp = 26.116616903076245
mincov = 88290829670.36966
maxcov = 8829082967036.967
