
[data]
trigger-time = 1894121823.094873
injection-file = /work/shashwat.singh/Prospects-of-LGWs/unlens/injection.hdf

[global]
instruments = C1 C2
mass1_ref = 30.00000000308194
mass2_ref = 30.000000009580457
minchirp = 26.116416904395354
maxchirp = 26.116616904395354
mincov = 165258288817.84933
maxcov = 16525828881784.934
