
[data]
trigger-time = 1589780415.1632495
injection-file = /work/shashwat.singh/Prospects-of-LGWs/unlens/injection.hdf

[global]
instruments = C1 C2
mass1_ref = 30.00000000937262
mass2_ref = 30.00000000829182
minchirp = 26.116416906572617
maxchirp = 26.116616906572617
mincov = 832663830.0302212
maxcov = 83266383003.02213
