
[data]
trigger-time = 1423015313.1714828
injection-file = /work/shashwat.singh/Prospects-of-LGWs/unlens/injection.hdf

[global]
instruments = C1 C2
mass1_ref = 30.00000000295417
mass2_ref = 30.000000005031364
minchirp = 26.116416902359628
maxchirp = 26.116616902359628
mincov = 69709869422.67429
maxcov = 6970986942267.428
