
[data]
trigger-time = 1886501695.705371
injection-file = /work/shashwat.singh/Prospects-of-LGWs/unlens/injection.hdf

[global]
instruments = C1 C2
mass1_ref = 30.00000000301328
mass2_ref = 30.00000000458012
minchirp = 26.11641690218894
maxchirp = 26.11661690218894
mincov = 162828011593.56357
maxcov = 16282801159356.357
