
[data]
trigger-time = 1274761170.3167973
injection-file = /work/shashwat.singh/Prospects-of-LGWs/unlens/injection.hdf

[global]
instruments = C1 C2
mass1_ref = 30.000000004541114
mass2_ref = 30.000000007422287
minchirp = 26.116416904091096
maxchirp = 26.116616904091096
mincov = 175765539073.53314
maxcov = 17576553907353.312
