
[data]
trigger-time = 1278683602.982729
injection-file = /work/shashwat.singh/Prospects-of-LGWs/unlens/injection.hdf

[global]
instruments = C1 C2
mass1_ref = 30.00000000837426
mass2_ref = 30.000000009961795
minchirp = 26.11641690686496
maxchirp = 26.11661690686496
mincov = 78821279250.60551
maxcov = 7882127925060.552
