
[data]
trigger-time = 1579430657.9174104
injection-file = /work/shashwat.singh/Prospects-of-LGWs/unlens/injection.hdf

[global]
instruments = C1 C2
mass1_ref = 30.0000000043804
mass2_ref = 30.000000000777153
minchirp = 26.11641690112868
maxchirp = 26.11661690112868
mincov = 1641362069.139535
maxcov = 164136206913.9535
