
[data]
trigger-time = 1590245807.2119188
injection-file = /work/shashwat.singh/Prospects-of-LGWs/unlens/injection.hdf

[global]
instruments = C1 C2
mass1_ref = 30.00000000881685
mass2_ref = 30.000000008515148
minchirp = 26.116416906427915
maxchirp = 26.116616906427915
mincov = 50966010713.64808
maxcov = 5096601071364.808
