
[data]
trigger-time = 1976224649.232401
injection-file = /work/shashwat.singh/Prospects-of-LGWs/unlens/injection.hdf

[global]
instruments = C1 C2
mass1_ref = 30.00000000290836
mass2_ref = 30.00000000936118
minchirp = 26.116416904224355
maxchirp = 26.116616904224355
mincov = 130756091720.31982
maxcov = 13075609172031.982
