
[data]
trigger-time = 1911769899.6260614
injection-file = /work/shashwat.singh/Prospects-of-LGWs/unlens/injection.hdf

[global]
instruments = C1 C2
mass1_ref = 30.000000003070458
mass2_ref = 30.00000000733035
minchirp = 26.11641690341094
maxchirp = 26.11661690341094
mincov = 16800050422.216648
maxcov = 1680005042221.6648
