
[data]
trigger-time = 1025847114.9172578
injection-file = /work/shashwat.singh/Prospects-of-LGWs/unlens/injection.hdf

[global]
instruments = C1 C2
mass1_ref = 30.00000000484645
mass2_ref = 30.000000000876998
minchirp = 26.116416901375
maxchirp = 26.116616901375
mincov = 4226109413.2974815
maxcov = 422610941329.74817
