
[data]
trigger-time = 1060175705.4121519
injection-file = /work/shashwat.singh/Prospects-of-LGWs/unlens/injection.hdf

[global]
instruments = C1 C2
mass1_ref = 30.000000005688115
mass2_ref = 30.0000000051233
minchirp = 26.116416903589666
maxchirp = 26.116616903589666
mincov = 93324648946.16985
maxcov = 9332464894616.984
