
[data]
trigger-time = 1859105326.5147452
injection-file = /work/shashwat.singh/Prospects-of-LGWs/unlens/injection.hdf

[global]
instruments = C1 C2
mass1_ref = 30.000000006807813
mass2_ref = 30.00000000694572
minchirp = 26.1164169048703
maxchirp = 26.1166169048703
mincov = 9293750793.542007
maxcov = 929375079354.2007
