
[data]
trigger-time = 1016648483.1067051
injection-file = /work/shashwat.singh/Prospects-of-LGWs/unlens/injection.hdf

[global]
instruments = C1 C2
mass1_ref = 30.000000002479545
mass2_ref = 30.000000001877982
minchirp = 26.11641690078045
maxchirp = 26.11661690078045
mincov = 129688598005.384
maxcov = 12968859800538.4
