
[data]
trigger-time = 1749681586.048448
injection-file = /work/shashwat.singh/Prospects-of-LGWs/unlens/injection.hdf

[global]
instruments = C1 C2
mass1_ref = 30.000000006118828
mass2_ref = 30.00000000718404
minchirp = 26.116416904674132
maxchirp = 26.11661690467413
mincov = 36268316714.445274
maxcov = 3626831671444.5273
