
[data]
trigger-time = 1696770098.4548688
injection-file = /work/shashwat.singh/Prospects-of-LGWs/unlens/injection.hdf

[global]
instruments = C1 C2
mass1_ref = 30.00000000716921
mass2_ref = 30.000000009800946
minchirp = 26.116416906270413
maxchirp = 26.116616906270412
mincov = 167288895255.28534
maxcov = 16728889525528.535
