
[data]
trigger-time = 1817917975.7077436
injection-file = /work/shashwat.singh/Prospects-of-LGWs/unlens/injection.hdf

[global]
instruments = C1 C2
mass1_ref = 30.000000001895234
mass2_ref = 30.0000000043027
minchirp = 26.116416901581534
maxchirp = 26.116616901581533
mincov = 32143865225.835106
maxcov = 3214386522583.5107
