
[data]
trigger-time = 1405784027.0878348
injection-file = /work/shashwat.singh/Prospects-of-LGWs/unlens/injection.hdf

[global]
instruments = C1 C2
mass1_ref = 30.000000006414933
mass2_ref = 30.000000006836373
minchirp = 26.11641690465169
maxchirp = 26.11661690465169
mincov = 102932480799.96683
maxcov = 10293248079996.684
