
[data]
trigger-time = 1797839812.7662358
injection-file = /work/shashwat.singh/Prospects-of-LGWs/unlens/injection.hdf

[global]
instruments = C1 C2
mass1_ref = 30.000000006103726
mass2_ref = 30.000000000633506
minchirp = 26.116416901816276
maxchirp = 26.116616901816275
mincov = 134140440191.15584
maxcov = 13414044019115.584
