
[data]
trigger-time = 1671391156.4259825
injection-file = /work/shashwat.singh/Prospects-of-LGWs/unlens/injection.hdf

[global]
instruments = C1 C2
mass1_ref = 30.000000001140812
mass2_ref = 30.000000008422102
minchirp = 26.116416903046222
maxchirp = 26.11661690304622
mincov = 176385032419.45856
maxcov = 17638503241945.855
