
[data]
trigger-time = 1808941250.3802352
injection-file = /work/shashwat.singh/Prospects-of-LGWs/unlens/injection.hdf

[global]
instruments = C1 C2
mass1_ref = 30.000000006585957
mass2_ref = 30.00000000314314
minchirp = 26.116416903118562
maxchirp = 26.11661690311856
mincov = 16813146149.566324
maxcov = 1681314614956.6323
