
[data]
trigger-time = 1824516747.4041824
injection-file = /work/shashwat.singh/Prospects-of-LGWs/unlens/injection.hdf

[global]
instruments = C1 C2
mass1_ref = 30.000000008562434
mass2_ref = 30.000000005196924
minchirp = 26.116416904872835
maxchirp = 26.116616904872835
mincov = 2420160312.314236
maxcov = 242016031231.4236
