
[data]
trigger-time = 1877509150.7206306
injection-file = /work/shashwat.singh/Prospects-of-LGWs/unlens/injection.hdf

[global]
instruments = C1 C2
mass1_ref = 30.00000000975909
mass2_ref = 30.000000001280096
minchirp = 26.116416903688812
maxchirp = 26.11661690368881
mincov = 47202025116.48105
maxcov = 4720202511648.1045
