
[data]
trigger-time = 1452979595.343134
injection-file = /work/shashwat.singh/Prospects-of-LGWs/unlens/injection.hdf

[global]
instruments = C1 C2
mass1_ref = 30.000000000356838
mass2_ref = 30.000000005404697
minchirp = 26.116416901391577
maxchirp = 26.116616901391577
mincov = 118318090493.55612
maxcov = 11831809049355.613
