
[data]
trigger-time = 1067033156.1821831
injection-file = /work/shashwat.singh/Prospects-of-LGWs/unlens/injection.hdf

[global]
instruments = C1 C2
mass1_ref = 30.00000000811518
mass2_ref = 30.000000006154565
minchirp = 26.11641690509499
maxchirp = 26.11661690509499
mincov = 101051354047.55545
maxcov = 10105135404755.545
