
[data]
trigger-time = 1845337687.6116748
injection-file = /work/shashwat.singh/Prospects-of-LGWs/unlens/injection.hdf

[global]
instruments = C1 C2
mass1_ref = 30.000000004946216
mass2_ref = 30.000000007189332
minchirp = 26.11641690416603
maxchirp = 26.11661690416603
mincov = 78330545095.77467
maxcov = 7833054509577.467
