
[data]
trigger-time = 1633265831.8619008
injection-file = /work/shashwat.singh/Prospects-of-LGWs/unlens/injection.hdf

[global]
instruments = C1 C2
mass1_ref = 30.00000000064243
mass2_ref = 30.0000000002435
minchirp = 26.11641689926935
maxchirp = 26.11661689926935
mincov = 163609237823.4131
maxcov = 16360923782341.309
