
[data]
trigger-time = 1232739190.8103466
injection-file = /work/shashwat.singh/Prospects-of-LGWs/unlens/injection.hdf

[global]
instruments = C1 C2
mass1_ref = 30.000000002347598
mass2_ref = 30.000000006969053
minchirp = 26.116416902939033
maxchirp = 26.116616902939032
mincov = 174969822282.04102
maxcov = 17496982228204.102
