
[data]
trigger-time = 1296671569.4915786
injection-file = /work/shashwat.singh/Prospects-of-LGWs/unlens/injection.hdf

[global]
instruments = C1 C2
mass1_ref = 30.00000000668453
mass2_ref = 30.000000004407
minchirp = 26.116416903711592
maxchirp = 26.11661690371159
mincov = 176587198744.25735
maxcov = 17658719874425.734
