
[data]
trigger-time = 1678616384.3544087
injection-file = /work/shashwat.singh/Prospects-of-LGWs/unlens/injection.hdf

[global]
instruments = C1 C2
mass1_ref = 30.000000007549847
mass2_ref = 30.00000000036134
minchirp = 26.11641690232727
maxchirp = 26.11661690232727
mincov = 145008857963.8255
maxcov = 14500885796382.549
