
[data]
trigger-time = 1811524355.646073
injection-file = /work/shashwat.singh/Prospects-of-LGWs/unlens/injection.hdf

[global]
instruments = C1 C2
mass1_ref = 30.000000007257206
mass2_ref = 30.000000003136513
minchirp = 26.116416903407853
maxchirp = 26.116616903407852
mincov = 152287954504.51044
maxcov = 15228795450451.043
