
[data]
trigger-time = 1928540802.7547305
injection-file = /work/shashwat.singh/Prospects-of-LGWs/unlens/injection.hdf

[global]
instruments = C1 C2
mass1_ref = 30.000000002534
mass2_ref = 30.000000003728783
minchirp = 26.11641690160976
maxchirp = 26.11661690160976
mincov = 43038990261.381256
maxcov = 4303899026138.1255
