
[data]
trigger-time = 1170651266.1960678
injection-file = /work/shashwat.singh/Prospects-of-LGWs/unlens/injection.hdf

[global]
instruments = C1 C2
mass1_ref = 30.000000002410296
mass2_ref = 30.000000006799063
minchirp = 26.11641690289233
maxchirp = 26.11661690289233
mincov = 161484328652.16183
maxcov = 16148432865216.184
