
[data]
trigger-time = 1483497723.901122
injection-file = /work/shashwat.singh/Prospects-of-LGWs/unlens/injection.hdf

[global]
instruments = C1 C2
mass1_ref = 30.000000000400036
mass2_ref = 30.000000001807656
minchirp = 26.116416899844676
maxchirp = 26.116616899844676
mincov = 93357140039.84506
maxcov = 9335714003984.508
