
[data]
trigger-time = 1564928688.9997396
injection-file = /work/shashwat.singh/Prospects-of-LGWs/unlens/injection.hdf

[global]
instruments = C1 C2
mass1_ref = 30.000000007329568
mass2_ref = 30.00000000496007
minchirp = 26.116416904233102
maxchirp = 26.1166169042331
mincov = 16848669418.632746
maxcov = 1684866941863.2744
