
[data]
trigger-time = 1601005824.0959337
injection-file = /work/shashwat.singh/Prospects-of-LGWs/unlens/injection.hdf

[global]
instruments = C1 C2
mass1_ref = 30.000000009211035
mass2_ref = 30.000000002058485
minchirp = 26.116416903789066
maxchirp = 26.116616903789065
mincov = 32792020023.60902
maxcov = 3279202002360.9023
