
[data]
trigger-time = 1401141824.2601697
injection-file = /work/shashwat.singh/Prospects-of-LGWs/unlens/injection.hdf

[global]
instruments = C1 C2
mass1_ref = 30.000000000943842
mass2_ref = 30.000000005833748
minchirp = 26.11641690183384
maxchirp = 26.11661690183384
mincov = 123267672638.5231
maxcov = 12326767263852.309
