
[data]
trigger-time = 1267029610.1402886
injection-file = /work/shashwat.singh/Prospects-of-LGWs/unlens/injection.hdf

[global]
instruments = C1 C2
mass1_ref = 30.000000005889323
mass2_ref = 30.00000000094812
minchirp = 26.116416901859893
maxchirp = 26.116616901859892
mincov = 60953119648.28941
maxcov = 6095311964828.941
