
[data]
trigger-time = 1378309326.0516136
injection-file = /work/shashwat.singh/Prospects-of-LGWs/unlens/injection.hdf

[global]
instruments = C1 C2
mass1_ref = 30.000000003337586
mass2_ref = 30.000000005217476
minchirp = 26.116416902607533
maxchirp = 26.116616902607532
mincov = 93265132094.30746
maxcov = 9326513209430.746
