
[data]
trigger-time = 1162254180.4219322
injection-file = /work/shashwat.singh/Prospects-of-LGWs/unlens/injection.hdf

[global]
instruments = C1 C2
mass1_ref = 30.000000007501416
mass2_ref = 30.00000000366708
minchirp = 26.116416903745094
maxchirp = 26.116616903745093
mincov = 39923113564.43181
maxcov = 3992311356443.181
