
[data]
trigger-time = 1897545653.4078674
injection-file = /work/shashwat.singh/Prospects-of-LGWs/unlens/injection.hdf

[global]
instruments = C1 C2
mass1_ref = 30.000000000261988
mass2_ref = 30.0000000005614
minchirp = 26.116416899242125
maxchirp = 26.116616899242125
mincov = 80929489377.863
maxcov = 8092948937786.301
