
[data]
trigger-time = 1155997409.7538295
injection-file = /work/shashwat.singh/Prospects-of-LGWs/unlens/injection.hdf

[global]
instruments = C1 C2
mass1_ref = 30.000000002522047
mass2_ref = 30.000000003156135
minchirp = 26.116416901355297
maxchirp = 26.116616901355297
mincov = 140101719366.46234
maxcov = 14010171936646.234
