
[data]
trigger-time = 1097505948.7905636
injection-file = /work/shashwat.singh/Prospects-of-LGWs/unlens/injection.hdf

[global]
instruments = C1 C2
mass1_ref = 30.00000000889146
mass2_ref = 30.000000005706525
minchirp = 26.116416905237866
maxchirp = 26.116616905237866
mincov = 132538102378.14294
maxcov = 13253810237814.295
