
[data]
trigger-time = 1492527316.662394
injection-file = /work/shashwat.singh/Prospects-of-LGWs/unlens/injection.hdf

[global]
instruments = C1 C2
mass1_ref = 30.000000000547544
mass2_ref = 30.000000001138265
minchirp = 26.116416899617516
maxchirp = 26.116616899617515
mincov = 68750453011.63187
maxcov = 6875045301163.186
