
[data]
trigger-time = 1162867373.1275766
injection-file = /work/shashwat.singh/Prospects-of-LGWs/unlens/injection.hdf

[global]
instruments = C1 C2
mass1_ref = 30.000000004810968
mass2_ref = 30.00000000817245
minchirp = 26.116416904535086
maxchirp = 26.116616904535086
mincov = 23276555215.68863
maxcov = 2327655521568.863
