
[data]
trigger-time = 1750855186.1622808
injection-file = /work/shashwat.singh/Prospects-of-LGWs/unlens/injection.hdf

[global]
instruments = C1 C2
mass1_ref = 30.0000000087332
mass2_ref = 30.000000008841738
minchirp = 26.116416906533658
maxchirp = 26.116616906533658
mincov = 157202216734.162
maxcov = 15720221673416.2
