
[data]
trigger-time = 1993659180.5645437
injection-file = /work/shashwat.singh/Prospects-of-LGWs/unlens/injection.hdf

[global]
instruments = C1 C2
mass1_ref = 30.000000009161937
mass2_ref = 30.00000000300577
minchirp = 26.116416904180024
maxchirp = 26.116616904180024
mincov = 13348236981.295053
maxcov = 1334823698129.5054
