
[data]
trigger-time = 1166958716.5207202
injection-file = /work/shashwat.singh/Prospects-of-LGWs/unlens/injection.hdf

[global]
instruments = C1 C2
mass1_ref = 30.00000000670426
mass2_ref = 30.00000000369383
minchirp = 26.116416903409757
maxchirp = 26.116616903409756
mincov = 164961391535.28125
maxcov = 16496139153528.125
