
[data]
trigger-time = 1433759861.163579
injection-file = /work/shashwat.singh/Prospects-of-LGWs/unlens/injection.hdf

[global]
instruments = C1 C2
mass1_ref = 30.000000008531376
mass2_ref = 30.000000007328836
minchirp = 26.116416905787283
maxchirp = 26.116616905787282
mincov = 158182807871.13113
maxcov = 15818280787113.113
