
[data]
trigger-time = 1137790458.5599306
injection-file = /work/shashwat.singh/Prospects-of-LGWs/unlens/injection.hdf

[global]
instruments = C1 C2
mass1_ref = 30.000000005135966
mass2_ref = 30.000000006752664
minchirp = 26.11641690405855
maxchirp = 26.11661690405855
mincov = 178822509101.88892
maxcov = 17882250910188.89
