
[data]
trigger-time = 1800167482.9829874
injection-file = /work/shashwat.singh/Prospects-of-LGWs/unlens/injection.hdf

[global]
instruments = C1 C2
mass1_ref = 30.000000000900403
mass2_ref = 30.000000003014716
minchirp = 26.11641690058788
maxchirp = 26.11661690058788
mincov = 147380525828.92752
maxcov = 14738052582892.752
