
[data]
trigger-time = 1215450926.8852186
injection-file = /work/shashwat.singh/Prospects-of-LGWs/unlens/injection.hdf

[global]
instruments = C1 C2
mass1_ref = 30.00000000430379
mass2_ref = 30.000000004025395
minchirp = 26.11641690250921
maxchirp = 26.11661690250921
mincov = 141163997243.22028
maxcov = 14116399724322.027
