
[data]
trigger-time = 1395615728.7293615
injection-file = /work/shashwat.singh/Prospects-of-LGWs/unlens/injection.hdf

[global]
instruments = C1 C2
mass1_ref = 30.000000007905992
mass2_ref = 30.00000000428924
minchirp = 26.11641690419201
maxchirp = 26.11661690419201
mincov = 44755786375.972015
maxcov = 4475578637597.201
