
[data]
trigger-time = 1329638247.566314
injection-file = /work/shashwat.singh/Prospects-of-LGWs/unlens/injection.hdf

[global]
instruments = C1 C2
mass1_ref = 30.000000004509634
mass2_ref = 30.000000002307985
minchirp = 26.116416901851267
maxchirp = 26.116616901851266
mincov = 14258127359.95109
maxcov = 1425812735995.109
