
[data]
trigger-time = 1772076299.6663337
injection-file = /work/shashwat.singh/Prospects-of-LGWs/unlens/injection.hdf

[global]
instruments = C1 C2
mass1_ref = 30.000000005239464
mass2_ref = 30.000000001669452
minchirp = 26.116416901891007
maxchirp = 26.116616901891007
mincov = 131477785292.18716
maxcov = 13147778529218.715
