
[data]
trigger-time = 1603579432.7016854
injection-file = /work/shashwat.singh/Prospects-of-LGWs/unlens/injection.hdf

[global]
instruments = C1 C2
mass1_ref = 30.000000009984905
mass2_ref = 30.000000004313478
minchirp = 26.11641690510746
maxchirp = 26.11661690510746
mincov = 91184903311.14433
maxcov = 9118490331114.434
