
[data]
trigger-time = 1731066928.5948303
injection-file = /work/shashwat.singh/Prospects-of-LGWs/unlens/injection.hdf

[global]
instruments = C1 C2
mass1_ref = 30.000000004350305
mass2_ref = 30.000000004606125
minchirp = 26.116416902782237
maxchirp = 26.116616902782237
mincov = 177717804495.13925
maxcov = 17771780449513.926
