
[data]
trigger-time = 1605260186.5751348
injection-file = /work/shashwat.singh/Prospects-of-LGWs/unlens/injection.hdf

[global]
instruments = C1 C2
mass1_ref = 30.000000007591964
mass2_ref = 30.000000001388557
minchirp = 26.11641690279272
maxchirp = 26.11661690279272
mincov = 157683057794.3384
maxcov = 15768305779433.84
