
[data]
trigger-time = 1634551888.410108
injection-file = /work/shashwat.singh/Prospects-of-LGWs/unlens/injection.hdf

[global]
instruments = C1 C2
mass1_ref = 30.000000001043976
mass2_ref = 30.00000000333387
minchirp = 26.116416900789293
maxchirp = 26.116616900789293
mincov = 123852130010.81772
maxcov = 12385213001081.773
