
[data]
trigger-time = 1332702176.331077
injection-file = /work/shashwat.singh/Prospects-of-LGWs/unlens/injection.hdf

[global]
instruments = C1 C2
mass1_ref = 30.000000002145917
mass2_ref = 30.000000008019047
minchirp = 26.116416903308284
maxchirp = 26.116616903308284
mincov = 37030189869.03569
maxcov = 3703018986903.5693
