
[data]
trigger-time = 1860558316.026151
injection-file = /work/shashwat.singh/Prospects-of-LGWs/unlens/injection.hdf

[global]
instruments = C1 C2
mass1_ref = 30.00000000505984
mass2_ref = 30.00000000314267
minchirp = 26.116416902454077
maxchirp = 26.116616902454076
mincov = 13144974803.400812
maxcov = 1314497480340.081
