
[data]
trigger-time = 1261349193.659252
injection-file = /work/shashwat.singh/Prospects-of-LGWs/unlens/injection.hdf

[global]
instruments = C1 C2
mass1_ref = 30.000000002384155
mass2_ref = 30.00000000355238
minchirp = 26.11641690146775
maxchirp = 26.11661690146775
mincov = 158570776911.44672
maxcov = 15857077691144.672
