
[data]
trigger-time = 1272374622.7097883
injection-file = /work/shashwat.singh/Prospects-of-LGWs/unlens/injection.hdf

[global]
instruments = C1 C2
mass1_ref = 30.00000000766713
mass2_ref = 30.000000006845596
minchirp = 26.116416905200754
maxchirp = 26.116616905200754
mincov = 80979555031.43776
maxcov = 8097955503143.775
