
[data]
trigger-time = 1629698986.5172868
injection-file = /work/shashwat.singh/Prospects-of-LGWs/unlens/injection.hdf

[global]
instruments = C1 C2
mass1_ref = 30.00000000947329
mass2_ref = 30.000000000659377
minchirp = 26.116416903294223
maxchirp = 26.116616903294222
mincov = 79421715874.35304
maxcov = 7942171587435.304
