
[data]
trigger-time = 1993832754.3395715
injection-file = /work/shashwat.singh/Prospects-of-LGWs/unlens/injection.hdf

[global]
instruments = C1 C2
mass1_ref = 30.0000000095492
mass2_ref = 30.000000001402242
minchirp = 26.116416903650617
maxchirp = 26.116616903650616
mincov = 33328223725.38479
maxcov = 3332822372538.479
