
[data]
trigger-time = 1725393957.1084306
injection-file = /work/shashwat.singh/Prospects-of-LGWs/unlens/injection.hdf

[global]
instruments = C1 C2
mass1_ref = 30.000000001596106
mass2_ref = 30.000000009797503
minchirp = 26.11641690384308
maxchirp = 26.11661690384308
mincov = 128624573152.09363
maxcov = 12862457315209.363
