
[data]
trigger-time = 1560158536.5520988
injection-file = /work/shashwat.singh/Prospects-of-LGWs/unlens/injection.hdf

[global]
instruments = C1 C2
mass1_ref = 30.00000000091156
mass2_ref = 30.00000000536929
minchirp = 26.116416901617622
maxchirp = 26.116616901617622
mincov = 146475018165.26486
maxcov = 14647501816526.486
