
[data]
trigger-time = 1708639723.4014354
injection-file = /work/shashwat.singh/Prospects-of-LGWs/unlens/injection.hdf

[global]
instruments = C1 C2
mass1_ref = 30.00000000993191
mass2_ref = 30.000000007834508
minchirp = 26.116416906617005
maxchirp = 26.116616906617004
mincov = 100004733950.69543
maxcov = 10000473395069.543
