
[data]
trigger-time = 1421771284.0968866
injection-file = /work/shashwat.singh/Prospects-of-LGWs/unlens/injection.hdf

[global]
instruments = C1 C2
mass1_ref = 30.00000000266635
mass2_ref = 30.000000008343672
minchirp = 26.116416903676114
maxchirp = 26.116616903676114
mincov = 151552595039.62677
maxcov = 15155259503962.676
