
[data]
trigger-time = 1672597485.093511
injection-file = /work/shashwat.singh/Prospects-of-LGWs/unlens/injection.hdf

[global]
instruments = C1 C2
mass1_ref = 30.000000006235574
mass2_ref = 30.000000001545313
minchirp = 26.116416902270554
maxchirp = 26.116616902270554
mincov = 83563175284.0252
maxcov = 8356317528402.5205
