
[data]
trigger-time = 1772570501.0672612
injection-file = /work/shashwat.singh/Prospects-of-LGWs/unlens/injection.hdf

[global]
instruments = C1 C2
mass1_ref = 30.00000000704432
mass2_ref = 30.0000000082245
minchirp = 26.116416905529867
maxchirp = 26.116616905529867
mincov = 44425992570.41896
maxcov = 4442599257041.8955
