
[data]
trigger-time = 1817085795.1389337
injection-file = /work/shashwat.singh/Prospects-of-LGWs/unlens/injection.hdf

[global]
instruments = C1 C2
mass1_ref = 30.00000000106547
mass2_ref = 30.000000005171827
minchirp = 26.116416901598665
maxchirp = 26.116616901598665
mincov = 170074774798.99924
maxcov = 17007477479899.924
