
[data]
trigger-time = 1479492106.391666
injection-file = /work/shashwat.singh/Prospects-of-LGWs/unlens/injection.hdf

[global]
instruments = C1 C2
mass1_ref = 30.00000000348696
mass2_ref = 30.000000008133927
minchirp = 26.11641690394201
maxchirp = 26.11661690394201
mincov = 164339732789.3404
maxcov = 16433973278934.041
