
[data]
trigger-time = 1846524106.8324559
injection-file = /work/shashwat.singh/Prospects-of-LGWs/unlens/injection.hdf

[global]
instruments = C1 C2
mass1_ref = 30.00000000701658
mass2_ref = 30.000000005996597
minchirp = 26.11641690454804
maxchirp = 26.11661690454804
mincov = 126645765355.47916
maxcov = 12664576535547.914
