
[data]
trigger-time = 1062739474.1204234
injection-file = /work/shashwat.singh/Prospects-of-LGWs/unlens/injection.hdf

[global]
instruments = C1 C2
mass1_ref = 30.000000009005237
mass2_ref = 30.00000000817754
minchirp = 26.11641690636296
maxchirp = 26.11661690636296
mincov = 42849505874.6431
maxcov = 4284950587464.3096
