
[data]
trigger-time = 1418642592.8299444
injection-file = /work/shashwat.singh/Prospects-of-LGWs/unlens/injection.hdf

[global]
instruments = C1 C2
mass1_ref = 30.00000000551531
mass2_ref = 30.00000000422843
minchirp = 26.116416903124936
maxchirp = 26.116616903124935
mincov = 65429519383.14756
maxcov = 6542951938314.756
