
[data]
trigger-time = 1916175213.3638754
injection-file = /work/shashwat.singh/Prospects-of-LGWs/unlens/injection.hdf

[global]
instruments = C1 C2
mass1_ref = 30.000000008229545
mass2_ref = 30.000000000267743
minchirp = 26.116416902582383
maxchirp = 26.116616902582383
mincov = 147829547582.35562
maxcov = 14782954758235.562
