
[data]
trigger-time = 1729196202.8962212
injection-file = /work/shashwat.singh/Prospects-of-LGWs/unlens/injection.hdf

[global]
instruments = C1 C2
mass1_ref = 30.000000002854268
mass2_ref = 30.00000000855381
minchirp = 26.116416903849377
maxchirp = 26.116616903849376
mincov = 126524432432.54672
maxcov = 12652443243254.672
