
[data]
trigger-time = 1374034528.6311605
injection-file = /work/shashwat.singh/Prospects-of-LGWs/unlens/injection.hdf

[global]
instruments = C1 C2
mass1_ref = 30.000000008850957
mass2_ref = 30.00000000846415
minchirp = 26.11641690642056
maxchirp = 26.11661690642056
mincov = 32560008574.273468
maxcov = 3256000857427.3467
