
[data]
trigger-time = 1930543190.4872837
injection-file = /work/shashwat.singh/Prospects-of-LGWs/unlens/injection.hdf

[global]
instruments = C1 C2
mass1_ref = 30.000000008344585
mass2_ref = 30.000000006610726
minchirp = 26.1164169053934
maxchirp = 26.1166169053934
mincov = 24706574720.224617
maxcov = 2470657472022.462
