
[data]
trigger-time = 1700433335.793591
injection-file = /work/shashwat.singh/Prospects-of-LGWs/unlens/injection.hdf

[global]
instruments = C1 C2
mass1_ref = 30.000000006087188
mass2_ref = 30.000000009625328
minchirp = 26.116416905722993
maxchirp = 26.116616905722992
mincov = 179031729983.66263
maxcov = 17903172998366.26
