
[data]
trigger-time = 1830875413.8496614
injection-file = /work/shashwat.singh/Prospects-of-LGWs/unlens/injection.hdf

[global]
instruments = C1 C2
mass1_ref = 30.000000004321315
mass2_ref = 30.000000004464415
minchirp = 26.116416902707936
maxchirp = 26.116616902707936
mincov = 109148705033.8266
maxcov = 10914870503382.66
