
[data]
trigger-time = 1137922781.4442263
injection-file = /work/shashwat.singh/Prospects-of-LGWs/unlens/injection.hdf

[global]
instruments = C1 C2
mass1_ref = 30.000000004891938
mass2_ref = 30.000000005274227
minchirp = 26.116416903308806
maxchirp = 26.116616903308806
mincov = 170018756314.10406
maxcov = 17001875631410.408
