
[data]
trigger-time = 1014994522.9828161
injection-file = /work/shashwat.singh/Prospects-of-LGWs/unlens/injection.hdf

[global]
instruments = C1 C2
mass1_ref = 30.000000008714434
mass2_ref = 30.00000000281644
minchirp = 26.116416903902827
maxchirp = 26.116616903902827
mincov = 158345444619.63177
maxcov = 15834544461963.18
