
[data]
trigger-time = 1219159605.740419
injection-file = /work/shashwat.singh/Prospects-of-LGWs/unlens/injection.hdf

[global]
instruments = C1 C2
mass1_ref = 30.000000008925117
mass2_ref = 30.000000006825747
minchirp = 26.116416905739687
maxchirp = 26.116616905739686
mincov = 118605460667.29321
maxcov = 11860546066729.32
