
[data]
trigger-time = 1401938575.8694084
injection-file = /work/shashwat.singh/Prospects-of-LGWs/unlens/injection.hdf

[global]
instruments = C1 C2
mass1_ref = 30.00000000851692
mass2_ref = 30.00000000434953
minchirp = 26.116416904484172
maxchirp = 26.11661690448417
mincov = 158244277902.52106
maxcov = 15824427790252.107
