
[data]
trigger-time = 1795995306.942884
injection-file = /work/shashwat.singh/Prospects-of-LGWs/unlens/injection.hdf

[global]
instruments = C1 C2
mass1_ref = 30.000000007251604
mass2_ref = 30.000000000213742
minchirp = 26.116416902133203
maxchirp = 26.116616902133202
mincov = 113454258853.2721
maxcov = 11345425885327.209
