
[data]
trigger-time = 1933595389.0202494
injection-file = /work/shashwat.singh/Prospects-of-LGWs/unlens/injection.hdf

[global]
instruments = C1 C2
mass1_ref = 30.000000001339192
mass2_ref = 30.00000000387396
minchirp = 26.11641690115288
maxchirp = 26.11661690115288
mincov = 97770116968.55649
maxcov = 9777011696855.648
