
[data]
trigger-time = 1550912887.372273
injection-file = /work/shashwat.singh/Prospects-of-LGWs/unlens/injection.hdf

[global]
instruments = C1 C2
mass1_ref = 30.000000000846264
mass2_ref = 30.00000000798785
minchirp = 26.116416902728997
maxchirp = 26.116616902728996
mincov = 132779581935.14995
maxcov = 13277958193514.996
