
[data]
trigger-time = 1969397869.2773478
injection-file = /work/shashwat.singh/Prospects-of-LGWs/unlens/injection.hdf

[global]
instruments = C1 C2
mass1_ref = 30.000000003836213
mass2_ref = 30.000000005798736
minchirp = 26.11641690307758
maxchirp = 26.11661690307758
mincov = 140871849764.09247
maxcov = 14087184976409.248
