
[data]
trigger-time = 1783577936.9231682
injection-file = /work/shashwat.singh/Prospects-of-LGWs/unlens/injection.hdf

[global]
instruments = C1 C2
mass1_ref = 30.000000003375668
mass2_ref = 30.000000009474746
minchirp = 26.11641690447719
maxchirp = 26.11661690447719
mincov = 82906826496.39258
maxcov = 8290682649639.258
