
[data]
trigger-time = 1552515765.7213864
injection-file = /work/shashwat.singh/Prospects-of-LGWs/unlens/injection.hdf

[global]
instruments = C1 C2
mass1_ref = 30.00000000292768
mass2_ref = 30.000000003230294
minchirp = 26.11641690156414
maxchirp = 26.11661690156414
mincov = 136026134079.3757
maxcov = 13602613407937.57
