
[data]
trigger-time = 1103704352.0601733
injection-file = /work/shashwat.singh/Prospects-of-LGWs/unlens/injection.hdf

[global]
instruments = C1 C2
mass1_ref = 30.00000000442703
mass2_ref = 30.0000000000802
minchirp = 26.11641690084561
maxchirp = 26.11661690084561
mincov = 68999681767.60477
maxcov = 6899968176760.478
