
[data]
trigger-time = 1457778239.044824
injection-file = /work/shashwat.singh/Prospects-of-LGWs/unlens/injection.hdf

[global]
instruments = C1 C2
mass1_ref = 30.000000000986073
mass2_ref = 30.000000007403735
minchirp = 26.1164169025356
maxchirp = 26.1166169025356
mincov = 123918954796.0264
maxcov = 12391895479602.639
