
[data]
trigger-time = 1862453443.2851884
injection-file = /work/shashwat.singh/Prospects-of-LGWs/unlens/injection.hdf

[global]
instruments = C1 C2
mass1_ref = 30.000000003391083
mass2_ref = 30.000000009994025
minchirp = 26.116416904709933
maxchirp = 26.116616904709932
mincov = 50319104081.844185
maxcov = 5031910408184.418
