
[data]
trigger-time = 1652995725.8884008
injection-file = /work/shashwat.singh/Prospects-of-LGWs/unlens/injection.hdf

[global]
instruments = C1 C2
mass1_ref = 30.00000000731806
mass2_ref = 30.000000007395172
minchirp = 26.116416905288034
maxchirp = 26.116616905288033
mincov = 67509274472.32845
maxcov = 6750927447232.846
