
[data]
trigger-time = 1325239178.597036
injection-file = /work/shashwat.singh/Prospects-of-LGWs/unlens/injection.hdf

[global]
instruments = C1 C2
mass1_ref = 30.000000001215803
mass2_ref = 30.000000001035893
minchirp = 26.116416899863832
maxchirp = 26.116616899863832
mincov = 62086244107.23909
maxcov = 6208624410723.908
