
[data]
trigger-time = 1055249828.6689192
injection-file = /work/shashwat.singh/Prospects-of-LGWs/unlens/injection.hdf

[global]
instruments = C1 C2
mass1_ref = 30.000000001666063
mass2_ref = 30.00000000468173
minchirp = 26.116416901646758
maxchirp = 26.116616901646758
mincov = 122757348572.70682
maxcov = 12275734857270.682
