
[data]
trigger-time = 1365904372.5368686
injection-file = /work/shashwat.singh/Prospects-of-LGWs/unlens/injection.hdf

[global]
instruments = C1 C2
mass1_ref = 30.00000000235212
mass2_ref = 30.000000002468816
minchirp = 26.11641690098216
maxchirp = 26.11661690098216
mincov = 138383527080.5589
maxcov = 13838352708055.89
