
[data]
trigger-time = 1183903251.3896234
injection-file = /work/shashwat.singh/Prospects-of-LGWs/unlens/injection.hdf

[global]
instruments = C1 C2
mass1_ref = 30.000000007271918
mass2_ref = 30.00000000241993
minchirp = 26.116416903102348
maxchirp = 26.116616903102347
mincov = 112065439420.24283
maxcov = 11206543942024.281
