
[data]
trigger-time = 1205243377.1823764
injection-file = /work/shashwat.singh/Prospects-of-LGWs/unlens/injection.hdf

[global]
instruments = C1 C2
mass1_ref = 30.000000004557144
mass2_ref = 30.000000005716462
minchirp = 26.11641690335557
maxchirp = 26.11661690335557
mincov = 92499031402.27338
maxcov = 9249903140227.338
