
[data]
trigger-time = 1352479226.881356
injection-file = /work/shashwat.singh/Prospects-of-LGWs/unlens/injection.hdf

[global]
instruments = C1 C2
mass1_ref = 30.0000000024072
mass2_ref = 30.000000001707466
minchirp = 26.116416900674736
maxchirp = 26.116616900674735
mincov = 163497025248.8363
maxcov = 16349702524883.63
