
[data]
trigger-time = 1200340289.3048558
injection-file = /work/shashwat.singh/Prospects-of-LGWs/unlens/injection.hdf

[global]
instruments = C1 C2
mass1_ref = 30.000000001711182
mass2_ref = 30.000000008992487
minchirp = 26.116416903542767
maxchirp = 26.116616903542766
mincov = 145176605047.7005
maxcov = 14517660504770.049
