
[data]
trigger-time = 1345121277.1243713
injection-file = /work/shashwat.singh/Prospects-of-LGWs/unlens/injection.hdf

[global]
instruments = C1 C2
mass1_ref = 30.000000009236047
mass2_ref = 30.000000006463384
minchirp = 26.1164169057173
maxchirp = 26.1166169057173
mincov = 99935700894.33066
maxcov = 9993570089433.066
