
[data]
trigger-time = 1030029723.2200106
injection-file = /work/shashwat.singh/Prospects-of-LGWs/unlens/injection.hdf

[global]
instruments = C1 C2
mass1_ref = 30.00000000708988
mass2_ref = 30.000000009480623
minchirp = 26.116416906096454
maxchirp = 26.116616906096453
mincov = 82650170705.20721
maxcov = 8265017070520.722
