
[data]
trigger-time = 1006994791.4422095
injection-file = /work/shashwat.singh/Prospects-of-LGWs/unlens/injection.hdf

[global]
instruments = C1 C2
mass1_ref = 30.000000008529447
mass2_ref = 30.0000000074209
minchirp = 26.116416905826515
maxchirp = 26.116616905826515
mincov = 34776549174.821365
maxcov = 3477654917482.136
