
[data]
trigger-time = 1338869557.4421606
injection-file = /work/shashwat.singh/Prospects-of-LGWs/unlens/injection.hdf

[global]
instruments = C1 C2
mass1_ref = 30.000000008098436
mass2_ref = 30.000000009165053
minchirp = 26.116416906398094
maxchirp = 26.116616906398093
mincov = 3037832066.065406
maxcov = 303783206606.5406
