
[data]
trigger-time = 1950089521.5374207
injection-file = /work/shashwat.singh/Prospects-of-LGWs/unlens/injection.hdf

[global]
instruments = C1 C2
mass1_ref = 30.000000007561635
mass2_ref = 30.00000000020437
minchirp = 26.116416902264074
maxchirp = 26.116616902264074
mincov = 139132779397.79297
maxcov = 13913277939779.297
