
[data]
trigger-time = 1960040736.502893
injection-file = /work/shashwat.singh/Prospects-of-LGWs/unlens/injection.hdf

[global]
instruments = C1 C2
mass1_ref = 30.000000003967042
mass2_ref = 30.00000000710146
minchirp = 26.11641690370157
maxchirp = 26.11661690370157
mincov = 67715760697.03026
maxcov = 6771576069703.026
