
[data]
trigger-time = 1937684999.1830258
injection-file = /work/shashwat.singh/Prospects-of-LGWs/unlens/injection.hdf

[global]
instruments = C1 C2
mass1_ref = 30.000000003192238
mass2_ref = 30.00000000549447
minchirp = 26.116416902664835
maxchirp = 26.116616902664834
mincov = 32712597523.90316
maxcov = 3271259752390.3164
