
[data]
trigger-time = 1386312620.746746
injection-file = /work/shashwat.singh/Prospects-of-LGWs/unlens/injection.hdf

[global]
instruments = C1 C2
mass1_ref = 30.000000003187253
mass2_ref = 30.000000005762928
minchirp = 26.116416902779516
maxchirp = 26.116616902779516
mincov = 109365352717.18385
maxcov = 10936535271718.385
