
[data]
trigger-time = 1453411672.1929777
injection-file = /work/shashwat.singh/Prospects-of-LGWs/unlens/injection.hdf

[global]
instruments = C1 C2
mass1_ref = 30.000000001337707
mass2_ref = 30.00000000805633
minchirp = 26.116416902972716
maxchirp = 26.116616902972716
mincov = 164118047786.22147
maxcov = 16411804778622.146
