
[data]
trigger-time = 1025822595.6385338
injection-file = /work/shashwat.singh/Prospects-of-LGWs/unlens/injection.hdf

[global]
instruments = C1 C2
mass1_ref = 30.000000005572595
mass2_ref = 30.00000000997184
minchirp = 26.11641690564983
maxchirp = 26.11661690564983
mincov = 159195157458.03568
maxcov = 15919515745803.566
