
[data]
trigger-time = 1598942756.5085826
injection-file = /work/shashwat.singh/Prospects-of-LGWs/unlens/injection.hdf

[global]
instruments = C1 C2
mass1_ref = 30.000000006758167
mass2_ref = 30.000000000573127
minchirp = 26.116416902074857
maxchirp = 26.116616902074856
mincov = 144665715964.73602
maxcov = 14466571596473.604
