
[data]
trigger-time = 1402896196.368645
injection-file = /work/shashwat.singh/Prospects-of-LGWs/unlens/injection.hdf

[global]
instruments = C1 C2
mass1_ref = 30.00000000543012
mass2_ref = 30.000000002941228
minchirp = 26.11641690252757
maxchirp = 26.116616902527568
mincov = 35613331508.52597
maxcov = 3561333150852.597
