
[data]
trigger-time = 1501324758.4213705
injection-file = /work/shashwat.singh/Prospects-of-LGWs/unlens/injection.hdf

[global]
instruments = C1 C2
mass1_ref = 30.000000004150984
mass2_ref = 30.000000000437566
minchirp = 26.116416900881006
maxchirp = 26.116616900881006
mincov = 95384532166.54178
maxcov = 9538453216654.178
