
[data]
trigger-time = 1093667791.8975139
injection-file = /work/shashwat.singh/Prospects-of-LGWs/unlens/injection.hdf

[global]
instruments = C1 C2
mass1_ref = 30.000000002312543
mass2_ref = 30.000000003689124
minchirp = 26.116416901496102
maxchirp = 26.1166169014961
mincov = 11086184010.254719
maxcov = 1108618401025.4717
