
[data]
trigger-time = 1074158143.37084
injection-file = /work/shashwat.singh/Prospects-of-LGWs/unlens/injection.hdf

[global]
instruments = C1 C2
mass1_ref = 30.000000009975224
mass2_ref = 30.000000007579906
minchirp = 26.11641690652504
maxchirp = 26.11661690652504
mincov = 4196704527.2267356
maxcov = 419670452722.6736
