
[data]
trigger-time = 1600054493.9964733
injection-file = /work/shashwat.singh/Prospects-of-LGWs/unlens/injection.hdf

[global]
instruments = C1 C2
mass1_ref = 30.00000000390588
mass2_ref = 30.000000007489888
minchirp = 26.11641690384402
maxchirp = 26.11661690384402
mincov = 534968079.11319864
maxcov = 53496807911.31987
