
[data]
trigger-time = 1956144342.6703174
injection-file = /work/shashwat.singh/Prospects-of-LGWs/unlens/injection.hdf

[global]
instruments = C1 C2
mass1_ref = 30.000000001821267
mass2_ref = 30.000000007041887
minchirp = 26.116416902741637
maxchirp = 26.116616902741637
mincov = 48455434689.5913
maxcov = 4845543468959.13
