
[data]
trigger-time = 1096540862.5726538
injection-file = /work/shashwat.singh/Prospects-of-LGWs/unlens/injection.hdf

[global]
instruments = C1 C2
mass1_ref = 30.000000004060073
mass2_ref = 30.000000005354067
minchirp = 26.11641690298147
maxchirp = 26.11661690298147
mincov = 3677528587.660142
maxcov = 367752858766.01416
