
[data]
trigger-time = 1575511694.3567505
injection-file = /work/shashwat.singh/Prospects-of-LGWs/unlens/injection.hdf

[global]
instruments = C1 C2
mass1_ref = 30.000000004473883
mass2_ref = 30.000000008078604
minchirp = 26.116416904347513
maxchirp = 26.116616904347513
mincov = 54932052874.47926
maxcov = 5493205287447.926
