
[data]
trigger-time = 1921810094.1239786
injection-file = /work/shashwat.singh/Prospects-of-LGWs/unlens/injection.hdf

[global]
instruments = C1 C2
mass1_ref = 30.00000000817121
mass2_ref = 30.00000000034278
minchirp = 26.116416902589656
maxchirp = 26.116616902589655
mincov = 140590532161.68353
maxcov = 14059053216168.355
