
[data]
trigger-time = 1257985242.8346128
injection-file = /work/shashwat.singh/Prospects-of-LGWs/unlens/injection.hdf

[global]
instruments = C1 C2
mass1_ref = 30.000000005665164
mass2_ref = 30.0000000086017
minchirp = 26.11641690509374
maxchirp = 26.11661690509374
mincov = 164911291015.68216
maxcov = 16491129101568.215
