
[data]
trigger-time = 1905125297.0396028
injection-file = /work/shashwat.singh/Prospects-of-LGWs/unlens/injection.hdf

[global]
instruments = C1 C2
mass1_ref = 30.00000000450087
mass2_ref = 30.000000006981903
minchirp = 26.11641690388189
maxchirp = 26.11661690388189
mincov = 173338497714.58353
maxcov = 17333849771458.352
