
[data]
trigger-time = 1886934451.6807988
injection-file = /work/shashwat.singh/Prospects-of-LGWs/unlens/injection.hdf

[global]
instruments = C1 C2
mass1_ref = 30.00000000533111
mass2_ref = 30.00000000577863
minchirp = 26.116416903719518
maxchirp = 26.116616903719517
mincov = 150985064378.80783
maxcov = 15098506437880.783
