
[data]
trigger-time = 1314334829.2471066
injection-file = /work/shashwat.singh/Prospects-of-LGWs/unlens/injection.hdf

[global]
instruments = C1 C2
mass1_ref = 30.00000000864346
mass2_ref = 30.000000005127607
minchirp = 26.11641690487793
maxchirp = 26.11661690487793
mincov = 4085507689.854894
maxcov = 408550768985.48944
