
[data]
trigger-time = 1738497519.7225118
injection-file = /work/shashwat.singh/Prospects-of-LGWs/unlens/injection.hdf

[global]
instruments = C1 C2
mass1_ref = 30.00000000971059
mass2_ref = 30.000000002215064
minchirp = 26.11641690407467
maxchirp = 26.116616904074668
mincov = 121615871999.13774
maxcov = 12161587199913.773
