
[data]
trigger-time = 1431320752.1764383
injection-file = /work/shashwat.singh/Prospects-of-LGWs/unlens/injection.hdf

[global]
instruments = C1 C2
mass1_ref = 30.00000000308508
mass2_ref = 30.00000000802825
minchirp = 26.11641690372108
maxchirp = 26.11661690372108
mincov = 161416437930.33618
maxcov = 16141643793033.617
