
[data]
trigger-time = 1562314716.220336
injection-file = /work/shashwat.singh/Prospects-of-LGWs/unlens/injection.hdf

[global]
instruments = C1 C2
mass1_ref = 30.000000009402164
mass2_ref = 30.000000002434454
minchirp = 26.116416904035912
maxchirp = 26.11661690403591
mincov = 106688023028.91724
maxcov = 10668802302891.723
