
[data]
trigger-time = 1598142287.6959884
injection-file = /work/shashwat.singh/Prospects-of-LGWs/unlens/injection.hdf

[global]
instruments = C1 C2
mass1_ref = 30.00000000845821
mass2_ref = 30.000000009576066
minchirp = 26.1164169067336
maxchirp = 26.1166169067336
mincov = 8025739413.996084
maxcov = 802573941399.6084
