
[data]
trigger-time = 1931880624.4952629
injection-file = /work/shashwat.singh/Prospects-of-LGWs/unlens/injection.hdf

[global]
instruments = C1 C2
mass1_ref = 30.000000003002533
mass2_ref = 30.000000001942706
minchirp = 26.116416901036263
maxchirp = 26.116616901036263
mincov = 58164424661.5249
maxcov = 5816442466152.49
