
[data]
trigger-time = 1083475270.7324398
injection-file = /work/shashwat.singh/Prospects-of-LGWs/unlens/injection.hdf

[global]
instruments = C1 C2
mass1_ref = 30.000000009052748
mass2_ref = 30.00000000375936
minchirp = 26.116416904460518
maxchirp = 26.116616904460518
mincov = 80593606776.30972
maxcov = 8059360677630.972
