
[data]
trigger-time = 1162776930.0796497
injection-file = /work/shashwat.singh/Prospects-of-LGWs/unlens/injection.hdf

[global]
instruments = C1 C2
mass1_ref = 30.000000003549903
mass2_ref = 30.000000009949257
minchirp = 26.116416904759575
maxchirp = 26.116616904759574
mincov = 100648477908.65628
maxcov = 10064847790865.629
