
[data]
trigger-time = 1826539217.2783008
injection-file = /work/shashwat.singh/Prospects-of-LGWs/unlens/injection.hdf

[global]
instruments = C1 C2
mass1_ref = 30.000000005395933
mass2_ref = 30.00000000762318
minchirp = 26.116416904550622
maxchirp = 26.11661690455062
mincov = 57473569041.93811
maxcov = 5747356904193.811
