
[data]
trigger-time = 1573906523.9286141
injection-file = /work/shashwat.singh/Prospects-of-LGWs/unlens/injection.hdf

[global]
instruments = C1 C2
mass1_ref = 30.000000004159443
mass2_ref = 30.000000009540862
minchirp = 26.11641690484713
maxchirp = 26.11661690484713
mincov = 98618145589.64537
maxcov = 9861814558964.537
