
[data]
trigger-time = 1225008439.4513366
injection-file = /work/shashwat.singh/Prospects-of-LGWs/unlens/injection.hdf

[global]
instruments = C1 C2
mass1_ref = 30.00000000735559
mass2_ref = 30.00000000794952
minchirp = 26.116416905545663
maxchirp = 26.116616905545662
mincov = 151419761661.01855
maxcov = 15141976166101.855
