
[data]
trigger-time = 1708325586.0496888
injection-file = /work/shashwat.singh/Prospects-of-LGWs/unlens/injection.hdf

[global]
instruments = C1 C2
mass1_ref = 30.00000000633514
mass2_ref = 30.00000000548375
minchirp = 26.116416904028195
maxchirp = 26.116616904028195
mincov = 123955497059.15645
maxcov = 12395549705915.645
