
[data]
trigger-time = 1122893881.18035
injection-file = /work/shashwat.singh/Prospects-of-LGWs/unlens/injection.hdf

[global]
instruments = C1 C2
mass1_ref = 30.000000007587435
mass2_ref = 30.000000006777125
minchirp = 26.116416905136262
maxchirp = 26.11661690513626
mincov = 122704992180.18253
maxcov = 12270499218018.252
