
[data]
trigger-time = 1117198647.2102997
injection-file = /work/shashwat.singh/Prospects-of-LGWs/unlens/injection.hdf

[global]
instruments = C1 C2
mass1_ref = 30.00000000023908
mass2_ref = 30.000000004130204
minchirp = 26.116416900785566
maxchirp = 26.116616900785566
mincov = 120810705550.55843
maxcov = 12081070555055.842
