
[data]
trigger-time = 1287360467.8573523
injection-file = /work/shashwat.singh/Prospects-of-LGWs/unlens/injection.hdf

[global]
instruments = C1 C2
mass1_ref = 30.00000000427468
mass2_ref = 30.000000003117787
minchirp = 26.11641690210148
maxchirp = 26.11661690210148
mincov = 61699946739.34868
maxcov = 6169994673934.868
