
[data]
trigger-time = 1784122473.9572978
injection-file = /work/shashwat.singh/Prospects-of-LGWs/unlens/injection.hdf

[global]
instruments = C1 C2
mass1_ref = 30.000000004909783
mass2_ref = 30.00000000172163
minchirp = 26.116416901770215
maxchirp = 26.116616901770215
mincov = 83850312867.78561
maxcov = 8385031286778.561
