
[data]
trigger-time = 1784933556.0628128
injection-file = /work/shashwat.singh/Prospects-of-LGWs/unlens/injection.hdf

[global]
instruments = C1 C2
mass1_ref = 30.000000009315105
mass2_ref = 30.000000002511904
minchirp = 26.11641690403173
maxchirp = 26.11661690403173
mincov = 81144146322.86958
maxcov = 8114414632286.958
