
[data]
trigger-time = 1303177500.1206195
injection-file = /work/shashwat.singh/Prospects-of-LGWs/unlens/injection.hdf

[global]
instruments = C1 C2
mass1_ref = 30.000000003351474
mass2_ref = 30.000000001074834
minchirp = 26.11641690081039
maxchirp = 26.11661690081039
mincov = 45688037.868160695
maxcov = 4568803786.81607
