
[data]
trigger-time = 1814651956.2899275
injection-file = /work/shashwat.singh/Prospects-of-LGWs/unlens/injection.hdf

[global]
instruments = C1 C2
mass1_ref = 30.000000006544003
mass2_ref = 30.000000001385445
minchirp = 26.116416902335217
maxchirp = 26.116616902335217
mincov = 161113330454.28745
maxcov = 16111333045428.746
