
[data]
trigger-time = 1631204042.2124505
injection-file = /work/shashwat.singh/Prospects-of-LGWs/unlens/injection.hdf

[global]
instruments = C1 C2
mass1_ref = 30.000000003560615
mass2_ref = 30.000000008018926
minchirp = 26.116416903924012
maxchirp = 26.11661690392401
mincov = 142947657349.25934
maxcov = 14294765734925.934
