
[data]
trigger-time = 1166184618.5262825
injection-file = /work/shashwat.singh/Prospects-of-LGWs/unlens/injection.hdf

[global]
instruments = C1 C2
mass1_ref = 30.00000000283617
mass2_ref = 30.00000000672799
minchirp = 26.116416903046765
maxchirp = 26.116616903046765
mincov = 117815984502.63448
maxcov = 11781598450263.447
