
[data]
trigger-time = 1073230141.2325878
injection-file = /work/shashwat.singh/Prospects-of-LGWs/unlens/injection.hdf

[global]
instruments = C1 C2
mass1_ref = 30.000000002036387
mass2_ref = 30.000000005311474
minchirp = 26.11641690208207
maxchirp = 26.116616902082068
mincov = 71224503077.70892
maxcov = 7122450307770.893
