
[data]
trigger-time = 1086393400.0902786
injection-file = /work/shashwat.singh/Prospects-of-LGWs/unlens/injection.hdf

[global]
instruments = C1 C2
mass1_ref = 30.000000002873378
mass2_ref = 30.00000000319577
minchirp = 26.116416901525472
maxchirp = 26.11661690152547
mincov = 14396686882.88096
maxcov = 1439668688288.096
