
[data]
trigger-time = 1977490753.958475
injection-file = /work/shashwat.singh/Prospects-of-LGWs/unlens/injection.hdf

[global]
instruments = C1 C2
mass1_ref = 30.000000009970304
mass2_ref = 30.00000000579099
minchirp = 26.116416905744227
maxchirp = 26.116616905744227
mincov = 30438706637.104633
maxcov = 3043870663710.4634
