
[data]
trigger-time = 1213926579.346235
injection-file = /work/shashwat.singh/Prospects-of-LGWs/unlens/injection.hdf

[global]
instruments = C1 C2
mass1_ref = 30.00000000697151
mass2_ref = 30.00000000229854
minchirp = 26.11641690291875
maxchirp = 26.11661690291875
mincov = 105635096703.02194
maxcov = 10563509670302.195
