
[data]
trigger-time = 1573991578.589716
injection-file = /work/shashwat.singh/Prospects-of-LGWs/unlens/injection.hdf

[global]
instruments = C1 C2
mass1_ref = 30.000000009960328
mass2_ref = 30.00000000184172
minchirp = 26.116416904020866
maxchirp = 26.116616904020866
mincov = 111359216149.01534
maxcov = 11135921614901.533
