
[data]
trigger-time = 1483304828.1536152
injection-file = /work/shashwat.singh/Prospects-of-LGWs/unlens/injection.hdf

[global]
instruments = C1 C2
mass1_ref = 30.000000003548347
mass2_ref = 30.000000008456485
minchirp = 26.11641690410913
maxchirp = 26.11661690410913
mincov = 75793565000.9285
maxcov = 7579356500092.851
