
[data]
trigger-time = 1260176948.356613
injection-file = /work/shashwat.singh/Prospects-of-LGWs/unlens/injection.hdf

[global]
instruments = C1 C2
mass1_ref = 30.000000008466863
mass2_ref = 30.000000002946123
minchirp = 26.116416903851515
maxchirp = 26.116616903851515
mincov = 170400610390.10477
maxcov = 17040061039010.477
