
[data]
trigger-time = 1893042593.574238
injection-file = /work/shashwat.singh/Prospects-of-LGWs/unlens/injection.hdf

[global]
instruments = C1 C2
mass1_ref = 30.00000000229962
mass2_ref = 30.000000000071655
minchirp = 26.11641689991588
maxchirp = 26.11661689991588
mincov = 175586991768.47635
maxcov = 17558699176847.635
