
[data]
trigger-time = 1631379919.2774081
injection-file = /work/shashwat.singh/Prospects-of-LGWs/unlens/injection.hdf

[global]
instruments = C1 C2
mass1_ref = 30.000000009232583
mass2_ref = 30.00000000121084
minchirp = 26.11641690342949
maxchirp = 26.116616903429488
mincov = 32631818869.24763
maxcov = 3263181886924.763
