
[data]
trigger-time = 1653543565.6934423
injection-file = /work/shashwat.singh/Prospects-of-LGWs/unlens/injection.hdf

[global]
instruments = C1 C2
mass1_ref = 30.000000001708187
mass2_ref = 30.00000000613668
minchirp = 26.1164169022984
maxchirp = 26.1166169022984
mincov = 119000093769.10323
maxcov = 11900009376910.322
