
[data]
trigger-time = 1357355463.6240013
injection-file = /work/shashwat.singh/Prospects-of-LGWs/unlens/injection.hdf

[global]
instruments = C1 C2
mass1_ref = 30.000000007317432
mass2_ref = 30.00000000582286
minchirp = 26.11641690460337
maxchirp = 26.11661690460337
mincov = 14482125810.30271
maxcov = 1448212581030.271
