
[data]
trigger-time = 1821705652.5680985
injection-file = /work/shashwat.singh/Prospects-of-LGWs/unlens/injection.hdf

[global]
instruments = C1 C2
mass1_ref = 30.00000000720009
mass2_ref = 30.000000005345605
minchirp = 26.116416904344558
maxchirp = 26.116616904344557
mincov = 2545184274.3923383
maxcov = 254518427439.23383
