
[data]
trigger-time = 1056552886.1820267
injection-file = /work/shashwat.singh/Prospects-of-LGWs/unlens/injection.hdf

[global]
instruments = C1 C2
mass1_ref = 30.000000008482758
mass2_ref = 30.000000008459914
minchirp = 26.11641690625845
maxchirp = 26.11661690625845
mincov = 166773440811.1326
maxcov = 16677344081113.26
