
[data]
trigger-time = 1853171877.3682492
injection-file = /work/shashwat.singh/Prospects-of-LGWs/unlens/injection.hdf

[global]
instruments = C1 C2
mass1_ref = 30.00000000875635
mass2_ref = 30.00000000816983
minchirp = 26.11641690625127
maxchirp = 26.11661690625127
mincov = 9028174197.655918
maxcov = 902817419765.5919
