
[data]
trigger-time = 1535044965.1634362
injection-file = /work/shashwat.singh/Prospects-of-LGWs/unlens/injection.hdf

[global]
instruments = C1 C2
mass1_ref = 30.000000003436906
mass2_ref = 30.00000000550562
minchirp = 26.116416902776184
maxchirp = 26.116616902776183
mincov = 126860584499.22319
maxcov = 12686058449922.32
