
[data]
trigger-time = 1601540033.204078
injection-file = /work/shashwat.singh/Prospects-of-LGWs/unlens/injection.hdf

[global]
instruments = C1 C2
mass1_ref = 30.00000000698741
mass2_ref = 30.000000004144294
minchirp = 26.11641690372908
maxchirp = 26.116616903729078
mincov = 61221894724.62917
maxcov = 6122189472462.918
