
[data]
trigger-time = 1490813986.251275
injection-file = /work/shashwat.singh/Prospects-of-LGWs/unlens/injection.hdf

[global]
instruments = C1 C2
mass1_ref = 30.000000007254823
mass2_ref = 30.00000000459486
minchirp = 26.1164169040416
maxchirp = 26.1166169040416
mincov = 157493912588.11563
maxcov = 15749391258811.562
