
[data]
trigger-time = 1561194054.0442939
injection-file = /work/shashwat.singh/Prospects-of-LGWs/unlens/injection.hdf

[global]
instruments = C1 C2
mass1_ref = 30.00000000029331
mass2_ref = 30.000000004635464
minchirp = 26.116416901029098
maxchirp = 26.116616901029097
mincov = 131364785855.04819
maxcov = 13136478585504.82
