
[data]
trigger-time = 1157995757.6321847
injection-file = /work/shashwat.singh/Prospects-of-LGWs/unlens/injection.hdf

[global]
instruments = C1 C2
mass1_ref = 30.00000000183441
mass2_ref = 30.000000009488627
minchirp = 26.11641690381236
maxchirp = 26.11661690381236
mincov = 44700291553.487656
maxcov = 4470029155348.766
