
[data]
trigger-time = 1055324013.998687
injection-file = /work/shashwat.singh/Prospects-of-LGWs/unlens/injection.hdf

[global]
instruments = C1 C2
mass1_ref = 30.00000000806994
mass2_ref = 30.000000006832582
minchirp = 26.116416905370425
maxchirp = 26.116616905370424
mincov = 53782153558.55605
maxcov = 5378215355855.605
