
[data]
trigger-time = 1378880058.0288248
injection-file = /work/shashwat.singh/Prospects-of-LGWs/unlens/injection.hdf

[global]
instruments = C1 C2
mass1_ref = 30.00000000039458
mass2_ref = 30.000000007871034
minchirp = 26.116416902481543
maxchirp = 26.116616902481542
mincov = 131310249762.34131
maxcov = 13131024976234.13
