
[data]
trigger-time = 1298328599.2448933
injection-file = /work/shashwat.singh/Prospects-of-LGWs/unlens/injection.hdf

[global]
instruments = C1 C2
mass1_ref = 30.00000000045613
mass2_ref = 30.000000000744887
minchirp = 26.116416899406495
maxchirp = 26.116616899406495
mincov = 104396591991.33963
maxcov = 10439659199133.963
