
[data]
trigger-time = 1374477128.1185079
injection-file = /work/shashwat.singh/Prospects-of-LGWs/unlens/injection.hdf

[global]
instruments = C1 C2
mass1_ref = 30.000000005257604
mass2_ref = 30.000000008009795
minchirp = 26.116416904658692
maxchirp = 26.11661690465869
mincov = 72322703312.06915
maxcov = 7232270331206.915
