
[data]
trigger-time = 1933204365.9009728
injection-file = /work/shashwat.singh/Prospects-of-LGWs/unlens/injection.hdf

[global]
instruments = C1 C2
mass1_ref = 30.00000000634083
mass2_ref = 30.00000000282572
minchirp = 26.116416902873695
maxchirp = 26.116616902873695
mincov = 112649451300.5214
maxcov = 11264945130052.139
