
[data]
trigger-time = 1885531305.663695
injection-file = /work/shashwat.singh/Prospects-of-LGWs/unlens/injection.hdf

[global]
instruments = C1 C2
mass1_ref = 30.00000000353428
mass2_ref = 30.00000000577394
minchirp = 26.116416902935363
maxchirp = 26.116616902935363
mincov = 79737483628.65808
maxcov = 7973748362865.809
