
[data]
trigger-time = 1595267425.0728621
injection-file = /work/shashwat.singh/Prospects-of-LGWs/unlens/injection.hdf

[global]
instruments = C1 C2
mass1_ref = 30.000000009597386
mass2_ref = 30.000000009530282
minchirp = 26.116416907209526
maxchirp = 26.116616907209526
mincov = 97572189367.07248
maxcov = 9757218936707.248
