
[data]
trigger-time = 1312286141.7900028
injection-file = /work/shashwat.singh/Prospects-of-LGWs/unlens/injection.hdf

[global]
instruments = C1 C2
mass1_ref = 30.000000005528232
mass2_ref = 30.000000001316483
minchirp = 26.116416901863058
maxchirp = 26.116616901863058
mincov = 116602712251.61026
maxcov = 11660271225161.025
