
[data]
trigger-time = 1789025259.6400366
injection-file = /work/shashwat.singh/Prospects-of-LGWs/unlens/injection.hdf

[global]
instruments = C1 C2
mass1_ref = 30.00000000193923
mass2_ref = 30.000000009653462
minchirp = 26.11641690392974
maxchirp = 26.11661690392974
mincov = 10757775356.63043
maxcov = 1075777535663.0431
