
[data]
trigger-time = 1351346022.3183513
injection-file = /work/shashwat.singh/Prospects-of-LGWs/unlens/injection.hdf

[global]
instruments = C1 C2
mass1_ref = 30.00000000884344
mass2_ref = 30.000000003524004
minchirp = 26.116416904266966
maxchirp = 26.116616904266966
mincov = 49535180228.409454
maxcov = 4953518022840.945
