
[data]
trigger-time = 1062260477.4294467
injection-file = /work/shashwat.singh/Prospects-of-LGWs/unlens/injection.hdf

[global]
instruments = C1 C2
mass1_ref = 30.00000000340284
mass2_ref = 30.000000001553502
minchirp = 26.116416901041095
maxchirp = 26.116616901041095
mincov = 62433841488.99953
maxcov = 6243384148899.952
