
[data]
trigger-time = 1457083910.2959297
injection-file = /work/shashwat.singh/Prospects-of-LGWs/unlens/injection.hdf

[global]
instruments = C1 C2
mass1_ref = 30.000000004886246
mass2_ref = 30.00000000198134
minchirp = 26.116416901873016
maxchirp = 26.116616901873016
mincov = 87628306091.62498
maxcov = 8762830609162.499
