
[data]
trigger-time = 1833660357.210969
injection-file = /work/shashwat.singh/Prospects-of-LGWs/unlens/injection.hdf

[global]
instruments = C1 C2
mass1_ref = 30.00000000724692
mass2_ref = 30.00000000642839
minchirp = 26.11641690483625
maxchirp = 26.11661690483625
mincov = 78594960967.05661
maxcov = 7859496096705.662
