
[data]
trigger-time = 1484577941.7007892
injection-file = /work/shashwat.singh/Prospects-of-LGWs/unlens/injection.hdf

[global]
instruments = C1 C2
mass1_ref = 30.00000000338784
mass2_ref = 30.00000000147679
minchirp = 26.116416901001177
maxchirp = 26.116616901001176
mincov = 135008940094.42009
maxcov = 13500894009442.01
