
[data]
trigger-time = 1064866011.3376037
injection-file = /work/shashwat.singh/Prospects-of-LGWs/unlens/injection.hdf

[global]
instruments = C1 C2
mass1_ref = 30.000000006667968
mass2_ref = 30.000000004639897
minchirp = 26.11641690380576
maxchirp = 26.11661690380576
mincov = 103989709102.05809
maxcov = 10398970910205.809
