
[data]
trigger-time = 1365090386.933154
injection-file = /work/shashwat.singh/Prospects-of-LGWs/unlens/injection.hdf

[global]
instruments = C1 C2
mass1_ref = 30.000000002318053
mass2_ref = 30.000000002855874
minchirp = 26.116416901135807
maxchirp = 26.116616901135806
mincov = 131883089583.44348
maxcov = 13188308958344.348
