
[data]
trigger-time = 1333696851.3081946
injection-file = /work/shashwat.singh/Prospects-of-LGWs/unlens/injection.hdf

[global]
instruments = C1 C2
mass1_ref = 30.00000000264698
mass2_ref = 30.00000000016032
minchirp = 26.116416900105673
maxchirp = 26.116616900105672
mincov = 86265178797.72026
maxcov = 8626517879772.026
