
[data]
trigger-time = 1570448485.4369483
injection-file = /work/shashwat.singh/Prospects-of-LGWs/unlens/injection.hdf

[global]
instruments = C1 C2
mass1_ref = 30.000000004464013
mass2_ref = 30.00000000744613
minchirp = 26.116416904067915
maxchirp = 26.116616904067914
mincov = 99128469981.35843
maxcov = 9912846998135.842
