
[data]
trigger-time = 1266757401.8448713
injection-file = /work/shashwat.singh/Prospects-of-LGWs/unlens/injection.hdf

[global]
instruments = C1 C2
mass1_ref = 30.000000008316153
mass2_ref = 30.000000004755815
minchirp = 26.11641690457363
maxchirp = 26.11661690457363
mincov = 62024131858.395615
maxcov = 6202413185839.562
