
[data]
trigger-time = 1517027691.5202942
injection-file = /work/shashwat.singh/Prospects-of-LGWs/unlens/injection.hdf

[global]
instruments = C1 C2
mass1_ref = 30.000000005175263
mass2_ref = 30.00000000672874
minchirp = 26.116416904065243
maxchirp = 26.116616904065243
mincov = 174440680801.66412
maxcov = 17444068080166.414
