
[data]
trigger-time = 1958921537.215693
injection-file = /work/shashwat.singh/Prospects-of-LGWs/unlens/injection.hdf

[global]
instruments = C1 C2
mass1_ref = 30.000000000710614
mass2_ref = 30.00000000907897
minchirp = 26.116416903144888
maxchirp = 26.116616903144887
mincov = 153804347986.53485
maxcov = 15380434798653.484
