
[data]
trigger-time = 1269015177.8987064
injection-file = /work/shashwat.singh/Prospects-of-LGWs/unlens/injection.hdf

[global]
instruments = C1 C2
mass1_ref = 30.0000000017002
mass2_ref = 30.000000000729102
minchirp = 26.11641689994114
maxchirp = 26.11661689994114
mincov = 35055536800.86061
maxcov = 3505553680086.0605
