
[data]
trigger-time = 1517678376.99783
injection-file = /work/shashwat.singh/Prospects-of-LGWs/unlens/injection.hdf

[global]
instruments = C1 C2
mass1_ref = 30.000000004710284
mass2_ref = 30.000000007112245
minchirp = 26.11641690402978
maxchirp = 26.11661690402978
mincov = 161854902854.72925
maxcov = 16185490285472.926
