
[data]
trigger-time = 1897314058.8352387
injection-file = /work/shashwat.singh/Prospects-of-LGWs/unlens/injection.hdf

[global]
instruments = C1 C2
mass1_ref = 30.000000007837066
mass2_ref = 30.000000008090584
minchirp = 26.11641690581664
maxchirp = 26.116616905816638
mincov = 40787942.86156204
maxcov = 4078794286.156204
