
[data]
trigger-time = 1846735376.9737055
injection-file = /work/shashwat.singh/Prospects-of-LGWs/unlens/injection.hdf

[global]
instruments = C1 C2
mass1_ref = 30.000000009600896
mass2_ref = 30.000000004082683
minchirp = 26.11641690483985
maxchirp = 26.116616904839848
mincov = 100783499608.46967
maxcov = 10078349960846.967
