
[data]
trigger-time = 1978435978.1936636
injection-file = /work/shashwat.singh/Prospects-of-LGWs/unlens/injection.hdf

[global]
instruments = C1 C2
mass1_ref = 30.00000000534999
mass2_ref = 30.000000005884964
minchirp = 26.11641690377402
maxchirp = 26.11661690377402
mincov = 61042993006.40898
maxcov = 6104299300640.898
