
[data]
trigger-time = 1409623882.7979012
injection-file = /work/shashwat.singh/Prospects-of-LGWs/unlens/injection.hdf

[global]
instruments = C1 C2
mass1_ref = 30.000000009489725
mass2_ref = 30.000000009967657
minchirp = 26.11641690735304
maxchirp = 26.11661690735304
mincov = 48102213791.884445
maxcov = 4810221379188.444
