
[data]
trigger-time = 1714579082.4616714
injection-file = /work/shashwat.singh/Prospects-of-LGWs/unlens/injection.hdf

[global]
instruments = C1 C2
mass1_ref = 30.0000000051201
mass2_ref = 30.000000006880807
minchirp = 26.116416904107425
maxchirp = 26.116616904107424
mincov = 97167252781.71461
maxcov = 9716725278171.46
