
[data]
trigger-time = 1160383285.2555373
injection-file = /work/shashwat.singh/Prospects-of-LGWs/unlens/injection.hdf

[global]
instruments = C1 C2
mass1_ref = 30.00000000776273
mass2_ref = 30.000000006935032
minchirp = 26.116416905281294
maxchirp = 26.116616905281294
mincov = 155523708028.2652
maxcov = 15552370802826.52
