
[data]
trigger-time = 1736507024.8434758
injection-file = /work/shashwat.singh/Prospects-of-LGWs/unlens/injection.hdf

[global]
instruments = C1 C2
mass1_ref = 30.00000000988145
mass2_ref = 30.00000000167007
minchirp = 26.116416903911816
maxchirp = 26.116616903911815
mincov = 47216942340.27841
maxcov = 4721694234027.841
