
[data]
trigger-time = 1736107452.522896
injection-file = /work/shashwat.singh/Prospects-of-LGWs/unlens/injection.hdf

[global]
instruments = C1 C2
mass1_ref = 30.00000000228906
mass2_ref = 30.000000007102877
minchirp = 26.116416902971803
maxchirp = 26.116616902971803
mincov = 164164475459.73163
maxcov = 16416447545973.162
