
[data]
trigger-time = 1342592611.1154246
injection-file = /work/shashwat.singh/Prospects-of-LGWs/unlens/injection.hdf

[global]
instruments = C1 C2
mass1_ref = 30.000000001277645
mass2_ref = 30.000000005495117
minchirp = 26.11641690183174
maxchirp = 26.11661690183174
mincov = 177953044204.81317
maxcov = 17795304420481.32
