
[data]
trigger-time = 1743129172.966853
injection-file = /work/shashwat.singh/Prospects-of-LGWs/unlens/injection.hdf

[global]
instruments = C1 C2
mass1_ref = 30.00000000897362
mass2_ref = 30.000000004467687
minchirp = 26.116416904734393
maxchirp = 26.116616904734393
mincov = 98099066840.67319
maxcov = 9809906684067.32
