
[data]
trigger-time = 1549378002.3564298
injection-file = /work/shashwat.singh/Prospects-of-LGWs/unlens/injection.hdf

[global]
instruments = C1 C2
mass1_ref = 30.000000001631328
mass2_ref = 30.000000004153197
minchirp = 26.116416901401585
maxchirp = 26.116616901401585
mincov = 98487615039.67482
maxcov = 9848761503967.482
