
[data]
trigger-time = 1971666423.028101
injection-file = /work/shashwat.singh/Prospects-of-LGWs/unlens/injection.hdf

[global]
instruments = C1 C2
mass1_ref = 30.0000000022158
mass2_ref = 30.00000000086557
minchirp = 26.116416900224966
maxchirp = 26.116616900224965
mincov = 87151939265.96603
maxcov = 8715193926596.603
