
[data]
trigger-time = 1747534672.6173804
injection-file = /work/shashwat.singh/Prospects-of-LGWs/unlens/injection.hdf

[global]
instruments = C1 C2
mass1_ref = 30.000000005679475
mass2_ref = 30.000000002682363
minchirp = 26.116416902523426
maxchirp = 26.116616902523425
mincov = 17204542694.06269
maxcov = 1720454269406.269
