
[data]
trigger-time = 1952336103.2086885
injection-file = /work/shashwat.singh/Prospects-of-LGWs/unlens/injection.hdf

[global]
instruments = C1 C2
mass1_ref = 30.000000007806182
mass2_ref = 30.000000005412424
minchirp = 26.116416904637457
maxchirp = 26.116616904637457
mincov = 1755993292.7495956
maxcov = 175599329274.95956
