
[data]
trigger-time = 1191837606.6984985
injection-file = /work/shashwat.singh/Prospects-of-LGWs/unlens/injection.hdf

[global]
instruments = C1 C2
mass1_ref = 30.000000003480793
mass2_ref = 30.000000003060737
minchirp = 26.116416901731093
maxchirp = 26.116616901731092
mincov = 166932024640.60956
maxcov = 16693202464060.955
