
[data]
trigger-time = 1550893999.9110322
injection-file = /work/shashwat.singh/Prospects-of-LGWs/unlens/injection.hdf

[global]
instruments = C1 C2
mass1_ref = 30.000000004572136
mass2_ref = 30.000000007632025
minchirp = 26.116416904195894
maxchirp = 26.116616904195894
mincov = 26309746105.676125
maxcov = 2630974610567.613
