
[data]
trigger-time = 1020093633.7294252
injection-file = /work/shashwat.singh/Prospects-of-LGWs/unlens/injection.hdf

[global]
instruments = C1 C2
mass1_ref = 30.000000001833616
mass2_ref = 30.00000000585234
minchirp = 26.11641690222923
maxchirp = 26.11661690222923
mincov = 86272797988.22037
maxcov = 8627279798822.037
