
[data]
trigger-time = 1617234782.6390295
injection-file = /work/shashwat.singh/Prospects-of-LGWs/unlens/injection.hdf

[global]
instruments = C1 C2
mass1_ref = 30.000000003213827
mass2_ref = 30.00000000608554
minchirp = 26.11641690293151
maxchirp = 26.116616902931508
mincov = 136172041707.6687
maxcov = 13617204170766.871
