
[data]
trigger-time = 1962398326.2807891
injection-file = /work/shashwat.singh/Prospects-of-LGWs/unlens/injection.hdf

[global]
instruments = C1 C2
mass1_ref = 30.00000000958302
mass2_ref = 30.000000003472735
minchirp = 26.11641690456657
maxchirp = 26.11661690456657
mincov = 139146873892.12354
maxcov = 13914687389212.354
