
[data]
trigger-time = 1419798001.47726
injection-file = /work/shashwat.singh/Prospects-of-LGWs/unlens/injection.hdf

[global]
instruments = C1 C2
mass1_ref = 30.000000006441578
mass2_ref = 30.000000005719663
minchirp = 26.116416904177214
maxchirp = 26.116616904177214
mincov = 135412802552.59895
maxcov = 13541280255259.895
