
[data]
trigger-time = 1676687070.0231113
injection-file = /work/shashwat.singh/Prospects-of-LGWs/unlens/injection.hdf

[global]
instruments = C1 C2
mass1_ref = 30.000000004269435
mass2_ref = 30.000000004612538
minchirp = 26.11641690274983
maxchirp = 26.11661690274983
mincov = 64662399.41690086
maxcov = 6466239941.690086
