
[data]
trigger-time = 1750885364.9996152
injection-file = /work/shashwat.singh/Prospects-of-LGWs/unlens/injection.hdf

[global]
instruments = C1 C2
mass1_ref = 30.00000000263917
mass2_ref = 30.000000006697494
minchirp = 26.116416902947744
maxchirp = 26.116616902947744
mincov = 1222966147.428407
maxcov = 122296614742.8407
