
[data]
trigger-time = 1157578821.6533775
injection-file = /work/shashwat.singh/Prospects-of-LGWs/unlens/injection.hdf

[global]
instruments = C1 C2
mass1_ref = 30.000000004818205
mass2_ref = 30.000000003451127
minchirp = 26.11641690248316
maxchirp = 26.11661690248316
mincov = 132008223906.81868
maxcov = 13200822390681.867
