
[data]
trigger-time = 1987374711.5318775
injection-file = /work/shashwat.singh/Prospects-of-LGWs/unlens/injection.hdf

[global]
instruments = C1 C2
mass1_ref = 30.000000008634295
mass2_ref = 30.000000007808328
minchirp = 26.116416906040794
maxchirp = 26.116616906040793
mincov = 141090206297.24286
maxcov = 14109020629724.285
