
[data]
trigger-time = 1461270535.617436
injection-file = /work/shashwat.singh/Prospects-of-LGWs/unlens/injection.hdf

[global]
instruments = C1 C2
mass1_ref = 30.000000001165535
mass2_ref = 30.0000000049715
minchirp = 26.116416901555024
maxchirp = 26.116616901555023
mincov = 156378358437.12457
maxcov = 15637835843712.459
