
[data]
trigger-time = 1400588736.8694336
injection-file = /work/shashwat.singh/Prospects-of-LGWs/unlens/injection.hdf

[global]
instruments = C1 C2
mass1_ref = 30.000000009695665
mass2_ref = 30.00000000201486
minchirp = 26.116416903981026
maxchirp = 26.116616903981026
mincov = 142210466329.91916
maxcov = 14221046632991.916
