
[data]
trigger-time = 1136418004.8346212
injection-file = /work/shashwat.singh/Prospects-of-LGWs/unlens/injection.hdf

[global]
instruments = C1 C2
mass1_ref = 30.00000000937918
mass2_ref = 30.000000000285304
minchirp = 26.116416903090435
maxchirp = 26.116616903090435
mincov = 156599764715.47815
maxcov = 15659976471547.814
