
[data]
trigger-time = 1086312016.9430733
injection-file = /work/shashwat.singh/Prospects-of-LGWs/unlens/injection.hdf

[global]
instruments = C1 C2
mass1_ref = 30.00000000467966
mass2_ref = 30.00000000383534
minchirp = 26.116416902590093
maxchirp = 26.116616902590092
mincov = 1165978.620346317
maxcov = 116597862.0346317
