
[data]
trigger-time = 1148983759.647948
injection-file = /work/shashwat.singh/Prospects-of-LGWs/unlens/injection.hdf

[global]
instruments = C1 C2
mass1_ref = 30.00000000091727
mass2_ref = 30.000000002450662
minchirp = 26.116416900349705
maxchirp = 26.116616900349705
mincov = 61949045354.42035
maxcov = 6194904535442.035
