
[data]
trigger-time = 1962624962.6709523
injection-file = /work/shashwat.singh/Prospects-of-LGWs/unlens/injection.hdf

[global]
instruments = C1 C2
mass1_ref = 30.00000000293504
mass2_ref = 30.00000000244053
minchirp = 26.116416901223577
maxchirp = 26.116616901223576
mincov = 118746519534.22453
maxcov = 11874651953422.453
