
[data]
trigger-time = 1712038251.1896229
injection-file = /work/shashwat.singh/Prospects-of-LGWs/unlens/injection.hdf

[global]
instruments = C1 C2
mass1_ref = 30.00000000422698
mass2_ref = 30.000000002667115
minchirp = 26.116416901884556
maxchirp = 26.116616901884555
mincov = 147879260804.6981
maxcov = 14787926080469.809
