
[data]
trigger-time = 1574582375.7450964
injection-file = /work/shashwat.singh/Prospects-of-LGWs/unlens/injection.hdf

[global]
instruments = C1 C2
mass1_ref = 30.00000000603659
mass2_ref = 30.00000000558666
minchirp = 26.116416903943037
maxchirp = 26.116616903943036
mincov = 144679289521.54044
maxcov = 14467928952154.043
