
[data]
trigger-time = 1555027760.4939733
injection-file = /work/shashwat.singh/Prospects-of-LGWs/unlens/injection.hdf

[global]
instruments = C1 C2
mass1_ref = 30.000000004813824
mass2_ref = 30.000000005530936
minchirp = 26.116416903386543
maxchirp = 26.116616903386543
mincov = 20275689181.9691
maxcov = 2027568918196.9102
