
[data]
trigger-time = 1068555657.3841376
injection-file = /work/shashwat.singh/Prospects-of-LGWs/unlens/injection.hdf

[global]
instruments = C1 C2
mass1_ref = 30.000000009407
mass2_ref = 30.00000000082872
minchirp = 26.116416903339083
maxchirp = 26.116616903339082
mincov = 68907606282.0496
maxcov = 6890760628204.961
