
[data]
trigger-time = 1660120427.5443387
injection-file = /work/shashwat.singh/Prospects-of-LGWs/unlens/injection.hdf

[global]
instruments = C1 C2
mass1_ref = 30.000000008638366
mass2_ref = 30.00000000477044
minchirp = 26.116416904720246
maxchirp = 26.116616904720246
mincov = 61902180934.502686
maxcov = 6190218093450.269
