
[data]
trigger-time = 1119855461.3826747
injection-file = /work/shashwat.singh/Prospects-of-LGWs/unlens/injection.hdf

[global]
instruments = C1 C2
mass1_ref = 30.000000008687827
mass2_ref = 30.000000005785434
minchirp = 26.116416905183577
maxchirp = 26.116616905183577
mincov = 131239737847.44656
maxcov = 13123973784744.656
