
[data]
trigger-time = 1328776633.92204
injection-file = /work/shashwat.singh/Prospects-of-LGWs/unlens/injection.hdf

[global]
instruments = C1 C2
mass1_ref = 30.000000003901953
mass2_ref = 30.000000009203248
minchirp = 26.116416904588093
maxchirp = 26.116616904588092
mincov = 171191808983.19724
maxcov = 17119180898319.725
