
[data]
trigger-time = 1570741932.1413321
injection-file = /work/shashwat.singh/Prospects-of-LGWs/unlens/injection.hdf

[global]
instruments = C1 C2
mass1_ref = 30.000000000725215
mass2_ref = 30.00000000019713
minchirp = 26.1164168992852
maxchirp = 26.116616899285198
mincov = 70791347815.67091
maxcov = 7079134781567.091
