
[data]
trigger-time = 1784697180.9582155
injection-file = /work/shashwat.singh/Prospects-of-LGWs/unlens/injection.hdf

[global]
instruments = C1 C2
mass1_ref = 30.000000002574897
mass2_ref = 30.00000000634354
minchirp = 26.1164169027657
maxchirp = 26.1166169027657
mincov = 96271952317.87543
maxcov = 9627195231787.543
