
[data]
trigger-time = 1105308844.0736089
injection-file = /work/shashwat.singh/Prospects-of-LGWs/unlens/injection.hdf

[global]
instruments = C1 C2
mass1_ref = 30.000000006651554
mass2_ref = 30.00000000266918
minchirp = 26.11641690294081
maxchirp = 26.11661690294081
mincov = 173329862225.0617
maxcov = 17332986222506.172
