
[data]
trigger-time = 1702837724.4930463
injection-file = /work/shashwat.singh/Prospects-of-LGWs/unlens/injection.hdf

[global]
instruments = C1 C2
mass1_ref = 30.00000000197837
mass2_ref = 30.00000000457676
minchirp = 26.11641690173701
maxchirp = 26.11661690173701
mincov = 10723756377.313074
maxcov = 1072375637731.3074
