
[data]
trigger-time = 1611493135.3082697
injection-file = /work/shashwat.singh/Prospects-of-LGWs/unlens/injection.hdf

[global]
instruments = C1 C2
mass1_ref = 30.000000000920743
mass2_ref = 30.000000006909737
minchirp = 26.116416902292137
maxchirp = 26.116616902292137
mincov = 119016653030.43645
maxcov = 11901665303043.645
