
[data]
trigger-time = 1943095062.8675246
injection-file = /work/shashwat.singh/Prospects-of-LGWs/unlens/injection.hdf

[global]
instruments = C1 C2
mass1_ref = 30.00000000336891
mass2_ref = 30.00000000854302
minchirp = 26.116416904068693
maxchirp = 26.116616904068692
mincov = 48536390972.9448
maxcov = 4853639097294.48
