
[data]
trigger-time = 1208788759.8290994
injection-file = /work/shashwat.singh/Prospects-of-LGWs/unlens/injection.hdf

[global]
instruments = C1 C2
mass1_ref = 30.000000006471627
mass2_ref = 30.000000006040338
minchirp = 26.116416904329874
maxchirp = 26.116616904329874
mincov = 137972602409.29532
maxcov = 13797260240929.531
