
[data]
trigger-time = 1189478993.9059684
injection-file = /work/shashwat.singh/Prospects-of-LGWs/unlens/injection.hdf

[global]
instruments = C1 C2
mass1_ref = 30.000000007995354
mass2_ref = 30.000000009168843
minchirp = 26.116416906354875
maxchirp = 26.116616906354874
mincov = 36840136446.70827
maxcov = 3684013644670.827
