
[data]
trigger-time = 1911604891.4195304
injection-file = /work/shashwat.singh/Prospects-of-LGWs/unlens/injection.hdf

[global]
instruments = C1 C2
mass1_ref = 30.000000006571305
mass2_ref = 30.000000002453863
minchirp = 26.11641690281216
maxchirp = 26.116616902812158
mincov = 40095835659.007645
maxcov = 4009583565900.764
