
[data]
trigger-time = 1803481453.9592113
injection-file = /work/shashwat.singh/Prospects-of-LGWs/unlens/injection.hdf

[global]
instruments = C1 C2
mass1_ref = 30.00000000116551
mass2_ref = 30.000000001105008
minchirp = 26.116416899872025
maxchirp = 26.116616899872025
mincov = 121500454848.26468
maxcov = 12150045484826.467
