
[data]
trigger-time = 1286613374.4608932
injection-file = /work/shashwat.singh/Prospects-of-LGWs/unlens/injection.hdf

[global]
instruments = C1 C2
mass1_ref = 30.00000000181163
mass2_ref = 30.000000009535196
minchirp = 26.116416903822717
maxchirp = 26.116616903822717
mincov = 66523268405.861084
maxcov = 6652326840586.108
