
[data]
trigger-time = 1176502399.4187827
injection-file = /work/shashwat.singh/Prospects-of-LGWs/unlens/injection.hdf

[global]
instruments = C1 C2
mass1_ref = 30.00000000503856
mass2_ref = 30.000000002130047
minchirp = 26.11641690200404
maxchirp = 26.11661690200404
mincov = 152209646803.0759
maxcov = 15220964680307.59
