
[data]
trigger-time = 1313305797.139422
injection-file = /work/shashwat.singh/Prospects-of-LGWs/unlens/injection.hdf

[global]
instruments = C1 C2
mass1_ref = 30.000000001764302
mass2_ref = 30.000000005595098
minchirp = 26.116416902087092
maxchirp = 26.11661690208709
mincov = 106115433370.42068
maxcov = 10611543337042.068
