
[data]
trigger-time = 1980849956.0651135
injection-file = /work/shashwat.singh/Prospects-of-LGWs/unlens/injection.hdf

[global]
instruments = C1 C2
mass1_ref = 30.000000006353165
mass2_ref = 30.000000009727465
minchirp = 26.116416905883227
maxchirp = 26.116616905883227
mincov = 155432774138.8935
maxcov = 15543277413889.352
