
[data]
trigger-time = 1436551933.0924144
injection-file = /work/shashwat.singh/Prospects-of-LGWs/unlens/injection.hdf

[global]
instruments = C1 C2
mass1_ref = 30.000000001290108
mass2_ref = 30.000000008879947
minchirp = 26.116416903310498
maxchirp = 26.116616903310497
mincov = 120031986557.12231
maxcov = 12003198655712.23
