
[data]
trigger-time = 1838434649.3164432
injection-file = /work/shashwat.singh/Prospects-of-LGWs/unlens/injection.hdf

[global]
instruments = C1 C2
mass1_ref = 30.00000000783298
mass2_ref = 30.000000009807632
minchirp = 26.116416906562247
maxchirp = 26.116616906562246
mincov = 132963891925.10086
maxcov = 13296389192510.086
