
[data]
trigger-time = 1898123469.2929316
injection-file = /work/shashwat.singh/Prospects-of-LGWs/unlens/injection.hdf

[global]
instruments = C1 C2
mass1_ref = 30.00000000611661
mass2_ref = 30.00000000317925
minchirp = 26.11641690292998
maxchirp = 26.11661690292998
mincov = 153448037638.68524
maxcov = 15344803763868.523
