
[data]
trigger-time = 1032287335.240365
injection-file = /work/shashwat.singh/Prospects-of-LGWs/unlens/injection.hdf

[global]
instruments = C1 C2
mass1_ref = 30.000000006160175
mass2_ref = 30.00000000215528
minchirp = 26.116416902503236
maxchirp = 26.116616902503235
mincov = 122813416251.73352
maxcov = 12281341625173.352
