
[data]
trigger-time = 1978980318.1831355
injection-file = /work/shashwat.singh/Prospects-of-LGWs/unlens/injection.hdf

[global]
instruments = C1 C2
mass1_ref = 30.000000000326004
mass2_ref = 30.00000000521926
minchirp = 26.11641690129744
maxchirp = 26.11661690129744
mincov = 154227673461.64005
maxcov = 15422767346164.004
