
[data]
trigger-time = 1004621990.9365838
injection-file = /work/shashwat.singh/Prospects-of-LGWs/unlens/injection.hdf

[global]
instruments = C1 C2
mass1_ref = 30.000000009082168
mass2_ref = 30.000000008057647
minchirp = 26.116416906344263
maxchirp = 26.116616906344262
mincov = 203460390.8833511
maxcov = 20346039088.33511
