
[data]
trigger-time = 1703484696.1160617
injection-file = /work/shashwat.singh/Prospects-of-LGWs/unlens/injection.hdf

[global]
instruments = C1 C2
mass1_ref = 30.000000009746795
mass2_ref = 30.000000007099214
minchirp = 26.116416906216376
maxchirp = 26.116616906216375
mincov = 40069657542.82195
maxcov = 4006965754282.1953
