
[data]
trigger-time = 1673393028.3853652
injection-file = /work/shashwat.singh/Prospects-of-LGWs/unlens/injection.hdf

[global]
instruments = C1 C2
mass1_ref = 30.00000000250833
mass2_ref = 30.000000005082857
minchirp = 26.11641690218798
maxchirp = 26.116616902187978
mincov = 64110626503.56822
maxcov = 6411062650356.822
