
[data]
trigger-time = 1842338955.1553063
injection-file = /work/shashwat.singh/Prospects-of-LGWs/unlens/injection.hdf

[global]
instruments = C1 C2
mass1_ref = 30.000000009313926
mass2_ref = 30.000000002903807
minchirp = 26.116416904201802
maxchirp = 26.116616904201802
mincov = 20336456505.387306
maxcov = 2033645650538.7305
