
[data]
trigger-time = 1004227680.049635
injection-file = /work/shashwat.singh/Prospects-of-LGWs/unlens/injection.hdf

[global]
instruments = C1 C2
mass1_ref = 30.000000004625104
mass2_ref = 30.000000003912316
minchirp = 26.116416902599852
maxchirp = 26.11661690259985
mincov = 72425193525.96169
maxcov = 7242519352596.168
