
[data]
trigger-time = 1036972291.0109526
injection-file = /work/shashwat.singh/Prospects-of-LGWs/unlens/injection.hdf

[global]
instruments = C1 C2
mass1_ref = 30.000000005242757
mass2_ref = 30.000000007420827
minchirp = 26.11641690439587
maxchirp = 26.11661690439587
mincov = 103510172373.5502
maxcov = 10351017237355.02
