
[data]
trigger-time = 1204406238.7937462
injection-file = /work/shashwat.singh/Prospects-of-LGWs/unlens/injection.hdf

[global]
instruments = C1 C2
mass1_ref = 30.000000009370215
mass2_ref = 30.000000003510635
minchirp = 26.116416904490443
maxchirp = 26.116616904490442
mincov = 108103895556.64502
maxcov = 10810389555664.502
