
[data]
trigger-time = 1617465795.4476051
injection-file = /work/shashwat.singh/Prospects-of-LGWs/unlens/injection.hdf

[global]
instruments = C1 C2
mass1_ref = 30.000000001449706
mass2_ref = 30.000000008565255
minchirp = 26.116416903242992
maxchirp = 26.116616903242992
mincov = 113822259123.19266
maxcov = 11382225912319.266
