
[data]
trigger-time = 1340636127.6283824
injection-file = /work/shashwat.singh/Prospects-of-LGWs/unlens/injection.hdf

[global]
instruments = C1 C2
mass1_ref = 30.00000000100946
mass2_ref = 30.000000004129564
minchirp = 26.116416901120616
maxchirp = 26.116616901120615
mincov = 137095469696.1034
maxcov = 13709546969610.34
