
[data]
trigger-time = 1859681097.4644885
injection-file = /work/shashwat.singh/Prospects-of-LGWs/unlens/injection.hdf

[global]
instruments = C1 C2
mass1_ref = 30.00000000082334
mass2_ref = 30.00000000173601
minchirp = 26.116416899997745
maxchirp = 26.116616899997744
mincov = 115357934042.52307
maxcov = 11535793404252.307
