
[data]
trigger-time = 1638028749.2142987
injection-file = /work/shashwat.singh/Prospects-of-LGWs/unlens/injection.hdf

[global]
instruments = C1 C2
mass1_ref = 30.000000007461384
mass2_ref = 30.000000002653106
minchirp = 26.11641690328631
maxchirp = 26.11661690328631
mincov = 10700017350.817404
maxcov = 1070001735081.7405
