
[data]
trigger-time = 1900990056.160059
injection-file = /work/shashwat.singh/Prospects-of-LGWs/unlens/injection.hdf

[global]
instruments = C1 C2
mass1_ref = 30.000000002270895
mass2_ref = 30.000000006263512
minchirp = 26.11641690259854
maxchirp = 26.11661690259854
mincov = 3126979070.3373575
maxcov = 312697907033.7357
