
[data]
trigger-time = 1282606111.353994
injection-file = /work/shashwat.singh/Prospects-of-LGWs/unlens/injection.hdf

[global]
instruments = C1 C2
mass1_ref = 30.00000000020285
mass2_ref = 30.000000002612644
minchirp = 26.11641690010924
maxchirp = 26.11661690010924
mincov = 15824173099.243847
maxcov = 1582417309924.3848
