
[data]
trigger-time = 1169380256.7346263
injection-file = /work/shashwat.singh/Prospects-of-LGWs/unlens/injection.hdf

[global]
instruments = C1 C2
mass1_ref = 30.000000000969894
mass2_ref = 30.00000000459076
minchirp = 26.11641690130414
maxchirp = 26.11661690130414
mincov = 31424241039.43291
maxcov = 3142424103943.291
