
[data]
trigger-time = 1839221184.7040167
injection-file = /work/shashwat.singh/Prospects-of-LGWs/unlens/injection.hdf

[global]
instruments = C1 C2
mass1_ref = 30.000000003220045
mass2_ref = 30.00000000265006
minchirp = 26.116416901438836
maxchirp = 26.116616901438835
mincov = 30537176748.756805
maxcov = 3053717674875.6807
