
[data]
trigger-time = 1861782607.3295553
injection-file = /work/shashwat.singh/Prospects-of-LGWs/unlens/injection.hdf

[global]
instruments = C1 C2
mass1_ref = 30.000000008243912
mass2_ref = 30.000000000596696
minchirp = 26.11641690273182
maxchirp = 26.11661690273182
mincov = 149701708158.8363
maxcov = 14970170815883.63
