
[data]
trigger-time = 1403531417.7280388
injection-file = /work/shashwat.singh/Prospects-of-LGWs/unlens/injection.hdf

[global]
instruments = C1 C2
mass1_ref = 30.000000006235055
mass2_ref = 30.000000003748593
minchirp = 26.11641690322936
maxchirp = 26.11661690322936
mincov = 158896035175.65213
maxcov = 15889603517565.213
