
[data]
trigger-time = 1563119489.3331246
injection-file = /work/shashwat.singh/Prospects-of-LGWs/unlens/injection.hdf

[global]
instruments = C1 C2
mass1_ref = 30.00000000722513
mass2_ref = 30.000000001814705
minchirp = 26.116416902818543
maxchirp = 26.116616902818542
mincov = 13691556982.739933
maxcov = 1369155698273.9932
