
[data]
trigger-time = 1865704725.6362596
injection-file = /work/shashwat.singh/Prospects-of-LGWs/unlens/injection.hdf

[global]
instruments = C1 C2
mass1_ref = 30.000000006036498
mass2_ref = 30.000000008543555
minchirp = 26.11641690523006
maxchirp = 26.11661690523006
mincov = 98113518055.91782
maxcov = 9811351805591.781
