
[data]
trigger-time = 1929623207.4425776
injection-file = /work/shashwat.singh/Prospects-of-LGWs/unlens/injection.hdf

[global]
instruments = C1 C2
mass1_ref = 30.000000006504067
mass2_ref = 30.000000003660638
minchirp = 26.116416903308167
maxchirp = 26.116616903308167
mincov = 106904638431.44614
maxcov = 10690463843144.613
