
[data]
trigger-time = 1164944771.1025755
injection-file = /work/shashwat.singh/Prospects-of-LGWs/unlens/injection.hdf

[global]
instruments = C1 C2
mass1_ref = 30.000000009328176
mass2_ref = 30.000000004215106
minchirp = 26.11641690477878
maxchirp = 26.11661690477878
mincov = 29807794800.54085
maxcov = 2980779480054.085
