
[data]
trigger-time = 1578388350.603928
injection-file = /work/shashwat.singh/Prospects-of-LGWs/unlens/injection.hdf

[global]
instruments = C1 C2
mass1_ref = 30.00000000835809
mass2_ref = 30.000000001007603
minchirp = 26.116416902960378
maxchirp = 26.116616902960377
mincov = 16793278329.774624
maxcov = 1679327832977.4624
