
[data]
trigger-time = 1038818553.5274466
injection-file = /work/shashwat.singh/Prospects-of-LGWs/unlens/injection.hdf

[global]
instruments = C1 C2
mass1_ref = 30.000000007488403
mass2_ref = 30.000000004223804
minchirp = 26.116416903981758
maxchirp = 26.116616903981758
mincov = 160342570615.05704
maxcov = 16034257061505.703
