
[data]
trigger-time = 1565639835.5135899
injection-file = /work/shashwat.singh/Prospects-of-LGWs/unlens/injection.hdf

[global]
instruments = C1 C2
mass1_ref = 30.000000007785534
mass2_ref = 30.000000004506113
minchirp = 26.116416904233976
maxchirp = 26.116616904233975
mincov = 112731627956.27625
maxcov = 11273162795627.625
