
[data]
trigger-time = 1569651425.1327248
injection-file = /work/shashwat.singh/Prospects-of-LGWs/unlens/injection.hdf

[global]
instruments = C1 C2
mass1_ref = 30.00000000049477
mass2_ref = 30.000000001650935
minchirp = 26.116416899817697
maxchirp = 26.116616899817696
mincov = 5819797949.656731
maxcov = 581979794965.6731
