
[data]
trigger-time = 1915564929.9733891
injection-file = /work/shashwat.singh/Prospects-of-LGWs/unlens/injection.hdf

[global]
instruments = C1 C2
mass1_ref = 30.00000000908295
mass2_ref = 30.000000006259977
minchirp = 26.116416905562122
maxchirp = 26.116616905562122
mincov = 752493227.8755887
maxcov = 75249322787.55887
