
[data]
trigger-time = 1145230496.0085804
injection-file = /work/shashwat.singh/Prospects-of-LGWs/unlens/injection.hdf

[global]
instruments = C1 C2
mass1_ref = 30.00000000971913
mass2_ref = 30.000000003312916
minchirp = 26.116416904556253
maxchirp = 26.116616904556253
mincov = 133437064894.40335
maxcov = 13343706489440.334
