
[data]
trigger-time = 1108785543.787866
injection-file = /work/shashwat.singh/Prospects-of-LGWs/unlens/injection.hdf

[global]
instruments = C1 C2
mass1_ref = 30.000000005609824
mass2_ref = 30.000000009282928
minchirp = 26.116416905366172
maxchirp = 26.116616905366172
mincov = 109708661666.29213
maxcov = 10970866166629.213
