
[data]
trigger-time = 1139301266.4100952
injection-file = /work/shashwat.singh/Prospects-of-LGWs/unlens/injection.hdf

[global]
instruments = C1 C2
mass1_ref = 30.000000003313854
mass2_ref = 30.000000005068376
minchirp = 26.1164169025323
maxchirp = 26.1166169025323
mincov = 9519898712.341938
maxcov = 951989871234.1938
