
[data]
trigger-time = 1595377982.9285312
injection-file = /work/shashwat.singh/Prospects-of-LGWs/unlens/injection.hdf

[global]
instruments = C1 C2
mass1_ref = 30.00000000841441
mass2_ref = 30.00000000561656
minchirp = 26.11641690499106
maxchirp = 26.11661690499106
mincov = 75779999127.21486
maxcov = 7577999912721.485
