
[data]
trigger-time = 1200434318.1489353
injection-file = /work/shashwat.singh/Prospects-of-LGWs/unlens/injection.hdf

[global]
instruments = C1 C2
mass1_ref = 30.00000000075755
mass2_ref = 30.000000004770225
minchirp = 26.116416901289828
maxchirp = 26.116616901289827
mincov = 154409012181.96173
maxcov = 15440901218196.174
