
[data]
trigger-time = 1210023153.156561
injection-file = /work/shashwat.singh/Prospects-of-LGWs/unlens/injection.hdf

[global]
instruments = C1 C2
mass1_ref = 30.00000000205929
mass2_ref = 30.000000004021228
minchirp = 26.116416901530425
maxchirp = 26.116616901530424
mincov = 173653604502.99536
maxcov = 17365360450299.535
