
[data]
trigger-time = 1761738214.5058286
injection-file = /work/shashwat.singh/Prospects-of-LGWs/unlens/injection.hdf

[global]
instruments = C1 C2
mass1_ref = 30.000000002032873
mass2_ref = 30.000000002826447
minchirp = 26.116416900998868
maxchirp = 26.116616900998867
mincov = 6388418478.373503
maxcov = 638841847837.3503
