
[data]
trigger-time = 1332337599.0461543
injection-file = /work/shashwat.singh/Prospects-of-LGWs/unlens/injection.hdf

[global]
instruments = C1 C2
mass1_ref = 30.000000005828372
mass2_ref = 30.00000000642291
minchirp = 26.116416904216404
maxchirp = 26.116616904216404
mincov = 53963820980.7112
maxcov = 5396382098071.119
