
[data]
trigger-time = 1811131901.7043848
injection-file = /work/shashwat.singh/Prospects-of-LGWs/unlens/injection.hdf

[global]
instruments = C1 C2
mass1_ref = 30.000000004273055
mass2_ref = 30.000000003688285
minchirp = 26.116416902349098
maxchirp = 26.116616902349097
mincov = 451369498.705071
maxcov = 45136949870.507095
