
[data]
trigger-time = 1430423486.219752
injection-file = /work/shashwat.singh/Prospects-of-LGWs/unlens/injection.hdf

[global]
instruments = C1 C2
mass1_ref = 30.000000003739693
mass2_ref = 30.000000007420855
minchirp = 26.116416903741637
maxchirp = 26.116616903741637
mincov = 55287139622.90283
maxcov = 5528713962290.283
