
[data]
trigger-time = 1649616013.5720625
injection-file = /work/shashwat.singh/Prospects-of-LGWs/unlens/injection.hdf

[global]
instruments = C1 C2
mass1_ref = 30.00000000459182
mass2_ref = 30.000000005523127
minchirp = 26.11641690328651
maxchirp = 26.11661690328651
mincov = 158263301117.8085
maxcov = 15826330111780.85
