
[data]
trigger-time = 1414500431.2851443
injection-file = /work/shashwat.singh/Prospects-of-LGWs/unlens/injection.hdf

[global]
instruments = C1 C2
mass1_ref = 30.000000001793467
mass2_ref = 30.000000004169568
minchirp = 26.116416901479287
maxchirp = 26.116616901479286
mincov = 25912823195.417454
maxcov = 2591282319541.745
