
[data]
trigger-time = 1440198349.4015725
injection-file = /work/shashwat.singh/Prospects-of-LGWs/unlens/injection.hdf

[global]
instruments = C1 C2
mass1_ref = 30.00000000615973
mass2_ref = 30.000000002285336
minchirp = 26.116416902559653
maxchirp = 26.116616902559652
mincov = 129681513634.01419
maxcov = 12968151363401.418
