
[data]
trigger-time = 1317087362.8146062
injection-file = /work/shashwat.singh/Prospects-of-LGWs/unlens/injection.hdf

[global]
instruments = C1 C2
mass1_ref = 30.000000002859718
mass2_ref = 30.00000000723343
minchirp = 26.11641690327702
maxchirp = 26.11661690327702
mincov = 163183366973.58014
maxcov = 16318336697358.012
