
[data]
trigger-time = 1886996731.291314
injection-file = /work/shashwat.singh/Prospects-of-LGWs/unlens/injection.hdf

[global]
instruments = C1 C2
mass1_ref = 30.00000000469708
mass2_ref = 30.000000002802945
minchirp = 26.116416902148302
maxchirp = 26.1166169021483
mincov = 8708702384.96559
maxcov = 870870238496.559
