
[data]
trigger-time = 1556359611.543796
injection-file = /work/shashwat.singh/Prospects-of-LGWs/unlens/injection.hdf

[global]
instruments = C1 C2
mass1_ref = 30.000000009649238
mass2_ref = 30.00000000260205
minchirp = 26.116416904216408
maxchirp = 26.116616904216407
mincov = 19515727331.697968
maxcov = 1951572733169.7969
