
[data]
trigger-time = 1990990376.6991394
injection-file = /work/shashwat.singh/Prospects-of-LGWs/unlens/injection.hdf

[global]
instruments = C1 C2
mass1_ref = 30.000000008119997
mass2_ref = 30.000000008660972
minchirp = 26.116416906188068
maxchirp = 26.116616906188067
mincov = 140312147944.26025
maxcov = 14031214794426.025
