
[data]
trigger-time = 1923736486.9663982
injection-file = /work/shashwat.singh/Prospects-of-LGWs/unlens/injection.hdf

[global]
instruments = C1 C2
mass1_ref = 30.000000001447866
mass2_ref = 30.000000009167554
minchirp = 26.116416903504355
maxchirp = 26.116616903504354
mincov = 9166473260.126276
maxcov = 916647326012.6276
