
[data]
trigger-time = 1443439772.9269545
injection-file = /work/shashwat.singh/Prospects-of-LGWs/unlens/injection.hdf

[global]
instruments = C1 C2
mass1_ref = 30.00000000099449
mass2_ref = 30.000000002940613
minchirp = 26.11641690059658
maxchirp = 26.11661690059658
mincov = 85690147100.92001
maxcov = 8569014710092.002
