
[data]
trigger-time = 1182374760.0194838
injection-file = /work/shashwat.singh/Prospects-of-LGWs/unlens/injection.hdf

[global]
instruments = C1 C2
mass1_ref = 30.00000000722225
mass2_ref = 30.00000000606129
minchirp = 26.11641690466572
maxchirp = 26.11661690466572
mincov = 114874334841.38374
maxcov = 11487433484138.375
