
[data]
trigger-time = 1547142172.1378198
injection-file = /work/shashwat.singh/Prospects-of-LGWs/unlens/injection.hdf

[global]
instruments = C1 C2
mass1_ref = 30.00000000469274
mass2_ref = 30.000000003455323
minchirp = 26.116416902430373
maxchirp = 26.116616902430373
mincov = 11304796032.888172
maxcov = 1130479603288.8171
