
[data]
trigger-time = 1747067432.656729
injection-file = /work/shashwat.singh/Prospects-of-LGWs/unlens/injection.hdf

[global]
instruments = C1 C2
mass1_ref = 30.000000006378503
mass2_ref = 30.000000008284548
minchirp = 26.11641690526619
maxchirp = 26.116616905266188
mincov = 78235138859.88008
maxcov = 7823513885988.008
