
[data]
trigger-time = 1898030455.3839474
injection-file = /work/shashwat.singh/Prospects-of-LGWs/unlens/injection.hdf

[global]
instruments = C1 C2
mass1_ref = 30.00000000217258
mass2_ref = 30.000000005203464
minchirp = 26.116416902094333
maxchirp = 26.116616902094332
mincov = 10136060686.598095
maxcov = 1013606068659.8094
