
[data]
trigger-time = 1776729690.8218153
injection-file = /work/shashwat.singh/Prospects-of-LGWs/unlens/injection.hdf

[global]
instruments = C1 C2
mass1_ref = 30.000000006827918
mass2_ref = 30.000000004700482
minchirp = 26.11641690390175
maxchirp = 26.11661690390175
mincov = 152514273040.2343
maxcov = 15251427304023.43
