
[data]
trigger-time = 1063308732.8555351
injection-file = /work/shashwat.singh/Prospects-of-LGWs/unlens/injection.hdf

[global]
instruments = C1 C2
mass1_ref = 30.00000000634565
mass2_ref = 30.000000002168157
minchirp = 26.116416902589574
maxchirp = 26.116616902589573
mincov = 8465697850.348793
maxcov = 846569785034.8793
