
[data]
trigger-time = 1530007955.960487
injection-file = /work/shashwat.singh/Prospects-of-LGWs/unlens/injection.hdf

[global]
instruments = C1 C2
mass1_ref = 30.000000008333707
mass2_ref = 30.00000000263538
minchirp = 26.116416903658298
maxchirp = 26.116616903658297
mincov = 4974671294.910405
maxcov = 497467129491.0405
