
[data]
trigger-time = 1259653099.181345
injection-file = /work/shashwat.singh/Prospects-of-LGWs/unlens/injection.hdf

[global]
instruments = C1 C2
mass1_ref = 30.000000005570794
mass2_ref = 30.00000000538671
minchirp = 26.116416903653256
maxchirp = 26.116616903653256
mincov = 1090397470.729089
maxcov = 109039747072.9089
