
[data]
trigger-time = 1365291777.9506772
injection-file = /work/shashwat.singh/Prospects-of-LGWs/unlens/injection.hdf

[global]
instruments = C1 C2
mass1_ref = 30.000000000959815
mass2_ref = 30.000000009108412
minchirp = 26.116416903266174
maxchirp = 26.116616903266173
mincov = 6461934173.889574
maxcov = 646193417388.9574
