
[data]
trigger-time = 1911810115.343102
injection-file = /work/shashwat.singh/Prospects-of-LGWs/unlens/injection.hdf

[global]
instruments = C1 C2
mass1_ref = 30.000000004591058
mass2_ref = 30.00000000867854
minchirp = 26.11641690465965
maxchirp = 26.11661690465965
mincov = 27197325739.111378
maxcov = 2719732573911.1377
