
[data]
trigger-time = 1409237679.9621696
injection-file = /work/shashwat.singh/Prospects-of-LGWs/unlens/injection.hdf

[global]
instruments = C1 C2
mass1_ref = 30.000000005734737
mass2_ref = 30.0000000046901
minchirp = 26.1164169034214
maxchirp = 26.1166169034214
mincov = 35733020414.359
maxcov = 3573302041435.9004
