
[data]
trigger-time = 1986878477.9248796
injection-file = /work/shashwat.singh/Prospects-of-LGWs/unlens/injection.hdf

[global]
instruments = C1 C2
mass1_ref = 30.000000001823445
mass2_ref = 30.000000004012602
minchirp = 26.116416901424014
maxchirp = 26.116616901424013
mincov = 163506190401.01132
maxcov = 16350619040101.133
