
[data]
trigger-time = 1947639736.9702568
injection-file = /work/shashwat.singh/Prospects-of-LGWs/unlens/injection.hdf

[global]
instruments = C1 C2
mass1_ref = 30.000000009835244
mass2_ref = 30.000000008023456
minchirp = 26.11641690665717
maxchirp = 26.11661690665717
mincov = 161107202214.3251
maxcov = 16110720221432.51
