
[data]
trigger-time = 1457972834.7589161
injection-file = /work/shashwat.singh/Prospects-of-LGWs/unlens/injection.hdf

[global]
instruments = C1 C2
mass1_ref = 30.000000002423743
mass2_ref = 30.000000002937526
minchirp = 26.116416901217352
maxchirp = 26.116616901217352
mincov = 148828029881.17252
maxcov = 14882802988117.25
