
[data]
trigger-time = 1620287378.2734814
injection-file = /work/shashwat.singh/Prospects-of-LGWs/unlens/injection.hdf

[global]
instruments = C1 C2
mass1_ref = 30.000000001253085
mass2_ref = 30.00000000031793
minchirp = 26.116416899567547
maxchirp = 26.116616899567546
mincov = 130041831408.38968
maxcov = 13004183140838.967
