
[data]
trigger-time = 1211943471.1538692
injection-file = /work/shashwat.singh/Prospects-of-LGWs/unlens/injection.hdf

[global]
instruments = C1 C2
mass1_ref = 30.000000009048197
mass2_ref = 30.000000003690456
minchirp = 26.116416904428544
maxchirp = 26.116616904428543
mincov = 166561424006.3437
maxcov = 16656142400634.371
