
[data]
trigger-time = 1377334420.7838516
injection-file = /work/shashwat.singh/Prospects-of-LGWs/unlens/injection.hdf

[global]
instruments = C1 C2
mass1_ref = 30.000000001215533
mass2_ref = 30.000000003912454
minchirp = 26.11641690111581
maxchirp = 26.11661690111581
mincov = 117191582590.09737
maxcov = 11719158259009.736
