
[data]
trigger-time = 1453491304.71071
injection-file = /work/shashwat.singh/Prospects-of-LGWs/unlens/injection.hdf

[global]
instruments = C1 C2
mass1_ref = 30.000000007014485
mass2_ref = 30.000000008163507
minchirp = 26.11641690549033
maxchirp = 26.11661690549033
mincov = 11388577192.369791
maxcov = 1138857719236.979
