
[data]
trigger-time = 1991188615.3411193
injection-file = /work/shashwat.singh/Prospects-of-LGWs/unlens/injection.hdf

[global]
instruments = C1 C2
mass1_ref = 30.000000001844768
mass2_ref = 30.000000004949253
minchirp = 26.116416901840996
maxchirp = 26.116616901840995
mincov = 4343713801.078184
maxcov = 434371380107.81836
