
[data]
trigger-time = 1612138283.6370242
injection-file = /work/shashwat.singh/Prospects-of-LGWs/unlens/injection.hdf

[global]
instruments = C1 C2
mass1_ref = 30.0000000017357
mass2_ref = 30.000000002100222
minchirp = 26.116416900553407
maxchirp = 26.116616900553407
mincov = 162161952258.24384
maxcov = 16216195225824.383
