
[data]
trigger-time = 1973218254.9947047
injection-file = /work/shashwat.singh/Prospects-of-LGWs/unlens/injection.hdf

[global]
instruments = C1 C2
mass1_ref = 30.000000009926595
mass2_ref = 30.000000002934232
minchirp = 26.116416904481724
maxchirp = 26.116616904481724
mincov = 136900024267.2926
maxcov = 13690002426729.26
