
[data]
trigger-time = 1717200560.7993135
injection-file = /work/shashwat.singh/Prospects-of-LGWs/unlens/injection.hdf

[global]
instruments = C1 C2
mass1_ref = 30.000000004761752
mass2_ref = 30.000000007395652
minchirp = 26.116416904175544
maxchirp = 26.116616904175544
mincov = 91359237215.7268
maxcov = 9135923721572.68
