
[data]
trigger-time = 1742865102.305066
injection-file = /work/shashwat.singh/Prospects-of-LGWs/unlens/injection.hdf

[global]
instruments = C1 C2
mass1_ref = 30.0000000051718
mass2_ref = 30.000000007427662
minchirp = 26.11641690436796
maxchirp = 26.11661690436796
mincov = 175323147737.1435
maxcov = 17532314773714.352
