
[data]
trigger-time = 1433700221.6732616
injection-file = /work/shashwat.singh/Prospects-of-LGWs/unlens/injection.hdf

[global]
instruments = C1 C2
mass1_ref = 30.000000001885645
mass2_ref = 30.00000000788803
minchirp = 26.116416903137964
maxchirp = 26.116616903137963
mincov = 150319130845.79767
maxcov = 15031913084579.768
