
[data]
trigger-time = 1901302882.2806563
injection-file = /work/shashwat.singh/Prospects-of-LGWs/unlens/injection.hdf

[global]
instruments = C1 C2
mass1_ref = 30.000000007939875
mass2_ref = 30.000000005373277
minchirp = 26.116416904678612
maxchirp = 26.11661690467861
mincov = 64713958613.59127
maxcov = 6471395861359.127
