
[data]
trigger-time = 1835035329.946527
injection-file = /work/shashwat.singh/Prospects-of-LGWs/unlens/injection.hdf

[global]
instruments = C1 C2
mass1_ref = 30.000000000324345
mass2_ref = 30.00000000604906
minchirp = 26.11641690165791
maxchirp = 26.11661690165791
mincov = 145286532410.58185
maxcov = 14528653241058.186
