
[data]
trigger-time = 1448386710.9778273
injection-file = /work/shashwat.singh/Prospects-of-LGWs/unlens/injection.hdf

[global]
instruments = C1 C2
mass1_ref = 30.000000008267886
mass2_ref = 30.00000000200677
minchirp = 26.11641690335603
maxchirp = 26.11661690335603
mincov = 60747559684.65454
maxcov = 6074755968465.454
