
[data]
trigger-time = 1632537366.852649
injection-file = /work/shashwat.singh/Prospects-of-LGWs/unlens/injection.hdf

[global]
instruments = C1 C2
mass1_ref = 30.00000000307644
mass2_ref = 30.000000008881482
minchirp = 26.116416904088712
maxchirp = 26.116616904088712
mincov = 102291007710.67223
maxcov = 10229100771067.223
