
[data]
trigger-time = 1786495461.333995
injection-file = /work/shashwat.singh/Prospects-of-LGWs/unlens/injection.hdf

[global]
instruments = C1 C2
mass1_ref = 30.00000000271185
mass2_ref = 30.00000000116547
minchirp = 26.116416900571426
maxchirp = 26.116616900571426
mincov = 107222209518.696
maxcov = 10722220951869.6
