
[data]
trigger-time = 1611684052.031684
injection-file = /work/shashwat.singh/Prospects-of-LGWs/unlens/injection.hdf

[global]
instruments = C1 C2
mass1_ref = 30.000000003813142
mass2_ref = 30.00000000320648
minchirp = 26.116416901939193
maxchirp = 26.116616901939192
mincov = 114576743.22708872
maxcov = 11457674322.708872
