
[data]
trigger-time = 1692544125.8723722
injection-file = /work/shashwat.singh/Prospects-of-LGWs/unlens/injection.hdf

[global]
instruments = C1 C2
mass1_ref = 30.00000000131989
mass2_ref = 30.00000000943739
minchirp = 26.116416903566105
maxchirp = 26.116616903566104
mincov = 135268154994.9003
maxcov = 13526815499490.03
