
[data]
trigger-time = 1940845717.6501002
injection-file = /work/shashwat.singh/Prospects-of-LGWs/unlens/injection.hdf

[global]
instruments = C1 C2
mass1_ref = 30.000000004497185
mass2_ref = 30.00000000095615
minchirp = 26.116416901257427
maxchirp = 26.116616901257427
mincov = 157047167866.05832
maxcov = 15704716786605.832
