
[data]
trigger-time = 1766127918.5116928
injection-file = /work/shashwat.singh/Prospects-of-LGWs/unlens/injection.hdf

[global]
instruments = C1 C2
mass1_ref = 30.00000000483125
mass2_ref = 30.000000001366665
minchirp = 26.116416901581523
maxchirp = 26.116616901581523
mincov = 57168103231.417946
maxcov = 5716810323141.795
