
[data]
trigger-time = 1816580701.5881581
injection-file = /work/shashwat.singh/Prospects-of-LGWs/unlens/injection.hdf

[global]
instruments = C1 C2
mass1_ref = 30.000000009213824
mass2_ref = 30.00000000685278
minchirp = 26.11641690587712
maxchirp = 26.11661690587712
mincov = 120469142786.95773
maxcov = 12046914278695.773
