
[data]
trigger-time = 1283347950.2438595
injection-file = /work/shashwat.singh/Prospects-of-LGWs/unlens/injection.hdf

[global]
instruments = C1 C2
mass1_ref = 30.000000000763045
mass2_ref = 30.000000004268575
minchirp = 26.116416901073865
maxchirp = 26.116616901073865
mincov = 130630911440.83879
maxcov = 13063091144083.879
