
[data]
trigger-time = 1923970140.206841
injection-file = /work/shashwat.singh/Prospects-of-LGWs/unlens/injection.hdf

[global]
instruments = C1 C2
mass1_ref = 30.00000000194694
mass2_ref = 30.00000000340642
minchirp = 26.11641690121391
maxchirp = 26.11661690121391
mincov = 45068709759.71593
maxcov = 4506870975971.593
