
[data]
trigger-time = 1726046689.6817727
injection-file = /work/shashwat.singh/Prospects-of-LGWs/unlens/injection.hdf

[global]
instruments = C1 C2
mass1_ref = 30.000000003713343
mass2_ref = 30.000000001390156
minchirp = 26.11641690110515
maxchirp = 26.11661690110515
mincov = 173974445094.18253
maxcov = 17397444509418.252
