
[data]
trigger-time = 1336866135.4878726
injection-file = /work/shashwat.singh/Prospects-of-LGWs/unlens/injection.hdf

[global]
instruments = C1 C2
mass1_ref = 30.000000009886698
mass2_ref = 30.000000004486616
minchirp = 26.11641690514007
maxchirp = 26.11661690514007
mincov = 100852968082.7044
maxcov = 10085296808270.441
