
[data]
trigger-time = 1951995901.7688317
injection-file = /work/shashwat.singh/Prospects-of-LGWs/unlens/injection.hdf

[global]
instruments = C1 C2
mass1_ref = 30.00000000785216
mass2_ref = 30.000000008588103
minchirp = 26.116416906039767
maxchirp = 26.116616906039766
mincov = 175468094385.17767
maxcov = 17546809438517.77
