
[data]
trigger-time = 1499932471.2959652
injection-file = /work/shashwat.singh/Prospects-of-LGWs/unlens/injection.hdf

[global]
instruments = C1 C2
mass1_ref = 30.000000002495586
mass2_ref = 30.00000000551807
minchirp = 26.11641690237187
maxchirp = 26.11661690237187
mincov = 9127742063.565788
maxcov = 912774206356.5789
