
[data]
trigger-time = 1679530799.323535
injection-file = /work/shashwat.singh/Prospects-of-LGWs/unlens/injection.hdf

[global]
instruments = C1 C2
mass1_ref = 30.00000000091037
mass2_ref = 30.000000000796813
minchirp = 26.11641689962682
maxchirp = 26.11661689962682
mincov = 5153312867.741722
maxcov = 515331286774.17224
