
[data]
trigger-time = 1803799480.921863
injection-file = /work/shashwat.singh/Prospects-of-LGWs/unlens/injection.hdf

[global]
instruments = C1 C2
mass1_ref = 30.00000000849903
mass2_ref = 30.000000002079695
minchirp = 26.116416903488382
maxchirp = 26.11661690348838
mincov = 9553675499.383928
maxcov = 955367549938.3928
