
[data]
trigger-time = 1297300822.8303962
injection-file = /work/shashwat.singh/Prospects-of-LGWs/unlens/injection.hdf

[global]
instruments = C1 C2
mass1_ref = 30.00000000005034
mass2_ref = 30.000000008356924
minchirp = 26.116416902543197
maxchirp = 26.116616902543196
mincov = 10310275958.625538
maxcov = 1031027595862.5537
