
[data]
trigger-time = 1156531772.822642
injection-file = /work/shashwat.singh/Prospects-of-LGWs/unlens/injection.hdf

[global]
instruments = C1 C2
mass1_ref = 30.00000000183799
mass2_ref = 30.000000002091546
minchirp = 26.116416900594153
maxchirp = 26.116616900594153
mincov = 144761720175.82233
maxcov = 14476172017582.23
