
[data]
trigger-time = 1194275701.1993937
injection-file = /work/shashwat.singh/Prospects-of-LGWs/unlens/injection.hdf

[global]
instruments = C1 C2
mass1_ref = 30.000000009602303
mass2_ref = 30.000000001996845
minchirp = 26.116416903932546
maxchirp = 26.116616903932545
mincov = 171058976904.24258
maxcov = 17105897690424.258
