
[data]
trigger-time = 1655258688.5155942
injection-file = /work/shashwat.singh/Prospects-of-LGWs/unlens/injection.hdf

[global]
instruments = C1 C2
mass1_ref = 30.000000006271435
mass2_ref = 30.000000008038096
minchirp = 26.11641690511231
maxchirp = 26.11661690511231
mincov = 74753486664.70476
maxcov = 7475348666470.477
