
[data]
trigger-time = 1762249934.4027607
injection-file = /work/shashwat.singh/Prospects-of-LGWs/unlens/injection.hdf

[global]
instruments = C1 C2
mass1_ref = 30.000000002888257
mass2_ref = 30.000000005458773
minchirp = 26.11641690251698
maxchirp = 26.11661690251698
mincov = 31538739052.006477
maxcov = 3153873905200.6475
