
[data]
trigger-time = 1418513105.183334
injection-file = /work/shashwat.singh/Prospects-of-LGWs/unlens/injection.hdf

[global]
instruments = C1 C2
mass1_ref = 30.00000000413131
mass2_ref = 30.000000008926143
minchirp = 26.11641690456731
maxchirp = 26.11661690456731
mincov = 164156073066.56253
maxcov = 16415607306656.252
