
[data]
trigger-time = 1322569560.4939318
injection-file = /work/shashwat.singh/Prospects-of-LGWs/unlens/injection.hdf

[global]
instruments = C1 C2
mass1_ref = 30.000000000266073
mass2_ref = 30.000000006609884
minchirp = 26.116416901876658
maxchirp = 26.116616901876657
mincov = 85780422.19968659
maxcov = 8578042219.968658
