
[data]
trigger-time = 1942696364.21067
injection-file = /work/shashwat.singh/Prospects-of-LGWs/unlens/injection.hdf

[global]
instruments = C1 C2
mass1_ref = 30.000000004226276
mass2_ref = 30.000000006213803
minchirp = 26.116416903428036
maxchirp = 26.116616903428035
mincov = 164847880060.9059
maxcov = 16484788006090.59
