
[data]
trigger-time = 1195305983.5752623
injection-file = /work/shashwat.singh/Prospects-of-LGWs/unlens/injection.hdf

[global]
instruments = C1 C2
mass1_ref = 30.000000009466326
mass2_ref = 30.000000006679453
minchirp = 26.11641690591158
maxchirp = 26.11661690591158
mincov = 129426653603.54178
maxcov = 12942665360354.178
