
[data]
trigger-time = 1413099377.2323916
injection-file = /work/shashwat.singh/Prospects-of-LGWs/unlens/injection.hdf

[global]
instruments = C1 C2
mass1_ref = 30.000000001795193
mass2_ref = 30.000000004242548
minchirp = 26.116416901511805
maxchirp = 26.116616901511804
mincov = 125615710846.75703
maxcov = 12561571084675.703
