
[data]
trigger-time = 1767126457.3446925
injection-file = /work/shashwat.singh/Prospects-of-LGWs/unlens/injection.hdf

[global]
instruments = C1 C2
mass1_ref = 30.000000008379565
mass2_ref = 30.000000005232163
minchirp = 26.116416904808574
maxchirp = 26.116616904808573
mincov = 49876265487.87161
maxcov = 4987626548787.161
