
[data]
trigger-time = 1320776452.6085207
injection-file = /work/shashwat.singh/Prospects-of-LGWs/unlens/injection.hdf

[global]
instruments = C1 C2
mass1_ref = 30.000000001058876
mass2_ref = 30.0000000018649
minchirp = 26.11641690015637
maxchirp = 26.11661690015637
mincov = 163618724334.9699
maxcov = 16361872433496.992
