
[data]
trigger-time = 1902855596.4684525
injection-file = /work/shashwat.singh/Prospects-of-LGWs/unlens/injection.hdf

[global]
instruments = C1 C2
mass1_ref = 30.000000002236774
mass2_ref = 30.00000000346056
minchirp = 26.116416901363632
maxchirp = 26.11661690136363
mincov = 14849567206.994513
maxcov = 1484956720699.4512
