
[data]
trigger-time = 1317251955.1155767
injection-file = /work/shashwat.singh/Prospects-of-LGWs/unlens/injection.hdf

[global]
instruments = C1 C2
mass1_ref = 30.00000000650008
mass2_ref = 30.00000000961037
minchirp = 26.11641690589621
maxchirp = 26.11661690589621
mincov = 19916747599.201855
maxcov = 1991674759920.1855
