
[data]
trigger-time = 1946871728.9061294
injection-file = /work/shashwat.singh/Prospects-of-LGWs/unlens/injection.hdf

[global]
instruments = C1 C2
mass1_ref = 30.000000002438004
mass2_ref = 30.000000005049735
minchirp = 26.11641690214295
maxchirp = 26.11661690214295
mincov = 156386568871.01544
maxcov = 15638656887101.543
