
[data]
trigger-time = 1551381621.3367944
injection-file = /work/shashwat.singh/Prospects-of-LGWs/unlens/injection.hdf

[global]
instruments = C1 C2
mass1_ref = 30.00000000199458
mass2_ref = 30.00000000397206
minchirp = 26.116416901480854
maxchirp = 26.116616901480853
mincov = 134422486463.25815
maxcov = 13442248646325.816
