
[data]
trigger-time = 1012337428.4331257
injection-file = /work/shashwat.singh/Prospects-of-LGWs/unlens/injection.hdf

[global]
instruments = C1 C2
mass1_ref = 30.00000000532264
mass2_ref = 30.000000004058897
minchirp = 26.116416902967277
maxchirp = 26.116616902967277
mincov = 20155833539.35012
maxcov = 2015583353935.012
