
[data]
trigger-time = 1202146091.421484
injection-file = /work/shashwat.singh/Prospects-of-LGWs/unlens/injection.hdf

[global]
instruments = C1 C2
mass1_ref = 30.000000002654716
mass2_ref = 30.000000003402018
minchirp = 26.116416901520072
maxchirp = 26.11661690152007
mincov = 110722816881.65251
maxcov = 11072281688165.252
