
[data]
trigger-time = 1644372108.2566247
injection-file = /work/shashwat.singh/Prospects-of-LGWs/unlens/injection.hdf

[global]
instruments = C1 C2
mass1_ref = 30.000000005134083
mass2_ref = 30.00000000497514
minchirp = 26.11641690328402
maxchirp = 26.11661690328402
mincov = 146239188343.18484
maxcov = 14623918834318.484
