
[data]
trigger-time = 1086047985.9353058
injection-file = /work/shashwat.singh/Prospects-of-LGWs/unlens/injection.hdf

[global]
instruments = C1 C2
mass1_ref = 30.000000007468593
mass2_ref = 30.000000003886825
minchirp = 26.116416903826458
maxchirp = 26.116616903826458
mincov = 137795701245.1182
maxcov = 13779570124511.818
