
[data]
trigger-time = 1929077901.3989658
injection-file = /work/shashwat.singh/Prospects-of-LGWs/unlens/injection.hdf

[global]
instruments = C1 C2
mass1_ref = 30.00000000771137
mass2_ref = 30.00000000212514
minchirp = 26.116416903165316
maxchirp = 26.116616903165315
mincov = 123908663674.27124
maxcov = 12390866367427.125
