
[data]
trigger-time = 1902300137.1023242
injection-file = /work/shashwat.singh/Prospects-of-LGWs/unlens/injection.hdf

[global]
instruments = C1 C2
mass1_ref = 30.000000001911534
mass2_ref = 30.000000000601606
minchirp = 26.116416899977633
maxchirp = 26.116616899977632
mincov = 143613217056.96863
maxcov = 14361321705696.863
