
[data]
trigger-time = 1276298735.0891135
injection-file = /work/shashwat.singh/Prospects-of-LGWs/unlens/injection.hdf

[global]
instruments = C1 C2
mass1_ref = 30.000000004506674
mass2_ref = 30.0000000068415
minchirp = 26.116416903823303
maxchirp = 26.116616903823303
mincov = 134247975118.0275
maxcov = 13424797511802.75
