
[data]
trigger-time = 1717333135.4553142
injection-file = /work/shashwat.singh/Prospects-of-LGWs/unlens/injection.hdf

[global]
instruments = C1 C2
mass1_ref = 30.000000007045042
mass2_ref = 30.0000000042623
minchirp = 26.11641690380553
maxchirp = 26.11661690380553
mincov = 70802039782.06813
maxcov = 7080203978206.8125
