
[data]
trigger-time = 1429090492.2737923
injection-file = /work/shashwat.singh/Prospects-of-LGWs/unlens/injection.hdf

[global]
instruments = C1 C2
mass1_ref = 30.000000000579774
mass2_ref = 30.00000000078721
minchirp = 26.11641689947874
maxchirp = 26.11661689947874
mincov = 37313788400.204025
maxcov = 3731378840020.403
