
[data]
trigger-time = 1429073038.9681292
injection-file = /work/shashwat.singh/Prospects-of-LGWs/unlens/injection.hdf

[global]
instruments = C1 C2
mass1_ref = 30.000000000881165
mass2_ref = 30.00000000219595
minchirp = 26.11641690022312
maxchirp = 26.116616900223118
mincov = 5730841852.856649
maxcov = 573084185285.6649
