
[data]
trigger-time = 1695788261.152944
injection-file = /work/shashwat.singh/Prospects-of-LGWs/unlens/injection.hdf

[global]
instruments = C1 C2
mass1_ref = 30.000000004593105
mass2_ref = 30.000000005258972
minchirp = 26.116416903172087
maxchirp = 26.116616903172087
mincov = 767654808.6928873
maxcov = 76765480869.28873
