
[data]
trigger-time = 1918063308.5746403
injection-file = /work/shashwat.singh/Prospects-of-LGWs/unlens/injection.hdf

[global]
instruments = C1 C2
mass1_ref = 30.000000004996814
mass2_ref = 30.00000000538948
minchirp = 26.11641690340462
maxchirp = 26.11661690340462
mincov = 91788591295.62328
maxcov = 9178859129562.328
