
[data]
trigger-time = 1153449700.1561337
injection-file = /work/shashwat.singh/Prospects-of-LGWs/unlens/injection.hdf

[global]
instruments = C1 C2
mass1_ref = 30.000000006084793
mass2_ref = 30.000000007383136
minchirp = 26.116416904745982
maxchirp = 26.11661690474598
mincov = 78600581752.15309
maxcov = 7860058175215.309
