
[data]
trigger-time = 1485600837.1694899
injection-file = /work/shashwat.singh/Prospects-of-LGWs/unlens/injection.hdf

[global]
instruments = C1 C2
mass1_ref = 30.000000002916195
mass2_ref = 30.000000005913005
minchirp = 26.116416902726858
maxchirp = 26.116616902726857
mincov = 128560085403.34554
maxcov = 12856008540334.553
