
[data]
trigger-time = 1968208718.2688074
injection-file = /work/shashwat.singh/Prospects-of-LGWs/unlens/injection.hdf

[global]
instruments = C1 C2
mass1_ref = 30.000000006653188
mass2_ref = 30.00000000130298
minchirp = 26.116416902346845
maxchirp = 26.116616902346845
mincov = 130448411554.23657
maxcov = 13044841155423.656
