
[data]
trigger-time = 1482842095.8321981
injection-file = /work/shashwat.singh/Prospects-of-LGWs/unlens/injection.hdf

[global]
instruments = C1 C2
mass1_ref = 30.000000001828358
mass2_ref = 30.000000007424067
minchirp = 26.116416902911077
maxchirp = 26.116616902911076
mincov = 10138769043.012852
maxcov = 1013876904301.2853
