
[data]
trigger-time = 1745174455.977238
injection-file = /work/shashwat.singh/Prospects-of-LGWs/unlens/injection.hdf

[global]
instruments = C1 C2
mass1_ref = 30.000000009712867
mass2_ref = 30.000000009095576
minchirp = 26.116416907070573
maxchirp = 26.116616907070572
mincov = 136126303345.2987
maxcov = 13612630334529.871
