
[data]
trigger-time = 1982882113.6391912
injection-file = /work/shashwat.singh/Prospects-of-LGWs/unlens/injection.hdf

[global]
instruments = C1 C2
mass1_ref = 30.000000003701604
mass2_ref = 30.00000000641238
minchirp = 26.11641690328609
maxchirp = 26.11661690328609
mincov = 177951354776.47562
maxcov = 17795135477647.562
