
[data]
trigger-time = 1239161880.6026583
injection-file = /work/shashwat.singh/Prospects-of-LGWs/unlens/injection.hdf

[global]
instruments = C1 C2
mass1_ref = 30.00000000271212
mass2_ref = 30.000000008655217
minchirp = 26.116416903831645
maxchirp = 26.116616903831645
mincov = 106098100788.2324
maxcov = 10609810078823.24
