
[data]
trigger-time = 1527100033.6716328
injection-file = /work/shashwat.singh/Prospects-of-LGWs/unlens/injection.hdf

[global]
instruments = C1 C2
mass1_ref = 30.000000003756885
mass2_ref = 30.000000001729287
minchirp = 26.11641690127172
maxchirp = 26.11661690127172
mincov = 168824053376.06546
maxcov = 16882405337606.545
