
[data]
trigger-time = 1590416238.1341906
injection-file = /work/shashwat.singh/Prospects-of-LGWs/unlens/injection.hdf

[global]
instruments = C1 C2
mass1_ref = 30.000000004801
mass2_ref = 30.00000000534793
minchirp = 26.116416903301303
maxchirp = 26.116616903301303
mincov = 166215592423.1917
maxcov = 16621559242319.172
