
[data]
trigger-time = 1657701857.2440605
injection-file = /work/shashwat.singh/Prospects-of-LGWs/unlens/injection.hdf

[global]
instruments = C1 C2
mass1_ref = 30.0000000031684
mass2_ref = 30.0000000092538
minchirp = 26.1164169042908
maxchirp = 26.1166169042908
mincov = 31955127833.88805
maxcov = 3195512783388.8047
