
[data]
trigger-time = 1071703224.4680798
injection-file = /work/shashwat.singh/Prospects-of-LGWs/unlens/injection.hdf

[global]
instruments = C1 C2
mass1_ref = 30.000000000929468
mass2_ref = 30.000000006931767
minchirp = 26.116416902305527
maxchirp = 26.116616902305527
mincov = 23313058222.354446
maxcov = 2331305822235.445
