
[data]
trigger-time = 1791214768.0347657
injection-file = /work/shashwat.singh/Prospects-of-LGWs/unlens/injection.hdf

[global]
instruments = C1 C2
mass1_ref = 30.00000000664454
mass2_ref = 30.00000000871261
minchirp = 26.11641690556831
maxchirp = 26.11661690556831
mincov = 14890717175.127964
maxcov = 1489071717512.7964
