
[data]
trigger-time = 1043371833.4893348
injection-file = /work/shashwat.singh/Prospects-of-LGWs/unlens/injection.hdf

[global]
instruments = C1 C2
mass1_ref = 30.00000000721361
mass2_ref = 30.000000001405088
minchirp = 26.11641690263523
maxchirp = 26.11661690263523
mincov = 178368985959.91742
maxcov = 17836898595991.742
