
[data]
trigger-time = 1071222865.673589
injection-file = /work/shashwat.singh/Prospects-of-LGWs/unlens/injection.hdf

[global]
instruments = C1 C2
mass1_ref = 30.000000006537938
mass2_ref = 30.00000000639335
minchirp = 26.116416904512395
maxchirp = 26.116616904512394
mincov = 86625283226.41022
maxcov = 8662528322641.021
