
[data]
trigger-time = 1233069139.4766245
injection-file = /work/shashwat.singh/Prospects-of-LGWs/unlens/injection.hdf

[global]
instruments = C1 C2
mass1_ref = 30.000000007339313
mass2_ref = 30.000000005507015
minchirp = 26.116416904475415
maxchirp = 26.116616904475414
mincov = 51874506972.086174
maxcov = 5187450697208.617
