
[data]
trigger-time = 1291793865.3116717
injection-file = /work/shashwat.singh/Prospects-of-LGWs/unlens/injection.hdf

[global]
instruments = C1 C2
mass1_ref = 30.00000000584668
mass2_ref = 30.00000000720198
minchirp = 26.116416904563483
maxchirp = 26.116616904563482
mincov = 161485733370.7117
maxcov = 16148573337071.17
