
[data]
trigger-time = 1391084625.4615695
injection-file = /work/shashwat.singh/Prospects-of-LGWs/unlens/injection.hdf

[global]
instruments = C1 C2
mass1_ref = 30.000000001825676
mass2_ref = 30.000000008009216
minchirp = 26.11641690316461
maxchirp = 26.11661690316461
mincov = 93527366642.64069
maxcov = 9352736664264.068
