
[data]
trigger-time = 1746335193.368032
injection-file = /work/shashwat.singh/Prospects-of-LGWs/unlens/injection.hdf

[global]
instruments = C1 C2
mass1_ref = 30.00000000520414
mass2_ref = 30.000000008006904
minchirp = 26.116416904634164
maxchirp = 26.116616904634164
mincov = 122708597386.83183
maxcov = 12270859738683.184
