
[data]
trigger-time = 1520370102.7425354
injection-file = /work/shashwat.singh/Prospects-of-LGWs/unlens/injection.hdf

[global]
instruments = C1 C2
mass1_ref = 30.000000005469484
mass2_ref = 30.000000004889447
minchirp = 26.11641690339271
maxchirp = 26.11661690339271
mincov = 120718813613.20364
maxcov = 12071881361320.363
