
[data]
trigger-time = 1753253015.2839053
injection-file = /work/shashwat.singh/Prospects-of-LGWs/unlens/injection.hdf

[global]
instruments = C1 C2
mass1_ref = 30.00000000500076
mass2_ref = 30.000000005157844
minchirp = 26.116416903305517
maxchirp = 26.116616903305516
mincov = 12452512196.925247
maxcov = 1245251219692.5247
