
[data]
trigger-time = 1114142644.548265
injection-file = /work/shashwat.singh/Prospects-of-LGWs/unlens/injection.hdf

[global]
instruments = C1 C2
mass1_ref = 30.00000000987648
mass2_ref = 30.000000006783864
minchirp = 26.11641690613556
maxchirp = 26.116616906135558
mincov = 50363854265.14801
maxcov = 5036385426514.801
