
[data]
trigger-time = 1455366505.3522844
injection-file = /work/shashwat.singh/Prospects-of-LGWs/unlens/injection.hdf

[global]
instruments = C1 C2
mass1_ref = 30.000000009349396
mass2_ref = 30.000000008051902
minchirp = 26.116416906458078
maxchirp = 26.116616906458077
mincov = 112273106982.94868
maxcov = 11227310698294.867
