
[data]
trigger-time = 1885483039.4868584
injection-file = /work/shashwat.singh/Prospects-of-LGWs/unlens/injection.hdf

[global]
instruments = C1 C2
mass1_ref = 30.000000006863964
mass2_ref = 30.000000006774332
minchirp = 26.116416904820138
maxchirp = 26.116616904820138
mincov = 45821505127.34737
maxcov = 4582150512734.736
