
[data]
trigger-time = 1723277198.446105
injection-file = /work/shashwat.singh/Prospects-of-LGWs/unlens/injection.hdf

[global]
instruments = C1 C2
mass1_ref = 30.000000008467925
mass2_ref = 30.00000000223921
minchirp = 26.116416903544277
maxchirp = 26.116616903544276
mincov = 103054952153.7482
maxcov = 10305495215374.82
