
[data]
trigger-time = 1677765074.1952329
injection-file = /work/shashwat.singh/Prospects-of-LGWs/unlens/injection.hdf

[global]
instruments = C1 C2
mass1_ref = 30.00000000898501
mass2_ref = 30.0000000021066
minchirp = 26.116416903711627
maxchirp = 26.116616903711627
mincov = 172729506193.77405
maxcov = 17272950619377.404
