
[data]
trigger-time = 1689551435.3971007
injection-file = /work/shashwat.singh/Prospects-of-LGWs/unlens/injection.hdf

[global]
instruments = C1 C2
mass1_ref = 30.000000003067864
mass2_ref = 30.000000008907094
minchirp = 26.116416904096127
maxchirp = 26.116616904096126
mincov = 49440096846.02864
maxcov = 4944009684602.864
