
[data]
trigger-time = 1365904744.3624284
injection-file = /work/shashwat.singh/Prospects-of-LGWs/unlens/injection.hdf

[global]
instruments = C1 C2
mass1_ref = 30.000000001105153
mass2_ref = 30.000000004196323
minchirp = 26.116416901191325
maxchirp = 26.116616901191325
mincov = 166308028460.45218
maxcov = 16630802846045.217
