
[data]
trigger-time = 1836644406.710884
injection-file = /work/shashwat.singh/Prospects-of-LGWs/unlens/injection.hdf

[global]
instruments = C1 C2
mass1_ref = 30.000000003205717
mass2_ref = 30.000000006442605
minchirp = 26.1164169030834
maxchirp = 26.1166169030834
mincov = 11509087134.281647
maxcov = 1150908713428.1646
