
[data]
trigger-time = 1260137326.2108061
injection-file = /work/shashwat.singh/Prospects-of-LGWs/unlens/injection.hdf

[global]
instruments = C1 C2
mass1_ref = 30.000000001054794
mass2_ref = 30.000000001852555
minchirp = 26.116416900149222
maxchirp = 26.11661690014922
mincov = 119822655760.48099
maxcov = 11982265576048.098
