
[data]
trigger-time = 1024484107.8612726
injection-file = /work/shashwat.singh/Prospects-of-LGWs/unlens/injection.hdf

[global]
instruments = C1 C2
mass1_ref = 30.000000006364587
mass2_ref = 30.00000000508912
minchirp = 26.11641690386924
maxchirp = 26.11661690386924
mincov = 11372924466.01725
maxcov = 1137292446601.725
