
[data]
trigger-time = 1242849241.4823613
injection-file = /work/shashwat.singh/Prospects-of-LGWs/unlens/injection.hdf

[global]
instruments = C1 C2
mass1_ref = 30.00000000002695
mass2_ref = 30.00000000726837
minchirp = 26.116416902059196
maxchirp = 26.116616902059196
mincov = 169087425248.6109
maxcov = 16908742524861.09
