
[data]
trigger-time = 1406631994.2717752
injection-file = /work/shashwat.singh/Prospects-of-LGWs/unlens/injection.hdf

[global]
instruments = C1 C2
mass1_ref = 30.000000004511953
mass2_ref = 30.000000001043343
minchirp = 26.116416901301807
maxchirp = 26.116616901301807
mincov = 111147773744.092
maxcov = 11114777374409.2
