
[data]
trigger-time = 1012602989.911676
injection-file = /work/shashwat.singh/Prospects-of-LGWs/unlens/injection.hdf

[global]
instruments = C1 C2
mass1_ref = 30.000000006848296
mass2_ref = 30.000000009345918
minchirp = 26.116416905932667
maxchirp = 26.116616905932666
mincov = 98611567444.78809
maxcov = 9861156744478.809
