
[data]
trigger-time = 1504873228.4198837
injection-file = /work/shashwat.singh/Prospects-of-LGWs/unlens/injection.hdf

[global]
instruments = C1 C2
mass1_ref = 30.000000008006314
mass2_ref = 30.00000000490439
minchirp = 26.116416904503435
maxchirp = 26.116616904503434
mincov = 130208943576.02393
maxcov = 13020894357602.393
