
[data]
trigger-time = 1848178836.8574805
injection-file = /work/shashwat.singh/Prospects-of-LGWs/unlens/injection.hdf

[global]
instruments = C1 C2
mass1_ref = 30.000000007084076
mass2_ref = 30.000000007024497
minchirp = 26.11641690502484
maxchirp = 26.116616905024838
mincov = 108307158727.16954
maxcov = 10830715872716.955
