
[data]
trigger-time = 1585442789.5540354
injection-file = /work/shashwat.singh/Prospects-of-LGWs/unlens/injection.hdf

[global]
instruments = C1 C2
mass1_ref = 30.000000001292992
mass2_ref = 30.00000000603052
minchirp = 26.116416902071467
maxchirp = 26.116616902071467
mincov = 153453040189.84933
maxcov = 15345304018984.934
