
[data]
trigger-time = 1324389500.8036995
injection-file = /work/shashwat.singh/Prospects-of-LGWs/unlens/injection.hdf

[global]
instruments = C1 C2
mass1_ref = 30.000000006876114
mass2_ref = 30.0000000009783
minchirp = 26.116416902302557
maxchirp = 26.116616902302557
mincov = 59881797814.37866
maxcov = 5988179781437.866
