
[data]
trigger-time = 1440992109.6195705
injection-file = /work/shashwat.singh/Prospects-of-LGWs/unlens/injection.hdf

[global]
instruments = C1 C2
mass1_ref = 30.000000008621832
mass2_ref = 30.00000000254017
minchirp = 26.116416903742266
maxchirp = 26.116616903742266
mincov = 119062608303.8798
maxcov = 11906260830387.98
