
[data]
trigger-time = 1415027257.395564
injection-file = /work/shashwat.singh/Prospects-of-LGWs/unlens/injection.hdf

[global]
instruments = C1 C2
mass1_ref = 30.00000000685832
mass2_ref = 30.000000008398075
minchirp = 26.116416905524456
maxchirp = 26.116616905524456
mincov = 139002137363.42108
maxcov = 13900213736342.107
