
[data]
trigger-time = 1575175880.1605916
injection-file = /work/shashwat.singh/Prospects-of-LGWs/unlens/injection.hdf

[global]
instruments = C1 C2
mass1_ref = 30.00000000527791
mass2_ref = 30.00000000024756
minchirp = 26.116416901288826
maxchirp = 26.116616901288825
mincov = 111670947162.83838
maxcov = 11167094716283.838
