
[data]
trigger-time = 1653711673.2729316
injection-file = /work/shashwat.singh/Prospects-of-LGWs/unlens/injection.hdf

[global]
instruments = C1 C2
mass1_ref = 30.00000000659963
mass2_ref = 30.000000003423978
minchirp = 26.116416903246755
maxchirp = 26.116616903246754
mincov = 44368853080.96913
maxcov = 4436885308096.913
