
[data]
trigger-time = 1516647466.6568043
injection-file = /work/shashwat.singh/Prospects-of-LGWs/unlens/injection.hdf

[global]
instruments = C1 C2
mass1_ref = 30.000000008724236
mass2_ref = 30.00000000697135
minchirp = 26.116416905715628
maxchirp = 26.116616905715627
mincov = 100047863254.48636
maxcov = 10004786325448.637
