
[data]
trigger-time = 1338338008.1778796
injection-file = /work/shashwat.singh/Prospects-of-LGWs/unlens/injection.hdf

[global]
instruments = C1 C2
mass1_ref = 30.000000004367276
mass2_ref = 30.0000000000285
minchirp = 26.1164169007971
maxchirp = 26.116616900797098
mincov = 56258670871.71517
maxcov = 5625867087171.518
