
[data]
trigger-time = 1452935366.7544773
injection-file = /work/shashwat.singh/Prospects-of-LGWs/unlens/injection.hdf

[global]
instruments = C1 C2
mass1_ref = 30.00000000054683
mass2_ref = 30.000000001284803
minchirp = 26.116416899680992
maxchirp = 26.11661689968099
mincov = 163153495593.0253
maxcov = 16315349559302.53
