
[data]
trigger-time = 1231217439.3719459
injection-file = /work/shashwat.singh/Prospects-of-LGWs/unlens/injection.hdf

[global]
instruments = C1 C2
mass1_ref = 30.000000005799514
mass2_ref = 30.000000009699043
minchirp = 26.116416905629862
maxchirp = 26.11661690562986
mincov = 22011969329.247734
maxcov = 2201196932924.7734
