
[data]
trigger-time = 1561919366.3481793
injection-file = /work/shashwat.singh/Prospects-of-LGWs/unlens/injection.hdf

[global]
instruments = C1 C2
mass1_ref = 30.00000000734304
mass2_ref = 30.00000000265755
minchirp = 26.116416903236733
maxchirp = 26.116616903236732
mincov = 15873343292.386652
maxcov = 1587334329238.665
