
[data]
trigger-time = 1690340813.704072
injection-file = /work/shashwat.singh/Prospects-of-LGWs/unlens/injection.hdf

[global]
instruments = C1 C2
mass1_ref = 30.00000000790533
mass2_ref = 30.000000000420894
minchirp = 26.116416902507925
maxchirp = 26.116616902507925
mincov = 115468428867.90726
maxcov = 11546842886790.725
