
[data]
trigger-time = 1191160267.020835
injection-file = /work/shashwat.singh/Prospects-of-LGWs/unlens/injection.hdf

[global]
instruments = C1 C2
mass1_ref = 30.000000009365653
mass2_ref = 30.000000005428554
minchirp = 26.116416905323277
maxchirp = 26.116616905323276
mincov = 41399550194.24857
maxcov = 4139955019424.8574
