
[data]
trigger-time = 1886240351.445582
injection-file = /work/shashwat.singh/Prospects-of-LGWs/unlens/injection.hdf

[global]
instruments = C1 C2
mass1_ref = 30.00000000595917
mass2_ref = 30.00000000375904
minchirp = 26.11641690311382
maxchirp = 26.11661690311382
mincov = 46335718712.96666
maxcov = 4633571871296.666
