
[data]
trigger-time = 1684425803.2337036
injection-file = /work/shashwat.singh/Prospects-of-LGWs/unlens/injection.hdf

[global]
instruments = C1 C2
mass1_ref = 30.000000000547796
mass2_ref = 30.000000006115304
minchirp = 26.116416901784007
maxchirp = 26.116616901784006
mincov = 39003970213.13907
maxcov = 3900397021313.9067
