
[data]
trigger-time = 1087401493.5790703
injection-file = /work/shashwat.singh/Prospects-of-LGWs/unlens/injection.hdf

[global]
instruments = C1 C2
mass1_ref = 30.00000000831642
mass2_ref = 30.000000002674508
minchirp = 26.116416903667805
maxchirp = 26.116616903667804
mincov = 61231785899.26247
maxcov = 6123178589926.246
