
[data]
trigger-time = 1770897390.7947361
injection-file = /work/shashwat.singh/Prospects-of-LGWs/unlens/injection.hdf

[global]
instruments = C1 C2
mass1_ref = 30.000000004518395
mass2_ref = 30.000000007693377
minchirp = 26.116416904199205
maxchirp = 26.116616904199205
mincov = 57864350611.09558
maxcov = 5786435061109.559
