
[data]
trigger-time = 1234192081.693099
injection-file = /work/shashwat.singh/Prospects-of-LGWs/unlens/injection.hdf

[global]
instruments = C1 C2
mass1_ref = 30.000000000790674
mass2_ref = 30.000000000332225
minchirp = 26.116416899372496
maxchirp = 26.116616899372495
mincov = 21964364939.919533
maxcov = 2196436493991.9534
