
[data]
trigger-time = 1801272318.994843
injection-file = /work/shashwat.singh/Prospects-of-LGWs/unlens/injection.hdf

[global]
instruments = C1 C2
mass1_ref = 30.000000002109104
mass2_ref = 30.000000005533263
minchirp = 26.116416902210258
maxchirp = 26.116616902210257
mincov = 105113718002.99258
maxcov = 10511371800299.258
