
[data]
trigger-time = 1837588102.7909603
injection-file = /work/shashwat.singh/Prospects-of-LGWs/unlens/injection.hdf

[global]
instruments = C1 C2
mass1_ref = 30.000000006823516
mass2_ref = 30.000000001288814
minchirp = 26.11641690241482
maxchirp = 26.11661690241482
mincov = 129781492950.5157
maxcov = 12978149295051.57
