
[data]
trigger-time = 1752086339.7407622
injection-file = /work/shashwat.singh/Prospects-of-LGWs/unlens/injection.hdf

[global]
instruments = C1 C2
mass1_ref = 30.00000000674112
mass2_ref = 30.000000004628813
minchirp = 26.116416903832775
maxchirp = 26.116616903832774
mincov = 157567600328.33405
maxcov = 15756760032833.402
