
[data]
trigger-time = 1441168805.3002744
injection-file = /work/shashwat.singh/Prospects-of-LGWs/unlens/injection.hdf

[global]
instruments = C1 C2
mass1_ref = 30.00000000652523
mass2_ref = 30.000000002388003
minchirp = 26.116416902763433
maxchirp = 26.116616902763433
mincov = 153515747468.00067
maxcov = 15351574746800.068
