
[data]
trigger-time = 1812159253.8232455
injection-file = /work/shashwat.singh/Prospects-of-LGWs/unlens/injection.hdf

[global]
instruments = C1 C2
mass1_ref = 30.000000000265683
mass2_ref = 30.00000000440879
minchirp = 26.11641690091841
maxchirp = 26.11661690091841
mincov = 154662972366.09525
maxcov = 15466297236609.523
