
[data]
trigger-time = 1112914332.7504256
injection-file = /work/shashwat.singh/Prospects-of-LGWs/unlens/injection.hdf

[global]
instruments = C1 C2
mass1_ref = 30.000000000404484
mass2_ref = 30.00000000932285
minchirp = 26.116416903117795
maxchirp = 26.116616903117794
mincov = 171638612226.85474
maxcov = 17163861222685.473
