
[data]
trigger-time = 1878516084.8757086
injection-file = /work/shashwat.singh/Prospects-of-LGWs/unlens/injection.hdf

[global]
instruments = C1 C2
mass1_ref = 30.00000000903452
mass2_ref = 30.00000000701772
minchirp = 26.116416905870867
maxchirp = 26.116616905870867
mincov = 8672428862.550688
maxcov = 867242886255.0688
