
[data]
trigger-time = 1185195208.0531883
injection-file = /work/shashwat.singh/Prospects-of-LGWs/unlens/injection.hdf

[global]
instruments = C1 C2
mass1_ref = 30.000000007595386
mass2_ref = 30.000000007083695
minchirp = 26.116416905273166
maxchirp = 26.116616905273165
mincov = 77118257558.71182
maxcov = 7711825755871.182
