
[data]
trigger-time = 1770406593.745607
injection-file = /work/shashwat.singh/Prospects-of-LGWs/unlens/injection.hdf

[global]
instruments = C1 C2
mass1_ref = 30.00000000568244
mass2_ref = 30.000000000563794
minchirp = 26.11641690160256
maxchirp = 26.11661690160256
mincov = 41901224007.66799
maxcov = 4190122400766.7993
