
[data]
trigger-time = 1105488447.465368
injection-file = /work/shashwat.singh/Prospects-of-LGWs/unlens/injection.hdf

[global]
instruments = C1 C2
mass1_ref = 30.000000004894712
mass2_ref = 30.00000000178973
minchirp = 26.116416901793297
maxchirp = 26.116616901793297
mincov = 171935384969.79202
maxcov = 17193538496979.201
