
[data]
trigger-time = 1796583299.8367512
injection-file = /work/shashwat.singh/Prospects-of-LGWs/unlens/injection.hdf

[global]
instruments = C1 C2
mass1_ref = 30.000000001661828
mass2_ref = 30.000000006051305
minchirp = 26.11641690224106
maxchirp = 26.11661690224106
mincov = 47693313108.281044
maxcov = 4769331310828.1045
