
[data]
trigger-time = 1050600177.0343804
injection-file = /work/shashwat.singh/Prospects-of-LGWs/unlens/injection.hdf

[global]
instruments = C1 C2
mass1_ref = 30.000000002829733
mass2_ref = 30.00000000284285
minchirp = 26.11641690135286
maxchirp = 26.11661690135286
mincov = 54190179171.370155
maxcov = 5419017917137.016
