
[data]
trigger-time = 1462212953.8463821
injection-file = /work/shashwat.singh/Prospects-of-LGWs/unlens/injection.hdf

[global]
instruments = C1 C2
mass1_ref = 30.000000007434746
mass2_ref = 30.0000000033021
minchirp = 26.11641690355721
maxchirp = 26.116616903557208
mincov = 72303614325.21208
maxcov = 7230361432521.209
