
[data]
trigger-time = 1883708976.3125844
injection-file = /work/shashwat.singh/Prospects-of-LGWs/unlens/injection.hdf

[global]
instruments = C1 C2
mass1_ref = 30.000000007740454
mass2_ref = 30.00000000067579
minchirp = 26.11641690254711
maxchirp = 26.116616902547108
mincov = 113860617959.13321
maxcov = 11386061795913.32
