
[data]
trigger-time = 1392532184.6236005
injection-file = /work/shashwat.singh/Prospects-of-LGWs/unlens/injection.hdf

[global]
instruments = C1 C2
mass1_ref = 30.000000005930477
mass2_ref = 30.000000002530328
minchirp = 26.116416902566506
maxchirp = 26.116616902566506
mincov = 150856065070.3819
maxcov = 15085606507038.188
