
[data]
trigger-time = 1544522230.9483328
injection-file = /work/shashwat.singh/Prospects-of-LGWs/unlens/injection.hdf

[global]
instruments = C1 C2
mass1_ref = 30.000000005950522
mass2_ref = 30.000000001439034
minchirp = 26.116416902100216
maxchirp = 26.116616902100215
mincov = 25367968089.267044
maxcov = 2536796808926.7046
