
[data]
trigger-time = 1300426872.312613
injection-file = /work/shashwat.singh/Prospects-of-LGWs/unlens/injection.hdf

[global]
instruments = C1 C2
mass1_ref = 30.00000000181449
mass2_ref = 30.000000008070426
minchirp = 26.116416903186387
maxchirp = 26.116616903186387
mincov = 2234163585.8750186
maxcov = 223416358587.50186
