
[data]
trigger-time = 1030778412.2858453
injection-file = /work/shashwat.singh/Prospects-of-LGWs/unlens/injection.hdf

[global]
instruments = C1 C2
mass1_ref = 30.000000007166463
mass2_ref = 30.000000005782006
minchirp = 26.116416904519873
maxchirp = 26.116616904519873
mincov = 116190889152.86606
maxcov = 11619088915286.605
