
[data]
trigger-time = 1180742962.3924813
injection-file = /work/shashwat.singh/Prospects-of-LGWs/unlens/injection.hdf

[global]
instruments = C1 C2
mass1_ref = 30.000000006654048
mass2_ref = 30.00000000385996
minchirp = 26.116416903460212
maxchirp = 26.116616903460212
mincov = 118206916459.70898
maxcov = 11820691645970.898
