
[data]
trigger-time = 1790491491.0211163
injection-file = /work/shashwat.singh/Prospects-of-LGWs/unlens/injection.hdf

[global]
instruments = C1 C2
mass1_ref = 30.000000005675826
mass2_ref = 30.00000000089148
minchirp = 26.11641690174231
maxchirp = 26.116616901742308
mincov = 136963322471.56534
maxcov = 13696332247156.533
