
[data]
trigger-time = 1441275645.9508448
injection-file = /work/shashwat.singh/Prospects-of-LGWs/unlens/injection.hdf

[global]
instruments = C1 C2
mass1_ref = 30.000000002950912
mass2_ref = 30.00000000461402
minchirp = 26.116416902176553
maxchirp = 26.116616902176553
mincov = 39709493625.39068
maxcov = 3970949362539.068
