
[data]
trigger-time = 1508241287.6682935
injection-file = /work/shashwat.singh/Prospects-of-LGWs/unlens/injection.hdf

[global]
instruments = C1 C2
mass1_ref = 30.000000008171753
mass2_ref = 30.00000000663182
minchirp = 26.116416905327355
maxchirp = 26.116616905327355
mincov = 29517427357.88543
maxcov = 2951742735788.543
