
[data]
trigger-time = 1233784777.520194
injection-file = /work/shashwat.singh/Prospects-of-LGWs/unlens/injection.hdf

[global]
instruments = C1 C2
mass1_ref = 30.00000000943772
mass2_ref = 30.000000005247035
minchirp = 26.116416905275635
maxchirp = 26.116616905275635
mincov = 138450233743.3632
maxcov = 13845023374336.318
