
[data]
trigger-time = 1122669958.305387
injection-file = /work/shashwat.singh/Prospects-of-LGWs/unlens/injection.hdf

[global]
instruments = C1 C2
mass1_ref = 30.000000005167898
mass2_ref = 30.00000000600404
minchirp = 26.116416903746593
maxchirp = 26.116616903746593
mincov = 17599674163.49167
maxcov = 1759967416349.167
