
[data]
trigger-time = 1033949574.387772
injection-file = /work/shashwat.singh/Prospects-of-LGWs/unlens/injection.hdf

[global]
instruments = C1 C2
mass1_ref = 30.00000000357889
mass2_ref = 30.00000000003311
minchirp = 26.11641690045594
maxchirp = 26.116616900455938
mincov = 17568406533.976288
maxcov = 1756840653397.629
