
[data]
trigger-time = 1350388588.7898886
injection-file = /work/shashwat.singh/Prospects-of-LGWs/unlens/injection.hdf

[global]
instruments = C1 C2
mass1_ref = 30.000000006078086
mass2_ref = 30.00000000652338
minchirp = 26.116416904368833
maxchirp = 26.116616904368833
mincov = 28556852872.348286
maxcov = 2855685287234.8286
