
[data]
trigger-time = 1739402511.314106
injection-file = /work/shashwat.singh/Prospects-of-LGWs/unlens/injection.hdf

[global]
instruments = C1 C2
mass1_ref = 30.00000000755729
mass2_ref = 30.00000000255878
minchirp = 26.116416903287
maxchirp = 26.116616903287
mincov = 80322067154.76364
maxcov = 8032206715476.363
