
[data]
trigger-time = 1361923632.7299275
injection-file = /work/shashwat.singh/Prospects-of-LGWs/unlens/injection.hdf

[global]
instruments = C1 C2
mass1_ref = 30.00000000432708
mass2_ref = 30.00000000789805
minchirp = 26.11641690420502
maxchirp = 26.11661690420502
mincov = 23366937808.763626
maxcov = 2336693780876.363
