
[data]
trigger-time = 1996993521.0832357
injection-file = /work/shashwat.singh/Prospects-of-LGWs/unlens/injection.hdf

[global]
instruments = C1 C2
mass1_ref = 30.000000004832902
mass2_ref = 30.000000007312746
minchirp = 26.116416904170425
maxchirp = 26.116616904170424
mincov = 143514325629.66098
maxcov = 14351432562966.098
