
[data]
trigger-time = 1979868553.5008857
injection-file = /work/shashwat.singh/Prospects-of-LGWs/unlens/injection.hdf

[global]
instruments = C1 C2
mass1_ref = 30.000000002912994
mass2_ref = 30.000000007093625
minchirp = 26.11641690323936
maxchirp = 26.11661690323936
mincov = 113862142003.99712
maxcov = 11386214200399.71
