
[data]
trigger-time = 1051391912.9775358
injection-file = /work/shashwat.singh/Prospects-of-LGWs/unlens/injection.hdf

[global]
instruments = C1 C2
mass1_ref = 30.000000006133302
mass2_ref = 30.00000000803364
minchirp = 26.116416905050244
maxchirp = 26.116616905050243
mincov = 18019310.768016845
maxcov = 1801931076.8016844
