
[data]
trigger-time = 1670712970.592884
injection-file = /work/shashwat.singh/Prospects-of-LGWs/unlens/injection.hdf

[global]
instruments = C1 C2
mass1_ref = 30.000000006276633
mass2_ref = 30.000000003209763
minchirp = 26.11641690301292
maxchirp = 26.11661690301292
mincov = 8595351457.631016
maxcov = 859535145763.1016
