
[data]
trigger-time = 1714903838.4092531
injection-file = /work/shashwat.singh/Prospects-of-LGWs/unlens/injection.hdf

[global]
instruments = C1 C2
mass1_ref = 30.000000005627705
mass2_ref = 30.00000000438844
minchirp = 26.116416903243504
maxchirp = 26.116616903243504
mincov = 130224061503.40555
maxcov = 13022406150340.555
