
[data]
trigger-time = 1591686462.0450609
injection-file = /work/shashwat.singh/Prospects-of-LGWs/unlens/injection.hdf

[global]
instruments = C1 C2
mass1_ref = 30.000000000319652
mass2_ref = 30.000000002124732
minchirp = 26.116416899947705
maxchirp = 26.116616899947704
mincov = 166055730915.7482
maxcov = 16605573091574.82
