
[data]
trigger-time = 1839126661.4257135
injection-file = /work/shashwat.singh/Prospects-of-LGWs/unlens/injection.hdf

[global]
instruments = C1 C2
mass1_ref = 30.000000003684967
mass2_ref = 30.0000000049771
minchirp = 26.11641690265411
maxchirp = 26.11661690265411
mincov = 213769068.15855438
maxcov = 21376906815.85544
