
[data]
trigger-time = 1612571623.0920417
injection-file = /work/shashwat.singh/Prospects-of-LGWs/unlens/injection.hdf

[global]
instruments = C1 C2
mass1_ref = 30.000000000022922
mass2_ref = 30.000000001077744
minchirp = 26.116416899362818
maxchirp = 26.116616899362818
mincov = 4180862212.483541
maxcov = 418086221248.3541
