
[data]
trigger-time = 1562167604.7667248
injection-file = /work/shashwat.singh/Prospects-of-LGWs/unlens/injection.hdf

[global]
instruments = C1 C2
mass1_ref = 30.000000009379104
mass2_ref = 30.00000000098719
minchirp = 26.116416903395915
maxchirp = 26.116616903395915
mincov = 146832749906.26028
maxcov = 14683274990626.027
