
[data]
trigger-time = 1548381002.9554477
injection-file = /work/shashwat.singh/Prospects-of-LGWs/unlens/injection.hdf

[global]
instruments = C1 C2
mass1_ref = 30.00000000103297
mass2_ref = 30.000000001647255
minchirp = 26.11641690005036
maxchirp = 26.11661690005036
mincov = 108890593975.73685
maxcov = 10889059397573.686
