
[data]
trigger-time = 1668131315.349618
injection-file = /work/shashwat.singh/Prospects-of-LGWs/unlens/injection.hdf

[global]
instruments = C1 C2
mass1_ref = 30.00000000638255
mass2_ref = 30.00000000115653
minchirp = 26.116416902165298
maxchirp = 26.116616902165298
mincov = 146115871768.36932
maxcov = 14611587176836.932
