
[data]
trigger-time = 1606959457.3981285
injection-file = /work/shashwat.singh/Prospects-of-LGWs/unlens/injection.hdf

[global]
instruments = C1 C2
mass1_ref = 30.00000000134288
mass2_ref = 30.00000000052415
minchirp = 26.116416899696397
maxchirp = 26.116616899696396
mincov = 45716820884.92928
maxcov = 4571682088492.929
