
[data]
trigger-time = 1984945674.8172872
injection-file = /work/shashwat.singh/Prospects-of-LGWs/unlens/injection.hdf

[global]
instruments = C1 C2
mass1_ref = 30.000000003436142
mass2_ref = 30.00000000984279
minchirp = 26.116416904663716
maxchirp = 26.116616904663715
mincov = 30696316716.538776
maxcov = 3069631671653.8774
