
[data]
trigger-time = 1794135831.7204075
injection-file = /work/shashwat.singh/Prospects-of-LGWs/unlens/injection.hdf

[global]
instruments = C1 C2
mass1_ref = 30.000000000921318
mass2_ref = 30.00000000510127
minchirp = 26.116416901505207
maxchirp = 26.116616901505207
mincov = 82357789672.56958
maxcov = 8235778967256.958
