
[data]
trigger-time = 1738948669.3209438
injection-file = /work/shashwat.singh/Prospects-of-LGWs/unlens/injection.hdf

[global]
instruments = C1 C2
mass1_ref = 30.000000009543776
mass2_ref = 30.00000000673175
minchirp = 26.11641690596806
maxchirp = 26.11661690596806
mincov = 93139628756.87677
maxcov = 9313962875687.678
