
[data]
trigger-time = 1827031616.612321
injection-file = /work/shashwat.singh/Prospects-of-LGWs/unlens/injection.hdf

[global]
instruments = C1 C2
mass1_ref = 30.00000000427942
mass2_ref = 30.000000003802043
minchirp = 26.116416902401387
maxchirp = 26.116616902401386
mincov = 95625441897.03336
maxcov = 9562544189703.336
