
[data]
trigger-time = 1211873328.3466344
injection-file = /work/shashwat.singh/Prospects-of-LGWs/unlens/injection.hdf

[global]
instruments = C1 C2
mass1_ref = 30.00000000272907
mass2_ref = 30.000000009513627
minchirp = 26.11641690421267
maxchirp = 26.11661690421267
mincov = 45362138540.04874
maxcov = 4536213854004.874
