
[data]
trigger-time = 1656112631.3009405
injection-file = /work/shashwat.singh/Prospects-of-LGWs/unlens/injection.hdf

[global]
instruments = C1 C2
mass1_ref = 30.000000009809707
mass2_ref = 30.000000002289926
minchirp = 26.116416904150395
maxchirp = 26.116616904150394
mincov = 94432699.27590403
maxcov = 9443269927.590403
