
[data]
trigger-time = 1939415439.4802656
injection-file = /work/shashwat.singh/Prospects-of-LGWs/unlens/injection.hdf

[global]
instruments = C1 C2
mass1_ref = 30.00000000647243
mass2_ref = 30.000000006650556
minchirp = 26.116416904595834
maxchirp = 26.116616904595833
mincov = 121783459114.00198
maxcov = 12178345911400.197
