
[data]
trigger-time = 1829675989.2205868
injection-file = /work/shashwat.singh/Prospects-of-LGWs/unlens/injection.hdf

[global]
instruments = C1 C2
mass1_ref = 30.000000002994376
mass2_ref = 30.000000007966136
minchirp = 26.116416903654564
maxchirp = 26.116616903654563
mincov = 169241649480.5774
maxcov = 16924164948057.738
