
[data]
trigger-time = 1323556621.275158
injection-file = /work/shashwat.singh/Prospects-of-LGWs/unlens/injection.hdf

[global]
instruments = C1 C2
mass1_ref = 30.000000008506714
mass2_ref = 30.000000003430312
minchirp = 26.116416904079617
maxchirp = 26.116616904079617
mincov = 53010236361.79637
maxcov = 5301023636179.638
