
[data]
trigger-time = 1177905296.441304
injection-file = /work/shashwat.singh/Prospects-of-LGWs/unlens/injection.hdf

[global]
instruments = C1 C2
mass1_ref = 30.00000000445399
mass2_ref = 30.000000002420414
minchirp = 26.116416901875983
maxchirp = 26.116616901875982
mincov = 63130121804.639145
maxcov = 6313012180463.915
