
[data]
trigger-time = 1342322785.3763459
injection-file = /work/shashwat.singh/Prospects-of-LGWs/unlens/injection.hdf

[global]
instruments = C1 C2
mass1_ref = 30.00000000129334
mass2_ref = 30.00000000707766
minchirp = 26.116416902527416
maxchirp = 26.116616902527415
mincov = 54792066.154127
maxcov = 5479206615.412701
