
[data]
trigger-time = 1008455103.366491
injection-file = /work/shashwat.singh/Prospects-of-LGWs/unlens/injection.hdf

[global]
instruments = C1 C2
mass1_ref = 30.000000004041464
mass2_ref = 30.000000008218336
minchirp = 26.116416904220113
maxchirp = 26.116616904220113
mincov = 68444397252.87321
maxcov = 6844439725287.32
