
[data]
trigger-time = 1683217327.1585374
injection-file = /work/shashwat.singh/Prospects-of-LGWs/unlens/injection.hdf

[global]
instruments = C1 C2
mass1_ref = 30.000000007909733
mass2_ref = 30.00000000473694
minchirp = 26.116416904388508
maxchirp = 26.116616904388508
mincov = 5482413.019876344
maxcov = 548241301.9876344
