
[data]
trigger-time = 1447814910.7707663
injection-file = /work/shashwat.singh/Prospects-of-LGWs/unlens/injection.hdf

[global]
instruments = C1 C2
mass1_ref = 30.000000005572552
mass2_ref = 30.00000000760542
minchirp = 26.116416904619772
maxchirp = 26.11661690461977
mincov = 178442710058.2293
maxcov = 17844271005822.93
