
[data]
trigger-time = 1808289333.288934
injection-file = /work/shashwat.singh/Prospects-of-LGWs/unlens/injection.hdf

[global]
instruments = C1 C2
mass1_ref = 30.000000007652257
mass2_ref = 30.000000002592298
minchirp = 26.116416903342927
maxchirp = 26.116616903342926
mincov = 156608647695.03635
maxcov = 15660864769503.635
