
[data]
trigger-time = 1495258810.5247884
injection-file = /work/shashwat.singh/Prospects-of-LGWs/unlens/injection.hdf

[global]
instruments = C1 C2
mass1_ref = 30.00000000761418
mass2_ref = 30.000000003901707
minchirp = 26.116416903896305
maxchirp = 26.116616903896304
mincov = 2929319111.9020987
maxcov = 292931911190.2099
