
[data]
trigger-time = 1310304384.6412299
injection-file = /work/shashwat.singh/Prospects-of-LGWs/unlens/injection.hdf

[global]
instruments = C1 C2
mass1_ref = 30.00000000297585
mass2_ref = 30.000000005215302
minchirp = 26.116416902449128
maxchirp = 26.116616902449127
mincov = 136155426946.8708
maxcov = 13615542694687.08
