
[data]
trigger-time = 1015104952.1281233
injection-file = /work/shashwat.singh/Prospects-of-LGWs/unlens/injection.hdf

[global]
instruments = C1 C2
mass1_ref = 30.000000006916814
mass2_ref = 30.000000008115013
minchirp = 26.116416905426707
maxchirp = 26.116616905426707
mincov = 50242125548.18357
maxcov = 5024212554818.357
