
[data]
trigger-time = 1331468716.1157453
injection-file = /work/shashwat.singh/Prospects-of-LGWs/unlens/injection.hdf

[global]
instruments = C1 C2
mass1_ref = 30.00000000528476
mass2_ref = 30.000000003373202
minchirp = 26.116416902652322
maxchirp = 26.11661690265232
mincov = 169654265169.0195
maxcov = 16965426516901.951
