
[data]
trigger-time = 1349345930.1973507
injection-file = /work/shashwat.singh/Prospects-of-LGWs/unlens/injection.hdf

[global]
instruments = C1 C2
mass1_ref = 30.000000006730797
mass2_ref = 30.000000001015934
minchirp = 26.116416902255686
maxchirp = 26.116616902255686
mincov = 4998294525.528491
maxcov = 499829452552.8491
