
[data]
trigger-time = 1973658063.194634
injection-file = /work/shashwat.singh/Prospects-of-LGWs/unlens/injection.hdf

[global]
instruments = C1 C2
mass1_ref = 30.000000007645923
mass2_ref = 30.000000001709598
minchirp = 26.11641690295595
maxchirp = 26.11661690295595
mincov = 50235061512.98619
maxcov = 5023506151298.619
