
[data]
trigger-time = 1061806737.7799605
injection-file = /work/shashwat.singh/Prospects-of-LGWs/unlens/injection.hdf

[global]
instruments = C1 C2
mass1_ref = 30.00000000668655
mass2_ref = 30.000000006089927
minchirp = 26.11641690444501
maxchirp = 26.11661690444501
mincov = 21737418878.652378
maxcov = 2173741887865.2378
