
[data]
trigger-time = 1712587582.4945252
injection-file = /work/shashwat.singh/Prospects-of-LGWs/unlens/injection.hdf

[global]
instruments = C1 C2
mass1_ref = 30.00000000657603
mass2_ref = 30.00000000574528
minchirp = 26.11641690424689
maxchirp = 26.11661690424689
mincov = 88142990524.57852
maxcov = 8814299052457.852
