
[data]
trigger-time = 1111502840.8882363
injection-file = /work/shashwat.singh/Prospects-of-LGWs/unlens/injection.hdf

[global]
instruments = C1 C2
mass1_ref = 30.00000000349594
mass2_ref = 30.000000004007962
minchirp = 26.11641690214999
maxchirp = 26.11661690214999
mincov = 10566377142.590929
maxcov = 1056637714259.0929
