
[data]
trigger-time = 1071330473.1364541
injection-file = /work/shashwat.singh/Prospects-of-LGWs/unlens/injection.hdf

[global]
instruments = C1 C2
mass1_ref = 30.000000003548347
mass2_ref = 30.000000003101377
minchirp = 26.116416901778187
maxchirp = 26.116616901778187
mincov = 23063994540.357853
maxcov = 2306399454035.785
