
[data]
trigger-time = 1791046680.8331292
injection-file = /work/shashwat.singh/Prospects-of-LGWs/unlens/injection.hdf

[global]
instruments = C1 C2
mass1_ref = 30.00000000101165
mass2_ref = 30.000000008191915
minchirp = 26.11641690288981
maxchirp = 26.11661690288981
mincov = 63003519988.09076
maxcov = 6300351998809.076
