
[data]
trigger-time = 1904926969.8253093
injection-file = /work/shashwat.singh/Prospects-of-LGWs/unlens/injection.hdf

[global]
instruments = C1 C2
mass1_ref = 30.000000004579743
mass2_ref = 30.000000002972207
minchirp = 26.116416902170904
maxchirp = 26.116616902170904
mincov = 19892190827.053467
maxcov = 1989219082705.3467
