
[data]
trigger-time = 1269423851.8175774
injection-file = /work/shashwat.singh/Prospects-of-LGWs/unlens/injection.hdf

[global]
instruments = C1 C2
mass1_ref = 30.000000007416272
mass2_ref = 30.000000003167813
minchirp = 26.116416903490716
maxchirp = 26.116616903490716
mincov = 62874697426.70033
maxcov = 6287469742670.033
