
[data]
trigger-time = 1872219172.727634
injection-file = /work/shashwat.singh/Prospects-of-LGWs/unlens/injection.hdf

[global]
instruments = C1 C2
mass1_ref = 30.00000000562615
mass2_ref = 30.000000002624628
minchirp = 26.116416902475084
maxchirp = 26.116616902475084
mincov = 157507064120.66687
maxcov = 15750706412066.688
