
[data]
trigger-time = 1785534989.7349677
injection-file = /work/shashwat.singh/Prospects-of-LGWs/unlens/injection.hdf

[global]
instruments = C1 C2
mass1_ref = 30.00000000703647
mass2_ref = 30.000000004301917
minchirp = 26.116416903819044
maxchirp = 26.116616903819043
mincov = 144911574197.05365
maxcov = 14491157419705.363
