
[data]
trigger-time = 1760938437.5365539
injection-file = /work/shashwat.singh/Prospects-of-LGWs/unlens/injection.hdf

[global]
instruments = C1 C2
mass1_ref = 30.00000000759183
mass2_ref = 30.000000003135124
minchirp = 26.1164169035529
maxchirp = 26.1166169035529
mincov = 85797946656.17577
maxcov = 8579794665617.577
