
[data]
trigger-time = 1378434724.7773104
injection-file = /work/shashwat.singh/Prospects-of-LGWs/unlens/injection.hdf

[global]
instruments = C1 C2
mass1_ref = 30.000000009933956
mass2_ref = 30.00000000889006
minchirp = 26.11641690707735
maxchirp = 26.11661690707735
mincov = 60462922652.76366
maxcov = 6046292265276.366
