
[data]
trigger-time = 1654070898.5856829
injection-file = /work/shashwat.singh/Prospects-of-LGWs/unlens/injection.hdf

[global]
instruments = C1 C2
mass1_ref = 30.00000000251191
mass2_ref = 30.00000000351487
minchirp = 26.116416901507034
maxchirp = 26.116616901507033
mincov = 139347383524.85526
maxcov = 13934738352485.525
