
[data]
trigger-time = 1186090837.5386286
injection-file = /work/shashwat.singh/Prospects-of-LGWs/unlens/injection.hdf

[global]
instruments = C1 C2
mass1_ref = 30.000000009522815
mass2_ref = 30.000000004991804
minchirp = 26.11641690520158
maxchirp = 26.116616905201578
mincov = 10759186432.327848
maxcov = 1075918643232.7849
