
[data]
trigger-time = 1144141860.642078
injection-file = /work/shashwat.singh/Prospects-of-LGWs/unlens/injection.hdf

[global]
instruments = C1 C2
mass1_ref = 30.00000000014257
mass2_ref = 30.000000004878906
minchirp = 26.11641690106945
maxchirp = 26.11661690106945
mincov = 123772236748.33965
maxcov = 12377223674833.965
