
[data]
trigger-time = 1630444179.5853457
injection-file = /work/shashwat.singh/Prospects-of-LGWs/unlens/injection.hdf

[global]
instruments = C1 C2
mass1_ref = 30.00000000636134
mass2_ref = 30.000000008325546
minchirp = 26.116416905276566
maxchirp = 26.116616905276565
mincov = 14823080828.159006
maxcov = 1482308082815.9006
