
[data]
trigger-time = 1323020192.2085118
injection-file = /work/shashwat.singh/Prospects-of-LGWs/unlens/injection.hdf

[global]
instruments = C1 C2
mass1_ref = 30.000000002877304
mass2_ref = 30.00000000377614
minchirp = 26.116416901779804
maxchirp = 26.116616901779803
mincov = 76133436815.97055
maxcov = 7613343681597.055
