
[data]
trigger-time = 1821984643.0646439
injection-file = /work/shashwat.singh/Prospects-of-LGWs/unlens/injection.hdf

[global]
instruments = C1 C2
mass1_ref = 30.000000005271595
mass2_ref = 30.000000001567184
minchirp = 26.116416901860475
maxchirp = 26.116616901860475
mincov = 90886273306.2849
maxcov = 9088627330628.49
