
[data]
trigger-time = 1368262574.5650537
injection-file = /work/shashwat.singh/Prospects-of-LGWs/unlens/injection.hdf

[global]
instruments = C1 C2
mass1_ref = 30.000000000507097
mass2_ref = 30.000000000991594
minchirp = 26.116416899536066
maxchirp = 26.116616899536066
mincov = 4898011429.522338
maxcov = 489801142952.2338
