
[data]
trigger-time = 1875663911.4281254
injection-file = /work/shashwat.singh/Prospects-of-LGWs/unlens/injection.hdf

[global]
instruments = C1 C2
mass1_ref = 30.0000000003086
mass2_ref = 30.000000003428003
minchirp = 26.116416900510174
maxchirp = 26.116616900510174
mincov = 43106899330.39458
maxcov = 4310689933039.4575
