
[data]
trigger-time = 1579938743.3454018
injection-file = /work/shashwat.singh/Prospects-of-LGWs/unlens/injection.hdf

[global]
instruments = C1 C2
mass1_ref = 30.00000000172312
mass2_ref = 30.000000004634003
minchirp = 26.116416901650823
maxchirp = 26.116616901650822
mincov = 5400892.2962761745
maxcov = 540089229.6276175
