
[data]
trigger-time = 1032675691.3117671
injection-file = /work/shashwat.singh/Prospects-of-LGWs/unlens/injection.hdf

[global]
instruments = C1 C2
mass1_ref = 30.000000000945537
mass2_ref = 30.000000009012936
minchirp = 26.116416903218404
maxchirp = 26.116616903218404
mincov = 60405377071.43944
maxcov = 6040537707143.944
