
[data]
trigger-time = 1516308907.5173419
injection-file = /work/shashwat.singh/Prospects-of-LGWs/unlens/injection.hdf

[global]
instruments = C1 C2
mass1_ref = 30.000000002213337
mass2_ref = 30.00000000563254
minchirp = 26.11641690229884
maxchirp = 26.11661690229884
mincov = 109738827784.80496
maxcov = 10973882778480.496
