
[data]
trigger-time = 1937828389.2079666
injection-file = /work/shashwat.singh/Prospects-of-LGWs/unlens/injection.hdf

[global]
instruments = C1 C2
mass1_ref = 30.00000000356041
mass2_ref = 30.000000006422653
minchirp = 26.116416903229105
maxchirp = 26.116616903229104
mincov = 65078154034.861755
maxcov = 6507815403486.176
