
[data]
trigger-time = 1363390176.6126804
injection-file = /work/shashwat.singh/Prospects-of-LGWs/unlens/injection.hdf

[global]
instruments = C1 C2
mass1_ref = 30.000000000289226
mass2_ref = 30.00000000622456
minchirp = 26.116416901719013
maxchirp = 26.116616901719013
mincov = 10099462719.781414
maxcov = 1009946271978.1415
