
[data]
trigger-time = 1559293754.6569586
injection-file = /work/shashwat.singh/Prospects-of-LGWs/unlens/injection.hdf

[global]
instruments = C1 C2
mass1_ref = 30.000000004272177
mass2_ref = 30.000000001119407
minchirp = 26.116416901230547
maxchirp = 26.116616901230547
mincov = 108276134310.90709
maxcov = 10827613431090.709
