
[data]
trigger-time = 1998809269.4545913
injection-file = /work/shashwat.singh/Prospects-of-LGWs/unlens/injection.hdf

[global]
instruments = C1 C2
mass1_ref = 30.000000001415398
mass2_ref = 30.000000005372346
minchirp = 26.11641690183826
maxchirp = 26.11661690183826
mincov = 137833116460.03564
maxcov = 13783311646003.564
