
[data]
trigger-time = 1065707192.6584659
injection-file = /work/shashwat.singh/Prospects-of-LGWs/unlens/injection.hdf

[global]
instruments = C1 C2
mass1_ref = 30.00000000387106
mass2_ref = 30.000000005848346
minchirp = 26.11641690311434
maxchirp = 26.11661690311434
mincov = 31579620953.236023
maxcov = 3157962095323.6025
