
[data]
trigger-time = 1112799248.3863912
injection-file = /work/shashwat.singh/Prospects-of-LGWs/unlens/injection.hdf

[global]
instruments = C1 C2
mass1_ref = 30.000000006599826
mass2_ref = 30.000000006921915
minchirp = 26.116416904769405
maxchirp = 26.116616904769405
mincov = 87175127279.01184
maxcov = 8717512727901.184
