
[data]
trigger-time = 1948306549.083643
injection-file = /work/shashwat.singh/Prospects-of-LGWs/unlens/injection.hdf

[global]
instruments = C1 C2
mass1_ref = 30.00000000612922
mass2_ref = 30.000000009898113
minchirp = 26.116416905860028
maxchirp = 26.116616905860027
mincov = 144876368225.06317
maxcov = 14487636822506.318
