
[data]
trigger-time = 1969938877.9650078
injection-file = /work/shashwat.singh/Prospects-of-LGWs/unlens/injection.hdf

[global]
instruments = C1 C2
mass1_ref = 30.000000003136055
mass2_ref = 30.00000000765862
minchirp = 26.11641690358238
maxchirp = 26.11661690358238
mincov = 43484300846.22454
maxcov = 4348430084622.454
