
[data]
trigger-time = 1750655662.7079895
injection-file = /work/shashwat.singh/Prospects-of-LGWs/unlens/injection.hdf

[global]
instruments = C1 C2
mass1_ref = 30.00000000826954
mass2_ref = 30.00000000542351
minchirp = 26.116416904843973
maxchirp = 26.116616904843973
mincov = 78359240864.44981
maxcov = 7835924086444.981
