
[data]
trigger-time = 1540552370.520797
injection-file = /work/shashwat.singh/Prospects-of-LGWs/unlens/injection.hdf

[global]
instruments = C1 C2
mass1_ref = 30.00000000438547
mass2_ref = 30.000000008643312
minchirp = 26.116416904554832
maxchirp = 26.11661690455483
mincov = 134991754933.29436
maxcov = 13499175493329.436
