
[data]
trigger-time = 1815291288.2718225
injection-file = /work/shashwat.singh/Prospects-of-LGWs/unlens/injection.hdf

[global]
instruments = C1 C2
mass1_ref = 30.000000008167714
mass2_ref = 30.000000009586042
minchirp = 26.116416906611494
maxchirp = 26.116616906611494
mincov = 96589292288.3032
maxcov = 9658929228830.32
