
[data]
trigger-time = 1635025660.2011838
injection-file = /work/shashwat.singh/Prospects-of-LGWs/unlens/injection.hdf

[global]
instruments = C1 C2
mass1_ref = 30.000000002862173
mass2_ref = 30.00000000413671
minchirp = 26.116416901930165
maxchirp = 26.116616901930165
mincov = 177634172206.59442
maxcov = 17763417220659.44
