
[data]
trigger-time = 1044049458.7756815
injection-file = /work/shashwat.singh/Prospects-of-LGWs/unlens/injection.hdf

[global]
instruments = C1 C2
mass1_ref = 30.000000002096066
mass2_ref = 30.00000000527474
minchirp = 26.116416902092052
maxchirp = 26.11661690209205
mincov = 18089690588.12933
maxcov = 1808969058812.933
