
[data]
trigger-time = 1960152092.1565742
injection-file = /work/shashwat.singh/Prospects-of-LGWs/unlens/injection.hdf

[global]
instruments = C1 C2
mass1_ref = 30.000000000587768
mass2_ref = 30.000000009427712
minchirp = 26.116416903243216
maxchirp = 26.116616903243216
mincov = 36024454330.86177
maxcov = 3602445433086.1772
