
[data]
trigger-time = 1214544673.1173484
injection-file = /work/shashwat.singh/Prospects-of-LGWs/unlens/injection.hdf

[global]
instruments = C1 C2
mass1_ref = 30.00000000421809
mass2_ref = 30.00000000362249
minchirp = 26.116416902296535
maxchirp = 26.116616902296535
mincov = 5255606186.552393
maxcov = 525560618655.23926
