
[data]
trigger-time = 1203212798.1705508
injection-file = /work/shashwat.singh/Prospects-of-LGWs/unlens/injection.hdf

[global]
instruments = C1 C2
mass1_ref = 30.000000003055057
mass2_ref = 30.00000000017299
minchirp = 26.11641690028881
maxchirp = 26.11661690028881
mincov = 114838109922.95175
maxcov = 11483810992295.176
