
[data]
trigger-time = 1121572187.7332158
injection-file = /work/shashwat.singh/Prospects-of-LGWs/unlens/injection.hdf

[global]
instruments = C1 C2
mass1_ref = 30.000000007594323
mass2_ref = 30.00000000209568
minchirp = 26.116416903101545
maxchirp = 26.116616903101544
mincov = 179755200971.54965
maxcov = 17975520097154.965
