
[data]
trigger-time = 1758256365.8174872
injection-file = /work/shashwat.singh/Prospects-of-LGWs/unlens/injection.hdf

[global]
instruments = C1 C2
mass1_ref = 30.000000002219977
mass2_ref = 30.00000000290488
minchirp = 26.116416901114448
maxchirp = 26.116616901114448
mincov = 128196536704.21658
maxcov = 12819653670421.658
