
[data]
trigger-time = 1705508534.618998
injection-file = /work/shashwat.singh/Prospects-of-LGWs/unlens/injection.hdf

[global]
instruments = C1 C2
mass1_ref = 30.000000007897462
mass2_ref = 30.000000009550615
minchirp = 26.11641690647844
maxchirp = 26.11661690647844
mincov = 136459820578.91621
maxcov = 13645982057891.621
