
[data]
trigger-time = 1903695909.978252
injection-file = /work/shashwat.singh/Prospects-of-LGWs/unlens/injection.hdf

[global]
instruments = C1 C2
mass1_ref = 30.00000000817042
mass2_ref = 30.0000000042291
minchirp = 26.116416904280932
maxchirp = 26.11661690428093
mincov = 168908743794.4904
maxcov = 16890874379449.04
