
[data]
trigger-time = 1574236366.344849
injection-file = /work/shashwat.singh/Prospects-of-LGWs/unlens/injection.hdf

[global]
instruments = C1 C2
mass1_ref = 30.000000006866053
mass2_ref = 30.00000000388429
minchirp = 26.11641690356308
maxchirp = 26.11661690356308
mincov = 14538192829.976261
maxcov = 1453819282997.626
