
[data]
trigger-time = 1584189683.842115
injection-file = /work/shashwat.singh/Prospects-of-LGWs/unlens/injection.hdf

[global]
instruments = C1 C2
mass1_ref = 30.000000007701924
mass2_ref = 30.000000005275748
minchirp = 26.116416904532585
maxchirp = 26.116616904532584
mincov = 111763415219.2157
maxcov = 11176341521921.57
