
[data]
trigger-time = 1579983724.6235294
injection-file = /work/shashwat.singh/Prospects-of-LGWs/unlens/injection.hdf

[global]
instruments = C1 C2
mass1_ref = 30.00000000381217
mass2_ref = 30.00000000102598
minchirp = 26.116416900989652
maxchirp = 26.11661690098965
mincov = 140707860628.03824
maxcov = 14070786062803.824
