
[data]
trigger-time = 1400146804.9449153
injection-file = /work/shashwat.singh/Prospects-of-LGWs/unlens/injection.hdf

[global]
instruments = C1 C2
mass1_ref = 30.00000000495064
mass2_ref = 30.00000000061574
minchirp = 26.116416901306632
maxchirp = 26.11661690130663
mincov = 2443436301.760808
maxcov = 244343630176.0808
