
[data]
trigger-time = 1001804252.1732061
injection-file = /work/shashwat.singh/Prospects-of-LGWs/unlens/injection.hdf

[global]
instruments = C1 C2
mass1_ref = 30.00000000591506
mass2_ref = 30.00000000168675
minchirp = 26.116416902192604
maxchirp = 26.116616902192604
mincov = 13425073783.7752
maxcov = 1342507378377.52
