
[data]
trigger-time = 1133777400.847912
injection-file = /work/shashwat.singh/Prospects-of-LGWs/unlens/injection.hdf

[global]
instruments = C1 C2
mass1_ref = 30.000000008956647
mass2_ref = 30.00000000067865
minchirp = 26.11641690307773
maxchirp = 26.11661690307773
mincov = 54296143486.46009
maxcov = 5429614348646.009
