
[data]
trigger-time = 1573591537.2950673
injection-file = /work/shashwat.singh/Prospects-of-LGWs/unlens/injection.hdf

[global]
instruments = C1 C2
mass1_ref = 30.000000003823068
mass2_ref = 30.000000002081478
minchirp = 26.116416901453828
maxchirp = 26.116616901453828
mincov = 76199388021.79532
maxcov = 7619938802179.532
