
[data]
trigger-time = 1605529644.4812813
injection-file = /work/shashwat.singh/Prospects-of-LGWs/unlens/injection.hdf

[global]
instruments = C1 C2
mass1_ref = 30.00000000256457
mass2_ref = 30.000000005378237
minchirp = 26.116416902341033
maxchirp = 26.116616902341033
mincov = 156856038058.17694
maxcov = 15685603805817.695
