
[data]
trigger-time = 1985778615.7116704
injection-file = /work/shashwat.singh/Prospects-of-LGWs/unlens/injection.hdf

[global]
instruments = C1 C2
mass1_ref = 30.000000007918285
mass2_ref = 30.000000001750667
minchirp = 26.11641690309238
maxchirp = 26.11661690309238
mincov = 98377011564.64468
maxcov = 9837701156464.469
