
[data]
trigger-time = 1082402679.9757557
injection-file = /work/shashwat.singh/Prospects-of-LGWs/unlens/injection.hdf

[global]
instruments = C1 C2
mass1_ref = 30.000000004603297
mass2_ref = 30.000000005469637
minchirp = 26.116416903268224
maxchirp = 26.116616903268223
mincov = 100877010767.31676
maxcov = 10087701076731.676
