
[data]
trigger-time = 1998108350.2188082
injection-file = /work/shashwat.singh/Prospects-of-LGWs/unlens/injection.hdf

[global]
instruments = C1 C2
mass1_ref = 30.000000009931743
mass2_ref = 30.00000000857581
minchirp = 26.116416906939605
maxchirp = 26.116616906939605
mincov = 170844048963.67538
maxcov = 17084404896367.54
