
[data]
trigger-time = 1101452753.1523783
injection-file = /work/shashwat.singh/Prospects-of-LGWs/unlens/injection.hdf

[global]
instruments = C1 C2
mass1_ref = 30.00000000633509
mass2_ref = 30.00000000194242
minchirp = 26.11641690248672
maxchirp = 26.11661690248672
mincov = 177311679571.3008
maxcov = 17731167957130.082
