
[data]
trigger-time = 1267827848.86484
injection-file = /work/shashwat.singh/Prospects-of-LGWs/unlens/injection.hdf

[global]
instruments = C1 C2
mass1_ref = 30.000000002512024
mass2_ref = 30.00000000911874
minchirp = 26.116416903946305
maxchirp = 26.116616903946305
mincov = 119594192583.42859
maxcov = 11959419258342.86
