
[data]
trigger-time = 1451462745.9293509
injection-file = /work/shashwat.singh/Prospects-of-LGWs/unlens/injection.hdf

[global]
instruments = C1 C2
mass1_ref = 30.000000009685706
mass2_ref = 30.000000006436917
minchirp = 26.116416905901506
maxchirp = 26.116616905901505
mincov = 118799575665.86392
maxcov = 11879957566586.39
