
[data]
trigger-time = 1997080713.833479
injection-file = /work/shashwat.singh/Prospects-of-LGWs/unlens/injection.hdf

[global]
instruments = C1 C2
mass1_ref = 30.00000000127387
mass2_ref = 30.000000007834238
minchirp = 26.116416902848258
maxchirp = 26.116616902848257
mincov = 12060583783.545284
maxcov = 1206058378354.5283
