
[data]
trigger-time = 1621267459.2086527
injection-file = /work/shashwat.singh/Prospects-of-LGWs/unlens/injection.hdf

[global]
instruments = C1 C2
mass1_ref = 30.000000001250516
mass2_ref = 30.00000000632271
minchirp = 26.116416902180163
maxchirp = 26.116616902180162
mincov = 80595597631.96849
maxcov = 8059559763196.85
