
[data]
trigger-time = 1154408769.2205873
injection-file = /work/shashwat.singh/Prospects-of-LGWs/unlens/injection.hdf

[global]
instruments = C1 C2
mass1_ref = 30.000000006527063
mass2_ref = 30.00000000456434
minchirp = 26.11641690371154
maxchirp = 26.116616903711538
mincov = 146578584.4227811
maxcov = 14657858442.27811
