
[data]
trigger-time = 1010860788.5188861
injection-file = /work/shashwat.singh/Prospects-of-LGWs/unlens/injection.hdf

[global]
instruments = C1 C2
mass1_ref = 30.000000007648705
mass2_ref = 30.000000003159336
minchirp = 26.1164169035882
maxchirp = 26.1166169035882
mincov = 118776782238.20312
maxcov = 11877678223820.312
