
[data]
trigger-time = 1590154690.0885925
injection-file = /work/shashwat.singh/Prospects-of-LGWs/unlens/injection.hdf

[global]
instruments = C1 C2
mass1_ref = 30.000000009924634
mass2_ref = 30.000000007670504
minchirp = 26.116416906542455
maxchirp = 26.116616906542454
mincov = 2599445018.891931
maxcov = 259944501889.1931
