
[data]
trigger-time = 1001367095.4561006
injection-file = /work/shashwat.singh/Prospects-of-LGWs/unlens/injection.hdf

[global]
instruments = C1 C2
mass1_ref = 30.000000002848438
mass2_ref = 30.000000002648378
minchirp = 26.116416901276352
maxchirp = 26.116616901276352
mincov = 134617523066.20943
maxcov = 13461752306620.941
