
[data]
trigger-time = 1100465595.361961
injection-file = /work/shashwat.singh/Prospects-of-LGWs/unlens/injection.hdf

[global]
instruments = C1 C2
mass1_ref = 30.000000004936386
mass2_ref = 30.00000000804155
minchirp = 26.1164169045327
maxchirp = 26.116616904532698
mincov = 98003157937.10097
maxcov = 9800315793710.096
