
[data]
trigger-time = 1676659182.0293906
injection-file = /work/shashwat.singh/Prospects-of-LGWs/unlens/injection.hdf

[global]
instruments = C1 C2
mass1_ref = 30.000000001863434
mass2_ref = 30.000000009427314
minchirp = 26.11641690379831
maxchirp = 26.11661690379831
mincov = 52988404196.62724
maxcov = 5298840419662.724
