
[data]
trigger-time = 1091663486.4881434
injection-file = /work/shashwat.singh/Prospects-of-LGWs/unlens/injection.hdf

[global]
instruments = C1 C2
mass1_ref = 30.000000008809632
mass2_ref = 30.000000006108255
minchirp = 26.11641690537711
maxchirp = 26.11661690537711
mincov = 63379735984.005226
maxcov = 6337973598400.522
