
[data]
trigger-time = 1633797151.9455302
injection-file = /work/shashwat.singh/Prospects-of-LGWs/unlens/injection.hdf

[global]
instruments = C1 C2
mass1_ref = 30.00000000337272
mass2_ref = 30.000000003123265
minchirp = 26.116416901711265
maxchirp = 26.116616901711264
mincov = 118182708173.53862
maxcov = 11818270817353.863
