
[data]
trigger-time = 1632883522.0238569
injection-file = /work/shashwat.singh/Prospects-of-LGWs/unlens/injection.hdf

[global]
instruments = C1 C2
mass1_ref = 30.000000002840228
mass2_ref = 30.000000003826397
minchirp = 26.11641690178554
maxchirp = 26.11661690178554
mincov = 57618086236.216675
maxcov = 5761808623621.668
