
[data]
trigger-time = 1125039867.4141018
injection-file = /work/shashwat.singh/Prospects-of-LGWs/unlens/injection.hdf

[global]
instruments = C1 C2
mass1_ref = 30.000000003294165
mass2_ref = 30.000000007363695
minchirp = 26.11641690352283
maxchirp = 26.11661690352283
mincov = 157345750051.17618
maxcov = 15734575005117.617
