
[data]
trigger-time = 1320377663.2737494
injection-file = /work/shashwat.singh/Prospects-of-LGWs/unlens/injection.hdf

[global]
instruments = C1 C2
mass1_ref = 30.000000000472678
mass2_ref = 30.00000000409081
minchirp = 26.1164169008701
maxchirp = 26.1166169008701
mincov = 55525969602.08876
maxcov = 5552596960208.876
