
[data]
trigger-time = 1448647632.427782
injection-file = /work/shashwat.singh/Prospects-of-LGWs/unlens/injection.hdf

[global]
instruments = C1 C2
mass1_ref = 30.000000003885795
mass2_ref = 30.00000000266992
minchirp = 26.116416901737264
maxchirp = 26.116616901737263
mincov = 111859404137.42903
maxcov = 11185940413742.902
