
[data]
trigger-time = 1019313792.4772916
injection-file = /work/shashwat.singh/Prospects-of-LGWs/unlens/injection.hdf

[global]
instruments = C1 C2
mass1_ref = 30.00000000220098
mass2_ref = 30.000000003382414
minchirp = 26.11641690131404
maxchirp = 26.11661690131404
mincov = 103188891102.07649
maxcov = 10318889110207.648
