
[data]
trigger-time = 1384778123.1721754
injection-file = /work/shashwat.singh/Prospects-of-LGWs/unlens/injection.hdf

[global]
instruments = C1 C2
mass1_ref = 30.00000000645306
mass2_ref = 30.000000002069907
minchirp = 26.11641690259356
maxchirp = 26.11661690259356
mincov = 129996299881.53726
maxcov = 12999629988153.727
