
[data]
trigger-time = 1760541412.6227095
injection-file = /work/shashwat.singh/Prospects-of-LGWs/unlens/injection.hdf

[global]
instruments = C1 C2
mass1_ref = 30.000000008932332
mass2_ref = 30.00000000487065
minchirp = 26.11641690489182
maxchirp = 26.11661690489182
mincov = 169504152799.52167
maxcov = 16950415279952.168
