
[data]
trigger-time = 1460639421.6116996
injection-file = /work/shashwat.singh/Prospects-of-LGWs/unlens/injection.hdf

[global]
instruments = C1 C2
mass1_ref = 30.000000008348497
mass2_ref = 30.000000004412982
minchirp = 26.11641690443848
maxchirp = 26.11661690443848
mincov = 128801821210.08765
maxcov = 12880182121008.766
