
[data]
trigger-time = 1090081712.5959854
injection-file = /work/shashwat.singh/Prospects-of-LGWs/unlens/injection.hdf

[global]
instruments = C1 C2
mass1_ref = 30.000000008104113
mass2_ref = 30.000000005767482
minchirp = 26.11641690492169
maxchirp = 26.11661690492169
mincov = 108767933500.38489
maxcov = 10876793350038.488
