
[data]
trigger-time = 1688839704.505031
injection-file = /work/shashwat.singh/Prospects-of-LGWs/unlens/injection.hdf

[global]
instruments = C1 C2
mass1_ref = 30.000000008801848
mass2_ref = 30.00000000235204
minchirp = 26.116416903738735
maxchirp = 26.116616903738734
mincov = 26688021041.662582
maxcov = 2668802104166.2583
