
[data]
trigger-time = 1919802091.6430492
injection-file = /work/shashwat.singh/Prospects-of-LGWs/unlens/injection.hdf

[global]
instruments = C1 C2
mass1_ref = 30.000000003888307
mass2_ref = 30.000000008174073
minchirp = 26.11641690413418
maxchirp = 26.11661690413418
mincov = 109736178947.96335
maxcov = 10973617894796.336
