
[data]
trigger-time = 1469578578.224196
injection-file = /work/shashwat.singh/Prospects-of-LGWs/unlens/injection.hdf

[global]
instruments = C1 C2
mass1_ref = 30.00000000394898
mass2_ref = 30.000000001918494
minchirp = 26.11641690143769
maxchirp = 26.11661690143769
mincov = 127586217882.20076
maxcov = 12758621788220.076
