
[data]
trigger-time = 1520316902.699773
injection-file = /work/shashwat.singh/Prospects-of-LGWs/unlens/injection.hdf

[global]
instruments = C1 C2
mass1_ref = 30.000000008124683
mass2_ref = 30.00000000985349
minchirp = 26.11641690670918
maxchirp = 26.11661690670918
mincov = 5300168973.201265
maxcov = 530016897320.1266
