
[data]
trigger-time = 1936572334.4737206
injection-file = /work/shashwat.singh/Prospects-of-LGWs/unlens/injection.hdf

[global]
instruments = C1 C2
mass1_ref = 30.000000009852954
mass2_ref = 30.00000000737991
minchirp = 26.116416906384764
maxchirp = 26.116616906384763
mincov = 60751547371.32648
maxcov = 6075154737132.647
