
[data]
trigger-time = 1768774843.6895804
injection-file = /work/shashwat.singh/Prospects-of-LGWs/unlens/injection.hdf

[global]
instruments = C1 C2
mass1_ref = 30.00000000303233
mass2_ref = 30.000000009651206
minchirp = 26.116416904404552
maxchirp = 26.11661690440455
mincov = 22317309.53795062
maxcov = 2231730953.795062
