
[data]
trigger-time = 1576875331.9147215
injection-file = /work/shashwat.singh/Prospects-of-LGWs/unlens/injection.hdf

[global]
instruments = C1 C2
mass1_ref = 30.000000009482704
mass2_ref = 30.000000000503004
minchirp = 26.116416903230256
maxchirp = 26.116616903230256
mincov = 169571128416.47452
maxcov = 16957112841647.451
