
[data]
trigger-time = 1836335130.8708386
injection-file = /work/shashwat.singh/Prospects-of-LGWs/unlens/injection.hdf

[global]
instruments = C1 C2
mass1_ref = 30.000000008560235
mass2_ref = 30.000000002161503
minchirp = 26.116416903550633
maxchirp = 26.116616903550632
mincov = 174008380579.03677
maxcov = 17400838057903.676
