
[data]
trigger-time = 1668109902.367815
injection-file = /work/shashwat.singh/Prospects-of-LGWs/unlens/injection.hdf

[global]
instruments = C1 C2
mass1_ref = 30.000000005921223
mass2_ref = 30.000000001769923
minchirp = 26.116416902231492
maxchirp = 26.116616902231492
mincov = 154965415753.40533
maxcov = 15496541575340.535
