
[data]
trigger-time = 1519737362.8029008
injection-file = /work/shashwat.singh/Prospects-of-LGWs/unlens/injection.hdf

[global]
instruments = C1 C2
mass1_ref = 30.000000009164033
mass2_ref = 30.0000000069131
minchirp = 26.116416905881703
maxchirp = 26.116616905881703
mincov = 126056201456.06364
maxcov = 12605620145606.365
