
[data]
trigger-time = 1385362371.3962295
injection-file = /work/shashwat.singh/Prospects-of-LGWs/unlens/injection.hdf

[global]
instruments = C1 C2
mass1_ref = 30.00000000412799
mass2_ref = 30.00000000561303
minchirp = 26.11641690312375
maxchirp = 26.11661690312375
mincov = 8069275441.969332
maxcov = 806927544196.9331
