
[data]
trigger-time = 1051603178.0563242
injection-file = /work/shashwat.singh/Prospects-of-LGWs/unlens/injection.hdf

[global]
instruments = C1 C2
mass1_ref = 30.000000005784255
mass2_ref = 30.00000000285847
minchirp = 26.11641690264569
maxchirp = 26.11661690264569
mincov = 56082568933.41355
maxcov = 5608256893341.355
