
[data]
trigger-time = 1387796089.6991045
injection-file = /work/shashwat.singh/Prospects-of-LGWs/unlens/injection.hdf

[global]
instruments = C1 C2
mass1_ref = 30.000000004499334
mass2_ref = 30.00000000510917
minchirp = 26.11641690306607
maxchirp = 26.11661690306607
mincov = 147766867654.30988
maxcov = 14776686765430.986
