
[data]
trigger-time = 1410930938.0619493
injection-file = /work/shashwat.singh/Prospects-of-LGWs/unlens/injection.hdf

[global]
instruments = C1 C2
mass1_ref = 30.000000005650328
mass2_ref = 30.000000003989747
minchirp = 26.11641690307981
maxchirp = 26.11661690307981
mincov = 151154456353.73004
maxcov = 15115445635373.004
