
[data]
trigger-time = 1260042673.5066361
injection-file = /work/shashwat.singh/Prospects-of-LGWs/unlens/injection.hdf

[global]
instruments = C1 C2
mass1_ref = 30.000000007925703
mass2_ref = 30.000000005041983
minchirp = 26.11641690452824
maxchirp = 26.11661690452824
mincov = 137538193704.66367
maxcov = 13753819370466.367
