
[data]
trigger-time = 1067870129.7326082
injection-file = /work/shashwat.singh/Prospects-of-LGWs/unlens/injection.hdf

[global]
instruments = C1 C2
mass1_ref = 30.000000009701616
mass2_ref = 30.000000005711186
minchirp = 26.116416905592537
maxchirp = 26.116616905592537
mincov = 104836131939.83792
maxcov = 10483613193983.793
