
[data]
trigger-time = 1471364330.0025694
injection-file = /work/shashwat.singh/Prospects-of-LGWs/unlens/injection.hdf

[global]
instruments = C1 C2
mass1_ref = 30.000000008608676
mass2_ref = 30.000000004258457
minchirp = 26.11641690448447
maxchirp = 26.11661690448447
mincov = 166822764093.7028
maxcov = 16682276409370.277
