
[data]
trigger-time = 1300315245.9486938
injection-file = /work/shashwat.singh/Prospects-of-LGWs/unlens/injection.hdf

[global]
instruments = C1 C2
mass1_ref = 30.000000003490783
mass2_ref = 30.000000001621395
minchirp = 26.116416901108927
maxchirp = 26.116616901108927
mincov = 100956858077.64117
maxcov = 10095685807764.117
