
[data]
trigger-time = 1526872967.2465827
injection-file = /work/shashwat.singh/Prospects-of-LGWs/unlens/injection.hdf

[global]
instruments = C1 C2
mass1_ref = 30.00000000541368
mass2_ref = 30.00000000768604
minchirp = 26.11641690458571
maxchirp = 26.116616904585708
mincov = 30547227185.366405
maxcov = 3054722718536.6406
