
[data]
trigger-time = 1222573554.7941034
injection-file = /work/shashwat.singh/Prospects-of-LGWs/unlens/injection.hdf

[global]
instruments = C1 C2
mass1_ref = 30.000000006219963
mass2_ref = 30.00000000747102
minchirp = 26.11641690484307
maxchirp = 26.11661690484307
mincov = 116035775140.87955
maxcov = 11603577514087.953
