
[data]
trigger-time = 1035981279.0037266
injection-file = /work/shashwat.singh/Prospects-of-LGWs/unlens/injection.hdf

[global]
instruments = C1 C2
mass1_ref = 30.000000007738905
mass2_ref = 30.000000006106408
minchirp = 26.11641690491025
maxchirp = 26.11661690491025
mincov = 48747016394.47313
maxcov = 4874701639447.313
