
[data]
trigger-time = 1688743277.9171965
injection-file = /work/shashwat.singh/Prospects-of-LGWs/unlens/injection.hdf

[global]
instruments = C1 C2
mass1_ref = 30.00000000197507
mass2_ref = 30.00000000006776
minchirp = 26.11641689977292
maxchirp = 26.116616899772918
mincov = 150700265796.6529
maxcov = 15070026579665.29
