
[data]
trigger-time = 1956201171.781368
injection-file = /work/shashwat.singh/Prospects-of-LGWs/unlens/injection.hdf

[global]
instruments = C1 C2
mass1_ref = 30.000000006303885
mass2_ref = 30.0000000038608
minchirp = 26.116416903308163
maxchirp = 26.116616903308163
mincov = 89477645199.94579
maxcov = 8947764519994.578
