
[data]
trigger-time = 1657014423.619246
injection-file = /work/shashwat.singh/Prospects-of-LGWs/unlens/injection.hdf

[global]
instruments = C1 C2
mass1_ref = 30.000000009797482
mass2_ref = 30.000000003027147
minchirp = 26.116416904465968
maxchirp = 26.116616904465968
mincov = 175545654953.5003
maxcov = 17554565495350.03
