
[data]
trigger-time = 1326502780.349448
injection-file = /work/shashwat.singh/Prospects-of-LGWs/unlens/injection.hdf

[global]
instruments = C1 C2
mass1_ref = 30.000000009801624
mass2_ref = 30.00000000107372
minchirp = 26.116416903617495
maxchirp = 26.116616903617494
mincov = 173592353478.79794
maxcov = 17359235347879.795
