
[data]
trigger-time = 1763830215.0805655
injection-file = /work/shashwat.singh/Prospects-of-LGWs/unlens/injection.hdf

[global]
instruments = C1 C2
mass1_ref = 30.000000001427715
mass2_ref = 30.00000000958975
minchirp = 26.116416903679358
maxchirp = 26.116616903679358
mincov = 168214354773.19342
maxcov = 16821435477319.344
