
[data]
trigger-time = 1023736428.9444287
injection-file = /work/shashwat.singh/Prospects-of-LGWs/unlens/injection.hdf

[global]
instruments = C1 C2
mass1_ref = 30.000000005190984
mass2_ref = 30.000000007034235
minchirp = 26.11641690420506
maxchirp = 26.11661690420506
mincov = 99440292501.60965
maxcov = 9944029250160.965
