
[data]
trigger-time = 1059682442.3222499
injection-file = /work/shashwat.singh/Prospects-of-LGWs/unlens/injection.hdf

[global]
instruments = C1 C2
mass1_ref = 30.000000004551897
mass2_ref = 30.000000000220073
minchirp = 26.116416900960843
maxchirp = 26.116616900960842
mincov = 79412667460.29366
maxcov = 7941266746029.365
