
[data]
trigger-time = 1396713745.2672825
injection-file = /work/shashwat.singh/Prospects-of-LGWs/unlens/injection.hdf

[global]
instruments = C1 C2
mass1_ref = 30.00000000066869
mass2_ref = 30.00000000393331
minchirp = 26.11641690088686
maxchirp = 26.11661690088686
mincov = 1906931582.6196923
maxcov = 190693158261.96924
