
[data]
trigger-time = 1699184020.2654157
injection-file = /work/shashwat.singh/Prospects-of-LGWs/unlens/injection.hdf

[global]
instruments = C1 C2
mass1_ref = 30.000000000646523
mass2_ref = 30.000000001270767
minchirp = 26.116416899718274
maxchirp = 26.116616899718274
mincov = 3172583711.910535
maxcov = 317258371191.05347
