
[data]
trigger-time = 1691341175.2514899
injection-file = /work/shashwat.singh/Prospects-of-LGWs/unlens/injection.hdf

[global]
instruments = C1 C2
mass1_ref = 30.000000003927845
mass2_ref = 30.000000004847607
minchirp = 26.11641690270346
maxchirp = 26.11661690270346
mincov = 7541791864.677139
maxcov = 754179186467.7139
