
[data]
trigger-time = 1310060564.3565776
injection-file = /work/shashwat.singh/Prospects-of-LGWs/unlens/injection.hdf

[global]
instruments = C1 C2
mass1_ref = 30.00000000983837
mass2_ref = 30.000000003204555
minchirp = 26.116416904560985
maxchirp = 26.116616904560985
mincov = 1436278236.9926212
maxcov = 143627823699.26212
