
[data]
trigger-time = 1407594637.1706238
injection-file = /work/shashwat.singh/Prospects-of-LGWs/unlens/injection.hdf

[global]
instruments = C1 C2
mass1_ref = 30.000000002521432
mass2_ref = 30.00000000509256
minchirp = 26.116416902197905
maxchirp = 26.116616902197904
mincov = 176038018616.64777
maxcov = 17603801861664.777
