
[data]
trigger-time = 1415659105.9834473
injection-file = /work/shashwat.singh/Prospects-of-LGWs/unlens/injection.hdf

[global]
instruments = C1 C2
mass1_ref = 30.000000001510795
mass2_ref = 30.00000000738441
minchirp = 26.11641690275559
maxchirp = 26.116616902755588
mincov = 3477442953.3810835
maxcov = 347744295338.1084
