
[data]
trigger-time = 1376775607.064742
injection-file = /work/shashwat.singh/Prospects-of-LGWs/unlens/injection.hdf

[global]
instruments = C1 C2
mass1_ref = 30.000000007327227
mass2_ref = 30.000000003620784
minchirp = 26.116416903649124
maxchirp = 26.116616903649124
mincov = 171040638380.41702
maxcov = 17104063838041.701
