
[data]
trigger-time = 1211640893.1304984
injection-file = /work/shashwat.singh/Prospects-of-LGWs/unlens/injection.hdf

[global]
instruments = C1 C2
mass1_ref = 30.000000003607855
mass2_ref = 30.000000006372733
minchirp = 26.11641690322803
maxchirp = 26.116616903228028
mincov = 51441309675.52847
maxcov = 5144130967552.848
