
[data]
trigger-time = 1812575161.0643349
injection-file = /work/shashwat.singh/Prospects-of-LGWs/unlens/injection.hdf

[global]
instruments = C1 C2
mass1_ref = 30.000000002443635
mass2_ref = 30.00000000663791
minchirp = 26.116416902836697
maxchirp = 26.116616902836697
mincov = 50563695399.282684
maxcov = 5056369539928.269
