
[data]
trigger-time = 1019739977.9679607
injection-file = /work/shashwat.singh/Prospects-of-LGWs/unlens/injection.hdf

[global]
instruments = C1 C2
mass1_ref = 30.00000000761087
mass2_ref = 30.000000001490225
minchirp = 26.116416902845206
maxchirp = 26.116616902845205
mincov = 174496680652.6402
maxcov = 17449668065264.021
