
[data]
trigger-time = 1089660750.5078325
injection-file = /work/shashwat.singh/Prospects-of-LGWs/unlens/injection.hdf

[global]
instruments = C1 C2
mass1_ref = 30.000000000843244
mass2_ref = 30.00000000846492
minchirp = 26.116416902935338
maxchirp = 26.116616902935338
mincov = 98140444254.3794
maxcov = 9814044425437.94
