
[data]
trigger-time = 1021540594.5281278
injection-file = /work/shashwat.singh/Prospects-of-LGWs/unlens/injection.hdf

[global]
instruments = C1 C2
mass1_ref = 30.000000003767216
mass2_ref = 30.000000009925966
minchirp = 26.116416904844026
maxchirp = 26.116616904844026
mincov = 148219592392.07083
maxcov = 14821959239207.082
