
[data]
trigger-time = 1567053258.068213
injection-file = /work/shashwat.singh/Prospects-of-LGWs/unlens/injection.hdf

[global]
instruments = C1 C2
mass1_ref = 30.00000000098959
mass2_ref = 30.00000000485729
minchirp = 26.116416901428728
maxchirp = 26.116616901428728
mincov = 103634090007.56238
maxcov = 10363409000756.238
