
[data]
trigger-time = 1383523504.5193672
injection-file = /work/shashwat.singh/Prospects-of-LGWs/unlens/injection.hdf

[global]
instruments = C1 C2
mass1_ref = 30.000000005786667
mass2_ref = 30.000000002434877
minchirp = 26.116416902462362
maxchirp = 26.11661690246236
mincov = 35092017844.58496
maxcov = 3509201784458.496
