
[data]
trigger-time = 1320670026.7991185
injection-file = /work/shashwat.singh/Prospects-of-LGWs/unlens/injection.hdf

[global]
instruments = C1 C2
mass1_ref = 30.00000000181017
mass2_ref = 30.000000006114
minchirp = 26.11641690233292
maxchirp = 26.116616902332918
mincov = 149523682357.602
maxcov = 14952368235760.2
