
[data]
trigger-time = 1409457700.4037828
injection-file = /work/shashwat.singh/Prospects-of-LGWs/unlens/injection.hdf

[global]
instruments = C1 C2
mass1_ref = 30.000000004108216
mass2_ref = 30.000000008573586
minchirp = 26.1164169044038
maxchirp = 26.1166169044038
mincov = 146123546635.13547
maxcov = 14612354663513.547
