
[data]
trigger-time = 1470285920.5296373
injection-file = /work/shashwat.singh/Prospects-of-LGWs/unlens/injection.hdf

[global]
instruments = C1 C2
mass1_ref = 30.000000006804118
mass2_ref = 30.000000000568917
minchirp = 26.116416902093025
maxchirp = 26.116616902093025
mincov = 87796268270.64462
maxcov = 8779626827064.462
