
[data]
trigger-time = 1032533179.2655149
injection-file = /work/shashwat.singh/Prospects-of-LGWs/unlens/injection.hdf

[global]
instruments = C1 C2
mass1_ref = 30.000000002996284
mass2_ref = 30.000000003744777
minchirp = 26.116416901817942
maxchirp = 26.11661690181794
mincov = 113772005544.20749
maxcov = 11377200554420.75
