
[data]
trigger-time = 1076364546.8666449
injection-file = /work/shashwat.singh/Prospects-of-LGWs/unlens/injection.hdf

[global]
instruments = C1 C2
mass1_ref = 30.000000008904635
mass2_ref = 30.00000000231579
minchirp = 26.1164169037677
maxchirp = 26.1166169037677
mincov = 161971757566.21475
maxcov = 16197175756621.475
