
[data]
trigger-time = 1235320039.5356777
injection-file = /work/shashwat.singh/Prospects-of-LGWs/unlens/injection.hdf

[global]
instruments = C1 C2
mass1_ref = 30.000000007677354
mass2_ref = 30.000000007522758
minchirp = 26.116416905499957
maxchirp = 26.116616905499956
mincov = 95630211475.72556
maxcov = 9563021147572.555
