
[data]
trigger-time = 1540706590.266889
injection-file = /work/shashwat.singh/Prospects-of-LGWs/unlens/injection.hdf

[global]
instruments = C1 C2
mass1_ref = 30.000000004213767
mass2_ref = 30.000000007652694
minchirp = 26.1164169040489
maxchirp = 26.1166169040489
mincov = 699289046.577973
maxcov = 69928904657.7973
