
[data]
trigger-time = 1703118650.6157684
injection-file = /work/shashwat.singh/Prospects-of-LGWs/unlens/injection.hdf

[global]
instruments = C1 C2
mass1_ref = 30.000000005765468
mass2_ref = 30.000000007983694
minchirp = 26.116416904868395
maxchirp = 26.116616904868394
mincov = 107689804692.49821
maxcov = 10768980469249.822
