
[data]
trigger-time = 1126022121.3619163
injection-file = /work/shashwat.singh/Prospects-of-LGWs/unlens/injection.hdf

[global]
instruments = C1 C2
mass1_ref = 30.000000008894926
mass2_ref = 30.000000007203443
minchirp = 26.116416905890947
maxchirp = 26.116616905890947
mincov = 99863861348.97618
maxcov = 9986386134897.62
