
[data]
trigger-time = 1887390063.523676
injection-file = /work/shashwat.singh/Prospects-of-LGWs/unlens/injection.hdf

[global]
instruments = C1 C2
mass1_ref = 30.000000003639247
mass2_ref = 30.000000006646115
minchirp = 26.116416903360687
maxchirp = 26.116616903360686
mincov = 107865747958.3052
maxcov = 10786574795830.52
