
[data]
trigger-time = 1986734876.7144027
injection-file = /work/shashwat.singh/Prospects-of-LGWs/unlens/injection.hdf

[global]
instruments = C1 C2
mass1_ref = 30.00000000121227
mass2_ref = 30.000000001978538
minchirp = 26.116416900272608
maxchirp = 26.116616900272607
mincov = 10113923538.024403
maxcov = 1011392353802.4402
