
[data]
trigger-time = 1824591155.4081802
injection-file = /work/shashwat.singh/Prospects-of-LGWs/unlens/injection.hdf

[global]
instruments = C1 C2
mass1_ref = 30.00000000473073
mass2_ref = 30.000000009833077
minchirp = 26.11641690522299
maxchirp = 26.11661690522299
mincov = 60190727609.81224
maxcov = 6019072760981.225
