
[data]
trigger-time = 1268200390.7531266
injection-file = /work/shashwat.singh/Prospects-of-LGWs/unlens/injection.hdf

[global]
instruments = C1 C2
mass1_ref = 30.000000005338613
mass2_ref = 30.000000002213802
minchirp = 26.116416902171103
maxchirp = 26.116616902171103
mincov = 3709045572.8092566
maxcov = 370904557280.92566
