
[data]
trigger-time = 1277468938.2773657
injection-file = /work/shashwat.singh/Prospects-of-LGWs/unlens/injection.hdf

[global]
instruments = C1 C2
mass1_ref = 30.000000006560093
mass2_ref = 30.000000003318643
minchirp = 26.11641690318369
maxchirp = 26.11661690318369
mincov = 135514603.35999084
maxcov = 13551460335.999084
