
[data]
trigger-time = 1871179248.1807752
injection-file = /work/shashwat.singh/Prospects-of-LGWs/unlens/injection.hdf

[global]
instruments = C1 C2
mass1_ref = 30.00000000515967
mass2_ref = 30.000000006912014
minchirp = 26.11641690413823
maxchirp = 26.11661690413823
mincov = 37824195933.46169
maxcov = 3782419593346.1694
