
[data]
trigger-time = 1566815996.7518682
injection-file = /work/shashwat.singh/Prospects-of-LGWs/unlens/injection.hdf

[global]
instruments = C1 C2
mass1_ref = 30.000000000549434
mass2_ref = 30.000000009806122
minchirp = 26.11641690339124
maxchirp = 26.11661690339124
mincov = 67156641954.01703
maxcov = 6715664195401.703
