
[data]
trigger-time = 1888544724.3825421
injection-file = /work/shashwat.singh/Prospects-of-LGWs/unlens/injection.hdf

[global]
instruments = C1 C2
mass1_ref = 30.00000000599927
mass2_ref = 30.000000002064375
minchirp = 26.116416902393627
maxchirp = 26.116616902393627
mincov = 169652547705.12723
maxcov = 16965254770512.723
