
[data]
trigger-time = 1672889081.368552
injection-file = /work/shashwat.singh/Prospects-of-LGWs/unlens/injection.hdf

[global]
instruments = C1 C2
mass1_ref = 30.000000001458996
mass2_ref = 30.000000009556743
minchirp = 26.116416903678605
maxchirp = 26.116616903678604
mincov = 38893987925.85899
maxcov = 3889398792585.899
