
[data]
trigger-time = 1474463509.301337
injection-file = /work/shashwat.singh/Prospects-of-LGWs/unlens/injection.hdf

[global]
instruments = C1 C2
mass1_ref = 30.00000000329172
mass2_ref = 30.00000000009166
minchirp = 26.116416900356427
maxchirp = 26.116616900356426
mincov = 90723623173.49759
maxcov = 9072362317349.76
