
[data]
trigger-time = 1377015889.1723888
injection-file = /work/shashwat.singh/Prospects-of-LGWs/unlens/injection.hdf

[global]
instruments = C1 C2
mass1_ref = 30.00000000239499
mass2_ref = 30.000000002905374
minchirp = 26.116416901190842
maxchirp = 26.11661690119084
mincov = 142234369228.8557
maxcov = 14223436922885.57
