
[data]
trigger-time = 1684348027.8490806
injection-file = /work/shashwat.singh/Prospects-of-LGWs/unlens/injection.hdf

[global]
instruments = C1 C2
mass1_ref = 30.000000009596217
mass2_ref = 30.000000004302304
minchirp = 26.116416904933406
maxchirp = 26.116616904933405
mincov = 74319415665.05806
maxcov = 7431941566505.806
