
[data]
trigger-time = 1792197378.4215941
injection-file = /work/shashwat.singh/Prospects-of-LGWs/unlens/injection.hdf

[global]
instruments = C1 C2
mass1_ref = 30.000000008353936
mass2_ref = 30.000000002251003
minchirp = 26.116416903499793
maxchirp = 26.116616903499793
mincov = 161096916024.99945
maxcov = 16109691602499.945
