
[data]
trigger-time = 1458992509.1484966
injection-file = /work/shashwat.singh/Prospects-of-LGWs/unlens/injection.hdf

[global]
instruments = C1 C2
mass1_ref = 30.00000000133294
mass2_ref = 30.000000009812435
minchirp = 26.11641690373503
maxchirp = 26.11661690373503
mincov = 60964470653.73631
maxcov = 6096447065373.632
