
[data]
trigger-time = 1494367255.315176
injection-file = /work/shashwat.singh/Prospects-of-LGWs/unlens/injection.hdf

[global]
instruments = C1 C2
mass1_ref = 30.000000006282498
mass2_ref = 30.000000007458535
minchirp = 26.11641690486486
maxchirp = 26.11661690486486
mincov = 161687505601.29498
maxcov = 16168750560129.5
