
[data]
trigger-time = 1310361515.0529044
injection-file = /work/shashwat.singh/Prospects-of-LGWs/unlens/injection.hdf

[global]
instruments = C1 C2
mass1_ref = 30.00000000268645
mass2_ref = 30.000000008979537
minchirp = 26.11641690396164
maxchirp = 26.11661690396164
mincov = 80432856839.5698
maxcov = 8043285683956.98
