
[data]
trigger-time = 1523739010.7019534
injection-file = /work/shashwat.singh/Prospects-of-LGWs/unlens/injection.hdf

[global]
instruments = C1 C2
mass1_ref = 30.00000000906319
mass2_ref = 30.000000009285465
minchirp = 26.11641690687044
maxchirp = 26.11661690687044
mincov = 4726544268.434828
maxcov = 472654426843.4828
