
[data]
trigger-time = 1100152069.7452397
injection-file = /work/shashwat.singh/Prospects-of-LGWs/unlens/injection.hdf

[global]
instruments = C1 C2
mass1_ref = 30.000000005917435
mass2_ref = 30.00000000898067
minchirp = 26.116416905368503
maxchirp = 26.116616905368502
mincov = 81591111618.84521
maxcov = 8159111161884.521
