
[data]
trigger-time = 1867468812.8085487
injection-file = /work/shashwat.singh/Prospects-of-LGWs/unlens/injection.hdf

[global]
instruments = C1 C2
mass1_ref = 30.000000000383764
mass2_ref = 30.00000000245694
minchirp = 26.116416900120214
maxchirp = 26.116616900120214
mincov = 36278893042.222115
maxcov = 3627889304222.2114
