
[data]
trigger-time = 1729282181.332324
injection-file = /work/shashwat.singh/Prospects-of-LGWs/unlens/injection.hdf

[global]
instruments = C1 C2
mass1_ref = 30.000000003217295
mass2_ref = 30.0000000024376
minchirp = 26.11641690134516
maxchirp = 26.11661690134516
mincov = 119246636118.92886
maxcov = 11924663611892.887
