
[data]
trigger-time = 1836384108.2577076
injection-file = /work/shashwat.singh/Prospects-of-LGWs/unlens/injection.hdf

[global]
instruments = C1 C2
mass1_ref = 30.000000007160857
mass2_ref = 30.00000000946753
minchirp = 26.116416906121653
maxchirp = 26.116616906121653
mincov = 33105704456.18244
maxcov = 3310570445618.244
