
[data]
trigger-time = 1964262566.2809157
injection-file = /work/shashwat.singh/Prospects-of-LGWs/unlens/injection.hdf

[global]
instruments = C1 C2
mass1_ref = 30.00000000356552
mass2_ref = 30.00000000114441
minchirp = 26.116416900933842
maxchirp = 26.116616900933842
mincov = 144256137174.88046
maxcov = 14425613717488.047
