
[data]
trigger-time = 1515177871.8713381
injection-file = /work/shashwat.singh/Prospects-of-LGWs/unlens/injection.hdf

[global]
instruments = C1 C2
mass1_ref = 30.000000007045518
mass2_ref = 30.00000000871578
minchirp = 26.116416905744227
maxchirp = 26.116616905744227
mincov = 134622387557.44585
maxcov = 13462238755744.586
