
[data]
trigger-time = 1755032513.6474848
injection-file = /work/shashwat.singh/Prospects-of-LGWs/unlens/injection.hdf

[global]
instruments = C1 C2
mass1_ref = 30.000000007971657
mass2_ref = 30.000000007811202
minchirp = 26.116416905753614
maxchirp = 26.116616905753613
mincov = 45333734956.437035
maxcov = 4533373495643.703
