
[data]
trigger-time = 1804371278.359374
injection-file = /work/shashwat.singh/Prospects-of-LGWs/unlens/injection.hdf

[global]
instruments = C1 C2
mass1_ref = 30.00000000946208
mass2_ref = 30.00000000921393
minchirp = 26.11641690701293
maxchirp = 26.11661690701293
mincov = 23024025177.589474
maxcov = 2302402517758.9473
