
[data]
trigger-time = 1572732372.9952202
injection-file = /work/shashwat.singh/Prospects-of-LGWs/unlens/injection.hdf

[global]
instruments = C1 C2
mass1_ref = 30.000000007264287
mass2_ref = 30.000000008285657
minchirp = 26.11641690565223
maxchirp = 26.11661690565223
mincov = 130210595196.68271
maxcov = 13021059519668.271
