
[data]
trigger-time = 1874619021.4275718
injection-file = /work/shashwat.singh/Prospects-of-LGWs/unlens/injection.hdf

[global]
instruments = C1 C2
mass1_ref = 30.00000000451803
mass2_ref = 30.000000000088587
minchirp = 26.116416900888872
maxchirp = 26.11661690088887
mincov = 80580865209.959
maxcov = 8058086520995.899
