
[data]
trigger-time = 1889229657.2062292
injection-file = /work/shashwat.singh/Prospects-of-LGWs/unlens/injection.hdf

[global]
instruments = C1 C2
mass1_ref = 30.000000002965898
mass2_ref = 30.000000002632135
minchirp = 26.11641690132041
maxchirp = 26.11661690132041
mincov = 92874407151.21089
maxcov = 9287440715121.09
