
[data]
trigger-time = 1288207644.1988924
injection-file = /work/shashwat.singh/Prospects-of-LGWs/unlens/injection.hdf

[global]
instruments = C1 C2
mass1_ref = 30.000000009492638
mass2_ref = 30.00000000642787
minchirp = 26.116416905813526
maxchirp = 26.116616905813526
mincov = 56226040776.61304
maxcov = 5622604077661.304
