
[data]
trigger-time = 1034538370.1523638
injection-file = /work/shashwat.singh/Prospects-of-LGWs/unlens/injection.hdf

[global]
instruments = C1 C2
mass1_ref = 30.000000007049554
mass2_ref = 30.00000000695527
minchirp = 26.11641690497968
maxchirp = 26.11661690497968
mincov = 86770165017.33926
maxcov = 8677016501733.926
