
[data]
trigger-time = 1220245670.0257418
injection-file = /work/shashwat.singh/Prospects-of-LGWs/unlens/injection.hdf

[global]
instruments = C1 C2
mass1_ref = 30.000000008083763
mass2_ref = 30.00000000423315
minchirp = 26.116416904244975
maxchirp = 26.116616904244975
mincov = 24375063945.125362
maxcov = 2437506394512.536
