
[data]
trigger-time = 1667199689.9995346
injection-file = /work/shashwat.singh/Prospects-of-LGWs/unlens/injection.hdf

[global]
instruments = C1 C2
mass1_ref = 30.000000007112025
mass2_ref = 30.00000000950399
minchirp = 26.116416906116264
maxchirp = 26.116616906116263
mincov = 145284705129.2619
maxcov = 14528470512926.19
