
[data]
trigger-time = 1551121480.2842188
injection-file = /work/shashwat.singh/Prospects-of-LGWs/unlens/injection.hdf

[global]
instruments = C1 C2
mass1_ref = 30.000000000468162
mass2_ref = 30.000000001501295
minchirp = 26.116416899740983
maxchirp = 26.116616899740983
mincov = 37892781062.224075
maxcov = 3789278106222.407
