
[data]
trigger-time = 1925906538.5461826
injection-file = /work/shashwat.singh/Prospects-of-LGWs/unlens/injection.hdf

[global]
instruments = C1 C2
mass1_ref = 30.000000003957595
mass2_ref = 30.00000000438832
minchirp = 26.116416902516495
maxchirp = 26.116616902516494
mincov = 38983893245.3236
maxcov = 3898389324532.3604
