
[data]
trigger-time = 1095670208.4879003
injection-file = /work/shashwat.singh/Prospects-of-LGWs/unlens/injection.hdf

[global]
instruments = C1 C2
mass1_ref = 30.00000000085972
mass2_ref = 30.000000007686822
minchirp = 26.116416902603824
maxchirp = 26.116616902603823
mincov = 125288079354.42319
maxcov = 12528807935442.32
