
[data]
trigger-time = 1299283818.5308185
injection-file = /work/shashwat.singh/Prospects-of-LGWs/unlens/injection.hdf

[global]
instruments = C1 C2
mass1_ref = 30.000000003443937
mass2_ref = 30.000000001883468
minchirp = 26.116416901202612
maxchirp = 26.11661690120261
mincov = 14110514599.596756
maxcov = 1411051459959.6755
