
[data]
trigger-time = 1124313233.5840616
injection-file = /work/shashwat.singh/Prospects-of-LGWs/unlens/injection.hdf

[global]
instruments = C1 C2
mass1_ref = 30.000000001505985
mass2_ref = 30.000000004578105
minchirp = 26.11641690153198
maxchirp = 26.11661690153198
mincov = 34840043902.585014
maxcov = 3484004390258.5015
