
[data]
trigger-time = 1604747327.9183831
injection-file = /work/shashwat.singh/Prospects-of-LGWs/unlens/injection.hdf

[global]
instruments = C1 C2
mass1_ref = 30.00000000138707
mass2_ref = 30.00000000326464
minchirp = 26.116416900908497
maxchirp = 26.116616900908497
mincov = 1944337327.3588116
maxcov = 194433732735.88116
