
[data]
trigger-time = 1998661010.29854
injection-file = /work/shashwat.singh/Prospects-of-LGWs/unlens/injection.hdf

[global]
instruments = C1 C2
mass1_ref = 30.00000000698263
mass2_ref = 30.0000000042927
minchirp = 26.1164169037916
maxchirp = 26.1166169037916
mincov = 517518.3222625835
maxcov = 51751832.22625835
