
[data]
trigger-time = 1437151335.0692132
injection-file = /work/shashwat.singh/Prospects-of-LGWs/unlens/injection.hdf

[global]
instruments = C1 C2
mass1_ref = 30.000000009634316
mass2_ref = 30.00000000644145
minchirp = 26.116416905881106
maxchirp = 26.116616905881106
mincov = 98405853364.42032
maxcov = 9840585336442.033
