
[data]
trigger-time = 1480826800.6334226
injection-file = /work/shashwat.singh/Prospects-of-LGWs/unlens/injection.hdf

[global]
instruments = C1 C2
mass1_ref = 30.000000006012908
mass2_ref = 30.00000000057918
minchirp = 26.116416901753098
maxchirp = 26.116616901753098
mincov = 104274578855.15611
maxcov = 10427457885515.611
