
[data]
trigger-time = 1493344735.3176765
injection-file = /work/shashwat.singh/Prospects-of-LGWs/unlens/injection.hdf

[global]
instruments = C1 C2
mass1_ref = 30.000000009053185
mass2_ref = 30.000000001417582
minchirp = 26.11641690344139
maxchirp = 26.11661690344139
mincov = 3338138965.0002327
maxcov = 333813896500.02325
