
[data]
trigger-time = 1282487067.3038025
injection-file = /work/shashwat.singh/Prospects-of-LGWs/unlens/injection.hdf

[global]
instruments = C1 C2
mass1_ref = 30.000000009279635
mass2_ref = 30.00000000222182
minchirp = 26.116416903890023
maxchirp = 26.116616903890023
mincov = 43054212339.00307
maxcov = 4305421233900.3066
