
[data]
trigger-time = 1594176831.7393117
injection-file = /work/shashwat.singh/Prospects-of-LGWs/unlens/injection.hdf

[global]
instruments = C1 C2
mass1_ref = 30.000000002344468
mass2_ref = 30.00000000913791
minchirp = 26.11641690388172
maxchirp = 26.11661690388172
mincov = 30097167818.727013
maxcov = 3009716781872.701
