
[data]
trigger-time = 1073425802.0039645
injection-file = /work/shashwat.singh/Prospects-of-LGWs/unlens/injection.hdf

[global]
instruments = C1 C2
mass1_ref = 30.000000004709648
mass2_ref = 30.00000000482303
minchirp = 26.116416903033063
maxchirp = 26.116616903033062
mincov = 160053251561.26752
maxcov = 16005325156126.75
