
[data]
trigger-time = 1333142166.923365
injection-file = /work/shashwat.singh/Prospects-of-LGWs/unlens/injection.hdf

[global]
instruments = C1 C2
mass1_ref = 30.000000008325593
mass2_ref = 30.000000000769266
minchirp = 26.11641690284249
maxchirp = 26.11661690284249
mincov = 26755.37303787466
maxcov = 2675537.3037874657
