
[data]
trigger-time = 1463836750.7152295
injection-file = /work/shashwat.singh/Prospects-of-LGWs/unlens/injection.hdf

[global]
instruments = C1 C2
mass1_ref = 30.000000003189875
mass2_ref = 30.000000001692452
minchirp = 26.116416901008883
maxchirp = 26.116616901008882
mincov = 40600413469.5478
maxcov = 4060041346954.78
