
[data]
trigger-time = 1233937664.6889534
injection-file = /work/shashwat.singh/Prospects-of-LGWs/unlens/injection.hdf

[global]
instruments = C1 C2
mass1_ref = 30.000000005208122
mass2_ref = 30.000000006277407
minchirp = 26.11641690388309
maxchirp = 26.116616903883088
mincov = 54675577220.28988
maxcov = 5467557722028.988
