
[data]
trigger-time = 1865299797.491239
injection-file = /work/shashwat.singh/Prospects-of-LGWs/unlens/injection.hdf

[global]
instruments = C1 C2
mass1_ref = 30.00000000563124
mass2_ref = 30.000000007079972
minchirp = 26.1164169044166
maxchirp = 26.1166169044166
mincov = 76093010515.35881
maxcov = 7609301051535.881
