
[data]
trigger-time = 1345895480.9558625
injection-file = /work/shashwat.singh/Prospects-of-LGWs/unlens/injection.hdf

[global]
instruments = C1 C2
mass1_ref = 30.000000001404906
mass2_ref = 30.00000000010926
minchirp = 26.116416899542802
maxchirp = 26.1166168995428
mincov = 130960853151.37566
maxcov = 13096085315137.566
