
[data]
trigger-time = 1129931627.9334939
injection-file = /work/shashwat.singh/Prospects-of-LGWs/unlens/injection.hdf

[global]
instruments = C1 C2
mass1_ref = 30.000000009566858
mass2_ref = 30.00000000055373
minchirp = 26.116416903288965
maxchirp = 26.116616903288964
mincov = 16857288931.00274
maxcov = 1685728893100.274
