
[data]
trigger-time = 1302636656.4438539
injection-file = /work/shashwat.singh/Prospects-of-LGWs/unlens/injection.hdf

[global]
instruments = C1 C2
mass1_ref = 30.000000003314717
mass2_ref = 30.00000000904861
minchirp = 26.116416904265176
maxchirp = 26.116616904265175
mincov = 134768179704.00456
maxcov = 13476817970400.457
