
[data]
trigger-time = 1608450285.8042023
injection-file = /work/shashwat.singh/Prospects-of-LGWs/unlens/injection.hdf

[global]
instruments = C1 C2
mass1_ref = 30.000000007910707
mass2_ref = 30.0000000036163
minchirp = 26.116416903901147
maxchirp = 26.116616903901146
mincov = 158945451376.13727
maxcov = 15894545137613.729
