
[data]
trigger-time = 1554336949.9602184
injection-file = /work/shashwat.singh/Prospects-of-LGWs/unlens/injection.hdf

[global]
instruments = C1 C2
mass1_ref = 30.000000002276906
mass2_ref = 30.000000004487454
minchirp = 26.11641690182808
maxchirp = 26.11661690182808
mincov = 25035262502.34829
maxcov = 2503526250234.8286
