
[data]
trigger-time = 1219144266.307685
injection-file = /work/shashwat.singh/Prospects-of-LGWs/unlens/injection.hdf

[global]
instruments = C1 C2
mass1_ref = 30.000000002575216
mass2_ref = 30.00000000506005
minchirp = 26.116416902207167
maxchirp = 26.116616902207166
mincov = 2164819226.8290906
maxcov = 216481922682.90906
