
[data]
trigger-time = 1011483868.1688389
injection-file = /work/shashwat.singh/Prospects-of-LGWs/unlens/injection.hdf

[global]
instruments = C1 C2
mass1_ref = 30.00000000862892
mass2_ref = 30.000000003987907
minchirp = 26.116416904375516
maxchirp = 26.116616904375515
mincov = 150812154788.9096
maxcov = 15081215478890.959
