
[data]
trigger-time = 1147521565.9317763
injection-file = /work/shashwat.singh/Prospects-of-LGWs/unlens/injection.hdf

[global]
instruments = C1 C2
mass1_ref = 30.00000000955834
mass2_ref = 30.000000000480576
minchirp = 26.116416903253416
maxchirp = 26.116616903253416
mincov = 110639690635.77983
maxcov = 11063969063577.984
