
[data]
trigger-time = 1460311841.378121
injection-file = /work/shashwat.singh/Prospects-of-LGWs/unlens/injection.hdf

[global]
instruments = C1 C2
mass1_ref = 30.000000003843365
mass2_ref = 30.00000000265132
minchirp = 26.1164169017107
maxchirp = 26.1166169017107
mincov = 25260683330.630165
maxcov = 2526068333063.0166
