
[data]
trigger-time = 1491357566.03807
injection-file = /work/shashwat.singh/Prospects-of-LGWs/unlens/injection.hdf

[global]
instruments = C1 C2
mass1_ref = 30.000000006964058
mass2_ref = 30.000000002511097
minchirp = 26.116416903008027
maxchirp = 26.116616903008026
mincov = 120749962480.12456
maxcov = 12074996248012.457
