
[data]
trigger-time = 1725061797.5625153
injection-file = /work/shashwat.singh/Prospects-of-LGWs/unlens/injection.hdf

[global]
instruments = C1 C2
mass1_ref = 30.000000000885446
mass2_ref = 30.000000005570698
minchirp = 26.116416901693924
maxchirp = 26.116616901693924
mincov = 177193664674.26044
maxcov = 17719366467426.043
