
[data]
trigger-time = 1517031830.4723387
injection-file = /work/shashwat.singh/Prospects-of-LGWs/unlens/injection.hdf

[global]
instruments = C1 C2
mass1_ref = 30.000000006579224
mass2_ref = 30.000000006141853
minchirp = 26.116416904420895
maxchirp = 26.116616904420894
mincov = 170808122163.19763
maxcov = 17080812216319.764
