
[data]
trigger-time = 1497148948.0778463
injection-file = /work/shashwat.singh/Prospects-of-LGWs/unlens/injection.hdf

[global]
instruments = C1 C2
mass1_ref = 30.00000000425713
mass2_ref = 30.00000000880696
minchirp = 26.1164169045702
maxchirp = 26.1166169045702
mincov = 87871974809.575
maxcov = 8787197480957.5
