
[data]
trigger-time = 1567818215.4757442
injection-file = /work/shashwat.singh/Prospects-of-LGWs/unlens/injection.hdf

[global]
instruments = C1 C2
mass1_ref = 30.000000006777295
mass2_ref = 30.000000003298318
minchirp = 26.116416903269393
maxchirp = 26.116616903269392
mincov = 146588235544.12332
maxcov = 14658823554412.332
