
[data]
trigger-time = 1887087856.135426
injection-file = /work/shashwat.singh/Prospects-of-LGWs/unlens/injection.hdf

[global]
instruments = C1 C2
mass1_ref = 30.000000000503082
mass2_ref = 30.00000000480561
minchirp = 26.116416901194466
maxchirp = 26.116616901194465
mincov = 29462559.32072702
maxcov = 2946255932.072702
