
[data]
trigger-time = 1877305387.2523904
injection-file = /work/shashwat.singh/Prospects-of-LGWs/unlens/injection.hdf

[global]
instruments = C1 C2
mass1_ref = 30.00000000073533
mass2_ref = 30.000000006032234
minchirp = 26.116416901829478
maxchirp = 26.116616901829477
mincov = 23695250376.55792
maxcov = 2369525037655.792
