
[data]
trigger-time = 1651271476.3227706
injection-file = /work/shashwat.singh/Prospects-of-LGWs/unlens/injection.hdf

[global]
instruments = C1 C2
mass1_ref = 30.000000006315293
mass2_ref = 30.00000000742662
minchirp = 26.11641690486524
maxchirp = 26.11661690486524
mincov = 30870751068.944897
maxcov = 3087075106894.4897
