
[data]
trigger-time = 1768163140.998319
injection-file = /work/shashwat.singh/Prospects-of-LGWs/unlens/injection.hdf

[global]
instruments = C1 C2
mass1_ref = 30.000000002573074
mass2_ref = 30.000000001331724
minchirp = 26.11641690058339
maxchirp = 26.116616900583388
mincov = 114826031522.73088
maxcov = 11482603152273.088
