
[data]
trigger-time = 1760957200.0358129
injection-file = /work/shashwat.singh/Prospects-of-LGWs/unlens/injection.hdf

[global]
instruments = C1 C2
mass1_ref = 30.00000000212706
mass2_ref = 30.000000000934087
minchirp = 26.116416900216166
maxchirp = 26.116616900216165
mincov = 138221650415.66025
maxcov = 13822165041566.025
