
[data]
trigger-time = 1905936066.8359146
injection-file = /work/shashwat.singh/Prospects-of-LGWs/unlens/injection.hdf

[global]
instruments = C1 C2
mass1_ref = 30.000000000700766
mass2_ref = 30.000000007180358
minchirp = 26.116416902314185
maxchirp = 26.116616902314185
mincov = 89993272619.31529
maxcov = 8999327261931.53
