
[data]
trigger-time = 1558544651.0812426
injection-file = /work/shashwat.singh/Prospects-of-LGWs/unlens/injection.hdf

[global]
instruments = C1 C2
mass1_ref = 30.00000000061454
mass2_ref = 30.00000000358363
minchirp = 26.116416900711084
maxchirp = 26.116616900711083
mincov = 115188474683.2987
maxcov = 11518847468329.871
