
[data]
trigger-time = 1954030692.2093139
injection-file = /work/shashwat.singh/Prospects-of-LGWs/unlens/injection.hdf

[global]
instruments = C1 C2
mass1_ref = 30.0000000037657
mass2_ref = 30.000000002832028
minchirp = 26.116416901755553
maxchirp = 26.116616901755553
mincov = 24997510334.231205
maxcov = 2499751033423.1206
