
[data]
trigger-time = 1904920998.3112214
injection-file = /work/shashwat.singh/Prospects-of-LGWs/unlens/injection.hdf

[global]
instruments = C1 C2
mass1_ref = 30.0000000042562
mass2_ref = 30.00000000810489
minchirp = 26.116416904264202
maxchirp = 26.116616904264202
mincov = 98734433792.48927
maxcov = 9873443379248.928
