
[data]
trigger-time = 1359356868.2607632
injection-file = /work/shashwat.singh/Prospects-of-LGWs/unlens/injection.hdf

[global]
instruments = C1 C2
mass1_ref = 30.000000006602022
mass2_ref = 30.000000006394842
minchirp = 26.116416904540937
maxchirp = 26.116616904540937
mincov = 142752091326.27817
maxcov = 14275209132627.816
