
[data]
trigger-time = 1284828183.7882695
injection-file = /work/shashwat.singh/Prospects-of-LGWs/unlens/injection.hdf

[global]
instruments = C1 C2
mass1_ref = 30.00000000334885
mass2_ref = 30.00000000172022
minchirp = 26.116416901090165
maxchirp = 26.116616901090165
mincov = 77694711444.42426
maxcov = 7769471144442.426
