
[data]
trigger-time = 1596544471.451126
injection-file = /work/shashwat.singh/Prospects-of-LGWs/unlens/injection.hdf

[global]
instruments = C1 C2
mass1_ref = 30.00000000622704
mass2_ref = 30.000000000091287
minchirp = 26.116416901633936
maxchirp = 26.116616901633936
mincov = 43748723306.312065
maxcov = 4374872330631.2065
