
[data]
trigger-time = 1587986456.5915124
injection-file = /work/shashwat.singh/Prospects-of-LGWs/unlens/injection.hdf

[global]
instruments = C1 C2
mass1_ref = 30.000000002926146
mass2_ref = 30.000000004638526
minchirp = 26.11641690217644
maxchirp = 26.11661690217644
mincov = 19064059545.238506
maxcov = 1906405954523.8506
