
[data]
trigger-time = 1703816405.318107
injection-file = /work/shashwat.singh/Prospects-of-LGWs/unlens/injection.hdf

[global]
instruments = C1 C2
mass1_ref = 30.000000006165667
mass2_ref = 30.00000000600984
minchirp = 26.116416904183424
maxchirp = 26.116616904183424
mincov = 75289955178.141
maxcov = 7528995517814.101
