
[data]
trigger-time = 1016979886.358309
injection-file = /work/shashwat.singh/Prospects-of-LGWs/unlens/injection.hdf

[global]
instruments = C1 C2
mass1_ref = 30.000000001646214
mass2_ref = 30.00000000877586
minchirp = 26.1164169034202
maxchirp = 26.116616903420198
mincov = 3201970707.637246
maxcov = 320197070763.7246
