
[data]
trigger-time = 1381797855.155968
injection-file = /work/shashwat.singh/Prospects-of-LGWs/unlens/injection.hdf

[global]
instruments = C1 C2
mass1_ref = 30.000000005818595
mass2_ref = 30.00000000682558
minchirp = 26.11641690438742
maxchirp = 26.11661690438742
mincov = 85366797182.56564
maxcov = 8536679718256.564
