
[data]
trigger-time = 1341899883.1172283
injection-file = /work/shashwat.singh/Prospects-of-LGWs/unlens/injection.hdf

[global]
instruments = C1 C2
mass1_ref = 30.000000004743768
mass2_ref = 30.000000007865765
minchirp = 26.116416904372343
maxchirp = 26.116616904372343
mincov = 111751510897.91902
maxcov = 11175151089791.902
