
[data]
trigger-time = 1385182020.5846338
injection-file = /work/shashwat.singh/Prospects-of-LGWs/unlens/injection.hdf

[global]
instruments = C1 C2
mass1_ref = 30.000000007176453
mass2_ref = 30.0000000028964
minchirp = 26.11641690326819
maxchirp = 26.116616903268188
mincov = 165652551961.03024
maxcov = 16565255196103.025
