
[data]
trigger-time = 1516778914.395813
injection-file = /work/shashwat.singh/Prospects-of-LGWs/unlens/injection.hdf

[global]
instruments = C1 C2
mass1_ref = 30.00000000473938
mass2_ref = 30.000000007403884
minchirp = 26.116416904169384
maxchirp = 26.116616904169383
mincov = 89953503324.31863
maxcov = 8995350332431.863
