
[data]
trigger-time = 1174213710.1702907
injection-file = /work/shashwat.singh/Prospects-of-LGWs/unlens/injection.hdf

[global]
instruments = C1 C2
mass1_ref = 30.00000000195385
mass2_ref = 30.00000000323605
minchirp = 26.11641690114276
maxchirp = 26.11661690114276
mincov = 138441511829.1888
maxcov = 13844151182918.883
