
[data]
trigger-time = 1002227189.6031686
injection-file = /work/shashwat.singh/Prospects-of-LGWs/unlens/injection.hdf

[global]
instruments = C1 C2
mass1_ref = 30.000000009754427
mass2_ref = 30.000000001843354
minchirp = 26.116416903931952
maxchirp = 26.116616903931952
mincov = 171890287005.8712
maxcov = 17189028700587.12
