
[data]
trigger-time = 1661318790.4383073
injection-file = /work/shashwat.singh/Prospects-of-LGWs/unlens/injection.hdf

[global]
instruments = C1 C2
mass1_ref = 30.000000000666223
mass2_ref = 30.000000005752153
minchirp = 26.116416901677486
maxchirp = 26.116616901677485
mincov = 120648895893.25557
maxcov = 12064889589325.557
