
[data]
trigger-time = 1295262265.271295
injection-file = /work/shashwat.singh/Prospects-of-LGWs/unlens/injection.hdf

[global]
instruments = C1 C2
mass1_ref = 30.00000000468349
mass2_ref = 30.000000002273552
minchirp = 26.11641690191195
maxchirp = 26.11661690191195
mincov = 109620653254.33374
maxcov = 10962065325433.375
