
[data]
trigger-time = 1510131466.0916712
injection-file = /work/shashwat.singh/Prospects-of-LGWs/unlens/injection.hdf

[global]
instruments = C1 C2
mass1_ref = 30.00000000247629
mass2_ref = 30.000000003313865
minchirp = 26.116416901404037
maxchirp = 26.116616901404036
mincov = 162723591452.906
maxcov = 16272359145290.602
