
[data]
trigger-time = 1633486824.3204565
injection-file = /work/shashwat.singh/Prospects-of-LGWs/unlens/injection.hdf

[global]
instruments = C1 C2
mass1_ref = 30.000000005421164
mass2_ref = 30.000000006726914
minchirp = 26.116416904171484
maxchirp = 26.116616904171483
mincov = 150628062682.0795
maxcov = 15062806268207.95
