
[data]
trigger-time = 1599502363.2510128
injection-file = /work/shashwat.singh/Prospects-of-LGWs/unlens/injection.hdf

[global]
instruments = C1 C2
mass1_ref = 30.000000000967862
mass2_ref = 30.0000000072938
minchirp = 26.116416902479823
maxchirp = 26.116616902479823
mincov = 145227940316.6241
maxcov = 14522794031662.412
