
[data]
trigger-time = 1022222179.3117819
injection-file = /work/shashwat.singh/Prospects-of-LGWs/unlens/injection.hdf

[global]
instruments = C1 C2
mass1_ref = 30.00000000304436
mass2_ref = 30.00000000444685
minchirp = 26.11641690214446
maxchirp = 26.11661690214446
mincov = 3397237250.7082787
maxcov = 339723725070.8279
