
[data]
trigger-time = 1605291579.6380925
injection-file = /work/shashwat.singh/Prospects-of-LGWs/unlens/injection.hdf

[global]
instruments = C1 C2
mass1_ref = 30.000000003240128
mass2_ref = 30.00000000681008
minchirp = 26.11641690325833
maxchirp = 26.11661690325833
mincov = 5533118807.082178
maxcov = 553311880708.2179
