
[data]
trigger-time = 1323515015.7640817
injection-file = /work/shashwat.singh/Prospects-of-LGWs/unlens/injection.hdf

[global]
instruments = C1 C2
mass1_ref = 30.00000000341152
mass2_ref = 30.000000008379054
minchirp = 26.11641690401587
maxchirp = 26.11661690401587
mincov = 156079143018.62128
maxcov = 15607914301862.129
