
[data]
trigger-time = 1945395172.1534405
injection-file = /work/shashwat.singh/Prospects-of-LGWs/unlens/injection.hdf

[global]
instruments = C1 C2
mass1_ref = 30.00000000773466
mass2_ref = 30.00000000683915
minchirp = 26.116416905227346
maxchirp = 26.116616905227346
mincov = 137763405024.12933
maxcov = 13776340502412.932
