
[data]
trigger-time = 1948778627.014233
injection-file = /work/shashwat.singh/Prospects-of-LGWs/unlens/injection.hdf

[global]
instruments = C1 C2
mass1_ref = 30.000000007431066
mass2_ref = 30.00000000121247
minchirp = 26.116416902646044
maxchirp = 26.116616902646044
mincov = 52816281631.077614
maxcov = 5281628163107.762
