
[data]
trigger-time = 1432868017.602552
injection-file = /work/shashwat.singh/Prospects-of-LGWs/unlens/injection.hdf

[global]
instruments = C1 C2
mass1_ref = 30.000000003162786
mass2_ref = 30.000000003017966
minchirp = 26.116416901574055
maxchirp = 26.116616901574055
mincov = 121963295759.43872
maxcov = 12196329575943.871
