
[data]
trigger-time = 1863104501.2176013
injection-file = /work/shashwat.singh/Prospects-of-LGWs/unlens/injection.hdf

[global]
instruments = C1 C2
mass1_ref = 30.000000003193723
mass2_ref = 30.000000003122434
minchirp = 26.11641690163299
maxchirp = 26.11661690163299
mincov = 113603506448.45451
maxcov = 11360350644845.451
