
[data]
trigger-time = 1218825275.8270776
injection-file = /work/shashwat.singh/Prospects-of-LGWs/unlens/injection.hdf

[global]
instruments = C1 C2
mass1_ref = 30.00000000274083
mass2_ref = 30.00000000435215
minchirp = 26.11641690197112
maxchirp = 26.11661690197112
mincov = 66030686031.65336
maxcov = 6603068603165.336
