
[data]
trigger-time = 1664660557.6150205
injection-file = /work/shashwat.singh/Prospects-of-LGWs/unlens/injection.hdf

[global]
instruments = C1 C2
mass1_ref = 30.00000000226665
mass2_ref = 30.000000007004648
minchirp = 26.11641690291929
maxchirp = 26.11661690291929
mincov = 46325995619.74733
maxcov = 4632599561974.733
