
[data]
trigger-time = 1231570605.7801352
injection-file = /work/shashwat.singh/Prospects-of-LGWs/unlens/injection.hdf

[global]
instruments = C1 C2
mass1_ref = 30.00000000375584
mass2_ref = 30.000000003682224
minchirp = 26.11641690212133
maxchirp = 26.11661690212133
mincov = 160911915148.87173
maxcov = 16091191514887.172
