
[data]
trigger-time = 1206528293.6408157
injection-file = /work/shashwat.singh/Prospects-of-LGWs/unlens/injection.hdf

[global]
instruments = C1 C2
mass1_ref = 30.000000007988433
mass2_ref = 30.000000000917577
minchirp = 26.116416902760292
maxchirp = 26.116616902760292
mincov = 85662263325.33487
maxcov = 8566226332533.486
