
[data]
trigger-time = 1155760850.4755776
injection-file = /work/shashwat.singh/Prospects-of-LGWs/unlens/injection.hdf

[global]
instruments = C1 C2
mass1_ref = 30.00000000501966
mass2_ref = 30.000000008795656
minchirp = 26.11641690489719
maxchirp = 26.11661690489719
mincov = 18767209920.43032
maxcov = 1876720992043.032
