
[data]
trigger-time = 1332014123.9409752
injection-file = /work/shashwat.singh/Prospects-of-LGWs/unlens/injection.hdf

[global]
instruments = C1 C2
mass1_ref = 30.000000009183722
mass2_ref = 30.000000001114312
minchirp = 26.116416903366204
maxchirp = 26.116616903366204
mincov = 119078259232.0122
maxcov = 11907825923201.22
