
[data]
trigger-time = 1724000922.6965926
injection-file = /work/shashwat.singh/Prospects-of-LGWs/unlens/injection.hdf

[global]
instruments = C1 C2
mass1_ref = 30.00000000765134
mass2_ref = 30.000000001666614
minchirp = 26.1164169029396
maxchirp = 26.1166169029396
mincov = 3362082828.182685
maxcov = 336208282818.2685
