
[data]
trigger-time = 1947060445.8959317
injection-file = /work/shashwat.singh/Prospects-of-LGWs/unlens/injection.hdf

[global]
instruments = C1 C2
mass1_ref = 30.000000009435656
mass2_ref = 30.000000002765933
minchirp = 26.116416904194775
maxchirp = 26.116616904194775
mincov = 160271378786.70636
maxcov = 16027137878670.637
