
[data]
trigger-time = 1775381425.016644
injection-file = /work/shashwat.singh/Prospects-of-LGWs/unlens/injection.hdf

[global]
instruments = C1 C2
mass1_ref = 30.000000009699605
mass2_ref = 30.000000006903154
minchirp = 26.116416906110498
maxchirp = 26.116616906110497
mincov = 75256996359.86188
maxcov = 7525699635986.1875
