
[data]
trigger-time = 1131526126.9407222
injection-file = /work/shashwat.singh/Prospects-of-LGWs/unlens/injection.hdf

[global]
instruments = C1 C2
mass1_ref = 30.000000002375266
mass2_ref = 30.000000009765635
minchirp = 26.116416904168357
maxchirp = 26.116616904168357
mincov = 5496196091.609594
maxcov = 549619609160.9595
