
[data]
trigger-time = 1186387114.1640415
injection-file = /work/shashwat.singh/Prospects-of-LGWs/unlens/injection.hdf

[global]
instruments = C1 C2
mass1_ref = 30.00000000530042
mass2_ref = 30.000000006831904
minchirp = 26.116416904164627
maxchirp = 26.116616904164626
mincov = 121373397140.24214
maxcov = 12137339714024.215
