
[data]
trigger-time = 1662523830.5358152
injection-file = /work/shashwat.singh/Prospects-of-LGWs/unlens/injection.hdf

[global]
instruments = C1 C2
mass1_ref = 30.00000000360504
mass2_ref = 30.000000003222258
minchirp = 26.11641690185548
maxchirp = 26.11661690185548
mincov = 139380618907.4241
maxcov = 13938061890742.41
