
[data]
trigger-time = 1422610429.608706
injection-file = /work/shashwat.singh/Prospects-of-LGWs/unlens/injection.hdf

[global]
instruments = C1 C2
mass1_ref = 30.000000006552785
mass2_ref = 30.00000000089101
minchirp = 26.116416902123824
maxchirp = 26.116616902123823
mincov = 63578154000.48679
maxcov = 6357815400048.68
