
[data]
trigger-time = 1541239265.827755
injection-file = /work/shashwat.singh/Prospects-of-LGWs/unlens/injection.hdf

[global]
instruments = C1 C2
mass1_ref = 30.000000000228
mass2_ref = 30.000000008399827
minchirp = 26.116416902639205
maxchirp = 26.116616902639205
mincov = 178309239519.33023
maxcov = 17830923951933.023
