
[data]
trigger-time = 1146327634.9623203
injection-file = /work/shashwat.singh/Prospects-of-LGWs/unlens/injection.hdf

[global]
instruments = C1 C2
mass1_ref = 30.00000000355983
mass2_ref = 30.00000000317077
minchirp = 26.116416901813388
maxchirp = 26.116616901813387
mincov = 27825687057.25843
maxcov = 2782568705725.843
