
[data]
trigger-time = 1183054391.8891456
injection-file = /work/shashwat.singh/Prospects-of-LGWs/unlens/injection.hdf

[global]
instruments = C1 C2
mass1_ref = 30.00000000160355
mass2_ref = 30.000000000358668
minchirp = 26.116416899737832
maxchirp = 26.11661689973783
mincov = 63932984441.052574
maxcov = 6393298444105.258
