
[data]
trigger-time = 1417843001.002859
injection-file = /work/shashwat.singh/Prospects-of-LGWs/unlens/injection.hdf

[global]
instruments = C1 C2
mass1_ref = 30.00000000877668
mass2_ref = 30.00000000257485
minchirp = 26.116416903824764
maxchirp = 26.116616903824763
mincov = 32519542472.638756
maxcov = 3251954247263.876
