
[data]
trigger-time = 1759942484.9989321
injection-file = /work/shashwat.singh/Prospects-of-LGWs/unlens/injection.hdf

[global]
instruments = C1 C2
mass1_ref = 30.00000000033576
mass2_ref = 30.000000005746116
minchirp = 26.116416901531014
maxchirp = 26.116616901531014
mincov = 158636375150.5193
maxcov = 15863637515051.93
