
[data]
trigger-time = 1921454172.8301964
injection-file = /work/shashwat.singh/Prospects-of-LGWs/unlens/injection.hdf

[global]
instruments = C1 C2
mass1_ref = 30.000000008453867
mass2_ref = 30.000000001142546
minchirp = 26.116416903060806
maxchirp = 26.116616903060805
mincov = 152962049598.46265
maxcov = 15296204959846.266
