
[data]
trigger-time = 1485908728.8948388
injection-file = /work/shashwat.singh/Prospects-of-LGWs/unlens/injection.hdf

[global]
instruments = C1 C2
mass1_ref = 30.000000005104027
mass2_ref = 30.000000002404267
minchirp = 26.1164169021519
maxchirp = 26.1166169021519
mincov = 175622175679.28632
maxcov = 17562217567928.633
