
[data]
trigger-time = 1672456285.6243596
injection-file = /work/shashwat.singh/Prospects-of-LGWs/unlens/injection.hdf

[global]
instruments = C1 C2
mass1_ref = 30.0000000051135
mass2_ref = 30.0000000017492
minchirp = 26.11641690187089
maxchirp = 26.116616901870888
mincov = 18194998475.21886
maxcov = 1819499847521.886
