
[data]
trigger-time = 1174047219.3953366
injection-file = /work/shashwat.singh/Prospects-of-LGWs/unlens/injection.hdf

[global]
instruments = C1 C2
mass1_ref = 30.00000000934044
mass2_ref = 30.0000000073466
minchirp = 26.11641690614718
maxchirp = 26.11661690614718
mincov = 89294381225.20108
maxcov = 8929438122520.11
