
[data]
trigger-time = 1171827273.9968429
injection-file = /work/shashwat.singh/Prospects-of-LGWs/unlens/injection.hdf

[global]
instruments = C1 C2
mass1_ref = 30.000000002762345
mass2_ref = 30.00000000743777
minchirp = 26.116416903323582
maxchirp = 26.11661690332358
mincov = 156211113666.011
maxcov = 15621111366601.098
