
[data]
trigger-time = 1225446985.6911595
injection-file = /work/shashwat.singh/Prospects-of-LGWs/unlens/injection.hdf

[global]
instruments = C1 C2
mass1_ref = 30.00000000936806
mass2_ref = 30.000000003084818
minchirp = 26.116416904304156
maxchirp = 26.116616904304156
mincov = 60093213732.626755
maxcov = 6009321373262.676
