
[data]
trigger-time = 1837004880.6022434
injection-file = /work/shashwat.singh/Prospects-of-LGWs/unlens/injection.hdf

[global]
instruments = C1 C2
mass1_ref = 30.000000005832597
mass2_ref = 30.000000006193893
minchirp = 26.11641690411856
maxchirp = 26.11661690411856
mincov = 96186640749.20755
maxcov = 9618664074920.754
