
[data]
trigger-time = 1490396224.4273288
injection-file = /work/shashwat.singh/Prospects-of-LGWs/unlens/injection.hdf

[global]
instruments = C1 C2
mass1_ref = 30.000000007241567
mass2_ref = 30.00000000540192
minchirp = 26.11641690438712
maxchirp = 26.11661690438712
mincov = 146319734141.05112
maxcov = 14631973414105.113
