
[data]
trigger-time = 1446978387.9053059
injection-file = /work/shashwat.singh/Prospects-of-LGWs/unlens/injection.hdf

[global]
instruments = C1 C2
mass1_ref = 30.000000002722672
mass2_ref = 30.00000000702427
minchirp = 26.116416903126325
maxchirp = 26.116616903126324
mincov = 161862286442.54532
maxcov = 16186228644254.531
