
[data]
trigger-time = 1706745407.316908
injection-file = /work/shashwat.singh/Prospects-of-LGWs/unlens/injection.hdf

[global]
instruments = C1 C2
mass1_ref = 30.00000000184108
mass2_ref = 30.00000000859845
minchirp = 26.116416903427794
maxchirp = 26.116616903427794
mincov = 64843530401.27047
maxcov = 6484353040127.047
