
[data]
trigger-time = 1545066606.4746044
injection-file = /work/shashwat.singh/Prospects-of-LGWs/unlens/injection.hdf

[global]
instruments = C1 C2
mass1_ref = 30.000000002088626
mass2_ref = 30.00000000254454
minchirp = 26.116416900900425
maxchirp = 26.116616900900425
mincov = 29921029050.87902
maxcov = 2992102905087.9023
