
[data]
trigger-time = 1632044230.210217
injection-file = /work/shashwat.singh/Prospects-of-LGWs/unlens/injection.hdf

[global]
instruments = C1 C2
mass1_ref = 30.00000000531865
mass2_ref = 30.000000002699014
minchirp = 26.116416902373615
maxchirp = 26.116616902373615
mincov = 5968351527.993441
maxcov = 596835152799.344
