
[data]
trigger-time = 1366548089.1725106
injection-file = /work/shashwat.singh/Prospects-of-LGWs/unlens/injection.hdf

[global]
instruments = C1 C2
mass1_ref = 30.00000000834106
mass2_ref = 30.000000002081308
minchirp = 26.116416903420323
maxchirp = 26.116616903420322
mincov = 79202101155.99179
maxcov = 7920210115599.179
