
[data]
trigger-time = 1630721569.9069133
injection-file = /work/shashwat.singh/Prospects-of-LGWs/unlens/injection.hdf

[global]
instruments = C1 C2
mass1_ref = 30.00000000149917
mass2_ref = 30.00000000598456
minchirp = 26.116416902141207
maxchirp = 26.116616902141207
mincov = 158965448508.80035
maxcov = 15896544850880.037
