
[data]
trigger-time = 1839071309.75181
injection-file = /work/shashwat.singh/Prospects-of-LGWs/unlens/injection.hdf

[global]
instruments = C1 C2
mass1_ref = 30.000000007261516
mass2_ref = 30.000000000355907
minchirp = 26.1164169021994
maxchirp = 26.1166169021994
mincov = 153169017807.28094
maxcov = 15316901780728.094
