
[data]
trigger-time = 1116150204.1523418
injection-file = /work/shashwat.singh/Prospects-of-LGWs/unlens/injection.hdf

[global]
instruments = C1 C2
mass1_ref = 30.000000008140255
mass2_ref = 30.000000006090506
minchirp = 26.116416905078022
maxchirp = 26.116616905078022
mincov = 104355463805.14354
maxcov = 10435546380514.354
