
[data]
trigger-time = 1244896743.4312239
injection-file = /work/shashwat.singh/Prospects-of-LGWs/unlens/injection.hdf

[global]
instruments = C1 C2
mass1_ref = 30.000000000385757
mass2_ref = 30.00000000389302
minchirp = 26.116416900746174
maxchirp = 26.116616900746173
mincov = 62595974297.53731
maxcov = 6259597429753.73
