
[data]
trigger-time = 1362412692.9464047
injection-file = /work/shashwat.singh/Prospects-of-LGWs/unlens/injection.hdf

[global]
instruments = C1 C2
mass1_ref = 30.000000005717848
mass2_ref = 30.00000000050718
minchirp = 26.116416901593325
maxchirp = 26.116616901593325
mincov = 18895525862.040813
maxcov = 1889552586204.0815
