
[data]
trigger-time = 1341922867.503379
injection-file = /work/shashwat.singh/Prospects-of-LGWs/unlens/injection.hdf

[global]
instruments = C1 C2
mass1_ref = 30.000000000816257
mass2_ref = 30.000000002650438
minchirp = 26.11641690039269
maxchirp = 26.11661690039269
mincov = 10847591573.369692
maxcov = 1084759157336.9691
