
[data]
trigger-time = 1483018540.090561
injection-file = /work/shashwat.singh/Prospects-of-LGWs/unlens/injection.hdf

[global]
instruments = C1 C2
mass1_ref = 30.000000008174357
mass2_ref = 30.000000000612744
minchirp = 26.116416902708533
maxchirp = 26.116616902708532
mincov = 94395382241.42557
maxcov = 9439538224142.557
