
[data]
trigger-time = 1855094703.689526
injection-file = /work/shashwat.singh/Prospects-of-LGWs/unlens/injection.hdf

[global]
instruments = C1 C2
mass1_ref = 30.000000001462997
mass2_ref = 30.000000004807287
minchirp = 26.116416901613025
maxchirp = 26.116616901613025
mincov = 17346203300.19407
maxcov = 1734620330019.4067
