
[data]
trigger-time = 1986983882.4855525
injection-file = /work/shashwat.singh/Prospects-of-LGWs/unlens/injection.hdf

[global]
instruments = C1 C2
mass1_ref = 30.00000000729811
mass2_ref = 30.00000000307809
minchirp = 26.116416903400225
maxchirp = 26.116616903400224
mincov = 35745395118.296555
maxcov = 3574539511829.656
