
[data]
trigger-time = 1908299759.379967
injection-file = /work/shashwat.singh/Prospects-of-LGWs/unlens/injection.hdf

[global]
instruments = C1 C2
mass1_ref = 30.00000000037631
mass2_ref = 30.000000001057696
minchirp = 26.116416899507914
maxchirp = 26.116616899507914
mincov = 1926637799.48694
maxcov = 192663779948.694
