
[data]
trigger-time = 1915611889.1854825
injection-file = /work/shashwat.singh/Prospects-of-LGWs/unlens/injection.hdf

[global]
instruments = C1 C2
mass1_ref = 30.000000003662873
mass2_ref = 30.00000000478907
minchirp = 26.116416902562644
maxchirp = 26.116616902562644
mincov = 167886542005.99832
maxcov = 16788654200599.832
