
[data]
trigger-time = 1364572861.6171877
injection-file = /work/shashwat.singh/Prospects-of-LGWs/unlens/injection.hdf

[global]
instruments = C1 C2
mass1_ref = 30.000000004425893
mass2_ref = 30.0000000049319
minchirp = 26.11641690295694
maxchirp = 26.116616902956938
mincov = 118081471726.3787
maxcov = 11808147172637.87
