
[data]
trigger-time = 1477968314.8152723
injection-file = /work/shashwat.singh/Prospects-of-LGWs/unlens/injection.hdf

[global]
instruments = C1 C2
mass1_ref = 30.000000005899565
mass2_ref = 30.00000000253352
minchirp = 26.116416902554437
maxchirp = 26.116616902554437
mincov = 135127838229.34087
maxcov = 13512783822934.086
