
[data]
trigger-time = 1593884705.6121752
injection-file = /work/shashwat.singh/Prospects-of-LGWs/unlens/injection.hdf

[global]
instruments = C1 C2
mass1_ref = 30.00000000211443
mass2_ref = 30.00000000297989
minchirp = 26.116416901101157
maxchirp = 26.116616901101157
mincov = 38879843098.05201
maxcov = 3887984309805.2007
