
[data]
trigger-time = 1789080823.0828977
injection-file = /work/shashwat.singh/Prospects-of-LGWs/unlens/injection.hdf

[global]
instruments = C1 C2
mass1_ref = 30.000000009581804
mass2_ref = 30.000000007995848
minchirp = 26.116416906534845
maxchirp = 26.116616906534844
mincov = 179638973721.06168
maxcov = 17963897372106.168
