
[data]
trigger-time = 1665322127.036314
injection-file = /work/shashwat.singh/Prospects-of-LGWs/unlens/injection.hdf

[global]
instruments = C1 C2
mass1_ref = 30.00000000826101
mass2_ref = 30.000000002315122
minchirp = 26.116416903487256
maxchirp = 26.116616903487255
mincov = 22862704104.794334
maxcov = 2286270410479.4336
