
[data]
trigger-time = 1906094136.126068
injection-file = /work/shashwat.singh/Prospects-of-LGWs/unlens/injection.hdf

[global]
instruments = C1 C2
mass1_ref = 30.000000005252982
mass2_ref = 30.0000000092158
minchirp = 26.116416905181627
maxchirp = 26.116616905181626
mincov = 152963777187.82574
maxcov = 15296377718782.574
