
[data]
trigger-time = 1139044705.9362948
injection-file = /work/shashwat.singh/Prospects-of-LGWs/unlens/injection.hdf

[global]
instruments = C1 C2
mass1_ref = 30.00000000571941
mass2_ref = 30.00000000707663
minchirp = 26.116416904453526
maxchirp = 26.116616904453526
mincov = 7354665120.306912
maxcov = 735466512030.6912
