
[data]
trigger-time = 1824155714.8677483
injection-file = /work/shashwat.singh/Prospects-of-LGWs/unlens/injection.hdf

[global]
instruments = C1 C2
mass1_ref = 30.000000008962
mass2_ref = 30.000000009856816
minchirp = 26.116416907075088
maxchirp = 26.116616907075088
mincov = 121229458002.56143
maxcov = 12122945800256.143
