
[data]
trigger-time = 1833715767.4732056
injection-file = /work/shashwat.singh/Prospects-of-LGWs/unlens/injection.hdf

[global]
instruments = C1 C2
mass1_ref = 30.00000000435259
mass2_ref = 30.000000001769855
minchirp = 26.116416901548675
maxchirp = 26.116616901548674
mincov = 113636213588.66513
maxcov = 11363621358866.514
