
[data]
trigger-time = 1508728845.984326
injection-file = /work/shashwat.singh/Prospects-of-LGWs/unlens/injection.hdf

[global]
instruments = C1 C2
mass1_ref = 30.000000000992603
mass2_ref = 30.000000007605706
minchirp = 26.11641690262636
maxchirp = 26.116616902626358
mincov = 168243715316.02322
maxcov = 16824371531602.322
