
[data]
trigger-time = 1956012021.9562964
injection-file = /work/shashwat.singh/Prospects-of-LGWs/unlens/injection.hdf

[global]
instruments = C1 C2
mass1_ref = 30.000000004621814
mass2_ref = 30.000000004596583
minchirp = 26.116416902896265
maxchirp = 26.116616902896265
mincov = 86669330754.45316
maxcov = 8666933075445.316
