
[data]
trigger-time = 1446074474.9034584
injection-file = /work/shashwat.singh/Prospects-of-LGWs/unlens/injection.hdf

[global]
instruments = C1 C2
mass1_ref = 30.00000000465746
mass2_ref = 30.000000009045447
minchirp = 26.11641690484826
maxchirp = 26.11661690484826
mincov = 166017801433.41595
maxcov = 16601780143341.598
