
[data]
trigger-time = 1482872007.8114364
injection-file = /work/shashwat.singh/Prospects-of-LGWs/unlens/injection.hdf

[global]
instruments = C1 C2
mass1_ref = 30.000000005094588
mass2_ref = 30.000000009016784
minchirp = 26.116416905026057
maxchirp = 26.116616905026056
mincov = 153662727662.1672
maxcov = 15366272766216.72
