
[data]
trigger-time = 1141398486.8932421
injection-file = /work/shashwat.singh/Prospects-of-LGWs/unlens/injection.hdf

[global]
instruments = C1 C2
mass1_ref = 30.00000000503353
mass2_ref = 30.00000000447926
minchirp = 26.116416903024408
maxchirp = 26.116616903024408
mincov = 134507661202.2481
maxcov = 13450766120224.809
