
[data]
trigger-time = 1369533971.4745228
injection-file = /work/shashwat.singh/Prospects-of-LGWs/unlens/injection.hdf

[global]
instruments = C1 C2
mass1_ref = 30.000000001013817
mass2_ref = 30.000000009823495
minchirp = 26.11641690360094
maxchirp = 26.11661690360094
mincov = 1890793549.48537
maxcov = 189079354948.537
