
[data]
trigger-time = 1125395689.0753038
injection-file = /work/shashwat.singh/Prospects-of-LGWs/unlens/injection.hdf

[global]
instruments = C1 C2
mass1_ref = 30.000000000539078
mass2_ref = 30.000000008308103
minchirp = 26.116416902734684
maxchirp = 26.116616902734684
mincov = 168448617233.79886
maxcov = 16844861723379.885
