
[data]
trigger-time = 1964359403.7739408
injection-file = /work/shashwat.singh/Prospects-of-LGWs/unlens/injection.hdf

[global]
instruments = C1 C2
mass1_ref = 30.000000009718892
mass2_ref = 30.000000008383218
minchirp = 26.116416906763128
maxchirp = 26.116616906763127
mincov = 141110131724.42004
maxcov = 14111013172442.004
