
[data]
trigger-time = 1398875132.3418636
injection-file = /work/shashwat.singh/Prospects-of-LGWs/unlens/injection.hdf

[global]
instruments = C1 C2
mass1_ref = 30.00000000221639
mass2_ref = 30.000000007005166
minchirp = 26.11641690289764
maxchirp = 26.11661690289764
mincov = 77441523549.85968
maxcov = 7744152354985.968
