
[data]
trigger-time = 1129249596.097646
injection-file = /work/shashwat.singh/Prospects-of-LGWs/unlens/injection.hdf

[global]
instruments = C1 C2
mass1_ref = 30.00000000612372
mass2_ref = 30.00000000678429
minchirp = 26.116416904502262
maxchirp = 26.116616904502262
mincov = 57054032551.37819
maxcov = 5705403255137.818
