
[data]
trigger-time = 1937055958.6580114
injection-file = /work/shashwat.singh/Prospects-of-LGWs/unlens/injection.hdf

[global]
instruments = C1 C2
mass1_ref = 30.000000002321503
mass2_ref = 30.000000001206168
minchirp = 26.11641690041923
maxchirp = 26.11661690041923
mincov = 57821941843.567795
maxcov = 5782194184356.779
