
[data]
trigger-time = 1275302118.5001535
injection-file = /work/shashwat.singh/Prospects-of-LGWs/unlens/injection.hdf

[global]
instruments = C1 C2
mass1_ref = 30.00000000398278
mass2_ref = 30.000000001472554
minchirp = 26.116416901258297
maxchirp = 26.116616901258297
mincov = 162031825784.6804
maxcov = 16203182578468.04
