
[data]
trigger-time = 1039761586.2825752
injection-file = /work/shashwat.singh/Prospects-of-LGWs/unlens/injection.hdf

[global]
instruments = C1 C2
mass1_ref = 30.00000000269363
mass2_ref = 30.00000000671487
minchirp = 26.11641690297901
maxchirp = 26.11661690297901
mincov = 18037172744.74357
maxcov = 1803717274474.3567
