
[data]
trigger-time = 1129495542.2927084
injection-file = /work/shashwat.singh/Prospects-of-LGWs/unlens/injection.hdf

[global]
instruments = C1 C2
mass1_ref = 30.000000006087195
mass2_ref = 30.000000003166534
minchirp = 26.116416902911645
maxchirp = 26.116616902911645
mincov = 144683746881.7951
maxcov = 14468374688179.512
