
[data]
trigger-time = 1025537717.5988044
injection-file = /work/shashwat.singh/Prospects-of-LGWs/unlens/injection.hdf

[global]
instruments = C1 C2
mass1_ref = 30.000000001188326
mass2_ref = 30.00000000951051
minchirp = 26.116416903540664
maxchirp = 26.116616903540663
mincov = 17382820407.20728
maxcov = 1738282040720.7278
