
[data]
trigger-time = 1723109774.3797963
injection-file = /work/shashwat.singh/Prospects-of-LGWs/unlens/injection.hdf

[global]
instruments = C1 C2
mass1_ref = 30.000000008970215
mass2_ref = 30.00000000227842
minchirp = 26.116416903779978
maxchirp = 26.116616903779978
mincov = 2493181577.7562337
maxcov = 249318157775.62335
