
[data]
trigger-time = 1310965648.0689745
injection-file = /work/shashwat.singh/Prospects-of-LGWs/unlens/injection.hdf

[global]
instruments = C1 C2
mass1_ref = 30.000000009870135
mass2_ref = 30.000000000978943
minchirp = 26.11641690360606
maxchirp = 26.116616903606058
mincov = 154527493100.02924
maxcov = 15452749310002.926
