
[data]
trigger-time = 1763122226.773683
injection-file = /work/shashwat.singh/Prospects-of-LGWs/unlens/injection.hdf

[global]
instruments = C1 C2
mass1_ref = 30.000000008539644
mass2_ref = 30.000000007613508
minchirp = 26.116416905914793
maxchirp = 26.116616905914793
mincov = 174433949229.55957
maxcov = 17443394922955.957
