
[data]
trigger-time = 1631525801.1180348
injection-file = /work/shashwat.singh/Prospects-of-LGWs/unlens/injection.hdf

[global]
instruments = C1 C2
mass1_ref = 30.000000009382667
mass2_ref = 30.00000000151062
minchirp = 26.116416903625304
maxchirp = 26.116616903625303
mincov = 166333156113.66263
maxcov = 16633315611366.262
