
[data]
trigger-time = 1767741888.0366735
injection-file = /work/shashwat.singh/Prospects-of-LGWs/unlens/injection.hdf

[global]
instruments = C1 C2
mass1_ref = 30.00000000062642
mass2_ref = 30.00000000794639
minchirp = 26.116416902615256
maxchirp = 26.116616902615256
mincov = 17725617080.162025
maxcov = 1772561708016.2024
