
[data]
trigger-time = 1133549116.953546
injection-file = /work/shashwat.singh/Prospects-of-LGWs/unlens/injection.hdf

[global]
instruments = C1 C2
mass1_ref = 30.00000000717884
mass2_ref = 30.000000006449667
minchirp = 26.11641690481588
maxchirp = 26.116616904815878
mincov = 176758114551.0343
maxcov = 17675811455103.43
