
[data]
trigger-time = 1824721203.9840083
injection-file = /work/shashwat.singh/Prospects-of-LGWs/unlens/injection.hdf

[global]
instruments = C1 C2
mass1_ref = 30.00000000389768
mass2_ref = 30.000000002002793
minchirp = 26.116416901452055
maxchirp = 26.116616901452055
mincov = 167031559562.41583
maxcov = 16703155956241.584
