
[data]
trigger-time = 1785993803.2151785
injection-file = /work/shashwat.singh/Prospects-of-LGWs/unlens/injection.hdf

[global]
instruments = C1 C2
mass1_ref = 30.00000000937914
mass2_ref = 30.00000000883582
minchirp = 26.116416906812248
maxchirp = 26.116616906812247
mincov = 54960311329.61833
maxcov = 5496031132961.833
