
[data]
trigger-time = 1109679079.6745698
injection-file = /work/shashwat.singh/Prospects-of-LGWs/unlens/injection.hdf

[global]
instruments = C1 C2
mass1_ref = 30.000000006270227
mass2_ref = 30.00000000111293
minchirp = 26.11641690209743
maxchirp = 26.11661690209743
mincov = 64622945603.19707
maxcov = 6462294560319.707
