
[data]
trigger-time = 1940748543.3233652
injection-file = /work/shashwat.singh/Prospects-of-LGWs/unlens/injection.hdf

[global]
instruments = C1 C2
mass1_ref = 30.000000006199283
mass2_ref = 30.000000002305082
minchirp = 26.116416902585463
maxchirp = 26.116616902585463
mincov = 24744792.188673798
maxcov = 2474479218.8673797
