
[data]
trigger-time = 1970645832.3192868
injection-file = /work/shashwat.singh/Prospects-of-LGWs/unlens/injection.hdf

[global]
instruments = C1 C2
mass1_ref = 30.00000000320766
mass2_ref = 30.000000002720746
minchirp = 26.116416901464213
maxchirp = 26.116616901464212
mincov = 103826928438.80383
maxcov = 10382692843880.383
