
[data]
trigger-time = 1096275107.9242077
injection-file = /work/shashwat.singh/Prospects-of-LGWs/unlens/injection.hdf

[global]
instruments = C1 C2
mass1_ref = 30.000000005874373
mass2_ref = 30.00000000245845
minchirp = 26.116416902510792
maxchirp = 26.116616902510792
mincov = 416324333.78191745
maxcov = 41632433378.19175
