
[data]
trigger-time = 1196470986.3486664
injection-file = /work/shashwat.singh/Prospects-of-LGWs/unlens/injection.hdf

[global]
instruments = C1 C2
mass1_ref = 30.000000005297867
mass2_ref = 30.000000006647067
minchirp = 26.11641690408306
maxchirp = 26.11661690408306
mincov = 125476726864.65906
maxcov = 12547672686465.906
