
[data]
trigger-time = 1755530844.545274
injection-file = /work/shashwat.singh/Prospects-of-LGWs/unlens/injection.hdf

[global]
instruments = C1 C2
mass1_ref = 30.000000003043105
mass2_ref = 30.000000001295987
minchirp = 26.116416900772425
maxchirp = 26.116616900772424
mincov = 573688.0520122416
maxcov = 57368805.201224156
