
[data]
trigger-time = 1553160797.6885166
injection-file = /work/shashwat.singh/Prospects-of-LGWs/unlens/injection.hdf

[global]
instruments = C1 C2
mass1_ref = 30.000000007429392
mass2_ref = 30.000000009669495
minchirp = 26.11641690632645
maxchirp = 26.11661690632645
mincov = 175069966714.93433
maxcov = 17506996671493.434
