
[data]
trigger-time = 1583528650.191111
injection-file = /work/shashwat.singh/Prospects-of-LGWs/unlens/injection.hdf

[global]
instruments = C1 C2
mass1_ref = 30.00000000429954
mass2_ref = 30.000000009235702
minchirp = 26.11641690477528
maxchirp = 26.11661690477528
mincov = 23234956339.81565
maxcov = 2323495633981.565
