
[data]
trigger-time = 1017818613.3890305
injection-file = /work/shashwat.singh/Prospects-of-LGWs/unlens/injection.hdf

[global]
instruments = C1 C2
mass1_ref = 30.000000009703342
mass2_ref = 30.0000000015645
minchirp = 26.116416903788338
maxchirp = 26.116616903788337
mincov = 169367058268.635
maxcov = 16936705826863.5
