
[data]
trigger-time = 1245152722.9530027
injection-file = /work/shashwat.singh/Prospects-of-LGWs/unlens/injection.hdf

[global]
instruments = C1 C2
mass1_ref = 30.00000000172704
mass2_ref = 30.00000000185762
minchirp = 26.11641690044404
maxchirp = 26.11661690044404
mincov = 29627906472.09565
maxcov = 2962790647209.565
