
[data]
trigger-time = 1636186044.9841435
injection-file = /work/shashwat.singh/Prospects-of-LGWs/unlens/injection.hdf

[global]
instruments = C1 C2
mass1_ref = 30.000000002801972
mass2_ref = 30.000000007533814
minchirp = 26.11641690338264
maxchirp = 26.11661690338264
mincov = 152067548014.23865
maxcov = 15206754801423.865
