
[data]
trigger-time = 1613569927.6106272
injection-file = /work/shashwat.singh/Prospects-of-LGWs/unlens/injection.hdf

[global]
instruments = C1 C2
mass1_ref = 30.000000007314224
mass2_ref = 30.000000006751108
minchirp = 26.116416905006016
maxchirp = 26.116616905006016
mincov = 158955015072.5653
maxcov = 15895501507256.531
