
[data]
trigger-time = 1501870663.5513906
injection-file = /work/shashwat.singh/Prospects-of-LGWs/unlens/injection.hdf

[global]
instruments = C1 C2
mass1_ref = 30.000000006584575
mass2_ref = 30.00000000449825
minchirp = 26.116416903707805
maxchirp = 26.116616903707804
mincov = 68903416655.50958
maxcov = 6890341665550.958
