
[data]
trigger-time = 1239943911.7983618
injection-file = /work/shashwat.singh/Prospects-of-LGWs/unlens/injection.hdf

[global]
instruments = C1 C2
mass1_ref = 30.000000004303566
mass2_ref = 30.000000008089014
minchirp = 26.116416904277905
maxchirp = 26.116616904277905
mincov = 88644645661.10583
maxcov = 8864464566110.584
