
[data]
trigger-time = 1627449899.3414836
injection-file = /work/shashwat.singh/Prospects-of-LGWs/unlens/injection.hdf

[global]
instruments = C1 C2
mass1_ref = 30.00000000596832
mass2_ref = 30.000000005072646
minchirp = 26.116416903689583
maxchirp = 26.116616903689582
mincov = 728681.2935696443
maxcov = 72868129.35696444
