
[data]
trigger-time = 1857013581.8235183
injection-file = /work/shashwat.singh/Prospects-of-LGWs/unlens/injection.hdf

[global]
instruments = C1 C2
mass1_ref = 30.000000008302077
mass2_ref = 30.000000008393588
minchirp = 26.116416906150935
maxchirp = 26.116616906150934
mincov = 88207278236.25801
maxcov = 8820727823625.8
