
[data]
trigger-time = 1070951713.1301858
injection-file = /work/shashwat.singh/Prospects-of-LGWs/unlens/injection.hdf

[global]
instruments = C1 C2
mass1_ref = 30.000000006307364
mass2_ref = 30.000000009009902
minchirp = 26.116416905550953
maxchirp = 26.116616905550952
mincov = 159266588831.73083
maxcov = 15926658883173.084
