
[data]
trigger-time = 1716879880.2131596
injection-file = /work/shashwat.singh/Prospects-of-LGWs/unlens/injection.hdf

[global]
instruments = C1 C2
mass1_ref = 30.00000000755118
mass2_ref = 30.000000007114462
minchirp = 26.116416905267318
maxchirp = 26.116616905267318
mincov = 1973829866.5614605
maxcov = 197382986656.14606
