
[data]
trigger-time = 1973326217.3853655
injection-file = /work/shashwat.singh/Prospects-of-LGWs/unlens/injection.hdf

[global]
instruments = C1 C2
mass1_ref = 30.00000000644139
mass2_ref = 30.000000002334513
minchirp = 26.11641690270366
maxchirp = 26.116616902703658
mincov = 175095363108.3826
maxcov = 17509536310838.26
