
[data]
trigger-time = 1334661625.1054485
injection-file = /work/shashwat.singh/Prospects-of-LGWs/unlens/injection.hdf

[global]
instruments = C1 C2
mass1_ref = 30.000000005497338
mass2_ref = 30.000000001015568
minchirp = 26.11641690171863
maxchirp = 26.11661690171863
mincov = 88487544605.56006
maxcov = 8848754460556.006
