
[data]
trigger-time = 1386927130.4682717
injection-file = /work/shashwat.singh/Prospects-of-LGWs/unlens/injection.hdf

[global]
instruments = C1 C2
mass1_ref = 30.000000005733597
mass2_ref = 30.000000006298396
minchirp = 26.116416904120953
maxchirp = 26.116616904120953
mincov = 4987418926.741478
maxcov = 498741892674.1478
