
[data]
trigger-time = 1215169919.492006
injection-file = /work/shashwat.singh/Prospects-of-LGWs/unlens/injection.hdf

[global]
instruments = C1 C2
mass1_ref = 30.000000006953005
mass2_ref = 30.000000005569447
minchirp = 26.11641690433444
maxchirp = 26.11661690433444
mincov = 162224508004.57443
maxcov = 16222450800457.443
