
[data]
trigger-time = 1487268635.8613818
injection-file = /work/shashwat.singh/Prospects-of-LGWs/unlens/injection.hdf

[global]
instruments = C1 C2
mass1_ref = 30.000000005023928
mass2_ref = 30.00000000453991
minchirp = 26.116416903046627
maxchirp = 26.116616903046626
mincov = 170318971478.83005
maxcov = 17031897147883.006
