
[data]
trigger-time = 1518300157.205927
injection-file = /work/shashwat.singh/Prospects-of-LGWs/unlens/injection.hdf

[global]
instruments = C1 C2
mass1_ref = 30.000000001180947
mass2_ref = 30.00000000825538
minchirp = 26.116416902991123
maxchirp = 26.116616902991122
mincov = 159517659380.61075
maxcov = 15951765938061.074
