
[data]
trigger-time = 1123940542.2162664
injection-file = /work/shashwat.singh/Prospects-of-LGWs/unlens/injection.hdf

[global]
instruments = C1 C2
mass1_ref = 30.00000000945
mass2_ref = 30.00000000366945
minchirp = 26.1164169045943
maxchirp = 26.1166169045943
mincov = 146236249700.04547
maxcov = 14623624970004.549
