
[data]
trigger-time = 1110320857.7665398
injection-file = /work/shashwat.singh/Prospects-of-LGWs/unlens/injection.hdf

[global]
instruments = C1 C2
mass1_ref = 30.000000001901583
mass2_ref = 30.000000000649116
minchirp = 26.11641689999398
maxchirp = 26.11661689999398
mincov = 151811774777.36652
maxcov = 15181177477736.652
