
[data]
trigger-time = 1234980524.9466138
injection-file = /work/shashwat.singh/Prospects-of-LGWs/unlens/injection.hdf

[global]
instruments = C1 C2
mass1_ref = 30.00000000163005
mass2_ref = 30.00000000246706
minchirp = 26.116416900667094
maxchirp = 26.116616900667093
mincov = 151609594055.81464
maxcov = 15160959405581.463
