
[data]
trigger-time = 1601190292.5563912
injection-file = /work/shashwat.singh/Prospects-of-LGWs/unlens/injection.hdf

[global]
instruments = C1 C2
mass1_ref = 30.00000000887446
mass2_ref = 30.000000001858467
minchirp = 26.1164169035555
maxchirp = 26.1166169035555
mincov = 96491318706.26712
maxcov = 9649131870626.71
