
[data]
trigger-time = 1384418017.8012598
injection-file = /work/shashwat.singh/Prospects-of-LGWs/unlens/injection.hdf

[global]
instruments = C1 C2
mass1_ref = 30.00000000055029
mass2_ref = 30.000000005679645
minchirp = 26.116416901595464
maxchirp = 26.116616901595464
mincov = 80710358803.10368
maxcov = 8071035880310.369
