
[data]
trigger-time = 1822785407.379828
injection-file = /work/shashwat.singh/Prospects-of-LGWs/unlens/injection.hdf

[global]
instruments = C1 C2
mass1_ref = 30.000000006645692
mass2_ref = 30.00000000057573
minchirp = 26.11641690202703
maxchirp = 26.11661690202703
mincov = 157856669968.06442
maxcov = 15785666996806.443
