
[data]
trigger-time = 1442566115.2129922
injection-file = /work/shashwat.singh/Prospects-of-LGWs/unlens/injection.hdf

[global]
instruments = C1 C2
mass1_ref = 30.000000008889536
mass2_ref = 30.000000009496905
minchirp = 26.11641690688689
maxchirp = 26.11661690688689
mincov = 126090206524.95049
maxcov = 12609020652495.049
