
[data]
trigger-time = 1923663209.0935972
injection-file = /work/shashwat.singh/Prospects-of-LGWs/unlens/injection.hdf

[global]
instruments = C1 C2
mass1_ref = 30.000000009119013
mass2_ref = 30.000000005386557
minchirp = 26.116416905197642
maxchirp = 26.116616905197642
mincov = 178061784448.98288
maxcov = 17806178444898.29
