
[data]
trigger-time = 1206086168.3524952
injection-file = /work/shashwat.singh/Prospects-of-LGWs/unlens/injection.hdf

[global]
instruments = C1 C2
mass1_ref = 30.000000000762718
mass2_ref = 30.000000004078824
minchirp = 26.11641690099113
maxchirp = 26.11661690099113
mincov = 1076473320.4755554
maxcov = 107647332047.55554
