
[data]
trigger-time = 1824558963.752612
injection-file = /work/shashwat.singh/Prospects-of-LGWs/unlens/injection.hdf

[global]
instruments = C1 C2
mass1_ref = 30.00000000343017
mass2_ref = 30.000000002552575
minchirp = 26.116416901487863
maxchirp = 26.116616901487863
mincov = 113338579848.89583
maxcov = 11333857984889.582
