
[data]
trigger-time = 1655456022.5773146
injection-file = /work/shashwat.singh/Prospects-of-LGWs/unlens/injection.hdf

[global]
instruments = C1 C2
mass1_ref = 30.000000001690662
mass2_ref = 30.000000000131777
minchirp = 26.116416899676988
maxchirp = 26.116616899676988
mincov = 51503069115.064735
maxcov = 5150306911506.474
