
[data]
trigger-time = 1389372704.819604
injection-file = /work/shashwat.singh/Prospects-of-LGWs/unlens/injection.hdf

[global]
instruments = C1 C2
mass1_ref = 30.000000003323436
mass2_ref = 30.000000005799674
minchirp = 26.11641690285479
maxchirp = 26.11661690285479
mincov = 154466732304.66302
maxcov = 15446673230466.305
