
[data]
trigger-time = 1277584358.898502
injection-file = /work/shashwat.singh/Prospects-of-LGWs/unlens/injection.hdf

[global]
instruments = C1 C2
mass1_ref = 30.000000007523568
mass2_ref = 30.00000000956452
minchirp = 26.11641690632175
maxchirp = 26.11661690632175
mincov = 28369269435.74693
maxcov = 2836926943574.693
