
[data]
trigger-time = 1462845801.9686708
injection-file = /work/shashwat.singh/Prospects-of-LGWs/unlens/injection.hdf

[global]
instruments = C1 C2
mass1_ref = 30.00000000937221
mass2_ref = 30.000000003136496
minchirp = 26.116416904328457
maxchirp = 26.116616904328456
mincov = 1185505968.62872
maxcov = 118550596862.87201
