
[data]
trigger-time = 1304559842.9173963
injection-file = /work/shashwat.singh/Prospects-of-LGWs/unlens/injection.hdf

[global]
instruments = C1 C2
mass1_ref = 30.00000000291129
mass2_ref = 30.000000008103644
minchirp = 26.116416903678253
maxchirp = 26.116616903678253
mincov = 175328213887.96475
maxcov = 17532821388796.475
