
[data]
trigger-time = 1925658226.8804808
injection-file = /work/shashwat.singh/Prospects-of-LGWs/unlens/injection.hdf

[global]
instruments = C1 C2
mass1_ref = 30.000000005608246
mass2_ref = 30.00000000304183
minchirp = 26.11641690264889
maxchirp = 26.11661690264889
mincov = 99327800806.59134
maxcov = 9932780080659.133
