
[data]
trigger-time = 1338204045.4558473
injection-file = /work/shashwat.singh/Prospects-of-LGWs/unlens/injection.hdf

[global]
instruments = C1 C2
mass1_ref = 30.000000003950255
mass2_ref = 30.000000000613525
minchirp = 26.116416900870224
maxchirp = 26.116616900870223
mincov = 162756760194.42673
maxcov = 16275676019442.674
