
[data]
trigger-time = 1427925584.5681522
injection-file = /work/shashwat.singh/Prospects-of-LGWs/unlens/injection.hdf

[global]
instruments = C1 C2
mass1_ref = 30.00000000539815
mass2_ref = 30.00000000545351
minchirp = 26.116416903607185
maxchirp = 26.116616903607184
mincov = 25144293850.906853
maxcov = 2514429385090.6855
