
[data]
trigger-time = 1132541112.6086004
injection-file = /work/shashwat.singh/Prospects-of-LGWs/unlens/injection.hdf

[global]
instruments = C1 C2
mass1_ref = 30.000000000959616
mass2_ref = 30.000000003844516
minchirp = 26.116416900974844
maxchirp = 26.116616900974844
mincov = 77028860527.38867
maxcov = 7702886052738.867
