
[data]
trigger-time = 1198275587.4393594
injection-file = /work/shashwat.singh/Prospects-of-LGWs/unlens/injection.hdf

[global]
instruments = C1 C2
mass1_ref = 30.00000000340979
mass2_ref = 30.00000000671844
minchirp = 26.116416903292293
maxchirp = 26.116616903292293
mincov = 159777111122.11496
maxcov = 15977711112211.496
