
[data]
trigger-time = 1279431298.9595375
injection-file = /work/shashwat.singh/Prospects-of-LGWs/unlens/injection.hdf

[global]
instruments = C1 C2
mass1_ref = 30.000000009428366
mass2_ref = 30.000000006124612
minchirp = 26.11641690565355
maxchirp = 26.11661690565355
mincov = 57057713044.08408
maxcov = 5705771304408.408
