
[data]
trigger-time = 1833326042.961312
injection-file = /work/shashwat.singh/Prospects-of-LGWs/unlens/injection.hdf

[global]
instruments = C1 C2
mass1_ref = 30.000000007045358
mass2_ref = 30.00000000158608
minchirp = 26.116416902640776
maxchirp = 26.116616902640775
mincov = 35655428448.81845
maxcov = 3565542844881.845
