
[data]
trigger-time = 1391729613.5599842
injection-file = /work/shashwat.singh/Prospects-of-LGWs/unlens/injection.hdf

[global]
instruments = C1 C2
mass1_ref = 30.00000000043309
mass2_ref = 30.000000005943157
minchirp = 26.116416901659147
maxchirp = 26.116616901659146
mincov = 96676316457.06107
maxcov = 9667631645706.107
