
[data]
trigger-time = 1271913359.7260666
injection-file = /work/shashwat.singh/Prospects-of-LGWs/unlens/injection.hdf

[global]
instruments = C1 C2
mass1_ref = 30.000000006799286
mass2_ref = 30.00000000579197
minchirp = 26.11641690436439
maxchirp = 26.11661690436439
mincov = 159236918205.52072
maxcov = 15923691820552.072
