
[data]
trigger-time = 1037894198.9905181
injection-file = /work/shashwat.singh/Prospects-of-LGWs/unlens/injection.hdf

[global]
instruments = C1 C2
mass1_ref = 30.00000000211134
mass2_ref = 30.000000001817117
minchirp = 26.116416900593684
maxchirp = 26.116616900593684
mincov = 37226006677.65108
maxcov = 3722600667765.1074
