
[data]
trigger-time = 1628469436.3444824
injection-file = /work/shashwat.singh/Prospects-of-LGWs/unlens/injection.hdf

[global]
instruments = C1 C2
mass1_ref = 30.000000002908415
mass2_ref = 30.000000008904877
minchirp = 26.11641690402576
maxchirp = 26.116616904025758
mincov = 86930622848.23976
maxcov = 8693062284823.976
