
[data]
trigger-time = 1528772550.2653704
injection-file = /work/shashwat.singh/Prospects-of-LGWs/unlens/injection.hdf

[global]
instruments = C1 C2
mass1_ref = 30.00000000418666
mass2_ref = 30.00000000419028
minchirp = 26.116416902530002
maxchirp = 26.11661690253
mincov = 142933964994.5002
maxcov = 14293396499450.021
