
[data]
trigger-time = 1810174400.5417848
injection-file = /work/shashwat.singh/Prospects-of-LGWs/unlens/injection.hdf

[global]
instruments = C1 C2
mass1_ref = 30.000000000397165
mass2_ref = 30.00000000064192
minchirp = 26.116416899336013
maxchirp = 26.116616899336012
mincov = 174445362402.73895
maxcov = 17444536240273.896
