
[data]
trigger-time = 1317450156.7983434
injection-file = /work/shashwat.singh/Prospects-of-LGWs/unlens/injection.hdf

[global]
instruments = C1 C2
mass1_ref = 30.000000005751566
mass2_ref = 30.00000000505349
minchirp = 26.116416903586895
maxchirp = 26.116616903586895
mincov = 113139692421.38089
maxcov = 11313969242138.088
