
[data]
trigger-time = 1941465197.044936
injection-file = /work/shashwat.singh/Prospects-of-LGWs/unlens/injection.hdf

[global]
instruments = C1 C2
mass1_ref = 30.00000000246923
mass2_ref = 30.00000000113925
minchirp = 26.116416900454404
maxchirp = 26.116616900454403
mincov = 122336502973.67014
maxcov = 12233650297367.014
