
[data]
trigger-time = 1791656641.8139548
injection-file = /work/shashwat.singh/Prospects-of-LGWs/unlens/injection.hdf

[global]
instruments = C1 C2
mass1_ref = 30.000000006723415
mass2_ref = 30.000000004474675
minchirp = 26.116416903757976
maxchirp = 26.116616903757976
mincov = 125873400726.01779
maxcov = 12587340072601.78
