
[data]
trigger-time = 1451692027.511059
injection-file = /work/shashwat.singh/Prospects-of-LGWs/unlens/injection.hdf

[global]
instruments = C1 C2
mass1_ref = 30.000000004074984
mass2_ref = 30.000000001821366
minchirp = 26.11641690145026
maxchirp = 26.11661690145026
mincov = 10293599216.478075
maxcov = 1029359921647.8075
