
[data]
trigger-time = 1851433284.0079134
injection-file = /work/shashwat.singh/Prospects-of-LGWs/unlens/injection.hdf

[global]
instruments = C1 C2
mass1_ref = 30.00000000983053
mass2_ref = 30.000000004216723
minchirp = 26.116416904998147
maxchirp = 26.116616904998146
mincov = 11832984488.09397
maxcov = 1183298448809.397
