
[data]
trigger-time = 1351588690.0417418
injection-file = /work/shashwat.singh/Prospects-of-LGWs/unlens/injection.hdf

[global]
instruments = C1 C2
mass1_ref = 30.000000003025953
mass2_ref = 30.000000008162758
minchirp = 26.116416903753894
maxchirp = 26.116616903753894
mincov = 126839992141.14612
maxcov = 12683999214114.611
