
[data]
trigger-time = 1043028972.7337838
injection-file = /work/shashwat.singh/Prospects-of-LGWs/unlens/injection.hdf

[global]
instruments = C1 C2
mass1_ref = 30.000000005982056
mass2_ref = 30.000000007461765
minchirp = 26.116416904735487
maxchirp = 26.116616904735487
mincov = 57638574930.971275
maxcov = 5763857493097.128
