
[data]
trigger-time = 1937118364.905229
injection-file = /work/shashwat.singh/Prospects-of-LGWs/unlens/injection.hdf

[global]
instruments = C1 C2
mass1_ref = 30.00000000589146
mass2_ref = 30.000000006161358
minchirp = 26.11641690413002
maxchirp = 26.11661690413002
mincov = 491199851.4505905
maxcov = 49119985145.05905
