
[data]
trigger-time = 1177597873.0485795
injection-file = /work/shashwat.singh/Prospects-of-LGWs/unlens/injection.hdf

[global]
instruments = C1 C2
mass1_ref = 30.000000003427576
mass2_ref = 30.00000000484395
minchirp = 26.116416902484115
maxchirp = 26.116616902484115
mincov = 146629418129.74222
maxcov = 14662941812974.22
