
[data]
trigger-time = 1182806681.3830578
injection-file = /work/shashwat.singh/Prospects-of-LGWs/unlens/injection.hdf

[global]
instruments = C1 C2
mass1_ref = 30.000000006565084
mass2_ref = 30.000000006846843
minchirp = 26.116416904721603
maxchirp = 26.116616904721603
mincov = 134883959166.44856
maxcov = 13488395916644.855
