
[data]
trigger-time = 1337604748.7748635
injection-file = /work/shashwat.singh/Prospects-of-LGWs/unlens/injection.hdf

[global]
instruments = C1 C2
mass1_ref = 30.000000009063864
mass2_ref = 30.00000000921883
minchirp = 26.116416906841728
maxchirp = 26.116616906841728
mincov = 126187963771.37422
maxcov = 12618796377137.422
