
[data]
trigger-time = 1734667731.3722057
injection-file = /work/shashwat.singh/Prospects-of-LGWs/unlens/injection.hdf

[global]
instruments = C1 C2
mass1_ref = 30.000000002761837
mass2_ref = 30.00000000873438
minchirp = 26.116416903887743
maxchirp = 26.116616903887742
mincov = 9818364835.99209
maxcov = 981836483599.209
