
[data]
trigger-time = 1275940244.949214
injection-file = /work/shashwat.singh/Prospects-of-LGWs/unlens/injection.hdf

[global]
instruments = C1 C2
mass1_ref = 30.000000004384496
mass2_ref = 30.00000000408381
minchirp = 26.116416902569767
maxchirp = 26.116616902569767
mincov = 30445696.164668314
maxcov = 3044569616.4668317
