
[data]
trigger-time = 1047671859.3918303
injection-file = /work/shashwat.singh/Prospects-of-LGWs/unlens/injection.hdf

[global]
instruments = C1 C2
mass1_ref = 30.00000000006267
mass2_ref = 30.000000002372964
minchirp = 26.116416899943896
maxchirp = 26.116616899943896
mincov = 16357564675.661245
maxcov = 1635756467566.1245
