
[data]
trigger-time = 1496079741.0626402
injection-file = /work/shashwat.singh/Prospects-of-LGWs/unlens/injection.hdf

[global]
instruments = C1 C2
mass1_ref = 30.000000009205884
mass2_ref = 30.00000000354258
minchirp = 26.116416904432818
maxchirp = 26.116616904432817
mincov = 159596938330.9102
maxcov = 15959693833091.018
