
[data]
trigger-time = 1151926144.775335
injection-file = /work/shashwat.singh/Prospects-of-LGWs/unlens/injection.hdf

[global]
instruments = C1 C2
mass1_ref = 30.000000002404565
mass2_ref = 30.000000005506486
minchirp = 26.11641690232721
maxchirp = 26.11661690232721
mincov = 56890476396.093704
maxcov = 5689047639609.37
