
[data]
trigger-time = 1286216687.8273058
injection-file = /work/shashwat.singh/Prospects-of-LGWs/unlens/injection.hdf

[global]
instruments = C1 C2
mass1_ref = 30.000000007653938
mass2_ref = 30.000000005082633
minchirp = 26.116416904427638
maxchirp = 26.116616904427637
mincov = 213389655.65365022
maxcov = 21338965565.36502
