
[data]
trigger-time = 1568445456.1243873
injection-file = /work/shashwat.singh/Prospects-of-LGWs/unlens/injection.hdf

[global]
instruments = C1 C2
mass1_ref = 30.0000000002697
mass2_ref = 30.000000004766143
minchirp = 26.116416901075702
maxchirp = 26.1166169010757
mincov = 92037666991.23262
maxcov = 9203766699123.262
