
[data]
trigger-time = 1834574740.3471174
injection-file = /work/shashwat.singh/Prospects-of-LGWs/unlens/injection.hdf

[global]
instruments = C1 C2
mass1_ref = 30.00000000940025
mass2_ref = 30.00000000176081
minchirp = 26.116416903741857
maxchirp = 26.116616903741857
mincov = 161343251838.6789
maxcov = 16134325183867.89
