
[data]
trigger-time = 1660704218.9152594
injection-file = /work/shashwat.singh/Prospects-of-LGWs/unlens/injection.hdf

[global]
instruments = C1 C2
mass1_ref = 30.000000009131693
mass2_ref = 30.000000004331167
minchirp = 26.116416904743772
maxchirp = 26.116616904743772
mincov = 38585790958.7209
maxcov = 3858579095872.09
