
[data]
trigger-time = 1584947432.6352575
injection-file = /work/shashwat.singh/Prospects-of-LGWs/unlens/injection.hdf

[global]
instruments = C1 C2
mass1_ref = 30.000000005940674
mass2_ref = 30.000000007833048
minchirp = 26.116416904879085
maxchirp = 26.116616904879084
mincov = 106628533587.16577
maxcov = 10662853358716.578
