
[data]
trigger-time = 1900583146.2664757
injection-file = /work/shashwat.singh/Prospects-of-LGWs/unlens/injection.hdf

[global]
instruments = C1 C2
mass1_ref = 30.000000001331344
mass2_ref = 30.00000000493448
minchirp = 26.116416901611082
maxchirp = 26.11661690161108
mincov = 151184428797.8934
maxcov = 15118442879789.34
