
[data]
trigger-time = 1021199019.9375751
injection-file = /work/shashwat.singh/Prospects-of-LGWs/unlens/injection.hdf

[global]
instruments = C1 C2
mass1_ref = 30.000000006733757
mass2_ref = 30.000000001184734
minchirp = 26.116416902330446
maxchirp = 26.116616902330446
mincov = 153770397221.39655
maxcov = 15377039722139.652
