
[data]
trigger-time = 1947511912.3503222
injection-file = /work/shashwat.singh/Prospects-of-LGWs/unlens/injection.hdf

[global]
instruments = C1 C2
mass1_ref = 30.00000000829908
mass2_ref = 30.00000000990007
minchirp = 26.116416906805366
maxchirp = 26.116616906805366
mincov = 143440521987.40552
maxcov = 14344052198740.55
