
[data]
trigger-time = 1411942915.5937617
injection-file = /work/shashwat.singh/Prospects-of-LGWs/unlens/injection.hdf

[global]
instruments = C1 C2
mass1_ref = 30.00000000693379
mass2_ref = 30.000000001545416
minchirp = 26.116416902574514
maxchirp = 26.116616902574513
mincov = 97949816792.64642
maxcov = 9794981679264.643
