
[data]
trigger-time = 1284543293.72372
injection-file = /work/shashwat.singh/Prospects-of-LGWs/unlens/injection.hdf

[global]
instruments = C1 C2
mass1_ref = 30.000000005678874
mass2_ref = 30.000000006423576
minchirp = 26.11641690415162
maxchirp = 26.11661690415162
mincov = 5161508404.088406
maxcov = 516150840408.8406
