
[data]
trigger-time = 1316867691.0505505
injection-file = /work/shashwat.singh/Prospects-of-LGWs/unlens/injection.hdf

[global]
instruments = C1 C2
mass1_ref = 30.000000006492623
mass2_ref = 30.000000009003085
minchirp = 26.116416905628622
maxchirp = 26.11661690562862
mincov = 68370758966.802635
maxcov = 6837075896680.264
