
[data]
trigger-time = 1072978808.1850113
injection-file = /work/shashwat.singh/Prospects-of-LGWs/unlens/injection.hdf

[global]
instruments = C1 C2
mass1_ref = 30.00000000460683
mass2_ref = 30.00000000294706
minchirp = 26.116416902171746
maxchirp = 26.116616902171746
mincov = 82875585030.38559
maxcov = 8287558503038.56
