
[data]
trigger-time = 1275895757.448024
injection-file = /work/shashwat.singh/Prospects-of-LGWs/unlens/injection.hdf

[global]
instruments = C1 C2
mass1_ref = 30.00000000982038
mass2_ref = 30.00000000738981
minchirp = 26.116416906374894
maxchirp = 26.116616906374894
mincov = 110217529342.90874
maxcov = 11021752934290.875
