
[data]
trigger-time = 1990798629.7384763
injection-file = /work/shashwat.singh/Prospects-of-LGWs/unlens/injection.hdf

[global]
instruments = C1 C2
mass1_ref = 30.000000003718863
mass2_ref = 30.000000004811344
minchirp = 26.11641690259671
maxchirp = 26.11661690259671
mincov = 168411334919.32303
maxcov = 16841133491932.303
