
[data]
trigger-time = 1233571554.0567424
injection-file = /work/shashwat.singh/Prospects-of-LGWs/unlens/injection.hdf

[global]
instruments = C1 C2
mass1_ref = 30.000000007760665
mass2_ref = 30.000000001378734
minchirp = 26.11641690286188
maxchirp = 26.116616902861878
mincov = 53340732328.39415
maxcov = 5334073232839.415
