
[data]
trigger-time = 1598754325.7663407
injection-file = /work/shashwat.singh/Prospects-of-LGWs/unlens/injection.hdf

[global]
instruments = C1 C2
mass1_ref = 30.000000001653316
mass2_ref = 30.000000009331547
minchirp = 26.116416903665165
maxchirp = 26.116616903665165
mincov = 110204994174.01111
maxcov = 11020499417401.111
