
[data]
trigger-time = 1484665368.2543793
injection-file = /work/shashwat.singh/Prospects-of-LGWs/unlens/injection.hdf

[global]
instruments = C1 C2
mass1_ref = 30.00000000817946
mass2_ref = 30.000000006267474
minchirp = 26.116416905172116
maxchirp = 26.116616905172116
mincov = 94634579544.27003
maxcov = 9463457954427.004
