
[data]
trigger-time = 1276842476.0321217
injection-file = /work/shashwat.singh/Prospects-of-LGWs/unlens/injection.hdf

[global]
instruments = C1 C2
mass1_ref = 30.00000000301289
mass2_ref = 30.000000002141014
minchirp = 26.116416901127092
maxchirp = 26.11661690112709
mincov = 130241374274.1036
maxcov = 13024137427410.361
