
[data]
trigger-time = 1767525616.9762418
injection-file = /work/shashwat.singh/Prospects-of-LGWs/unlens/injection.hdf

[global]
instruments = C1 C2
mass1_ref = 30.000000006911364
mass2_ref = 30.000000005191463
minchirp = 26.116416904151787
maxchirp = 26.116616904151787
mincov = 17319345265.355072
maxcov = 1731934526535.5073
