
[data]
trigger-time = 1638781615.2185593
injection-file = /work/shashwat.singh/Prospects-of-LGWs/unlens/injection.hdf

[global]
instruments = C1 C2
mass1_ref = 30.00000000154311
mass2_ref = 30.000000001797552
minchirp = 26.116416900337832
maxchirp = 26.11661690033783
mincov = 125708659057.03867
maxcov = 12570865905703.867
