
[data]
trigger-time = 1733053100.651413
injection-file = /work/shashwat.singh/Prospects-of-LGWs/unlens/injection.hdf

[global]
instruments = C1 C2
mass1_ref = 30.000000004078476
mass2_ref = 30.00000000711102
minchirp = 26.116416903754235
maxchirp = 26.116616903754235
mincov = 131097127498.58719
maxcov = 13109712749858.719
