
[data]
trigger-time = 1531334964.3887649
injection-file = /work/shashwat.singh/Prospects-of-LGWs/unlens/injection.hdf

[global]
instruments = C1 C2
mass1_ref = 30.000000006929394
mass2_ref = 30.000000006520207
minchirp = 26.116416904738003
maxchirp = 26.116616904738002
mincov = 91037848994.35367
maxcov = 9103784899435.367
