
[data]
trigger-time = 1679975926.0770926
injection-file = /work/shashwat.singh/Prospects-of-LGWs/unlens/injection.hdf

[global]
instruments = C1 C2
mass1_ref = 30.00000000288242
mass2_ref = 30.000000002080263
minchirp = 26.11641690104386
maxchirp = 26.11661690104386
mincov = 129182416063.17581
maxcov = 12918241606317.58
