
[data]
trigger-time = 1500997262.2557375
injection-file = /work/shashwat.singh/Prospects-of-LGWs/unlens/injection.hdf

[global]
instruments = C1 C2
mass1_ref = 30.000000006765443
mass2_ref = 30.0000000033897
minchirp = 26.11641690330401
maxchirp = 26.11661690330401
mincov = 146242302790.7053
maxcov = 14624230279070.53
