
[data]
trigger-time = 1059583775.2671733
injection-file = /work/shashwat.singh/Prospects-of-LGWs/unlens/injection.hdf

[global]
instruments = C1 C2
mass1_ref = 30.00000000757031
mass2_ref = 30.00000000005132
minchirp = 26.11641690220123
maxchirp = 26.11661690220123
mincov = 26909751847.03368
maxcov = 2690975184703.368
