
[data]
trigger-time = 1966353542.9941306
injection-file = /work/shashwat.singh/Prospects-of-LGWs/unlens/injection.hdf

[global]
instruments = C1 C2
mass1_ref = 30.000000005589968
mass2_ref = 30.000000003430543
minchirp = 26.11641690281013
maxchirp = 26.11661690281013
mincov = 11386358898.371382
maxcov = 1138635889837.1382
