
[data]
trigger-time = 1280318293.8718357
injection-file = /work/shashwat.singh/Prospects-of-LGWs/unlens/injection.hdf

[global]
instruments = C1 C2
mass1_ref = 30.000000005817235
mass2_ref = 30.000000002522484
minchirp = 26.116416902513798
maxchirp = 26.116616902513798
mincov = 50548745.67094629
maxcov = 5054874567.094629
