
[data]
trigger-time = 1512383987.8420641
injection-file = /work/shashwat.singh/Prospects-of-LGWs/unlens/injection.hdf

[global]
instruments = C1 C2
mass1_ref = 30.000000007562527
mass2_ref = 30.000000005997226
minchirp = 26.11641690478595
maxchirp = 26.11661690478595
mincov = 51187077974.97236
maxcov = 5118707797497.235
