
[data]
trigger-time = 1427795349.9571047
injection-file = /work/shashwat.singh/Prospects-of-LGWs/unlens/injection.hdf

[global]
instruments = C1 C2
mass1_ref = 30.000000009272664
mass2_ref = 30.000000004241674
minchirp = 26.116416904766183
maxchirp = 26.116616904766182
mincov = 54773108039.023575
maxcov = 5477310803902.357
