
[data]
trigger-time = 1575145771.700194
injection-file = /work/shashwat.singh/Prospects-of-LGWs/unlens/injection.hdf

[global]
instruments = C1 C2
mass1_ref = 30.000000002953932
mass2_ref = 30.000000003226482
minchirp = 26.116416901573906
maxchirp = 26.116616901573906
mincov = 100089436019.81242
maxcov = 10008943601981.242
