
[data]
trigger-time = 1964686476.4457765
injection-file = /work/shashwat.singh/Prospects-of-LGWs/unlens/injection.hdf

[global]
instruments = C1 C2
mass1_ref = 30.000000001573216
mass2_ref = 30.000000002694346
minchirp = 26.11641690074129
maxchirp = 26.11661690074129
mincov = 15974118757.865866
maxcov = 1597411875786.5867
