
[data]
trigger-time = 1786977655.174962
injection-file = /work/shashwat.singh/Prospects-of-LGWs/unlens/injection.hdf

[global]
instruments = C1 C2
mass1_ref = 30.00000000164592
mass2_ref = 30.000000005734336
minchirp = 26.11641690209617
maxchirp = 26.11661690209617
mincov = 10287224965.255566
maxcov = 1028722496525.5566
