
[data]
trigger-time = 1360910426.7362118
injection-file = /work/shashwat.singh/Prospects-of-LGWs/unlens/injection.hdf

[global]
instruments = C1 C2
mass1_ref = 30.000000004313794
mass2_ref = 30.00000000888544
minchirp = 26.116416904629023
maxchirp = 26.116616904629023
mincov = 111625708526.87827
maxcov = 11162570852687.828
