
[data]
trigger-time = 1414350988.3295197
injection-file = /work/shashwat.singh/Prospects-of-LGWs/unlens/injection.hdf

[global]
instruments = C1 C2
mass1_ref = 30.000000000112074
mass2_ref = 30.000000004481684
minchirp = 26.116416900883273
maxchirp = 26.116616900883272
mincov = 7540397951.430275
maxcov = 754039795143.0275
