
[data]
trigger-time = 1816840632.4511204
injection-file = /work/shashwat.singh/Prospects-of-LGWs/unlens/injection.hdf

[global]
instruments = C1 C2
mass1_ref = 30.00000000666526
mass2_ref = 30.00000000403454
minchirp = 26.116416903541083
maxchirp = 26.116616903541082
mincov = 8167668314.704785
maxcov = 816766831470.4785
