
[data]
trigger-time = 1027919210.6021957
injection-file = /work/shashwat.singh/Prospects-of-LGWs/unlens/injection.hdf

[global]
instruments = C1 C2
mass1_ref = 30.000000008716597
mass2_ref = 30.000000002959535
minchirp = 26.11641690396606
maxchirp = 26.116616903966058
mincov = 118577640049.98059
maxcov = 11857764004998.059
