
[data]
trigger-time = 1146474434.8726385
injection-file = /work/shashwat.singh/Prospects-of-LGWs/unlens/injection.hdf

[global]
instruments = C1 C2
mass1_ref = 30.00000000823063
mass2_ref = 30.000000002968157
minchirp = 26.116416903758278
maxchirp = 26.116616903758278
mincov = 70662867710.1849
maxcov = 7066286771018.49
