
[data]
trigger-time = 1401537319.0679574
injection-file = /work/shashwat.singh/Prospects-of-LGWs/unlens/injection.hdf

[global]
instruments = C1 C2
mass1_ref = 30.000000005395588
mass2_ref = 30.000000000966363
minchirp = 26.116416901652926
maxchirp = 26.116616901652925
mincov = 33256928046.597607
maxcov = 3325692804659.7607
