
[data]
trigger-time = 1556759173.7185907
injection-file = /work/shashwat.singh/Prospects-of-LGWs/unlens/injection.hdf

[global]
instruments = C1 C2
mass1_ref = 30.000000003710397
mass2_ref = 30.00000000571898
minchirp = 26.1164169029881
maxchirp = 26.1166169029881
mincov = 97565641489.44728
maxcov = 9756564148944.729
