
[data]
trigger-time = 1416125882.7760181
injection-file = /work/shashwat.singh/Prospects-of-LGWs/unlens/injection.hdf

[global]
instruments = C1 C2
mass1_ref = 30.000000004235343
mass2_ref = 30.000000008544234
minchirp = 26.11641690444636
maxchirp = 26.11661690444636
mincov = 169309891656.3657
maxcov = 16930989165636.57
