
[data]
trigger-time = 1326166159.363091
injection-file = /work/shashwat.singh/Prospects-of-LGWs/unlens/injection.hdf

[global]
instruments = C1 C2
mass1_ref = 30.000000007526747
mass2_ref = 30.00000000227124
minchirp = 26.116416903148544
maxchirp = 26.116616903148543
mincov = 158701103992.24124
maxcov = 15870110399224.123
