
[data]
trigger-time = 1252478877.0688164
injection-file = /work/shashwat.singh/Prospects-of-LGWs/unlens/injection.hdf

[global]
instruments = C1 C2
mass1_ref = 30.000000006075865
mass2_ref = 30.00000000765715
minchirp = 26.116416904861367
maxchirp = 26.116616904861367
mincov = 78546625828.68771
maxcov = 7854662582868.7705
