
[data]
trigger-time = 1484043014.0723958
injection-file = /work/shashwat.singh/Prospects-of-LGWs/unlens/injection.hdf

[global]
instruments = C1 C2
mass1_ref = 30.000000009616656
mass2_ref = 30.000000000333944
minchirp = 26.116416903214976
maxchirp = 26.116616903214975
mincov = 35841484711.546906
maxcov = 3584148471154.6904
