
[data]
trigger-time = 1594121856.2570758
injection-file = /work/shashwat.singh/Prospects-of-LGWs/unlens/injection.hdf

[global]
instruments = C1 C2
mass1_ref = 30.000000008552767
mass2_ref = 30.00000000612386
minchirp = 26.116416905272096
maxchirp = 26.116616905272096
mincov = 156945153355.85095
maxcov = 15694515335585.096
