
[data]
trigger-time = 1866937749.1650853
injection-file = /work/shashwat.singh/Prospects-of-LGWs/unlens/injection.hdf

[global]
instruments = C1 C2
mass1_ref = 30.00000000812972
mass2_ref = 30.00000000927463
minchirp = 26.116416906459406
maxchirp = 26.116616906459406
mincov = 170010050992.32184
maxcov = 17001005099232.184
