
[data]
trigger-time = 1389183178.9581368
injection-file = /work/shashwat.singh/Prospects-of-LGWs/unlens/injection.hdf

[global]
instruments = C1 C2
mass1_ref = 30.00000000468739
mass2_ref = 30.0000000017775
minchirp = 26.11641690169773
maxchirp = 26.11661690169773
mincov = 91990782566.56168
maxcov = 9199078256656.168
