
[data]
trigger-time = 1451780792.4961133
injection-file = /work/shashwat.singh/Prospects-of-LGWs/unlens/injection.hdf

[global]
instruments = C1 C2
mass1_ref = 30.000000004803656
mass2_ref = 30.00000000708568
minchirp = 26.11641690405886
maxchirp = 26.11661690405886
mincov = 119568274307.70332
maxcov = 11956827430770.332
