
[data]
trigger-time = 1920211235.104422
injection-file = /work/shashwat.singh/Prospects-of-LGWs/unlens/injection.hdf

[global]
instruments = C1 C2
mass1_ref = 30.000000002625047
mass2_ref = 30.00000000191209
minchirp = 26.116416900858628
maxchirp = 26.116616900858627
mincov = 55258393263.45748
maxcov = 5525839326345.748
