
[data]
trigger-time = 1189970218.948508
injection-file = /work/shashwat.singh/Prospects-of-LGWs/unlens/injection.hdf

[global]
instruments = C1 C2
mass1_ref = 30.000000000307313
mass2_ref = 30.000000000141846
minchirp = 26.116416899079233
maxchirp = 26.116616899079233
mincov = 79311497113.11366
maxcov = 7931149711311.366
