
[data]
trigger-time = 1928777402.1782775
injection-file = /work/shashwat.singh/Prospects-of-LGWs/unlens/injection.hdf

[global]
instruments = C1 C2
mass1_ref = 30.000000000412207
mass2_ref = 30.000000001119126
minchirp = 26.116416899550277
maxchirp = 26.116616899550277
mincov = 119654386230.62802
maxcov = 11965438623062.803
