
[data]
trigger-time = 1815518408.7437892
injection-file = /work/shashwat.singh/Prospects-of-LGWs/unlens/injection.hdf

[global]
instruments = C1 C2
mass1_ref = 30.000000001415383
mass2_ref = 30.000000003267523
minchirp = 26.116416900922076
maxchirp = 26.116616900922075
mincov = 82389167496.87753
maxcov = 8238916749687.754
