
[data]
trigger-time = 1857936627.039765
injection-file = /work/shashwat.singh/Prospects-of-LGWs/unlens/injection.hdf

[global]
instruments = C1 C2
mass1_ref = 30.000000008083987
mass2_ref = 30.00000000181104
minchirp = 26.116416903190785
maxchirp = 26.116616903190785
mincov = 115431430417.81876
maxcov = 11543143041781.875
