
[data]
trigger-time = 1153173378.9160917
injection-file = /work/shashwat.singh/Prospects-of-LGWs/unlens/injection.hdf

[global]
instruments = C1 C2
mass1_ref = 30.00000000306916
mass2_ref = 30.00000000464154
minchirp = 26.11641690224
maxchirp = 26.11661690224
mincov = 13303741865.054853
maxcov = 1330374186505.4854
