
[data]
trigger-time = 1575105239.561767
injection-file = /work/shashwat.singh/Prospects-of-LGWs/unlens/injection.hdf

[global]
instruments = C1 C2
mass1_ref = 30.0000000057707
mass2_ref = 30.00000000308719
minchirp = 26.116416902739346
maxchirp = 26.116616902739345
mincov = 1651996621.980245
maxcov = 165199662198.02454
