
[data]
trigger-time = 1225333504.0344
injection-file = /work/shashwat.singh/Prospects-of-LGWs/unlens/injection.hdf

[global]
instruments = C1 C2
mass1_ref = 30.000000007416247
mass2_ref = 30.00000000946081
minchirp = 26.11641690622989
maxchirp = 26.11661690622989
mincov = 121599687577.02324
maxcov = 12159968757702.324
