
[data]
trigger-time = 1846087503.7741487
injection-file = /work/shashwat.singh/Prospects-of-LGWs/unlens/injection.hdf

[global]
instruments = C1 C2
mass1_ref = 30.000000008864326
mass2_ref = 30.0000000003906
minchirp = 26.116416902912164
maxchirp = 26.116616902912163
mincov = 12175282355.819122
maxcov = 1217528235581.912
