
[data]
trigger-time = 1619733060.3222213
injection-file = /work/shashwat.singh/Prospects-of-LGWs/unlens/injection.hdf

[global]
instruments = C1 C2
mass1_ref = 30.000000001160444
mass2_ref = 30.000000003965823
minchirp = 26.116416901115063
maxchirp = 26.116616901115062
mincov = 152805852073.53683
maxcov = 15280585207353.684
