
[data]
trigger-time = 1338213426.5239158
injection-file = /work/shashwat.singh/Prospects-of-LGWs/unlens/injection.hdf

[global]
instruments = C1 C2
mass1_ref = 30.000000002874067
mass2_ref = 30.000000004122672
minchirp = 26.116416901929234
maxchirp = 26.116616901929234
mincov = 112524554685.40152
maxcov = 11252455468540.152
