
[data]
trigger-time = 1600662843.011685
injection-file = /work/shashwat.singh/Prospects-of-LGWs/unlens/injection.hdf

[global]
instruments = C1 C2
mass1_ref = 30.000000003573604
mass2_ref = 30.0000000044432
minchirp = 26.116416902373242
maxchirp = 26.11661690237324
mincov = 177588369950.0787
maxcov = 17758836995007.87
