
[data]
trigger-time = 1863919505.822774
injection-file = /work/shashwat.singh/Prospects-of-LGWs/unlens/injection.hdf

[global]
instruments = C1 C2
mass1_ref = 30.000000004019412
mass2_ref = 30.000000007184894
minchirp = 26.116416903760683
maxchirp = 26.116616903760683
mincov = 105996197015.11746
maxcov = 10599619701511.746
