
[data]
trigger-time = 1773958600.7714012
injection-file = /work/shashwat.singh/Prospects-of-LGWs/unlens/injection.hdf

[global]
instruments = C1 C2
mass1_ref = 30.000000003091593
mass2_ref = 30.00000000752967
minchirp = 26.1164169035069
maxchirp = 26.1166169035069
mincov = 976012368.050237
maxcov = 97601236805.02371
