
[data]
trigger-time = 1997587531.263103
injection-file = /work/shashwat.singh/Prospects-of-LGWs/unlens/injection.hdf

[global]
instruments = C1 C2
mass1_ref = 30.000000001524903
mass2_ref = 30.000000008121678
minchirp = 26.116416903082644
maxchirp = 26.116616903082644
mincov = 1997934370.5513134
maxcov = 199793437055.13135
