
[data]
trigger-time = 1708569785.334753
injection-file = /work/shashwat.singh/Prospects-of-LGWs/unlens/injection.hdf

[global]
instruments = C1 C2
mass1_ref = 30.0000000000485
mass2_ref = 30.000000001949292
minchirp = 26.11641689975331
maxchirp = 26.11661689975331
mincov = 163568033982.16998
maxcov = 16356803398217.0
