
[data]
trigger-time = 1347142002.463007
injection-file = /work/shashwat.singh/Prospects-of-LGWs/unlens/injection.hdf

[global]
instruments = C1 C2
mass1_ref = 30.000000000075264
mass2_ref = 30.000000008225054
minchirp = 26.11641690249665
maxchirp = 26.11661690249665
mincov = 73502212357.66162
maxcov = 7350221235766.162
