
[data]
trigger-time = 1746030155.7610967
injection-file = /work/shashwat.singh/Prospects-of-LGWs/unlens/injection.hdf

[global]
instruments = C1 C2
mass1_ref = 30.00000000376144
mass2_ref = 30.000000002632074
minchirp = 26.11641690166666
maxchirp = 26.11661690166666
mincov = 156681879310.91486
maxcov = 15668187931091.484
