
[data]
trigger-time = 1617990746.1160445
injection-file = /work/shashwat.singh/Prospects-of-LGWs/unlens/injection.hdf

[global]
instruments = C1 C2
mass1_ref = 30.000000004894826
mass2_ref = 30.000000001038018
minchirp = 26.116416901466145
maxchirp = 26.116616901466145
mincov = 55464944806.67356
maxcov = 5546494480667.355
