
[data]
trigger-time = 1577934425.408471
injection-file = /work/shashwat.singh/Prospects-of-LGWs/unlens/injection.hdf

[global]
instruments = C1 C2
mass1_ref = 30.00000000532121
mass2_ref = 30.000000005314153
minchirp = 26.116416903513034
maxchirp = 26.116616903513034
mincov = 75624134996.46841
maxcov = 7562413499646.841
