
[data]
trigger-time = 1995464645.798951
injection-file = /work/shashwat.singh/Prospects-of-LGWs/unlens/injection.hdf

[global]
instruments = C1 C2
mass1_ref = 30.00000000383364
mass2_ref = 30.000000000271058
minchirp = 26.116416900670398
maxchirp = 26.116616900670397
mincov = 136452293407.96323
maxcov = 13645229340796.324
