
[data]
trigger-time = 1930615664.070417
injection-file = /work/shashwat.singh/Prospects-of-LGWs/unlens/injection.hdf

[global]
instruments = C1 C2
mass1_ref = 30.000000008583307
mass2_ref = 30.00000000496822
minchirp = 26.11641690478237
maxchirp = 26.11661690478237
mincov = 145950794977.61993
maxcov = 14595079497761.992
