
[data]
trigger-time = 1270517472.087153
injection-file = /work/shashwat.singh/Prospects-of-LGWs/unlens/injection.hdf

[global]
instruments = C1 C2
mass1_ref = 30.00000000471436
mass2_ref = 30.000000006983225
minchirp = 26.116416903975395
maxchirp = 26.116616903975395
mincov = 178251974157.05402
maxcov = 17825197415705.4
