
[data]
trigger-time = 1974209467.4339552
injection-file = /work/shashwat.singh/Prospects-of-LGWs/unlens/injection.hdf

[global]
instruments = C1 C2
mass1_ref = 30.000000003090186
mass2_ref = 30.000000000340126
minchirp = 26.116416900376855
maxchirp = 26.116616900376854
mincov = 13715098413.831306
maxcov = 1371509841383.1306
