
[data]
trigger-time = 1295755421.9086905
injection-file = /work/shashwat.singh/Prospects-of-LGWs/unlens/injection.hdf

[global]
instruments = C1 C2
mass1_ref = 30.000000009005735
mass2_ref = 30.00000000308037
minchirp = 26.116416904144508
maxchirp = 26.116616904144507
mincov = 41615505384.57395
maxcov = 4161550538457.395
