
[data]
trigger-time = 1686189425.027143
injection-file = /work/shashwat.singh/Prospects-of-LGWs/unlens/injection.hdf

[global]
instruments = C1 C2
mass1_ref = 30.000000002161432
mass2_ref = 30.000000003421828
minchirp = 26.11641690131398
maxchirp = 26.11661690131398
mincov = 1263469641.616795
maxcov = 126346964161.67952
