
[data]
trigger-time = 1079042597.2066073
injection-file = /work/shashwat.singh/Prospects-of-LGWs/unlens/injection.hdf

[global]
instruments = C1 C2
mass1_ref = 30.000000003880537
mass2_ref = 30.000000008972687
minchirp = 26.116416904478417
maxchirp = 26.116616904478416
mincov = 56533805196.25922
maxcov = 5653380519625.922
