
[data]
trigger-time = 1596736199.2521005
injection-file = /work/shashwat.singh/Prospects-of-LGWs/unlens/injection.hdf

[global]
instruments = C1 C2
mass1_ref = 30.00000000017213
mass2_ref = 30.00000000078789
minchirp = 26.116416899301598
maxchirp = 26.116616899301597
mincov = 92119714362.98631
maxcov = 9211971436298.63
