
[data]
trigger-time = 1549609894.5223157
injection-file = /work/shashwat.singh/Prospects-of-LGWs/unlens/injection.hdf

[global]
instruments = C1 C2
mass1_ref = 30.00000000319491
mass2_ref = 30.000000002552635
minchirp = 26.116416901385488
maxchirp = 26.116616901385488
mincov = 44569050091.04964
maxcov = 4456905009104.964
