
[data]
trigger-time = 1592988865.5036902
injection-file = /work/shashwat.singh/Prospects-of-LGWs/unlens/injection.hdf

[global]
instruments = C1 C2
mass1_ref = 30.000000008102752
mass2_ref = 30.000000000348006
minchirp = 26.116416902562133
maxchirp = 26.116616902562132
mincov = 154604805902.32193
maxcov = 15460480590232.191
