
[data]
trigger-time = 1771970235.009748
injection-file = /work/shashwat.singh/Prospects-of-LGWs/unlens/injection.hdf

[global]
instruments = C1 C2
mass1_ref = 30.000000007143072
mass2_ref = 30.00000000542449
minchirp = 26.11641690435407
maxchirp = 26.11661690435407
mincov = 143620264170.61505
maxcov = 14362026417061.504
