
[data]
trigger-time = 1981398285.9044638
injection-file = /work/shashwat.singh/Prospects-of-LGWs/unlens/injection.hdf

[global]
instruments = C1 C2
mass1_ref = 30.0000000097216
mass2_ref = 30.00000000575317
minchirp = 26.11641690561951
maxchirp = 26.11661690561951
mincov = 169627753898.13675
maxcov = 16962775389813.674
