
[data]
trigger-time = 1961370070.1982815
injection-file = /work/shashwat.singh/Prospects-of-LGWs/unlens/injection.hdf

[global]
instruments = C1 C2
mass1_ref = 30.00000000924472
mass2_ref = 30.000000001998774
minchirp = 26.11641690377774
maxchirp = 26.11661690377774
mincov = 67242362213.16908
maxcov = 6724236221316.908
