
[data]
trigger-time = 1203092280.9157763
injection-file = /work/shashwat.singh/Prospects-of-LGWs/unlens/injection.hdf

[global]
instruments = C1 C2
mass1_ref = 30.000000005729518
mass2_ref = 30.000000003596487
minchirp = 26.116416902943104
maxchirp = 26.116616902943104
mincov = 117299000141.70398
maxcov = 11729900014170.398
