
[data]
trigger-time = 1629035681.369782
injection-file = /work/shashwat.singh/Prospects-of-LGWs/unlens/injection.hdf

[global]
instruments = C1 C2
mass1_ref = 30.000000001725976
mass2_ref = 30.00000000031706
minchirp = 26.116416899773007
maxchirp = 26.116616899773007
mincov = 112004435014.90848
maxcov = 11200443501490.848
