
[data]
trigger-time = 1751409801.291267
injection-file = /work/shashwat.singh/Prospects-of-LGWs/unlens/injection.hdf

[global]
instruments = C1 C2
mass1_ref = 30.000000003461505
mass2_ref = 30.000000008739654
minchirp = 26.11641690419459
maxchirp = 26.11661690419459
mincov = 4426192575.011192
maxcov = 442619257501.11926
