
[data]
trigger-time = 1868790595.7748187
injection-file = /work/shashwat.singh/Prospects-of-LGWs/unlens/injection.hdf

[global]
instruments = C1 C2
mass1_ref = 30.000000003435296
mass2_ref = 30.000000002848655
minchirp = 26.116416901618972
maxchirp = 26.116616901618972
mincov = 39983740463.15244
maxcov = 3998374046315.244
