
[data]
trigger-time = 1603069867.9851208
injection-file = /work/shashwat.singh/Prospects-of-LGWs/unlens/injection.hdf

[global]
instruments = C1 C2
mass1_ref = 30.000000000408345
mass2_ref = 30.000000005284754
minchirp = 26.11641690136179
maxchirp = 26.11661690136179
mincov = 124647504775.89673
maxcov = 12464750477589.672
