
[data]
trigger-time = 1327196586.596844
injection-file = /work/shashwat.singh/Prospects-of-LGWs/unlens/injection.hdf

[global]
instruments = C1 C2
mass1_ref = 30.000000004552412
mass2_ref = 30.00000000320267
minchirp = 26.11641690225932
maxchirp = 26.11661690225932
mincov = 89910767842.10556
maxcov = 8991076784210.557
