
[data]
trigger-time = 1979859213.6961122
injection-file = /work/shashwat.singh/Prospects-of-LGWs/unlens/injection.hdf

[global]
instruments = C1 C2
mass1_ref = 30.000000004409223
mass2_ref = 30.00000000633122
minchirp = 26.116416903558772
maxchirp = 26.11661690355877
mincov = 1132858975.2935534
maxcov = 113285897529.35533
