
[data]
trigger-time = 1551536202.283977
injection-file = /work/shashwat.singh/Prospects-of-LGWs/unlens/injection.hdf

[global]
instruments = C1 C2
mass1_ref = 30.000000002679176
mass2_ref = 30.0000000047604
minchirp = 26.116416902121987
maxchirp = 26.116616902121986
mincov = 68446580526.15542
maxcov = 6844658052615.542
