
[data]
trigger-time = 1152958570.4465106
injection-file = /work/shashwat.singh/Prospects-of-LGWs/unlens/injection.hdf

[global]
instruments = C1 C2
mass1_ref = 30.000000009810083
mass2_ref = 30.0000000075537
minchirp = 26.116416906441753
maxchirp = 26.116616906441752
mincov = 89663910749.96837
maxcov = 8966391074996.838
