
[data]
trigger-time = 1917149842.070332
injection-file = /work/shashwat.singh/Prospects-of-LGWs/unlens/injection.hdf

[global]
instruments = C1 C2
mass1_ref = 30.000000004286033
mass2_ref = 30.00000000124661
minchirp = 26.11641690129195
maxchirp = 26.11661690129195
mincov = 169156135497.1727
maxcov = 16915613549717.27
