
[data]
trigger-time = 1432644723.7709787
injection-file = /work/shashwat.singh/Prospects-of-LGWs/unlens/injection.hdf

[global]
instruments = C1 C2
mass1_ref = 30.00000000101901
mass2_ref = 30.000000009326552
minchirp = 26.116416903386895
maxchirp = 26.116616903386895
mincov = 145942140934.3354
maxcov = 14594214093433.537
