
[data]
trigger-time = 1965326007.2217946
injection-file = /work/shashwat.singh/Prospects-of-LGWs/unlens/injection.hdf

[global]
instruments = C1 C2
mass1_ref = 30.000000005927966
mass2_ref = 30.000000000106404
minchirp = 26.116416901510338
maxchirp = 26.116616901510337
mincov = 46530310553.967606
maxcov = 4653031055396.761
