
[data]
trigger-time = 1658371718.5987577
injection-file = /work/shashwat.singh/Prospects-of-LGWs/unlens/injection.hdf

[global]
instruments = C1 C2
mass1_ref = 30.000000003917922
mass2_ref = 30.000000001294463
minchirp = 26.116416901152547
maxchirp = 26.116616901152547
mincov = 2716386456.5322423
maxcov = 271638645653.2242
