
[data]
trigger-time = 1519759528.5632722
injection-file = /work/shashwat.singh/Prospects-of-LGWs/unlens/injection.hdf

[global]
instruments = C1 C2
mass1_ref = 30.00000000608158
mass2_ref = 30.000000004198526
minchirp = 26.1164169033584
maxchirp = 26.1166169033584
mincov = 174945517508.1574
maxcov = 17494551750815.74
