
[data]
trigger-time = 1911711283.1907668
injection-file = /work/shashwat.singh/Prospects-of-LGWs/unlens/injection.hdf

[global]
instruments = C1 C2
mass1_ref = 30.000000003477762
mass2_ref = 30.000000003525937
minchirp = 26.11641690193226
maxchirp = 26.11661690193226
mincov = 16467157639.572453
maxcov = 1646715763957.245
