
[data]
trigger-time = 1310534834.8494847
injection-file = /work/shashwat.singh/Prospects-of-LGWs/unlens/injection.hdf

[global]
instruments = C1 C2
mass1_ref = 30.0000000062041
mass2_ref = 30.000000000591072
minchirp = 26.116416901841497
maxchirp = 26.116616901841496
mincov = 36956522145.6125
maxcov = 3695652214561.25
