
[data]
trigger-time = 1235946494.3559065
injection-file = /work/shashwat.singh/Prospects-of-LGWs/unlens/injection.hdf

[global]
instruments = C1 C2
mass1_ref = 30.000000004223335
mass2_ref = 30.000000007801024
minchirp = 26.11641690411763
maxchirp = 26.11661690411763
mincov = 89168148.02260758
maxcov = 8916814802.260757
