
[data]
trigger-time = 1507251226.5286338
injection-file = /work/shashwat.singh/Prospects-of-LGWs/unlens/injection.hdf

[global]
instruments = C1 C2
mass1_ref = 30.000000000632564
mass2_ref = 30.000000000278803
minchirp = 26.11641689928042
maxchirp = 26.11661689928042
mincov = 141471497114.3786
maxcov = 14147149711437.861
