
[data]
trigger-time = 1335479016.2244973
injection-file = /work/shashwat.singh/Prospects-of-LGWs/unlens/injection.hdf

[global]
instruments = C1 C2
mass1_ref = 30.000000007649852
mass2_ref = 30.000000005170897
minchirp = 26.11641690446428
maxchirp = 26.11661690446428
mincov = 165656312074.73306
maxcov = 16565631207473.305
