
[data]
trigger-time = 1059154128.6301603
injection-file = /work/shashwat.singh/Prospects-of-LGWs/unlens/injection.hdf

[global]
instruments = C1 C2
mass1_ref = 30.000000005102514
mass2_ref = 30.00000000092183
minchirp = 26.11641690150597
maxchirp = 26.11661690150597
mincov = 146831427653.92
maxcov = 14683142765392.002
