
[data]
trigger-time = 1101347458.6209648
injection-file = /work/shashwat.singh/Prospects-of-LGWs/unlens/injection.hdf

[global]
instruments = C1 C2
mass1_ref = 30.000000001681894
mass2_ref = 30.000000008784465
minchirp = 26.11641690343947
maxchirp = 26.11661690343947
mincov = 84859053230.5112
maxcov = 8485905323051.119
