
[data]
trigger-time = 1748633905.9165363
injection-file = /work/shashwat.singh/Prospects-of-LGWs/unlens/injection.hdf

[global]
instruments = C1 C2
mass1_ref = 30.00000000208756
mass2_ref = 30.000000001764914
minchirp = 26.116416900560612
maxchirp = 26.11661690056061
mincov = 131591064203.72873
maxcov = 13159106420372.873
