
[data]
trigger-time = 1817476601.858159
injection-file = /work/shashwat.singh/Prospects-of-LGWs/unlens/injection.hdf

[global]
instruments = C1 C2
mass1_ref = 30.00000000441917
mass2_ref = 30.0000000063551
minchirp = 26.116416903573498
maxchirp = 26.116616903573497
mincov = 35916655533.28009
maxcov = 3591665553328.009
