
[data]
trigger-time = 1780378620.900804
injection-file = /work/shashwat.singh/Prospects-of-LGWs/unlens/injection.hdf

[global]
instruments = C1 C2
mass1_ref = 30.000000000445223
mass2_ref = 30.000000002111907
minchirp = 26.11641689999678
maxchirp = 26.116616899996778
mincov = 114122323911.40396
maxcov = 11412232391140.395
