
[data]
trigger-time = 1762743375.9298425
injection-file = /work/shashwat.singh/Prospects-of-LGWs/unlens/injection.hdf

[global]
instruments = C1 C2
mass1_ref = 30.00000000788574
mass2_ref = 30.000000004430294
minchirp = 26.11641690424459
maxchirp = 26.11661690424459
mincov = 97057567677.7211
maxcov = 9705756767772.11
