
[data]
trigger-time = 1381599721.9751263
injection-file = /work/shashwat.singh/Prospects-of-LGWs/unlens/injection.hdf

[global]
instruments = C1 C2
mass1_ref = 30.000000002980354
mass2_ref = 30.000000004734655
minchirp = 26.116416902241877
maxchirp = 26.116616902241876
mincov = 26746826596.9954
maxcov = 2674682659699.54
