
[data]
trigger-time = 1552492232.3789883
injection-file = /work/shashwat.singh/Prospects-of-LGWs/unlens/injection.hdf

[global]
instruments = C1 C2
mass1_ref = 30.00000000954919
mass2_ref = 30.00000000247769
minchirp = 26.11641690411873
maxchirp = 26.11661690411873
mincov = 629675571.6818793
maxcov = 62967557168.18793
