
[data]
trigger-time = 1197009548.4557412
injection-file = /work/shashwat.singh/Prospects-of-LGWs/unlens/injection.hdf

[global]
instruments = C1 C2
mass1_ref = 30.00000000179384
mass2_ref = 30.00000000391163
minchirp = 26.116416901367174
maxchirp = 26.116616901367173
mincov = 161006834867.07233
maxcov = 16100683486707.23
