
[data]
trigger-time = 1695062712.4884505
injection-file = /work/shashwat.singh/Prospects-of-LGWs/unlens/injection.hdf

[global]
instruments = C1 C2
mass1_ref = 30.000000006980056
mass2_ref = 30.00000000367759
minchirp = 26.116416903522737
maxchirp = 26.116616903522736
mincov = 160102791701.98355
maxcov = 16010279170198.355
