
[data]
trigger-time = 1999616315.0636382
injection-file = /work/shashwat.singh/Prospects-of-LGWs/unlens/injection.hdf

[global]
instruments = C1 C2
mass1_ref = 30.000000006684925
mass2_ref = 30.00000000471885
minchirp = 26.116416903847508
maxchirp = 26.116616903847508
mincov = 114783686.13303468
maxcov = 11478368613.303469
