
[data]
trigger-time = 1699290976.8193789
injection-file = /work/shashwat.singh/Prospects-of-LGWs/unlens/injection.hdf

[global]
instruments = C1 C2
mass1_ref = 30.00000000884503
mass2_ref = 30.00000000531872
minchirp = 26.116416905048855
maxchirp = 26.116616905048854
mincov = 93091644691.36865
maxcov = 9309164469136.865
