
[data]
trigger-time = 1161999402.8954134
injection-file = /work/shashwat.singh/Prospects-of-LGWs/unlens/injection.hdf

[global]
instruments = C1 C2
mass1_ref = 30.000000007617043
mass2_ref = 30.000000000118554
minchirp = 26.11641690225084
maxchirp = 26.11661690225084
mincov = 111492001324.51047
maxcov = 11149200132451.047
