
[data]
trigger-time = 1076108733.720317
injection-file = /work/shashwat.singh/Prospects-of-LGWs/unlens/injection.hdf

[global]
instruments = C1 C2
mass1_ref = 30.00000000182771
mass2_ref = 30.0000000050632
minchirp = 26.11641690188317
maxchirp = 26.11661690188317
mincov = 155134908541.33472
maxcov = 15513490854133.473
