
[data]
trigger-time = 1598841382.1691191
injection-file = /work/shashwat.singh/Prospects-of-LGWs/unlens/injection.hdf

[global]
instruments = C1 C2
mass1_ref = 30.000000006972876
mass2_ref = 30.000000002668635
minchirp = 26.116416903080435
maxchirp = 26.116616903080434
mincov = 29998802583.385796
maxcov = 2999880258338.5796
