
[data]
trigger-time = 1503686349.6325512
injection-file = /work/shashwat.singh/Prospects-of-LGWs/unlens/injection.hdf

[global]
instruments = C1 C2
mass1_ref = 30.000000001211887
mass2_ref = 30.000000005147882
minchirp = 26.116416901651974
maxchirp = 26.116616901651973
mincov = 115776918686.72478
maxcov = 11577691868672.479
