
[data]
trigger-time = 1185214534.431218
injection-file = /work/shashwat.singh/Prospects-of-LGWs/unlens/injection.hdf

[global]
instruments = C1 C2
mass1_ref = 30.000000002492637
mass2_ref = 30.000000006819338
minchirp = 26.116416902936997
maxchirp = 26.116616902936997
mincov = 98949834640.3428
maxcov = 9894983464034.281
