
[data]
trigger-time = 1569163504.1344473
injection-file = /work/shashwat.singh/Prospects-of-LGWs/unlens/injection.hdf

[global]
instruments = C1 C2
mass1_ref = 30.00000000372845
mass2_ref = 30.00000000518051
minchirp = 26.116416902761575
maxchirp = 26.116616902761574
mincov = 126210372378.55795
maxcov = 12621037237855.797
