
[data]
trigger-time = 1990250709.584903
injection-file = /work/shashwat.singh/Prospects-of-LGWs/unlens/injection.hdf

[global]
instruments = C1 C2
mass1_ref = 30.00000000240334
mass2_ref = 30.000000009924808
minchirp = 26.116416904249864
maxchirp = 26.116616904249863
mincov = 16800345166.530704
maxcov = 1680034516653.0703
