
[data]
trigger-time = 1018522648.3508937
injection-file = /work/shashwat.singh/Prospects-of-LGWs/unlens/injection.hdf

[global]
instruments = C1 C2
mass1_ref = 30.000000007821928
mass2_ref = 30.000000006216485
minchirp = 26.1164169049943
maxchirp = 26.1166169049943
mincov = 77838580961.45757
maxcov = 7783858096145.757
