
[data]
trigger-time = 1332087967.177012
injection-file = /work/shashwat.singh/Prospects-of-LGWs/unlens/injection.hdf

[global]
instruments = C1 C2
mass1_ref = 30.00000000451274
mass2_ref = 30.000000006711684
minchirp = 26.116416903769437
maxchirp = 26.116616903769437
mincov = 128169477750.43864
maxcov = 12816947775043.865
