
[data]
trigger-time = 1394115461.4656353
injection-file = /work/shashwat.singh/Prospects-of-LGWs/unlens/injection.hdf

[global]
instruments = C1 C2
mass1_ref = 30.000000000251372
mass2_ref = 30.00000000107055
minchirp = 26.116416899459125
maxchirp = 26.116616899459125
mincov = 27421762914.72329
maxcov = 2742176291472.3286
