
[data]
trigger-time = 1674117088.8327212
injection-file = /work/shashwat.singh/Prospects-of-LGWs/unlens/injection.hdf

[global]
instruments = C1 C2
mass1_ref = 30.000000003728434
mass2_ref = 30.00000000780532
minchirp = 26.116416903904085
maxchirp = 26.116616903904085
mincov = 152105776421.8991
maxcov = 15210577642189.91
