
[data]
trigger-time = 1201324185.715301
injection-file = /work/shashwat.singh/Prospects-of-LGWs/unlens/injection.hdf

[global]
instruments = C1 C2
mass1_ref = 30.000000007988035
mass2_ref = 30.00000000865836
minchirp = 26.116416906129487
maxchirp = 26.116616906129487
mincov = 52208687077.28212
maxcov = 5220868707728.212
