
[data]
trigger-time = 1188102905.8917994
injection-file = /work/shashwat.singh/Prospects-of-LGWs/unlens/injection.hdf

[global]
instruments = C1 C2
mass1_ref = 30.000000000171642
mass2_ref = 30.00000000642301
minchirp = 26.116416901754214
maxchirp = 26.116616901754213
mincov = 892341936.2119337
maxcov = 89234193621.19337
