
[data]
trigger-time = 1632871187.1395493
injection-file = /work/shashwat.singh/Prospects-of-LGWs/unlens/injection.hdf

[global]
instruments = C1 C2
mass1_ref = 30.000000003298194
mass2_ref = 30.00000000269408
minchirp = 26.116416901492013
maxchirp = 26.116616901492012
mincov = 40363939994.50559
maxcov = 4036393999450.559
