
[data]
trigger-time = 1661523967.173174
injection-file = /work/shashwat.singh/Prospects-of-LGWs/unlens/injection.hdf

[global]
instruments = C1 C2
mass1_ref = 30.000000003866518
mass2_ref = 30.00000000865071
minchirp = 26.116416904332162
maxchirp = 26.11661690433216
mincov = 46525055267.46583
maxcov = 4652505526746.583
