
[data]
trigger-time = 1911698512.3962975
injection-file = /work/shashwat.singh/Prospects-of-LGWs/unlens/injection.hdf

[global]
instruments = C1 C2
mass1_ref = 30.000000003880075
mass2_ref = 30.000000009645074
minchirp = 26.11641690477089
maxchirp = 26.11661690477089
mincov = 49314121649.32274
maxcov = 4931412164932.273
