
[data]
trigger-time = 1291007591.8282373
injection-file = /work/shashwat.singh/Prospects-of-LGWs/unlens/injection.hdf

[global]
instruments = C1 C2
mass1_ref = 30.00000000505969
mass2_ref = 30.00000000747139
minchirp = 26.116416904338195
maxchirp = 26.116616904338194
mincov = 1709730730.3066087
maxcov = 170973073030.6609
