
[data]
trigger-time = 1853188283.4394054
injection-file = /work/shashwat.singh/Prospects-of-LGWs/unlens/injection.hdf

[global]
instruments = C1 C2
mass1_ref = 30.000000008532137
mass2_ref = 30.000000004473772
minchirp = 26.116416904544874
maxchirp = 26.116616904544873
mincov = 119413044536.95456
maxcov = 11941304453695.457
