
[data]
trigger-time = 1487509000.6881926
injection-file = /work/shashwat.singh/Prospects-of-LGWs/unlens/injection.hdf

[global]
instruments = C1 C2
mass1_ref = 30.00000000326881
mass2_ref = 30.000000009488033
minchirp = 26.116416904436463
maxchirp = 26.116616904436462
mincov = 141263316068.67358
maxcov = 14126331606867.36
