
[data]
trigger-time = 1252721611.1312375
injection-file = /work/shashwat.singh/Prospects-of-LGWs/unlens/injection.hdf

[global]
instruments = C1 C2
mass1_ref = 30.00000000908609
mass2_ref = 30.000000007888783
minchirp = 26.116416906272466
maxchirp = 26.116616906272466
mincov = 12261159715.822594
maxcov = 1226115971582.2593
