
[data]
trigger-time = 1956508885.530016
injection-file = /work/shashwat.singh/Prospects-of-LGWs/unlens/injection.hdf

[global]
instruments = C1 C2
mass1_ref = 30.000000008848122
mass2_ref = 30.000000006952664
minchirp = 26.116416905761415
maxchirp = 26.116616905761415
mincov = 4628734400.55538
maxcov = 462873440055.53796
