
[data]
trigger-time = 1999276635.1874337
injection-file = /work/shashwat.singh/Prospects-of-LGWs/unlens/injection.hdf

[global]
instruments = C1 C2
mass1_ref = 30.000000009800853
mass2_ref = 30.000000001692943
minchirp = 26.11641690388669
maxchirp = 26.11661690388669
mincov = 86823488232.105
maxcov = 8682348823210.499
