
[data]
trigger-time = 1428615752.7731864
injection-file = /work/shashwat.singh/Prospects-of-LGWs/unlens/injection.hdf

[global]
instruments = C1 C2
mass1_ref = 30.000000000117712
mass2_ref = 30.00000000976527
minchirp = 26.11641690318554
maxchirp = 26.11661690318554
mincov = 143518929631.1715
maxcov = 14351892963117.15
