
[data]
trigger-time = 1592247843.7926283
injection-file = /work/shashwat.singh/Prospects-of-LGWs/unlens/injection.hdf

[global]
instruments = C1 C2
mass1_ref = 30.000000008604456
mass2_ref = 30.000000005985658
minchirp = 26.11641690523444
maxchirp = 26.11661690523444
mincov = 1150684564.4714944
maxcov = 115068456447.14944
