
[data]
trigger-time = 1894509439.5833654
injection-file = /work/shashwat.singh/Prospects-of-LGWs/unlens/injection.hdf

[global]
instruments = C1 C2
mass1_ref = 30.000000009612325
mass2_ref = 30.000000007507538
minchirp = 26.11641690633558
maxchirp = 26.11661690633558
mincov = 126256727354.27193
maxcov = 12625672735427.191
