
[data]
trigger-time = 1892082236.208561
injection-file = /work/shashwat.singh/Prospects-of-LGWs/unlens/injection.hdf

[global]
instruments = C1 C2
mass1_ref = 30.00000000888806
mass2_ref = 30.000000008445333
minchirp = 26.116416906428523
maxchirp = 26.116616906428522
mincov = 71686097061.19693
maxcov = 7168609706119.693
