
[data]
trigger-time = 1067161447.2435485
injection-file = /work/shashwat.singh/Prospects-of-LGWs/unlens/injection.hdf

[global]
instruments = C1 C2
mass1_ref = 30.000000009390224
mass2_ref = 30.000000001172822
minchirp = 26.116416903481557
maxchirp = 26.116616903481557
mincov = 135768932821.66318
maxcov = 13576893282166.318
