
[data]
trigger-time = 1432165419.9472413
injection-file = /work/shashwat.singh/Prospects-of-LGWs/unlens/injection.hdf

[global]
instruments = C1 C2
mass1_ref = 30.0000000024869
mass2_ref = 30.00000000493204
minchirp = 26.116416902113006
maxchirp = 26.116616902113005
mincov = 140011485158.9871
maxcov = 14001148515898.709
