
[data]
trigger-time = 1829033066.263338
injection-file = /work/shashwat.singh/Prospects-of-LGWs/unlens/injection.hdf

[global]
instruments = C1 C2
mass1_ref = 30.00000000502074
mass2_ref = 30.00000000321949
minchirp = 26.116416902470494
maxchirp = 26.116616902470493
mincov = 45869921866.44673
maxcov = 4586992186644.674
