
[data]
trigger-time = 1076606679.2250655
injection-file = /work/shashwat.singh/Prospects-of-LGWs/unlens/injection.hdf

[global]
instruments = C1 C2
mass1_ref = 30.000000003459444
mass2_ref = 30.000000003733287
minchirp = 26.116416902014542
maxchirp = 26.116616902014542
mincov = 142003758061.6012
maxcov = 14200375806160.12
