
[data]
trigger-time = 1061041037.4460775
injection-file = /work/shashwat.singh/Prospects-of-LGWs/unlens/injection.hdf

[global]
instruments = C1 C2
mass1_ref = 30.000000004751296
mass2_ref = 30.000000003502095
minchirp = 26.11641690247622
maxchirp = 26.11661690247622
mincov = 34989657977.44427
maxcov = 3498965797744.427
