
[data]
trigger-time = 1839508533.5874918
injection-file = /work/shashwat.singh/Prospects-of-LGWs/unlens/injection.hdf

[global]
instruments = C1 C2
mass1_ref = 30.0000000096553
mass2_ref = 30.000000009023196
minchirp = 26.11641690701401
maxchirp = 26.11661690701401
mincov = 48154462997.52134
maxcov = 4815446299752.134
