
[data]
trigger-time = 1481780440.7980628
injection-file = /work/shashwat.singh/Prospects-of-LGWs/unlens/injection.hdf

[global]
instruments = C1 C2
mass1_ref = 30.000000009170435
mass2_ref = 30.000000005157005
minchirp = 26.116416905120104
maxchirp = 26.116616905120104
mincov = 108603517543.6749
maxcov = 10860351754367.488
