
[data]
trigger-time = 1064968736.5465083
injection-file = /work/shashwat.singh/Prospects-of-LGWs/unlens/injection.hdf

[global]
instruments = C1 C2
mass1_ref = 30.00000000723391
mass2_ref = 30.000000006260716
minchirp = 26.116416904757603
maxchirp = 26.116616904757603
mincov = 146311484925.4435
maxcov = 14631148492544.352
