
[data]
trigger-time = 1164757034.7076113
injection-file = /work/shashwat.singh/Prospects-of-LGWs/unlens/injection.hdf

[global]
instruments = C1 C2
mass1_ref = 30.000000004426877
mass2_ref = 30.000000006460976
minchirp = 26.116416903622937
maxchirp = 26.116616903622937
mincov = 18821269516.625816
maxcov = 1882126951662.5818
