
[data]
trigger-time = 1385990319.4719918
injection-file = /work/shashwat.singh/Prospects-of-LGWs/unlens/injection.hdf

[global]
instruments = C1 C2
mass1_ref = 30.000000004816748
mass2_ref = 30.00000000339555
minchirp = 26.116416902458333
maxchirp = 26.116616902458333
mincov = 81565629143.59416
maxcov = 8156562914359.416
