
[data]
trigger-time = 1894361759.1973143
injection-file = /work/shashwat.singh/Prospects-of-LGWs/unlens/injection.hdf

[global]
instruments = C1 C2
mass1_ref = 30.000000000952713
mass2_ref = 30.00000000959101
minchirp = 26.116416903473144
maxchirp = 26.116616903473144
mincov = 149312381708.49982
maxcov = 14931238170849.982
