
[data]
trigger-time = 1510583802.4151855
injection-file = /work/shashwat.singh/Prospects-of-LGWs/unlens/injection.hdf

[global]
instruments = C1 C2
mass1_ref = 30.000000000441236
mass2_ref = 30.000000005112625
minchirp = 26.116416901301182
maxchirp = 26.11661690130118
mincov = 88074168876.88129
maxcov = 8807416887688.129
