
[data]
trigger-time = 1971687987.2253523
injection-file = /work/shashwat.singh/Prospects-of-LGWs/unlens/injection.hdf

[global]
instruments = C1 C2
mass1_ref = 30.000000004403184
mass2_ref = 30.00000000383896
minchirp = 26.116416902471325
maxchirp = 26.116616902471325
mincov = 7893287342.10634
maxcov = 789328734210.634
