
[data]
trigger-time = 1587380471.5450087
injection-file = /work/shashwat.singh/Prospects-of-LGWs/unlens/injection.hdf

[global]
instruments = C1 C2
mass1_ref = 30.00000000131457
mass2_ref = 30.00000000504279
minchirp = 26.116416901650926
maxchirp = 26.116616901650925
mincov = 5994767773.979885
maxcov = 599476777397.9885
