
[data]
trigger-time = 1717226582.542912
injection-file = /work/shashwat.singh/Prospects-of-LGWs/unlens/injection.hdf

[global]
instruments = C1 C2
mass1_ref = 30.000000006489433
mass2_ref = 30.000000006897448
minchirp = 26.116416904710704
maxchirp = 26.116616904710703
mincov = 120533367246.58902
maxcov = 12053336724658.902
