
[data]
trigger-time = 1009459308.2201818
injection-file = /work/shashwat.singh/Prospects-of-LGWs/unlens/injection.hdf

[global]
instruments = C1 C2
mass1_ref = 30.00000000399894
mass2_ref = 30.000000003275506
minchirp = 26.116416902050112
maxchirp = 26.11661690205011
mincov = 1166398487.878221
maxcov = 116639848787.82211
