
[data]
trigger-time = 1462486813.073862
injection-file = /work/shashwat.singh/Prospects-of-LGWs/unlens/injection.hdf

[global]
instruments = C1 C2
mass1_ref = 30.000000000124043
mass2_ref = 30.000000005228088
minchirp = 26.116416901213377
maxchirp = 26.116616901213376
mincov = 167367146907.612
maxcov = 16736714690761.201
