
[data]
trigger-time = 1458389188.3678048
injection-file = /work/shashwat.singh/Prospects-of-LGWs/unlens/injection.hdf

[global]
instruments = C1 C2
mass1_ref = 30.000000008688538
mass2_ref = 30.000000009849284
minchirp = 26.116416906952782
maxchirp = 26.116616906952782
mincov = 66429881221.75336
maxcov = 6642988122175.336
