
[data]
trigger-time = 1135748041.5725389
injection-file = /work/shashwat.singh/Prospects-of-LGWs/unlens/injection.hdf

[global]
instruments = C1 C2
mass1_ref = 30.000000002893763
mass2_ref = 30.00000000697557
minchirp = 26.1164169031796
maxchirp = 26.1166169031796
mincov = 88776507620.44394
maxcov = 8877650762044.395
