
[data]
trigger-time = 1154701827.568898
injection-file = /work/shashwat.singh/Prospects-of-LGWs/unlens/injection.hdf

[global]
instruments = C1 C2
mass1_ref = 30.000000001440824
mass2_ref = 30.00000000275938
minchirp = 26.116416900711968
maxchirp = 26.116616900711968
mincov = 161071693273.31787
maxcov = 16107169327331.787
