
[data]
trigger-time = 1669149275.3520598
injection-file = /work/shashwat.singh/Prospects-of-LGWs/unlens/injection.hdf

[global]
instruments = C1 C2
mass1_ref = 30.00000000218701
mass2_ref = 30.000000003967855
minchirp = 26.116416901562783
maxchirp = 26.116616901562782
mincov = 68922164640.24675
maxcov = 6892216464024.676
