
[data]
trigger-time = 1965949204.9691725
injection-file = /work/shashwat.singh/Prospects-of-LGWs/unlens/injection.hdf

[global]
instruments = C1 C2
mass1_ref = 30.000000000132232
mass2_ref = 30.000000002982407
minchirp = 26.11641690023945
maxchirp = 26.11661690023945
mincov = 99532790423.8672
maxcov = 9953279042386.72
