
[data]
trigger-time = 1040150821.6554595
injection-file = /work/shashwat.singh/Prospects-of-LGWs/unlens/injection.hdf

[global]
instruments = C1 C2
mass1_ref = 30.00000000535223
mass2_ref = 30.000000000828994
minchirp = 26.116416901574258
maxchirp = 26.116616901574258
mincov = 55375789906.65946
maxcov = 5537578990665.946
