
[data]
trigger-time = 1610489582.2318544
injection-file = /work/shashwat.singh/Prospects-of-LGWs/unlens/injection.hdf

[global]
instruments = C1 C2
mass1_ref = 30.000000006952504
mass2_ref = 30.000000001772175
minchirp = 26.11641690268136
maxchirp = 26.11661690268136
mincov = 67550403827.3775
maxcov = 6755040382737.75
