
[data]
trigger-time = 1511738619.9171805
injection-file = /work/shashwat.singh/Prospects-of-LGWs/unlens/injection.hdf

[global]
instruments = C1 C2
mass1_ref = 30.0000000048876
mass2_ref = 30.000000001913516
minchirp = 26.116416901844083
maxchirp = 26.116616901844083
mincov = 94410673650.147
maxcov = 9441067365014.701
