
[data]
trigger-time = 1527654784.8882241
injection-file = /work/shashwat.singh/Prospects-of-LGWs/unlens/injection.hdf

[global]
instruments = C1 C2
mass1_ref = 30.000000004266454
mass2_ref = 30.000000008282576
minchirp = 26.116416904346007
maxchirp = 26.116616904346007
mincov = 35909192557.11056
maxcov = 3590919255711.0557
