
[data]
trigger-time = 1103163153.728711
injection-file = /work/shashwat.singh/Prospects-of-LGWs/unlens/injection.hdf

[global]
instruments = C1 C2
mass1_ref = 30.00000000437054
mass2_ref = 30.0000000094789
minchirp = 26.116416904912043
maxchirp = 26.116616904912043
mincov = 33257600893.556293
maxcov = 3325760089355.6294
