
[data]
trigger-time = 1798784411.6748426
injection-file = /work/shashwat.singh/Prospects-of-LGWs/unlens/injection.hdf

[global]
instruments = C1 C2
mass1_ref = 30.00000000014121
mass2_ref = 30.0000000041352
minchirp = 26.11641690074514
maxchirp = 26.11661690074514
mincov = 46537733951.125694
maxcov = 4653773395112.569
