
[data]
trigger-time = 1695386430.8912072
injection-file = /work/shashwat.singh/Prospects-of-LGWs/unlens/injection.hdf

[global]
instruments = C1 C2
mass1_ref = 30.000000001925866
mass2_ref = 30.00000000416624
minchirp = 26.11641690153547
maxchirp = 26.11661690153547
mincov = 7186724718.283626
maxcov = 718672471828.3625
