
[data]
trigger-time = 1684446687.7112992
injection-file = /work/shashwat.singh/Prospects-of-LGWs/unlens/injection.hdf

[global]
instruments = C1 C2
mass1_ref = 30.000000000411024
mass2_ref = 30.000000003388713
minchirp = 26.116416900537658
maxchirp = 26.116616900537657
mincov = 125271400037.78049
maxcov = 12527140003778.049
