
[data]
trigger-time = 1910761143.760636
injection-file = /work/shashwat.singh/Prospects-of-LGWs/unlens/injection.hdf

[global]
instruments = C1 C2
mass1_ref = 30.00000000987496
mass2_ref = 30.00000000044603
minchirp = 26.116416903376194
maxchirp = 26.116616903376194
mincov = 91789586976.28526
maxcov = 9178958697628.527
