
[data]
trigger-time = 1309151651.4937243
injection-file = /work/shashwat.singh/Prospects-of-LGWs/unlens/injection.hdf

[global]
instruments = C1 C2
mass1_ref = 30.00000000077048
mass2_ref = 30.00000000257232
minchirp = 26.116416900338763
maxchirp = 26.116616900338762
mincov = 114639367048.58627
maxcov = 11463936704858.629
