
[data]
trigger-time = 1355300160.4946587
injection-file = /work/shashwat.singh/Prospects-of-LGWs/unlens/injection.hdf

[global]
instruments = C1 C2
mass1_ref = 30.000000006136112
mass2_ref = 30.000000005482168
minchirp = 26.116416903940877
maxchirp = 26.116616903940876
mincov = 75774055734.54495
maxcov = 7577405573454.494
