
[data]
trigger-time = 1737169505.5640354
injection-file = /work/shashwat.singh/Prospects-of-LGWs/unlens/injection.hdf

[global]
instruments = C1 C2
mass1_ref = 30.000000006726513
mass2_ref = 30.000000006497753
minchirp = 26.11641690463992
maxchirp = 26.11661690463992
mincov = 70555823011.83206
maxcov = 7055582301183.205
