
[data]
trigger-time = 1763712311.6259284
injection-file = /work/shashwat.singh/Prospects-of-LGWs/unlens/injection.hdf

[global]
instruments = C1 C2
mass1_ref = 30.000000009094684
mass2_ref = 30.000000000808306
minchirp = 26.11641690319425
maxchirp = 26.11661690319425
mincov = 2847339452.1272097
maxcov = 284733945212.721
