
[data]
trigger-time = 1395672746.4849527
injection-file = /work/shashwat.singh/Prospects-of-LGWs/unlens/injection.hdf

[global]
instruments = C1 C2
mass1_ref = 30.00000000395946
mass2_ref = 30.00000000064258
minchirp = 26.11641690088688
maxchirp = 26.11661690088688
mincov = 21114355654.87069
maxcov = 2111435565487.0688
