
[data]
trigger-time = 1416457948.033486
injection-file = /work/shashwat.singh/Prospects-of-LGWs/unlens/injection.hdf

[global]
instruments = C1 C2
mass1_ref = 30.00000000779692
mass2_ref = 30.000000007419914
minchirp = 26.116416905507236
maxchirp = 26.116616905507236
mincov = 150203291142.83786
maxcov = 15020329114283.787
