
[data]
trigger-time = 1756388089.5054336
injection-file = /work/shashwat.singh/Prospects-of-LGWs/unlens/injection.hdf

[global]
instruments = C1 C2
mass1_ref = 30.000000002043983
mass2_ref = 30.00000000211804
minchirp = 26.116416900695352
maxchirp = 26.11661690069535
mincov = 179737751573.34735
maxcov = 17973775157334.734
