
[data]
trigger-time = 1935519247.9190307
injection-file = /work/shashwat.singh/Prospects-of-LGWs/unlens/injection.hdf

[global]
instruments = C1 C2
mass1_ref = 30.000000006622276
mass2_ref = 30.00000000348445
minchirp = 26.116416903282932
maxchirp = 26.11661690328293
mincov = 97875611563.27814
maxcov = 9787561156327.814
