
[data]
trigger-time = 1804090747.346211
injection-file = /work/shashwat.singh/Prospects-of-LGWs/unlens/injection.hdf

[global]
instruments = C1 C2
mass1_ref = 30.000000005691984
mass2_ref = 30.00000000965019
minchirp = 26.116416905561792
maxchirp = 26.11661690556179
mincov = 130994537365.08867
maxcov = 13099453736508.867
