
[data]
trigger-time = 1514437521.787519
injection-file = /work/shashwat.singh/Prospects-of-LGWs/unlens/injection.hdf

[global]
instruments = C1 C2
mass1_ref = 30.000000002405717
mass2_ref = 30.00000000184039
minchirp = 26.116416900731952
maxchirp = 26.11661690073195
mincov = 90955389339.52226
maxcov = 9095538933952.227
