
[data]
trigger-time = 1796137329.837829
injection-file = /work/shashwat.singh/Prospects-of-LGWs/unlens/injection.hdf

[global]
instruments = C1 C2
mass1_ref = 30.000000009164367
mass2_ref = 30.000000008306213
minchirp = 26.116416906488237
maxchirp = 26.116616906488236
mincov = 61824817778.94191
maxcov = 6182481777894.19
