
[data]
trigger-time = 1842987902.1109848
injection-file = /work/shashwat.singh/Prospects-of-LGWs/unlens/injection.hdf

[global]
instruments = C1 C2
mass1_ref = 30.000000004775018
mass2_ref = 30.00000000843085
minchirp = 26.11641690463191
maxchirp = 26.11661690463191
mincov = 120299376457.05563
maxcov = 12029937645705.564
