
[data]
trigger-time = 1238734192.3345659
injection-file = /work/shashwat.singh/Prospects-of-LGWs/unlens/injection.hdf

[global]
instruments = C1 C2
mass1_ref = 30.000000008798683
mass2_ref = 30.00000000758524
minchirp = 26.11641690601524
maxchirp = 26.11661690601524
mincov = 139029417361.5784
maxcov = 13902941736157.84
