
[data]
trigger-time = 1582487143.527765
injection-file = /work/shashwat.singh/Prospects-of-LGWs/unlens/injection.hdf

[global]
instruments = C1 C2
mass1_ref = 30.000000004132634
mass2_ref = 30.000000006497135
minchirp = 26.1164169035106
maxchirp = 26.1166169035106
mincov = 163674240314.29312
maxcov = 16367424031429.312
