
[data]
trigger-time = 1858703415.8304658
injection-file = /work/shashwat.singh/Prospects-of-LGWs/unlens/injection.hdf

[global]
instruments = C1 C2
mass1_ref = 30.00000000443618
mass2_ref = 30.00000000771967
minchirp = 26.116416904174866
maxchirp = 26.116616904174865
mincov = 11531703058.905178
maxcov = 1153170305890.5178
