
[data]
trigger-time = 1461552710.514656
injection-file = /work/shashwat.singh/Prospects-of-LGWs/unlens/injection.hdf

[global]
instruments = C1 C2
mass1_ref = 30.000000005676284
mass2_ref = 30.000000002113023
minchirp = 26.116416902274217
maxchirp = 26.116616902274217
mincov = 151988315095.0188
maxcov = 15198831509501.879
