
[data]
trigger-time = 1999933359.1471539
injection-file = /work/shashwat.singh/Prospects-of-LGWs/unlens/injection.hdf

[global]
instruments = C1 C2
mass1_ref = 30.000000008691117
mass2_ref = 30.0000000040721
minchirp = 26.116416904439237
maxchirp = 26.116616904439237
mincov = 12108279205.567944
maxcov = 1210827920556.7942
