
[data]
trigger-time = 1700866343.013021
injection-file = /work/shashwat.singh/Prospects-of-LGWs/unlens/injection.hdf

[global]
instruments = C1 C2
mass1_ref = 30.000000002729667
mass2_ref = 30.000000003131507
minchirp = 26.11641690143495
maxchirp = 26.11661690143495
mincov = 141305879878.6429
maxcov = 14130587987864.293
