
[data]
trigger-time = 1177854927.7681053
injection-file = /work/shashwat.singh/Prospects-of-LGWs/unlens/injection.hdf

[global]
instruments = C1 C2
mass1_ref = 30.000000002568555
mass2_ref = 30.000000005048253
minchirp = 26.116416902199134
maxchirp = 26.116616902199134
mincov = 155063184088.14136
maxcov = 15506318408814.137
