
[data]
trigger-time = 1584932210.1784344
injection-file = /work/shashwat.singh/Prospects-of-LGWs/unlens/injection.hdf

[global]
instruments = C1 C2
mass1_ref = 30.00000000385749
mass2_ref = 30.000000005942212
minchirp = 26.116416903149293
maxchirp = 26.116616903149293
mincov = 105970865957.77657
maxcov = 10597086595777.656
