
[data]
trigger-time = 1228464497.5253475
injection-file = /work/shashwat.singh/Prospects-of-LGWs/unlens/injection.hdf

[global]
instruments = C1 C2
mass1_ref = 30.000000001313655
mass2_ref = 30.00000000179632
minchirp = 26.116416900237418
maxchirp = 26.116616900237418
mincov = 75646427211.76425
maxcov = 7564642721176.426
