
[data]
trigger-time = 1249002530.156592
injection-file = /work/shashwat.singh/Prospects-of-LGWs/unlens/injection.hdf

[global]
instruments = C1 C2
mass1_ref = 30.000000000892527
mass2_ref = 30.000000003414772
minchirp = 26.116416900758587
maxchirp = 26.116616900758586
mincov = 18710956768.204845
maxcov = 1871095676820.4846
