
[data]
trigger-time = 1608961646.9047494
injection-file = /work/shashwat.singh/Prospects-of-LGWs/unlens/injection.hdf

[global]
instruments = C1 C2
mass1_ref = 30.000000009795208
mass2_ref = 30.000000009336073
minchirp = 26.1164169072111
maxchirp = 26.1166169072111
mincov = 137095534961.15457
maxcov = 13709553496115.457
