
[data]
trigger-time = 1164163085.1681616
injection-file = /work/shashwat.singh/Prospects-of-LGWs/unlens/injection.hdf

[global]
instruments = C1 C2
mass1_ref = 30.000000002844544
mass2_ref = 30.000000008355517
minchirp = 26.116416903758832
maxchirp = 26.116616903758832
mincov = 82549780561.25815
maxcov = 8254978056125.815
