
[data]
trigger-time = 1305092724.1793356
injection-file = /work/shashwat.singh/Prospects-of-LGWs/unlens/injection.hdf

[global]
instruments = C1 C2
mass1_ref = 30.000000006518192
mass2_ref = 30.000000009267698
minchirp = 26.116416905754935
maxchirp = 26.116616905754935
mincov = 175474718040.5383
maxcov = 17547471804053.83
