
[data]
trigger-time = 1845869439.9294126
injection-file = /work/shashwat.singh/Prospects-of-LGWs/unlens/injection.hdf

[global]
instruments = C1 C2
mass1_ref = 30.000000007380912
mass2_ref = 30.000000002583647
minchirp = 26.11641690322105
maxchirp = 26.11661690322105
mincov = 92784082630.83974
maxcov = 9278408263083.973
