
[data]
trigger-time = 1162628036.1512778
injection-file = /work/shashwat.singh/Prospects-of-LGWs/unlens/injection.hdf

[global]
instruments = C1 C2
mass1_ref = 30.00000000720932
mass2_ref = 30.00000000225973
minchirp = 26.116416903005366
maxchirp = 26.116616903005365
mincov = 73768558311.43945
maxcov = 7376855831143.945
