
[data]
trigger-time = 1259712416.8034298
injection-file = /work/shashwat.singh/Prospects-of-LGWs/unlens/injection.hdf

[global]
instruments = C1 C2
mass1_ref = 30.00000000498681
mass2_ref = 30.00000000733642
minchirp = 26.11641690424772
maxchirp = 26.11661690424772
mincov = 144063167230.84464
maxcov = 14406316723084.463
