
[data]
trigger-time = 1262325803.8492918
injection-file = /work/shashwat.singh/Prospects-of-LGWs/unlens/injection.hdf

[global]
instruments = C1 C2
mass1_ref = 30.000000000117232
mass2_ref = 30.000000007783402
minchirp = 26.116416902322676
maxchirp = 26.116616902322676
mincov = 35554361369.02756
maxcov = 3555436136902.756
