
[data]
trigger-time = 1481736723.2574987
injection-file = /work/shashwat.singh/Prospects-of-LGWs/unlens/injection.hdf

[global]
instruments = C1 C2
mass1_ref = 30.000000002028774
mass2_ref = 30.000000000050715
minchirp = 26.116416899788874
maxchirp = 26.116616899788873
mincov = 172329459790.7348
maxcov = 17232945979073.48
