
[data]
trigger-time = 1299020011.6544995
injection-file = /work/shashwat.singh/Prospects-of-LGWs/unlens/injection.hdf

[global]
instruments = C1 C2
mass1_ref = 30.000000000145565
mass2_ref = 30.00000000105612
minchirp = 26.116416899406786
maxchirp = 26.116616899406786
mincov = 144219798459.60742
maxcov = 14421979845960.742
