
[data]
trigger-time = 1577767789.6215177
injection-file = /work/shashwat.singh/Prospects-of-LGWs/unlens/injection.hdf

[global]
instruments = C1 C2
mass1_ref = 30.000000006468735
mass2_ref = 30.00000000000662
minchirp = 26.116416901702284
maxchirp = 26.116616901702283
mincov = 3100281831.585251
maxcov = 310028183158.5251
