
[data]
trigger-time = 1263495904.8060675
injection-file = /work/shashwat.singh/Prospects-of-LGWs/unlens/injection.hdf

[global]
instruments = C1 C2
mass1_ref = 30.000000002320313
mass2_ref = 30.000000003479556
minchirp = 26.116416901408265
maxchirp = 26.116616901408264
mincov = 104072621145.70596
maxcov = 10407262114570.598
