
[data]
trigger-time = 1455973371.5576167
injection-file = /work/shashwat.singh/Prospects-of-LGWs/unlens/injection.hdf

[global]
instruments = C1 C2
mass1_ref = 30.000000005413
mass2_ref = 30.00000000900686
minchirp = 26.11641690516033
maxchirp = 26.11661690516033
mincov = 69509774549.34059
maxcov = 6950977454934.059
