
[data]
trigger-time = 1083879102.48088
injection-file = /work/shashwat.singh/Prospects-of-LGWs/unlens/injection.hdf

[global]
instruments = C1 C2
mass1_ref = 30.00000000343736
mass2_ref = 30.00000000063098
minchirp = 26.11641690065457
maxchirp = 26.11661690065457
mincov = 57085312004.894394
maxcov = 5708531200489.439
