
[data]
trigger-time = 1638087916.8809357
injection-file = /work/shashwat.singh/Prospects-of-LGWs/unlens/injection.hdf

[global]
instruments = C1 C2
mass1_ref = 30.00000000619252
mass2_ref = 30.0000000057879
minchirp = 26.116416904098504
maxchirp = 26.116616904098503
mincov = 33365243500.42824
maxcov = 3336524350042.824
