
[data]
trigger-time = 1516879003.97816
injection-file = /work/shashwat.singh/Prospects-of-LGWs/unlens/injection.hdf

[global]
instruments = C1 C2
mass1_ref = 30.000000004223583
mass2_ref = 30.00000000760183
minchirp = 26.116416904031034
maxchirp = 26.116616904031034
mincov = 116242316059.8859
maxcov = 11624231605988.59
