
[data]
trigger-time = 1093448169.0841208
injection-file = /work/shashwat.singh/Prospects-of-LGWs/unlens/injection.hdf

[global]
instruments = C1 C2
mass1_ref = 30.000000005962193
mass2_ref = 30.00000000479877
minchirp = 26.116416903567707
maxchirp = 26.116616903567706
mincov = 72136585090.16824
maxcov = 7213658509016.824
