
[data]
trigger-time = 1619049004.8309226
injection-file = /work/shashwat.singh/Prospects-of-LGWs/unlens/injection.hdf

[global]
instruments = C1 C2
mass1_ref = 30.00000000497499
mass2_ref = 30.000000009056166
minchirp = 26.11641690499114
maxchirp = 26.11661690499114
mincov = 127250807468.0245
maxcov = 12725080746802.451
