
[data]
trigger-time = 1691832896.743396
injection-file = /work/shashwat.singh/Prospects-of-LGWs/unlens/injection.hdf

[global]
instruments = C1 C2
mass1_ref = 30.000000003865104
mass2_ref = 30.000000005163447
minchirp = 26.11641690281363
maxchirp = 26.11661690281363
mincov = 49952871217.84337
maxcov = 4995287121784.337
