
[data]
trigger-time = 1110992312.1884267
injection-file = /work/shashwat.singh/Prospects-of-LGWs/unlens/injection.hdf

[global]
instruments = C1 C2
mass1_ref = 30.000000001593488
mass2_ref = 30.00000000221601
minchirp = 26.116416900541903
maxchirp = 26.116616900541903
mincov = 14485572489.20462
maxcov = 1448557248920.462
