
[data]
trigger-time = 1014154606.613535
injection-file = /work/shashwat.singh/Prospects-of-LGWs/unlens/injection.hdf

[global]
instruments = C1 C2
mass1_ref = 30.0000000081027
mass2_ref = 30.000000003928772
minchirp = 26.116416904120726
maxchirp = 26.116616904120725
mincov = 100267918965.09311
maxcov = 10026791896509.31
