
[data]
trigger-time = 1366942424.371241
injection-file = /work/shashwat.singh/Prospects-of-LGWs/unlens/injection.hdf

[global]
instruments = C1 C2
mass1_ref = 30.00000000011177
mass2_ref = 30.000000008117688
minchirp = 26.116416902465804
maxchirp = 26.116616902465804
mincov = 174504080658.53757
maxcov = 17450408065853.758
