
[data]
trigger-time = 1574755862.665849
injection-file = /work/shashwat.singh/Prospects-of-LGWs/unlens/injection.hdf

[global]
instruments = C1 C2
mass1_ref = 30.000000000836422
mass2_ref = 30.000000000103437
minchirp = 26.116416899292823
maxchirp = 26.116616899292822
mincov = 77923965266.79135
maxcov = 7792396526679.135
