
[data]
trigger-time = 1603345905.3278675
injection-file = /work/shashwat.singh/Prospects-of-LGWs/unlens/injection.hdf

[global]
instruments = C1 C2
mass1_ref = 30.000000008157098
mass2_ref = 30.000000006417675
minchirp = 26.116416905227762
maxchirp = 26.11661690522776
mincov = 142346217617.32022
maxcov = 14234621761732.021
