
[data]
trigger-time = 1484464979.9621
injection-file = /work/shashwat.singh/Prospects-of-LGWs/unlens/injection.hdf

[global]
instruments = C1 C2
mass1_ref = 30.000000002742354
mass2_ref = 30.000000000751392
minchirp = 26.116416900404467
maxchirp = 26.116616900404466
mincov = 3502451183.5177054
maxcov = 350245118351.77057
