
[data]
trigger-time = 1019779052.7086937
injection-file = /work/shashwat.singh/Prospects-of-LGWs/unlens/injection.hdf

[global]
instruments = C1 C2
mass1_ref = 30.00000000188826
mass2_ref = 30.000000003279585
minchirp = 26.11641690113316
maxchirp = 26.11661690113316
mincov = 62855845827.83806
maxcov = 6285584582783.807
