
[data]
trigger-time = 1244555688.0393069
injection-file = /work/shashwat.singh/Prospects-of-LGWs/unlens/injection.hdf

[global]
instruments = C1 C2
mass1_ref = 30.000000009545428
mass2_ref = 30.000000008460145
minchirp = 26.116416906721103
maxchirp = 26.116616906721102
mincov = 3898353301.217552
maxcov = 389835330121.75525
