
[data]
trigger-time = 1267114327.526111
injection-file = /work/shashwat.singh/Prospects-of-LGWs/unlens/injection.hdf

[global]
instruments = C1 C2
mass1_ref = 30.000000000798725
mass2_ref = 30.000000008156427
minchirp = 26.116416902781683
maxchirp = 26.116616902781683
mincov = 156324810040.2062
maxcov = 15632481004020.621
