
[data]
trigger-time = 1321855363.0212545
injection-file = /work/shashwat.singh/Prospects-of-LGWs/unlens/injection.hdf

[global]
instruments = C1 C2
mass1_ref = 30.000000008237773
mass2_ref = 30.000000006472494
minchirp = 26.11641690528674
maxchirp = 26.11661690528674
mincov = 15391071225.647259
maxcov = 1539107122564.726
