
[data]
trigger-time = 1701034829.2054677
injection-file = /work/shashwat.singh/Prospects-of-LGWs/unlens/injection.hdf

[global]
instruments = C1 C2
mass1_ref = 30.0000000057354
mass2_ref = 30.00000000937669
minchirp = 26.116416905461644
maxchirp = 26.116616905461644
mincov = 2458079671.2476435
maxcov = 245807967124.76434
