
[data]
trigger-time = 1842216536.3186665
injection-file = /work/shashwat.singh/Prospects-of-LGWs/unlens/injection.hdf

[global]
instruments = C1 C2
mass1_ref = 30.000000007571494
mass2_ref = 30.000000006618773
minchirp = 26.116416905060397
maxchirp = 26.116616905060397
mincov = 77660163833.99643
maxcov = 7766016383399.643
