
[data]
trigger-time = 1498243575.824041
injection-file = /work/shashwat.singh/Prospects-of-LGWs/unlens/injection.hdf

[global]
instruments = C1 C2
mass1_ref = 30.00000000029734
mass2_ref = 30.000000002870426
minchirp = 26.116416900262575
maxchirp = 26.116616900262574
mincov = 94648603987.43594
maxcov = 9464860398743.596
