
[data]
trigger-time = 1423477490.9227967
injection-file = /work/shashwat.singh/Prospects-of-LGWs/unlens/injection.hdf

[global]
instruments = C1 C2
mass1_ref = 30.000000007892364
mass2_ref = 30.000000002886313
minchirp = 26.116416903575416
maxchirp = 26.116616903575416
mincov = 44383835461.59801
maxcov = 4438383546159.801
