
[data]
trigger-time = 1644470340.7862005
injection-file = /work/shashwat.singh/Prospects-of-LGWs/unlens/injection.hdf

[global]
instruments = C1 C2
mass1_ref = 30.00000000166497
mass2_ref = 30.000000009527668
minchirp = 26.116416903755603
maxchirp = 26.116616903755602
mincov = 21541937267.02528
maxcov = 2154193726702.528
