
[data]
trigger-time = 1657075590.5988631
injection-file = /work/shashwat.singh/Prospects-of-LGWs/unlens/injection.hdf

[global]
instruments = C1 C2
mass1_ref = 30.00000000255392
mass2_ref = 30.000000003958856
minchirp = 26.116416901718576
maxchirp = 26.116616901718576
mincov = 2754963908.6233897
maxcov = 275496390862.339
