
[data]
trigger-time = 1504312052.5126333
injection-file = /work/shashwat.singh/Prospects-of-LGWs/unlens/injection.hdf

[global]
instruments = C1 C2
mass1_ref = 30.000000009926513
mass2_ref = 30.000000002150767
minchirp = 26.116416904140664
maxchirp = 26.116616904140663
mincov = 68203172246.73466
maxcov = 6820317224673.466
