
[data]
trigger-time = 1888905677.9031405
injection-file = /work/shashwat.singh/Prospects-of-LGWs/unlens/injection.hdf

[global]
instruments = C1 C2
mass1_ref = 30.000000004670625
mass2_ref = 30.000000001003446
minchirp = 26.11641690135351
maxchirp = 26.11661690135351
mincov = 2570110328.8297944
maxcov = 257011032882.97943
