
[data]
trigger-time = 1231484626.1860726
injection-file = /work/shashwat.singh/Prospects-of-LGWs/unlens/injection.hdf

[global]
instruments = C1 C2
mass1_ref = 30.000000007833663
mass2_ref = 30.000000000605993
minchirp = 26.116416902557297
maxchirp = 26.116616902557297
mincov = 147967831379.9128
maxcov = 14796783137991.281
