
[data]
trigger-time = 1515847301.9415612
injection-file = /work/shashwat.singh/Prospects-of-LGWs/unlens/injection.hdf

[global]
instruments = C1 C2
mass1_ref = 30.000000001423295
mass2_ref = 30.000000001042014
minchirp = 26.116416899956814
maxchirp = 26.116616899956814
mincov = 313523451.8153526
maxcov = 31352345181.535263
