
[data]
trigger-time = 1162939862.676277
injection-file = /work/shashwat.singh/Prospects-of-LGWs/unlens/injection.hdf

[global]
instruments = C1 C2
mass1_ref = 30.000000000012186
mass2_ref = 30.00000000619267
minchirp = 26.116416901584547
maxchirp = 26.116616901584546
mincov = 55058119.949924126
maxcov = 5505811994.992413
