
[data]
trigger-time = 1740332050.6384153
injection-file = /work/shashwat.singh/Prospects-of-LGWs/unlens/injection.hdf

[global]
instruments = C1 C2
mass1_ref = 30.00000000077106
mass2_ref = 30.000000000368587
minchirp = 26.116416899379782
maxchirp = 26.116616899379782
mincov = 100172097210.09604
maxcov = 10017209721009.605
