
[data]
trigger-time = 1572199663.5590672
injection-file = /work/shashwat.singh/Prospects-of-LGWs/unlens/injection.hdf

[global]
instruments = C1 C2
mass1_ref = 30.00000000678103
mass2_ref = 30.000000000175536
minchirp = 26.116416901911748
maxchirp = 26.116616901911748
mincov = 130701935004.74646
maxcov = 13070193500474.646
