
[data]
trigger-time = 1316382251.9025202
injection-file = /work/shashwat.singh/Prospects-of-LGWs/unlens/injection.hdf

[global]
instruments = C1 C2
mass1_ref = 30.000000006166644
mass2_ref = 30.000000009786724
minchirp = 26.11641690582783
maxchirp = 26.11661690582783
mincov = 5590358063.769664
maxcov = 559035806376.9664
