
[data]
trigger-time = 1016679312.2307781
injection-file = /work/shashwat.singh/Prospects-of-LGWs/unlens/injection.hdf

[global]
instruments = C1 C2
mass1_ref = 30.00000000316464
mass2_ref = 30.000000001193012
minchirp = 26.116416900780504
maxchirp = 26.116616900780503
mincov = 128702017368.72908
maxcov = 12870201736872.908
