
[data]
trigger-time = 1083377044.1840062
injection-file = /work/shashwat.singh/Prospects-of-LGWs/unlens/injection.hdf

[global]
instruments = C1 C2
mass1_ref = 30.00000000497888
mass2_ref = 30.000000004707594
minchirp = 26.116416903100006
maxchirp = 26.116616903100006
mincov = 71322467724.69498
maxcov = 7132246772469.497
