
[data]
trigger-time = 1803180944.8422089
injection-file = /work/shashwat.singh/Prospects-of-LGWs/unlens/injection.hdf

[global]
instruments = C1 C2
mass1_ref = 30.000000004730758
mass2_ref = 30.000000006273407
minchirp = 26.116416903673567
maxchirp = 26.116616903673567
mincov = 50128000543.82005
maxcov = 5012800054382.005
