
[data]
trigger-time = 1648220515.029613
injection-file = /work/shashwat.singh/Prospects-of-LGWs/unlens/injection.hdf

[global]
instruments = C1 C2
mass1_ref = 30.000000001443897
mass2_ref = 30.000000009293707
minchirp = 26.11641690355754
maxchirp = 26.11661690355754
mincov = 24724013.498629175
maxcov = 2472401349.8629174
