
[data]
trigger-time = 1932319517.5420327
injection-file = /work/shashwat.singh/Prospects-of-LGWs/unlens/injection.hdf

[global]
instruments = C1 C2
mass1_ref = 30.00000000504738
mass2_ref = 30.000000007373032
minchirp = 26.116416904290023
maxchirp = 26.116616904290023
mincov = 23718235258.39201
maxcov = 2371823525839.201
