
[data]
trigger-time = 1951312288.3019211
injection-file = /work/shashwat.singh/Prospects-of-LGWs/unlens/injection.hdf

[global]
instruments = C1 C2
mass1_ref = 30.00000000124068
mass2_ref = 30.000000000271502
minchirp = 26.11641689954194
maxchirp = 26.11661689954194
mincov = 67806252244.34993
maxcov = 6780625224434.992
