
[data]
trigger-time = 1419068052.14989
injection-file = /work/shashwat.singh/Prospects-of-LGWs/unlens/injection.hdf

[global]
instruments = C1 C2
mass1_ref = 30.000000004658364
mass2_ref = 30.000000006917045
minchirp = 26.116416903922214
maxchirp = 26.116616903922214
mincov = 14122051437.581995
maxcov = 1412205143758.1995
