
[data]
trigger-time = 1927057497.2847643
injection-file = /work/shashwat.singh/Prospects-of-LGWs/unlens/injection.hdf

[global]
instruments = C1 C2
mass1_ref = 30.000000006274202
mass2_ref = 30.000000005322534
minchirp = 26.116416903931498
maxchirp = 26.116616903931497
mincov = 5446756733.579379
maxcov = 544675673357.9379
