
[data]
trigger-time = 1479901723.806813
injection-file = /work/shashwat.singh/Prospects-of-LGWs/unlens/injection.hdf

[global]
instruments = C1 C2
mass1_ref = 30.000000009839265
mass2_ref = 30.000000000441823
minchirp = 26.11641690335883
maxchirp = 26.11661690335883
mincov = 78952223229.09592
maxcov = 7895222322909.591
