
[data]
trigger-time = 1887065098.3955712
injection-file = /work/shashwat.singh/Prospects-of-LGWs/unlens/injection.hdf

[global]
instruments = C1 C2
mass1_ref = 30.00000000092015
mass2_ref = 30.000000006494187
minchirp = 26.116416902111002
maxchirp = 26.116616902111
mincov = 41275808783.578384
maxcov = 4127580878357.839
