
[data]
trigger-time = 1639063528.6342595
injection-file = /work/shashwat.singh/Prospects-of-LGWs/unlens/injection.hdf

[global]
instruments = C1 C2
mass1_ref = 30.000000003244146
mass2_ref = 30.00000000812333
minchirp = 26.116416903831706
maxchirp = 26.116616903831705
mincov = 10876347417.126753
maxcov = 1087634741712.6753
