
[data]
trigger-time = 1972531296.3936324
injection-file = /work/shashwat.singh/Prospects-of-LGWs/unlens/injection.hdf

[global]
instruments = C1 C2
mass1_ref = 30.000000005171504
mass2_ref = 30.000000001591832
minchirp = 26.116416901827638
maxchirp = 26.116616901827637
mincov = 118754835188.3145
maxcov = 11875483518831.45
