
[data]
trigger-time = 1925490631.471201
injection-file = /work/shashwat.singh/Prospects-of-LGWs/unlens/injection.hdf

[global]
instruments = C1 C2
mass1_ref = 30.000000001479883
mass2_ref = 30.0000000033393
minchirp = 26.116416900981395
maxchirp = 26.116616900981395
mincov = 110032522710.32642
maxcov = 11003252271032.64
