
[data]
trigger-time = 1375232009.9413366
injection-file = /work/shashwat.singh/Prospects-of-LGWs/unlens/injection.hdf

[global]
instruments = C1 C2
mass1_ref = 30.00000000643321
mass2_ref = 30.000000006943118
minchirp = 26.11641690470611
maxchirp = 26.11661690470611
mincov = 10630376956.98486
maxcov = 1063037695698.4858
