
[data]
trigger-time = 1033053248.930461
injection-file = /work/shashwat.singh/Prospects-of-LGWs/unlens/injection.hdf

[global]
instruments = C1 C2
mass1_ref = 30.00000000312549
mass2_ref = 30.000000004090417
minchirp = 26.11641690202463
maxchirp = 26.116616902024628
mincov = 55936760190.185326
maxcov = 5593676019018.533
