
[data]
trigger-time = 1490478202.7924125
injection-file = /work/shashwat.singh/Prospects-of-LGWs/unlens/injection.hdf

[global]
instruments = C1 C2
mass1_ref = 30.00000000646623
mass2_ref = 30.000000006568122
minchirp = 26.116416904557255
maxchirp = 26.116616904557254
mincov = 22773683899.018856
maxcov = 2277368389901.8857
