
[data]
trigger-time = 1042326456.2796441
injection-file = /work/shashwat.singh/Prospects-of-LGWs/unlens/injection.hdf

[global]
instruments = C1 C2
mass1_ref = 30.00000000800607
mass2_ref = 30.000000000041787
minchirp = 26.116416902386757
maxchirp = 26.116616902386756
mincov = 130569209188.55945
maxcov = 13056920918855.945
