
[data]
trigger-time = 1486105938.4800806
injection-file = /work/shashwat.singh/Prospects-of-LGWs/unlens/injection.hdf

[global]
instruments = C1 C2
mass1_ref = 30.000000007826813
mass2_ref = 30.00000000158569
minchirp = 26.116416902980752
maxchirp = 26.116616902980752
mincov = 47466303760.64587
maxcov = 4746630376064.587
