
[data]
trigger-time = 1336680215.6225755
injection-file = /work/shashwat.singh/Prospects-of-LGWs/unlens/injection.hdf

[global]
instruments = C1 C2
mass1_ref = 30.000000001956277
mass2_ref = 30.00000000088908
minchirp = 26.11641690012224
maxchirp = 26.11661690012224
mincov = 57052725981.01788
maxcov = 5705272598101.788
