
[data]
trigger-time = 1420382552.9193115
injection-file = /work/shashwat.singh/Prospects-of-LGWs/unlens/injection.hdf

[global]
instruments = C1 C2
mass1_ref = 30.00000000247292
mass2_ref = 30.000000008069204
minchirp = 26.116416903472448
maxchirp = 26.116616903472448
mincov = 149472113220.79327
maxcov = 14947211322079.326
