
[data]
trigger-time = 1592421932.9299095
injection-file = /work/shashwat.singh/Prospects-of-LGWs/unlens/injection.hdf

[global]
instruments = C1 C2
mass1_ref = 30.000000004934098
mass2_ref = 30.000000000042448
minchirp = 26.11641690104989
maxchirp = 26.11661690104989
mincov = 143711111448.1142
maxcov = 14371111144811.422
