
[data]
trigger-time = 1459874035.746712
injection-file = /work/shashwat.singh/Prospects-of-LGWs/unlens/injection.hdf

[global]
instruments = C1 C2
mass1_ref = 30.000000003732346
mass2_ref = 30.000000004781008
minchirp = 26.116416902589375
maxchirp = 26.116616902589374
mincov = 44672309797.62462
maxcov = 4467230979762.462
