
[data]
trigger-time = 1166572928.9933274
injection-file = /work/shashwat.singh/Prospects-of-LGWs/unlens/injection.hdf

[global]
instruments = C1 C2
mass1_ref = 30.00000000585929
mass2_ref = 30.00000000372705
minchirp = 26.11641690305642
maxchirp = 26.11661690305642
mincov = 40207635330.19228
maxcov = 4020763533019.2285
