
[data]
trigger-time = 1753695631.983365
injection-file = /work/shashwat.singh/Prospects-of-LGWs/unlens/injection.hdf

[global]
instruments = C1 C2
mass1_ref = 30.00000000688389
mass2_ref = 30.00000000788603
minchirp = 26.116416905312708
maxchirp = 26.116616905312707
mincov = 66595387357.27141
maxcov = 6659538735727.141
