
[data]
trigger-time = 1024307426.6183056
injection-file = /work/shashwat.singh/Prospects-of-LGWs/unlens/injection.hdf

[global]
instruments = C1 C2
mass1_ref = 30.000000000709726
mass2_ref = 30.000000005596174
minchirp = 26.116416901628526
maxchirp = 26.116616901628525
mincov = 4254083882.4172297
maxcov = 425408388241.72296
