
[data]
trigger-time = 1722736243.060327
injection-file = /work/shashwat.singh/Prospects-of-LGWs/unlens/injection.hdf

[global]
instruments = C1 C2
mass1_ref = 30.000000004953588
mass2_ref = 30.00000000283548
minchirp = 26.116416902274114
maxchirp = 26.116616902274114
mincov = 44354216167.32707
maxcov = 4435421616732.707
