
[data]
trigger-time = 1184495598.3343606
injection-file = /work/shashwat.singh/Prospects-of-LGWs/unlens/injection.hdf

[global]
instruments = C1 C2
mass1_ref = 30.000000007331018
mass2_ref = 30.00000000732661
minchirp = 26.11641690526383
maxchirp = 26.11661690526383
mincov = 62570153240.531334
maxcov = 6257015324053.134
