
[data]
trigger-time = 1149168791.250948
injection-file = /work/shashwat.singh/Prospects-of-LGWs/unlens/injection.hdf

[global]
instruments = C1 C2
mass1_ref = 30.000000007307282
mass2_ref = 30.000000006171334
minchirp = 26.116416904750633
maxchirp = 26.116616904750632
mincov = 80421503273.42813
maxcov = 8042150327342.813
