
[data]
trigger-time = 1080964956.6283746
injection-file = /work/shashwat.singh/Prospects-of-LGWs/unlens/injection.hdf

[global]
instruments = C1 C2
mass1_ref = 30.00000000766628
mass2_ref = 30.00000000760721
minchirp = 26.1164169055319
maxchirp = 26.1166169055319
mincov = 159025586210.1115
maxcov = 15902558621011.152
