
[data]
trigger-time = 1313512378.8276198
injection-file = /work/shashwat.singh/Prospects-of-LGWs/unlens/injection.hdf

[global]
instruments = C1 C2
mass1_ref = 30.000000000378094
mass2_ref = 30.00000000882464
minchirp = 26.116416902889448
maxchirp = 26.116616902889447
mincov = 73457852349.60794
maxcov = 7345785234960.795
