
[data]
trigger-time = 1896005752.9775612
injection-file = /work/shashwat.singh/Prospects-of-LGWs/unlens/injection.hdf

[global]
instruments = C1 C2
mass1_ref = 30.000000005956526
mass2_ref = 30.00000000791754
minchirp = 26.11641690492276
maxchirp = 26.11661690492276
mincov = 117446606980.24007
maxcov = 11744660698024.006
