
[data]
trigger-time = 1152091323.393362
injection-file = /work/shashwat.singh/Prospects-of-LGWs/unlens/injection.hdf

[global]
instruments = C1 C2
mass1_ref = 30.00000000420777
mass2_ref = 30.00000000991972
minchirp = 26.116416905033073
maxchirp = 26.116616905033073
mincov = 5333392635.750542
maxcov = 533339263575.0542
