
[data]
trigger-time = 1393289721.5293193
injection-file = /work/shashwat.singh/Prospects-of-LGWs/unlens/injection.hdf

[global]
instruments = C1 C2
mass1_ref = 30.00000000907895
mass2_ref = 30.000000007048662
minchirp = 26.116416905903677
maxchirp = 26.116616905903676
mincov = 49796333307.16932
maxcov = 4979633330716.932
