
[data]
trigger-time = 1410532098.0261483
injection-file = /work/shashwat.singh/Prospects-of-LGWs/unlens/injection.hdf

[global]
instruments = C1 C2
mass1_ref = 30.0000000052315
mass2_ref = 30.000000006956615
minchirp = 26.116416904188906
maxchirp = 26.116616904188906
mincov = 13511619614.036652
maxcov = 1351161961403.665
