
[data]
trigger-time = 1895555852.7473247
injection-file = /work/shashwat.singh/Prospects-of-LGWs/unlens/injection.hdf

[global]
instruments = C1 C2
mass1_ref = 30.000000009006826
mass2_ref = 30.0000000048357
minchirp = 26.116416904909034
maxchirp = 26.116616904909034
mincov = 14939180477.065449
maxcov = 1493918047706.545
