
[data]
trigger-time = 1962738292.6677275
injection-file = /work/shashwat.singh/Prospects-of-LGWs/unlens/injection.hdf

[global]
instruments = C1 C2
mass1_ref = 30.000000004618176
mass2_ref = 30.000000008864102
minchirp = 26.116416904752228
maxchirp = 26.116616904752227
mincov = 109467019759.60579
maxcov = 10946701975960.578
