
[data]
trigger-time = 1022816885.0715446
injection-file = /work/shashwat.singh/Prospects-of-LGWs/unlens/injection.hdf

[global]
instruments = C1 C2
mass1_ref = 30.000000008070522
mass2_ref = 30.00000000056185
minchirp = 26.116416902641184
maxchirp = 26.116616902641184
mincov = 130130332270.29373
maxcov = 13013033227029.373
