
[data]
trigger-time = 1773456393.7467413
injection-file = /work/shashwat.singh/Prospects-of-LGWs/unlens/injection.hdf

[global]
instruments = C1 C2
mass1_ref = 30.000000000584635
mass2_ref = 30.00000000102067
minchirp = 26.116416899582475
maxchirp = 26.116616899582475
mincov = 14956879920.872654
maxcov = 1495687992087.2654
