
[data]
trigger-time = 1392848236.233618
injection-file = /work/shashwat.singh/Prospects-of-LGWs/unlens/injection.hdf

[global]
instruments = C1 C2
mass1_ref = 30.000000001522558
mass2_ref = 30.000000005542386
minchirp = 26.11641690195892
maxchirp = 26.11661690195892
mincov = 78781506910.31773
maxcov = 7878150691031.773
