
[data]
trigger-time = 1995989735.621057
injection-file = /work/shashwat.singh/Prospects-of-LGWs/unlens/injection.hdf

[global]
instruments = C1 C2
mass1_ref = 30.00000000302405
mass2_ref = 30.000000009805476
minchirp = 26.1164169044681
maxchirp = 26.1166169044681
mincov = 2596625781.436118
maxcov = 259662578143.61182
