
[data]
trigger-time = 1006906851.8730819
injection-file = /work/shashwat.singh/Prospects-of-LGWs/unlens/injection.hdf

[global]
instruments = C1 C2
mass1_ref = 30.00000000166224
mass2_ref = 30.000000000268955
minchirp = 26.116416899724328
maxchirp = 26.116616899724328
mincov = 1606604908.1599598
maxcov = 160660490815.99597
