
[data]
trigger-time = 1268683493.3411088
injection-file = /work/shashwat.singh/Prospects-of-LGWs/unlens/injection.hdf

[global]
instruments = C1 C2
mass1_ref = 30.00000000859703
mass2_ref = 30.000000000657458
minchirp = 26.116416902911975
maxchirp = 26.116616902911975
mincov = 16230324833.260077
maxcov = 1623032483326.0078
