
[data]
trigger-time = 1120745278.8969846
injection-file = /work/shashwat.singh/Prospects-of-LGWs/unlens/injection.hdf

[global]
instruments = C1 C2
mass1_ref = 30.000000006290676
mass2_ref = 30.0000000078292
minchirp = 26.11641690502976
maxchirp = 26.11661690502976
mincov = 44803612019.91101
maxcov = 4480361201991.102
