
[data]
trigger-time = 1581357312.6612763
injection-file = /work/shashwat.singh/Prospects-of-LGWs/unlens/injection.hdf

[global]
instruments = C1 C2
mass1_ref = 30.00000000917743
mass2_ref = 30.000000002124768
minchirp = 26.11641690380329
maxchirp = 26.11661690380329
mincov = 135574395914.05164
maxcov = 13557439591405.164
