
[data]
trigger-time = 1933042327.773429
injection-file = /work/shashwat.singh/Prospects-of-LGWs/unlens/injection.hdf

[global]
instruments = C1 C2
mass1_ref = 30.000000002382958
mass2_ref = 30.000000002383366
minchirp = 26.116416900958388
maxchirp = 26.116616900958388
mincov = 74684799852.78365
maxcov = 7468479985278.364
