
[data]
trigger-time = 1249514149.6952136
injection-file = /work/shashwat.singh/Prospects-of-LGWs/unlens/injection.hdf

[global]
instruments = C1 C2
mass1_ref = 30.00000000052047
mass2_ref = 30.000000003987584
minchirp = 26.11641690084597
maxchirp = 26.11661690084597
mincov = 60962027751.81162
maxcov = 6096202775181.162
