
[data]
trigger-time = 1087894967.5791688
injection-file = /work/shashwat.singh/Prospects-of-LGWs/unlens/injection.hdf

[global]
instruments = C1 C2
mass1_ref = 30.00000000864264
mass2_ref = 30.00000000446451
minchirp = 26.116416904588945
maxchirp = 26.116616904588945
mincov = 28692675773.655663
maxcov = 2869267577365.5664
