
[data]
trigger-time = 1662998110.3616686
injection-file = /work/shashwat.singh/Prospects-of-LGWs/unlens/injection.hdf

[global]
instruments = C1 C2
mass1_ref = 30.00000000298009
mass2_ref = 30.000000009175313
minchirp = 26.11641690417467
maxchirp = 26.11661690417467
mincov = 34712945724.584946
maxcov = 3471294572458.495
