
[data]
trigger-time = 1924075511.3182998
injection-file = /work/shashwat.singh/Prospects-of-LGWs/unlens/injection.hdf

[global]
instruments = C1 C2
mass1_ref = 30.000000008981303
mass2_ref = 30.00000000811071
minchirp = 26.116416906323455
maxchirp = 26.116616906323454
mincov = 158677158439.49603
maxcov = 15867715843949.602
