
[data]
trigger-time = 1013241211.2327639
injection-file = /work/shashwat.singh/Prospects-of-LGWs/unlens/injection.hdf

[global]
instruments = C1 C2
mass1_ref = 30.00000000423184
mass2_ref = 30.00000000059963
minchirp = 26.116416900986742
maxchirp = 26.11661690098674
mincov = 150276258303.88507
maxcov = 15027625830388.508
