
[data]
trigger-time = 1971503320.5790162
injection-file = /work/shashwat.singh/Prospects-of-LGWs/unlens/injection.hdf

[global]
instruments = C1 C2
mass1_ref = 30.00000000297413
mass2_ref = 30.00000000210127
minchirp = 26.11641690109292
maxchirp = 26.116616901092918
mincov = 149227801650.9178
maxcov = 14922780165091.78
