
[data]
trigger-time = 1985210048.8508782
injection-file = /work/shashwat.singh/Prospects-of-LGWs/unlens/injection.hdf

[global]
instruments = C1 C2
mass1_ref = 30.000000001237602
mass2_ref = 30.000000002089017
minchirp = 26.116416900331718
maxchirp = 26.116616900331717
mincov = 128417232150.73982
maxcov = 12841723215073.982
