
[data]
trigger-time = 1146664673.7330294
injection-file = /work/shashwat.singh/Prospects-of-LGWs/unlens/injection.hdf

[global]
instruments = C1 C2
mass1_ref = 30.0000000084168
mass2_ref = 30.000000009556192
minchirp = 26.116416906706924
maxchirp = 26.116616906706923
mincov = 104921707343.07896
maxcov = 10492170734307.896
