
[data]
trigger-time = 1780661373.4239516
injection-file = /work/shashwat.singh/Prospects-of-LGWs/unlens/injection.hdf

[global]
instruments = C1 C2
mass1_ref = 30.000000002358288
mass2_ref = 30.000000008951417
minchirp = 26.11641690380656
maxchirp = 26.11661690380656
mincov = 39730562147.15755
maxcov = 3973056214715.7544
