
[data]
trigger-time = 1522995366.329384
injection-file = /work/shashwat.singh/Prospects-of-LGWs/unlens/injection.hdf

[global]
instruments = C1 C2
mass1_ref = 30.000000001656108
mass2_ref = 30.000000004682942
minchirp = 26.116416901642957
maxchirp = 26.116616901642956
mincov = 111465721565.23111
maxcov = 11146572156523.11
