
[data]
trigger-time = 1461235174.728652
injection-file = /work/shashwat.singh/Prospects-of-LGWs/unlens/injection.hdf

[global]
instruments = C1 C2
mass1_ref = 30.000000004689433
mass2_ref = 30.000000004868472
minchirp = 26.116416903044044
maxchirp = 26.116616903044044
mincov = 168206112539.64343
maxcov = 16820611253964.344
