
[data]
trigger-time = 1640762612.7702804
injection-file = /work/shashwat.singh/Prospects-of-LGWs/unlens/injection.hdf

[global]
instruments = C1 C2
mass1_ref = 30.00000000615513
mass2_ref = 30.00000000214924
minchirp = 26.11641690249841
maxchirp = 26.11661690249841
mincov = 82533164455.1787
maxcov = 8253316445517.87
