
[data]
trigger-time = 1998673531.9619036
injection-file = /work/shashwat.singh/Prospects-of-LGWs/unlens/injection.hdf

[global]
instruments = C1 C2
mass1_ref = 30.00000000437004
mass2_ref = 30.000000004912135
minchirp = 26.116416902924026
maxchirp = 26.116616902924026
mincov = 103489621700.68442
maxcov = 10348962170068.441
