
[data]
trigger-time = 1109384293.120067
injection-file = /work/shashwat.singh/Prospects-of-LGWs/unlens/injection.hdf

[global]
instruments = C1 C2
mass1_ref = 30.00000000251657
mass2_ref = 30.00000000442196
minchirp = 26.116416901903893
maxchirp = 26.116616901903893
mincov = 173791025720.76593
maxcov = 17379102572076.592
