
[data]
trigger-time = 1313553198.8857813
injection-file = /work/shashwat.singh/Prospects-of-LGWs/unlens/injection.hdf

[global]
instruments = C1 C2
mass1_ref = 30.000000000812644
mass2_ref = 30.0000000017107
minchirp = 26.116416899982074
maxchirp = 26.116616899982073
mincov = 132984685903.12163
maxcov = 13298468590312.164
