
[data]
trigger-time = 1207703962.236967
injection-file = /work/shashwat.singh/Prospects-of-LGWs/unlens/injection.hdf

[global]
instruments = C1 C2
mass1_ref = 30.00000000590868
mass2_ref = 30.000000002567198
minchirp = 26.116416902573064
maxchirp = 26.116616902573064
mincov = 147697624396.951
maxcov = 14769762439695.1
