
[data]
trigger-time = 1547819665.3143268
injection-file = /work/shashwat.singh/Prospects-of-LGWs/unlens/injection.hdf

[global]
instruments = C1 C2
mass1_ref = 30.000000005364985
mass2_ref = 30.00000000851281
minchirp = 26.116416904924385
maxchirp = 26.116616904924385
mincov = 39420945889.10084
maxcov = 3942094588910.0835
