
[data]
trigger-time = 1732572441.123408
injection-file = /work/shashwat.singh/Prospects-of-LGWs/unlens/injection.hdf

[global]
instruments = C1 C2
mass1_ref = 30.000000008891423
mass2_ref = 30.000000004697327
minchirp = 26.116416904798573
maxchirp = 26.116616904798573
mincov = 13659133925.27295
maxcov = 1365913392527.295
