
[data]
trigger-time = 1516390491.6224732
injection-file = /work/shashwat.singh/Prospects-of-LGWs/unlens/injection.hdf

[global]
instruments = C1 C2
mass1_ref = 30.000000003786145
mass2_ref = 30.000000006356263
minchirp = 26.116416903298465
maxchirp = 26.116616903298464
mincov = 151984823916.86774
maxcov = 15198482391686.775
