
[data]
trigger-time = 1128556125.7323248
injection-file = /work/shashwat.singh/Prospects-of-LGWs/unlens/injection.hdf

[global]
instruments = C1 C2
mass1_ref = 30.000000009172837
mass2_ref = 30.000000004005297
minchirp = 26.116416904619843
maxchirp = 26.116616904619843
mincov = 86887825533.59422
maxcov = 8688782553359.423
