
[data]
trigger-time = 1556319571.2889986
injection-file = /work/shashwat.singh/Prospects-of-LGWs/unlens/injection.hdf

[global]
instruments = C1 C2
mass1_ref = 30.00000000041836
mass2_ref = 30.000000000041382
minchirp = 26.116416899083838
maxchirp = 26.116616899083837
mincov = 117706929166.6904
maxcov = 11770692916669.041
