
[data]
trigger-time = 1209912745.408784
injection-file = /work/shashwat.singh/Prospects-of-LGWs/unlens/injection.hdf

[global]
instruments = C1 C2
mass1_ref = 30.000000000886228
mass2_ref = 30.000000002316646
minchirp = 26.116416900277855
maxchirp = 26.116616900277855
mincov = 89606389920.0223
maxcov = 8960638992002.229
