
[data]
trigger-time = 1709572184.5443995
injection-file = /work/shashwat.singh/Prospects-of-LGWs/unlens/injection.hdf

[global]
instruments = C1 C2
mass1_ref = 30.000000007474654
mass2_ref = 30.0000000018438
minchirp = 26.116416902939818
maxchirp = 26.116616902939818
mincov = 168868430403.30896
maxcov = 16886843040330.896
