
[data]
trigger-time = 1025113317.2185855
injection-file = /work/shashwat.singh/Prospects-of-LGWs/unlens/injection.hdf

[global]
instruments = C1 C2
mass1_ref = 30.000000003749182
mass2_ref = 30.000000000292772
minchirp = 26.116416900643088
maxchirp = 26.116616900643088
mincov = 24866663419.787426
maxcov = 2486666341978.7427
