
[data]
trigger-time = 1939673958.6609135
injection-file = /work/shashwat.singh/Prospects-of-LGWs/unlens/injection.hdf

[global]
instruments = C1 C2
mass1_ref = 30.00000000159427
mass2_ref = 30.000000009594448
minchirp = 26.116416903753898
maxchirp = 26.116616903753897
mincov = 172240351646.91586
maxcov = 17224035164691.586
