
[data]
trigger-time = 1817123061.0015483
injection-file = /work/shashwat.singh/Prospects-of-LGWs/unlens/injection.hdf

[global]
instruments = C1 C2
mass1_ref = 30.000000009896134
mass2_ref = 30.000000000038572
minchirp = 26.11641690320806
maxchirp = 26.116616903208058
mincov = 91246193577.22879
maxcov = 9124619357722.879
