
[data]
trigger-time = 1663572875.149139
injection-file = /work/shashwat.singh/Prospects-of-LGWs/unlens/injection.hdf

[global]
instruments = C1 C2
mass1_ref = 30.00000000706722
mass2_ref = 30.0000000088893
minchirp = 26.116416905829205
maxchirp = 26.116616905829204
mincov = 79976800072.59827
maxcov = 7997680007259.826
