
[data]
trigger-time = 1578440212.1487546
injection-file = /work/shashwat.singh/Prospects-of-LGWs/unlens/injection.hdf

[global]
instruments = C1 C2
mass1_ref = 30.000000003196064
mass2_ref = 30.00000000168591
minchirp = 26.116416901008723
maxchirp = 26.116616901008722
mincov = 177268681367.10797
maxcov = 17726868136710.797
