
[data]
trigger-time = 1412128109.3646102
injection-file = /work/shashwat.singh/Prospects-of-LGWs/unlens/injection.hdf

[global]
instruments = C1 C2
mass1_ref = 30.000000008511886
mass2_ref = 30.000000003589513
minchirp = 26.116416904151166
maxchirp = 26.116616904151165
mincov = 38333229845.86757
maxcov = 3833322984586.7573
