
[data]
trigger-time = 1899109154.6602373
injection-file = /work/shashwat.singh/Prospects-of-LGWs/unlens/injection.hdf

[global]
instruments = C1 C2
mass1_ref = 30.000000008028405
mass2_ref = 30.00000000149856
minchirp = 26.116416903030576
maxchirp = 26.116616903030575
mincov = 12402031037.96561
maxcov = 1240203103796.561
