
[data]
trigger-time = 1620390028.8328693
injection-file = /work/shashwat.singh/Prospects-of-LGWs/unlens/injection.hdf

[global]
instruments = C1 C2
mass1_ref = 30.000000002852996
mass2_ref = 30.00000000550763
minchirp = 26.1164169025229
maxchirp = 26.1166169025229
mincov = 509129972.0825135
maxcov = 50912997208.25135
