
[data]
trigger-time = 1437788003.296331
injection-file = /work/shashwat.singh/Prospects-of-LGWs/unlens/injection.hdf

[global]
instruments = C1 C2
mass1_ref = 30.000000008353958
mass2_ref = 30.000000000485034
minchirp = 26.11641690273112
maxchirp = 26.11661690273112
mincov = 91583363581.04755
maxcov = 9158336358104.754
