
[data]
trigger-time = 1781484097.3936474
injection-file = /work/shashwat.singh/Prospects-of-LGWs/unlens/injection.hdf

[global]
instruments = C1 C2
mass1_ref = 30.000000002559702
mass2_ref = 30.000000002478288
minchirp = 26.116416901076636
maxchirp = 26.116616901076636
mincov = 6381414371.871552
maxcov = 638141437187.1553
