
[data]
trigger-time = 1209973142.374113
injection-file = /work/shashwat.singh/Prospects-of-LGWs/unlens/injection.hdf

[global]
instruments = C1 C2
mass1_ref = 30.00000000866516
mass2_ref = 30.000000005151207
minchirp = 26.116416904897648
maxchirp = 26.116616904897647
mincov = 92096752656.59525
maxcov = 9209675265659.523
