
[data]
trigger-time = 1326112028.4873161
injection-file = /work/shashwat.singh/Prospects-of-LGWs/unlens/injection.hdf

[global]
instruments = C1 C2
mass1_ref = 30.00000000108405
mass2_ref = 30.000000001828248
minchirp = 26.11641690015138
maxchirp = 26.116616900151378
mincov = 68796267772.46887
maxcov = 6879626777246.887
