
[data]
trigger-time = 1921961599.699298
injection-file = /work/shashwat.singh/Prospects-of-LGWs/unlens/injection.hdf

[global]
instruments = C1 C2
mass1_ref = 30.000000002737238
mass2_ref = 30.000000009185126
minchirp = 26.116416904073237
maxchirp = 26.116616904073236
mincov = 100952940531.23108
maxcov = 10095294053123.107
