
[data]
trigger-time = 1403641409.805361
injection-file = /work/shashwat.singh/Prospects-of-LGWs/unlens/injection.hdf

[global]
instruments = C1 C2
mass1_ref = 30.000000001854982
mass2_ref = 30.000000006594224
minchirp = 26.116416902561454
maxchirp = 26.116616902561454
mincov = 158373439490.9312
maxcov = 15837343949093.121
