
[data]
trigger-time = 1003478407.511608
injection-file = /work/shashwat.singh/Prospects-of-LGWs/unlens/injection.hdf

[global]
instruments = C1 C2
mass1_ref = 30.000000001012825
mass2_ref = 30.000000004714995
minchirp = 26.1164169013769
maxchirp = 26.1166169013769
mincov = 167539689741.54013
maxcov = 16753968974154.014
