
[data]
trigger-time = 1257459799.4577217
injection-file = /work/shashwat.singh/Prospects-of-LGWs/unlens/injection.hdf

[global]
instruments = C1 C2
mass1_ref = 30.000000000207855
mass2_ref = 30.00000000059519
minchirp = 26.116416899233272
maxchirp = 26.11661689923327
mincov = 131916590847.55588
maxcov = 13191659084755.588
