
[data]
trigger-time = 1336167191.755724
injection-file = /work/shashwat.singh/Prospects-of-LGWs/unlens/injection.hdf

[global]
instruments = C1 C2
mass1_ref = 30.000000005530996
mass2_ref = 30.000000007854542
minchirp = 26.116416904710118
maxchirp = 26.116616904710117
mincov = 2367377579.779849
maxcov = 236737757977.9849
