
[data]
trigger-time = 1321309750.965454
injection-file = /work/shashwat.singh/Prospects-of-LGWs/unlens/injection.hdf

[global]
instruments = C1 C2
mass1_ref = 30.00000000033621
mass2_ref = 30.000000007965497
minchirp = 26.116416902497253
maxchirp = 26.116616902497253
mincov = 146508143974.59146
maxcov = 14650814397459.145
