
[data]
trigger-time = 1469145189.6567547
injection-file = /work/shashwat.singh/Prospects-of-LGWs/unlens/injection.hdf

[global]
instruments = C1 C2
mass1_ref = 30.000000003280917
mass2_ref = 30.00000000458992
minchirp = 26.116416902309705
maxchirp = 26.116616902309705
mincov = 114628380835.486
maxcov = 11462838083548.598
