
[data]
trigger-time = 1793874989.5017471
injection-file = /work/shashwat.singh/Prospects-of-LGWs/unlens/injection.hdf

[global]
instruments = C1 C2
mass1_ref = 30.000000009291018
mass2_ref = 30.000000001767454
minchirp = 26.116416903697203
maxchirp = 26.116616903697203
mincov = 104358378260.97043
maxcov = 10435837826097.043
