
[data]
trigger-time = 1109961122.4154348
injection-file = /work/shashwat.singh/Prospects-of-LGWs/unlens/injection.hdf

[global]
instruments = C1 C2
mass1_ref = 30.00000000425835
mass2_ref = 30.000000008403394
minchirp = 26.116416904395066
maxchirp = 26.116616904395066
mincov = 60825861808.67348
maxcov = 6082586180867.348
