
[data]
trigger-time = 1873149484.8573313
injection-file = /work/shashwat.singh/Prospects-of-LGWs/unlens/injection.hdf

[global]
instruments = C1 C2
mass1_ref = 30.000000009333345
mass2_ref = 30.00000000608374
minchirp = 26.116416905594402
maxchirp = 26.1166169055944
mincov = 104490647098.92424
maxcov = 10449064709892.424
