
[data]
trigger-time = 1850460921.011534
injection-file = /work/shashwat.singh/Prospects-of-LGWs/unlens/injection.hdf

[global]
instruments = C1 C2
mass1_ref = 30.000000002382414
mass2_ref = 30.000000006404296
minchirp = 26.116416902708362
maxchirp = 26.116616902708362
mincov = 1111593498.5420249
maxcov = 111159349854.20248
