
[data]
trigger-time = 1533522430.9765382
injection-file = /work/shashwat.singh/Prospects-of-LGWs/unlens/injection.hdf

[global]
instruments = C1 C2
mass1_ref = 30.000000008512192
mass2_ref = 30.00000000222088
minchirp = 26.116416903555567
maxchirp = 26.116616903555567
mincov = 106419639702.29684
maxcov = 10641963970229.684
