
[data]
trigger-time = 1199058544.6351905
injection-file = /work/shashwat.singh/Prospects-of-LGWs/unlens/injection.hdf

[global]
instruments = C1 C2
mass1_ref = 30.00000000900045
mass2_ref = 30.000000004186454
minchirp = 26.11641690462366
maxchirp = 26.11661690462366
mincov = 48878126055.56798
maxcov = 4887812605556.798
