
[data]
trigger-time = 1837168605.8567045
injection-file = /work/shashwat.singh/Prospects-of-LGWs/unlens/injection.hdf

[global]
instruments = C1 C2
mass1_ref = 30.00000000424298
mass2_ref = 30.000000004109822
minchirp = 26.116416902519493
maxchirp = 26.116616902519493
mincov = 51287756960.42417
maxcov = 5128775696042.417
