
[data]
trigger-time = 1409005676.3671944
injection-file = /work/shashwat.singh/Prospects-of-LGWs/unlens/injection.hdf

[global]
instruments = C1 C2
mass1_ref = 30.00000000390484
mass2_ref = 30.000000005391232
minchirp = 26.116416902930077
maxchirp = 26.116616902930076
mincov = 145630993281.77744
maxcov = 14563099328177.744
