
[data]
trigger-time = 1250110607.6248467
injection-file = /work/shashwat.singh/Prospects-of-LGWs/unlens/injection.hdf

[global]
instruments = C1 C2
mass1_ref = 30.000000003472646
mass2_ref = 30.00000000736594
minchirp = 26.116416903601493
maxchirp = 26.116616903601493
mincov = 40057303243.27025
maxcov = 4005730324327.0244
