
[data]
trigger-time = 1120163192.3586485
injection-file = /work/shashwat.singh/Prospects-of-LGWs/unlens/injection.hdf

[global]
instruments = C1 C2
mass1_ref = 30.00000000896258
mass2_ref = 30.000000002347488
minchirp = 26.11641690380672
maxchirp = 26.11661690380672
mincov = 176837729516.84457
maxcov = 17683772951684.457
