
[data]
trigger-time = 1147936506.6232297
injection-file = /work/shashwat.singh/Prospects-of-LGWs/unlens/injection.hdf

[global]
instruments = C1 C2
mass1_ref = 30.00000000275406
mass2_ref = 30.00000000833334
minchirp = 26.116416903709794
maxchirp = 26.116616903709794
mincov = 112007590290.517
maxcov = 11200759029051.7
