
[data]
trigger-time = 1808429117.4734752
injection-file = /work/shashwat.singh/Prospects-of-LGWs/unlens/injection.hdf

[global]
instruments = C1 C2
mass1_ref = 30.000000009223367
mass2_ref = 30.000000004377398
minchirp = 26.116416904803803
maxchirp = 26.116616904803802
mincov = 159928408449.22626
maxcov = 15992840844922.627
