
[data]
trigger-time = 1129417193.1594553
injection-file = /work/shashwat.singh/Prospects-of-LGWs/unlens/injection.hdf

[global]
instruments = C1 C2
mass1_ref = 30.000000005971707
mass2_ref = 30.00000000569606
minchirp = 26.116416903962413
maxchirp = 26.116616903962413
mincov = 9831148848.348705
maxcov = 983114884834.8706
