
[data]
trigger-time = 1516583319.0144596
injection-file = /work/shashwat.singh/Prospects-of-LGWs/unlens/injection.hdf

[global]
instruments = C1 C2
mass1_ref = 30.00000000011212
mass2_ref = 30.000000004888847
minchirp = 26.11641690106052
maxchirp = 26.11661690106052
mincov = 160358468102.07294
maxcov = 16035846810207.293
