
[data]
trigger-time = 1821043348.6675181
injection-file = /work/shashwat.singh/Prospects-of-LGWs/unlens/injection.hdf

[global]
instruments = C1 C2
mass1_ref = 30.000000002632135
mass2_ref = 30.00000000511122
minchirp = 26.116416902254215
maxchirp = 26.116616902254215
mincov = 33249725159.404335
maxcov = 3324972515940.4336
