
[data]
trigger-time = 1195529551.7370996
injection-file = /work/shashwat.singh/Prospects-of-LGWs/unlens/injection.hdf

[global]
instruments = C1 C2
mass1_ref = 30.00000000429434
mass2_ref = 30.000000004885305
minchirp = 26.116416902879397
maxchirp = 26.116616902879397
mincov = 29502769161.891197
maxcov = 2950276916189.12
