
[data]
trigger-time = 1093273281.0004225
injection-file = /work/shashwat.singh/Prospects-of-LGWs/unlens/injection.hdf

[global]
instruments = C1 C2
mass1_ref = 30.00000000511292
mass2_ref = 30.000000006997762
minchirp = 26.116416904155205
maxchirp = 26.116616904155205
mincov = 141716780178.87622
maxcov = 14171678017887.621
