
[data]
trigger-time = 1382760695.2552545
injection-file = /work/shashwat.singh/Prospects-of-LGWs/unlens/injection.hdf

[global]
instruments = C1 C2
mass1_ref = 30.000000004971987
mass2_ref = 30.000000007639407
minchirp = 26.116416904373153
maxchirp = 26.116616904373153
mincov = 152744441776.36465
maxcov = 15274444177636.465
