
[data]
trigger-time = 1234090968.1310031
injection-file = /work/shashwat.singh/Prospects-of-LGWs/unlens/injection.hdf

[global]
instruments = C1 C2
mass1_ref = 30.000000009310856
mass2_ref = 30.000000000132868
minchirp = 26.116416902994345
maxchirp = 26.116616902994345
mincov = 109381523070.9917
maxcov = 10938152307099.17
