
[data]
trigger-time = 1179187281.1477103
injection-file = /work/shashwat.singh/Prospects-of-LGWs/unlens/injection.hdf

[global]
instruments = C1 C2
mass1_ref = 30.000000004498943
mass2_ref = 30.00000000312414
minchirp = 26.116416902201866
maxchirp = 26.116616902201866
mincov = 17937467194.643005
maxcov = 1793746719464.3005
