
[data]
trigger-time = 1190565738.9780085
injection-file = /work/shashwat.singh/Prospects-of-LGWs/unlens/injection.hdf

[global]
instruments = C1 C2
mass1_ref = 30.000000003673936
mass2_ref = 30.000000004567518
minchirp = 26.116416902471027
maxchirp = 26.116616902471026
mincov = 105738816406.00229
maxcov = 10573881640600.229
