
[data]
trigger-time = 1928042533.1937857
injection-file = /work/shashwat.singh/Prospects-of-LGWs/unlens/injection.hdf

[global]
instruments = C1 C2
mass1_ref = 30.000000003566523
mass2_ref = 30.000000002674557
minchirp = 26.116416901600314
maxchirp = 26.116616901600313
mincov = 38671658933.10202
maxcov = 3867165893310.202
