
[data]
trigger-time = 1479370519.6741178
injection-file = /work/shashwat.singh/Prospects-of-LGWs/unlens/injection.hdf

[global]
instruments = C1 C2
mass1_ref = 30.000000005623775
mass2_ref = 30.000000002781423
minchirp = 26.1164169025423
maxchirp = 26.1166169025423
mincov = 108261987396.28561
maxcov = 10826198739628.562
