
[data]
trigger-time = 1738808618.0483937
injection-file = /work/shashwat.singh/Prospects-of-LGWs/unlens/injection.hdf

[global]
instruments = C1 C2
mass1_ref = 30.000000003331696
mass2_ref = 30.00000000424934
minchirp = 26.116416902183563
maxchirp = 26.116616902183562
mincov = 92211625609.02602
maxcov = 9221162560902.602
