
[data]
trigger-time = 1803264714.5002413
injection-file = /work/shashwat.singh/Prospects-of-LGWs/unlens/injection.hdf

[global]
instruments = C1 C2
mass1_ref = 30.00000000174965
mass2_ref = 30.000000003521205
minchirp = 26.116416901178
maxchirp = 26.116616901178
mincov = 43333714859.71928
maxcov = 4333371485971.9277
