
[data]
trigger-time = 1956897807.4129598
injection-file = /work/shashwat.singh/Prospects-of-LGWs/unlens/injection.hdf

[global]
instruments = C1 C2
mass1_ref = 30.000000002070802
mass2_ref = 30.000000006964054
minchirp = 26.116416902816372
maxchirp = 26.11661690281637
mincov = 173827443841.6003
maxcov = 17382744384160.031
