
[data]
trigger-time = 1989069825.136089
injection-file = /work/shashwat.singh/Prospects-of-LGWs/unlens/injection.hdf

[global]
instruments = C1 C2
mass1_ref = 30.000000000041638
mass2_ref = 30.000000004315787
minchirp = 26.116416900780404
maxchirp = 26.116616900780404
mincov = 126330664030.04941
maxcov = 12633066403004.941
