
[data]
trigger-time = 1607254726.9792457
injection-file = /work/shashwat.singh/Prospects-of-LGWs/unlens/injection.hdf

[global]
instruments = C1 C2
mass1_ref = 30.000000008069723
mass2_ref = 30.000000002624265
minchirp = 26.116416903538553
maxchirp = 26.116616903538553
mincov = 80239651966.65161
maxcov = 8023965196665.161
