
[data]
trigger-time = 1445284701.8733573
injection-file = /work/shashwat.singh/Prospects-of-LGWs/unlens/injection.hdf

[global]
instruments = C1 C2
mass1_ref = 30.000000004548497
mass2_ref = 30.000000008540606
minchirp = 26.11641690458109
maxchirp = 26.11661690458109
mincov = 78116036613.70126
maxcov = 7811603661370.127
