
[data]
trigger-time = 1640991393.1340766
injection-file = /work/shashwat.singh/Prospects-of-LGWs/unlens/injection.hdf

[global]
instruments = C1 C2
mass1_ref = 30.000000008903907
mass2_ref = 30.000000008936418
minchirp = 26.116416906649178
maxchirp = 26.116616906649178
mincov = 85943085118.0262
maxcov = 8594308511802.619
