
[data]
trigger-time = 1957661503.0309076
injection-file = /work/shashwat.singh/Prospects-of-LGWs/unlens/injection.hdf

[global]
instruments = C1 C2
mass1_ref = 30.000000006418876
mass2_ref = 30.00000000506067
minchirp = 26.116416903880488
maxchirp = 26.116616903880487
mincov = 14760517369.922329
maxcov = 1476051736992.233
