
[data]
trigger-time = 1195097107.0568247
injection-file = /work/shashwat.singh/Prospects-of-LGWs/unlens/injection.hdf

[global]
instruments = C1 C2
mass1_ref = 30.00000000586828
mass2_ref = 30.000000008236658
minchirp = 26.116416905023257
maxchirp = 26.116616905023257
mincov = 73793758847.25656
maxcov = 7379375884725.656
