
[data]
trigger-time = 1244329533.9935443
injection-file = /work/shashwat.singh/Prospects-of-LGWs/unlens/injection.hdf

[global]
instruments = C1 C2
mass1_ref = 30.000000003829886
mass2_ref = 30.00000000864969
minchirp = 26.116416904315773
maxchirp = 26.116616904315773
mincov = 97554533576.8555
maxcov = 9755453357685.549
