
[data]
trigger-time = 1731251674.6115632
injection-file = /work/shashwat.singh/Prospects-of-LGWs/unlens/injection.hdf

[global]
instruments = C1 C2
mass1_ref = 30.00000000366414
mass2_ref = 30.000000008822227
minchirp = 26.116416904318733
maxchirp = 26.116616904318732
mincov = 19078878380.593967
maxcov = 1907887838059.3967
