
[data]
trigger-time = 1602482577.7572541
injection-file = /work/shashwat.singh/Prospects-of-LGWs/unlens/injection.hdf

[global]
instruments = C1 C2
mass1_ref = 30.000000006315048
mass2_ref = 30.000000008171035
minchirp = 26.11641690518916
maxchirp = 26.116616905189158
mincov = 105870084663.02963
maxcov = 10587008466302.965
