
[data]
trigger-time = 1874551905.8816218
injection-file = /work/shashwat.singh/Prospects-of-LGWs/unlens/injection.hdf

[global]
instruments = C1 C2
mass1_ref = 30.000000003826603
mass2_ref = 30.000000002851607
minchirp = 26.116416901790586
maxchirp = 26.116616901790586
mincov = 161131554317.59232
maxcov = 16113155431759.23
