
[data]
trigger-time = 1112213467.7493942
injection-file = /work/shashwat.singh/Prospects-of-LGWs/unlens/injection.hdf

[global]
instruments = C1 C2
mass1_ref = 30.00000000176801
mass2_ref = 30.000000006444097
minchirp = 26.116416902458255
maxchirp = 26.116616902458254
mincov = 21214559409.878334
maxcov = 2121455940987.8333
