
[data]
trigger-time = 1656624557.3348217
injection-file = /work/shashwat.singh/Prospects-of-LGWs/unlens/injection.hdf

[global]
instruments = C1 C2
mass1_ref = 30.000000005980333
mass2_ref = 30.000000000464528
minchirp = 26.116416901689014
maxchirp = 26.116616901689014
mincov = 13227650184.387035
maxcov = 1322765018438.7036
