
[data]
trigger-time = 1750529842.9545949
injection-file = /work/shashwat.singh/Prospects-of-LGWs/unlens/injection.hdf

[global]
instruments = C1 C2
mass1_ref = 30.00000000045567
mass2_ref = 30.000000003012982
minchirp = 26.116416900393546
maxchirp = 26.116616900393545
mincov = 54864351869.967316
maxcov = 5486435186996.731
