
[data]
trigger-time = 1557520613.2257268
injection-file = /work/shashwat.singh/Prospects-of-LGWs/unlens/injection.hdf

[global]
instruments = C1 C2
mass1_ref = 30.00000000710113
mass2_ref = 30.000000004710962
minchirp = 26.116416904025236
maxchirp = 26.116616904025236
mincov = 68507654175.101234
maxcov = 6850765417510.123
