
[data]
trigger-time = 1109143916.1327572
injection-file = /work/shashwat.singh/Prospects-of-LGWs/unlens/injection.hdf

[global]
instruments = C1 C2
mass1_ref = 30.00000000538476
mass2_ref = 30.00000000680449
minchirp = 26.116416904189403
maxchirp = 26.116616904189403
mincov = 136769626572.98726
maxcov = 13676962657298.727
