
[data]
trigger-time = 1260712172.1766672
injection-file = /work/shashwat.singh/Prospects-of-LGWs/unlens/injection.hdf

[global]
instruments = C1 C2
mass1_ref = 30.000000000266567
mass2_ref = 30.000000008264237
minchirp = 26.11641690259697
maxchirp = 26.11661690259697
mincov = 162430530089.07526
maxcov = 16243053008907.523
