
[data]
trigger-time = 1209113101.6299224
injection-file = /work/shashwat.singh/Prospects-of-LGWs/unlens/injection.hdf

[global]
instruments = C1 C2
mass1_ref = 30.000000007463925
mass2_ref = 30.000000002473172
minchirp = 26.116416903209096
maxchirp = 26.116616903209096
mincov = 80724084679.40297
maxcov = 8072408467940.297
