
[data]
trigger-time = 1238422835.3651886
injection-file = /work/shashwat.singh/Prospects-of-LGWs/unlens/injection.hdf

[global]
instruments = C1 C2
mass1_ref = 30.00000000328733
mass2_ref = 30.000000008314267
minchirp = 26.116416903933615
maxchirp = 26.116616903933615
mincov = 45949019281.90261
maxcov = 4594901928190.262
