
[data]
trigger-time = 1138883336.421317
injection-file = /work/shashwat.singh/Prospects-of-LGWs/unlens/injection.hdf

[global]
instruments = C1 C2
mass1_ref = 30.000000005514796
mass2_ref = 30.000000009137242
minchirp = 26.116416905261392
maxchirp = 26.11661690526139
mincov = 130400552228.22229
maxcov = 13040055222822.229
