
[data]
trigger-time = 1561543461.7117558
injection-file = /work/shashwat.singh/Prospects-of-LGWs/unlens/injection.hdf

[global]
instruments = C1 C2
mass1_ref = 30.000000003083365
mass2_ref = 30.00000000985279
minchirp = 26.116416904514512
maxchirp = 26.116616904514512
mincov = 41892652997.69308
maxcov = 4189265299769.3076
