
[data]
trigger-time = 1272066405.9438982
injection-file = /work/shashwat.singh/Prospects-of-LGWs/unlens/injection.hdf

[global]
instruments = C1 C2
mass1_ref = 30.00000000130037
mass2_ref = 30.000000002089287
minchirp = 26.11641690035916
maxchirp = 26.11661690035916
mincov = 73908589719.18855
maxcov = 7390858971918.855
