
[data]
trigger-time = 1826056820.1791627
injection-file = /work/shashwat.singh/Prospects-of-LGWs/unlens/injection.hdf

[global]
instruments = C1 C2
mass1_ref = 30.000000003356185
mass2_ref = 30.0000000017066
minchirp = 26.11641690108743
maxchirp = 26.11661690108743
mincov = 162527788985.1393
maxcov = 16252778898513.93
