
[data]
trigger-time = 1719081418.0071774
injection-file = /work/shashwat.singh/Prospects-of-LGWs/unlens/injection.hdf

[global]
instruments = C1 C2
mass1_ref = 30.000000007911677
mass2_ref = 30.000000006560228
minchirp = 26.116416905182987
maxchirp = 26.116616905182987
mincov = 10195912154.135035
maxcov = 1019591215413.5034
