
[data]
trigger-time = 1470516553.768075
injection-file = /work/shashwat.singh/Prospects-of-LGWs/unlens/injection.hdf

[global]
instruments = C1 C2
mass1_ref = 30.00000000222418
mass2_ref = 30.000000008961738
minchirp = 26.11641690375268
maxchirp = 26.11661690375268
mincov = 41362577113.9568
maxcov = 4136257711395.6797
