
[data]
trigger-time = 1108717342.4768188
injection-file = /work/shashwat.singh/Prospects-of-LGWs/unlens/injection.hdf

[global]
instruments = C1 C2
mass1_ref = 30.000000004687664
mass2_ref = 30.000000001545878
minchirp = 26.11641690159703
maxchirp = 26.11661690159703
mincov = 112263402476.58699
maxcov = 11226340247658.7
