
[data]
trigger-time = 1846412881.2316422
injection-file = /work/shashwat.singh/Prospects-of-LGWs/unlens/injection.hdf

[global]
instruments = C1 C2
mass1_ref = 30.000000006429264
mass2_ref = 30.000000001374136
minchirp = 26.116416902280353
maxchirp = 26.116616902280352
mincov = 95854158217.23857
maxcov = 9585415821723.857
