
[data]
trigger-time = 1267520393.8968813
injection-file = /work/shashwat.singh/Prospects-of-LGWs/unlens/injection.hdf

[global]
instruments = C1 C2
mass1_ref = 30.00000000991559
mass2_ref = 30.00000000957089
minchirp = 26.116416907365707
maxchirp = 26.116616907365707
mincov = 47377359786.96068
maxcov = 4737735978696.068
