
[data]
trigger-time = 1492819564.0765557
injection-file = /work/shashwat.singh/Prospects-of-LGWs/unlens/injection.hdf

[global]
instruments = C1 C2
mass1_ref = 30.000000007977338
mass2_ref = 30.00000000838301
minchirp = 26.116416906004982
maxchirp = 26.11661690600498
mincov = 69576196.1680418
maxcov = 6957619616.804179
