
[data]
trigger-time = 1661332796.0300732
injection-file = /work/shashwat.singh/Prospects-of-LGWs/unlens/injection.hdf

[global]
instruments = C1 C2
mass1_ref = 30.000000007778493
mass2_ref = 30.000000002646736
minchirp = 26.116416903421566
maxchirp = 26.116616903421566
mincov = 50782276826.321625
maxcov = 5078227682632.162
