
[data]
trigger-time = 1631588843.2101853
injection-file = /work/shashwat.singh/Prospects-of-LGWs/unlens/injection.hdf

[global]
instruments = C1 C2
mass1_ref = 30.000000004693636
mass2_ref = 30.000000004081446
minchirp = 26.1164169027033
maxchirp = 26.1166169027033
mincov = 1684280667.0755153
maxcov = 168428066707.5515
