
[data]
trigger-time = 1310126576.1492856
injection-file = /work/shashwat.singh/Prospects-of-LGWs/unlens/injection.hdf

[global]
instruments = C1 C2
mass1_ref = 30.000000001133756
mass2_ref = 30.000000003834334
minchirp = 26.116416901046207
maxchirp = 26.116616901046207
mincov = 134097631026.90324
maxcov = 13409763102690.324
