
[data]
trigger-time = 1252646341.4872081
injection-file = /work/shashwat.singh/Prospects-of-LGWs/unlens/injection.hdf

[global]
instruments = C1 C2
mass1_ref = 30.00000000105714
mass2_ref = 30.000000008413345
minchirp = 26.11641690300599
maxchirp = 26.11661690300599
mincov = 47500247405.2138
maxcov = 4750024740521.38
