
[data]
trigger-time = 1695705584.9521174
injection-file = /work/shashwat.singh/Prospects-of-LGWs/unlens/injection.hdf

[global]
instruments = C1 C2
mass1_ref = 30.00000000302602
mass2_ref = 30.00000000761246
minchirp = 26.11641690351439
maxchirp = 26.11661690351439
mincov = 135389235895.6403
maxcov = 13538923589564.031
