
[data]
trigger-time = 1329655895.137436
injection-file = /work/shashwat.singh/Prospects-of-LGWs/unlens/injection.hdf

[global]
instruments = C1 C2
mass1_ref = 30.00000000211568
mass2_ref = 30.000000004689422
minchirp = 26.116416901845817
maxchirp = 26.116616901845816
mincov = 92342010635.46109
maxcov = 9234201063546.11
