
[data]
trigger-time = 1191071204.948754
injection-file = /work/shashwat.singh/Prospects-of-LGWs/unlens/injection.hdf

[global]
instruments = C1 C2
mass1_ref = 30.0000000019574
mass2_ref = 30.00000000033588
minchirp = 26.116416899881933
maxchirp = 26.116616899881933
mincov = 97371178015.89981
maxcov = 9737117801589.98
