
[data]
trigger-time = 1930018842.0509517
injection-file = /work/shashwat.singh/Prospects-of-LGWs/unlens/injection.hdf

[global]
instruments = C1 C2
mass1_ref = 30.000000002537753
mass2_ref = 30.0000000044079
minchirp = 26.116416901906994
maxchirp = 26.116616901906994
mincov = 3695264162.4584837
maxcov = 369526416245.8484
