
[data]
trigger-time = 1132753964.497051
injection-file = /work/shashwat.singh/Prospects-of-LGWs/unlens/injection.hdf

[global]
instruments = C1 C2
mass1_ref = 30.000000002969625
mass2_ref = 30.000000008185896
minchirp = 26.116416903739445
maxchirp = 26.116616903739445
mincov = 146950636032.87854
maxcov = 14695063603287.854
