
[data]
trigger-time = 1308530814.6959307
injection-file = /work/shashwat.singh/Prospects-of-LGWs/unlens/injection.hdf

[global]
instruments = C1 C2
mass1_ref = 30.00000000345801
mass2_ref = 30.000000000547026
minchirp = 26.11641690062702
maxchirp = 26.11661690062702
mincov = 177132304060.3486
maxcov = 17713230406034.86
