
[data]
trigger-time = 1579182888.986477
injection-file = /work/shashwat.singh/Prospects-of-LGWs/unlens/injection.hdf

[global]
instruments = C1 C2
mass1_ref = 30.000000004546663
mass2_ref = 30.00000000635582
minchirp = 26.116416903629304
maxchirp = 26.116616903629303
mincov = 160070600344.7282
maxcov = 16007060034472.822
