
[data]
trigger-time = 1115033498.3478947
injection-file = /work/shashwat.singh/Prospects-of-LGWs/unlens/injection.hdf

[global]
instruments = C1 C2
mass1_ref = 30.00000000611904
mass2_ref = 30.000000005735256
minchirp = 26.116416904043607
maxchirp = 26.116616904043607
mincov = 64716786286.689514
maxcov = 6471678628668.951
