
[data]
trigger-time = 1540828200.6581235
injection-file = /work/shashwat.singh/Prospects-of-LGWs/unlens/injection.hdf

[global]
instruments = C1 C2
mass1_ref = 30.00000000395894
mass2_ref = 30.00000000211844
minchirp = 26.11641690152906
maxchirp = 26.11661690152906
mincov = 84497777975.38452
maxcov = 8449777797538.452
