
[data]
trigger-time = 1494655167.714478
injection-file = /work/shashwat.singh/Prospects-of-LGWs/unlens/injection.hdf

[global]
instruments = C1 C2
mass1_ref = 30.000000007952714
mass2_ref = 30.00000000776341
minchirp = 26.116416905724567
maxchirp = 26.116616905724566
mincov = 168485423181.9425
maxcov = 16848542318194.25
