
[data]
trigger-time = 1755817385.5206103
injection-file = /work/shashwat.singh/Prospects-of-LGWs/unlens/injection.hdf

[global]
instruments = C1 C2
mass1_ref = 30.0000000085855
mass2_ref = 30.00000000569153
minchirp = 26.116416905098163
maxchirp = 26.116616905098162
mincov = 130864535458.43088
maxcov = 13086453545843.088
