
[data]
trigger-time = 1520822404.6681862
injection-file = /work/shashwat.singh/Prospects-of-LGWs/unlens/injection.hdf

[global]
instruments = C1 C2
mass1_ref = 30.000000007850467
mass2_ref = 30.000000005745274
minchirp = 26.116416904801618
maxchirp = 26.116616904801617
mincov = 1716529061.2954946
maxcov = 171652906129.54944
