
[data]
trigger-time = 1449112111.0893266
injection-file = /work/shashwat.singh/Prospects-of-LGWs/unlens/injection.hdf

[global]
instruments = C1 C2
mass1_ref = 30.000000007023257
mass2_ref = 30.00000000095327
minchirp = 26.11641690235571
maxchirp = 26.11661690235571
mincov = 21152969838.9575
maxcov = 2115296983895.75
