
[data]
trigger-time = 1357090364.5548928
injection-file = /work/shashwat.singh/Prospects-of-LGWs/unlens/injection.hdf

[global]
instruments = C1 C2
mass1_ref = 30.000000000398778
mass2_ref = 30.00000000159498
minchirp = 26.116416899751556
maxchirp = 26.116616899751556
mincov = 23429037236.723057
maxcov = 2342903723672.3057
