
[data]
trigger-time = 1659639937.0537577
injection-file = /work/shashwat.singh/Prospects-of-LGWs/unlens/injection.hdf

[global]
instruments = C1 C2
mass1_ref = 30.00000000299138
mass2_ref = 30.000000000727635
minchirp = 26.11641690050252
maxchirp = 26.11661690050252
mincov = 6474573740.761024
maxcov = 647457374076.1024
