
[data]
trigger-time = 1825356903.8746476
injection-file = /work/shashwat.singh/Prospects-of-LGWs/unlens/injection.hdf

[global]
instruments = C1 C2
mass1_ref = 30.00000000874013
mass2_ref = 30.000000007405472
minchirp = 26.116416905911507
maxchirp = 26.116616905911506
mincov = 126100555679.34001
maxcov = 12610055567934.002
