
[data]
trigger-time = 1006675763.2168351
injection-file = /work/shashwat.singh/Prospects-of-LGWs/unlens/injection.hdf

[global]
instruments = C1 C2
mass1_ref = 30.000000001509168
mass2_ref = 30.0000000075119
minchirp = 26.116416902810375
maxchirp = 26.116616902810375
mincov = 37311814360.757355
maxcov = 3731181436075.7354
