
[data]
trigger-time = 1190964687.8475475
injection-file = /work/shashwat.singh/Prospects-of-LGWs/unlens/injection.hdf

[global]
instruments = C1 C2
mass1_ref = 30.000000006652723
mass2_ref = 30.00000000637625
minchirp = 26.116416904554914
maxchirp = 26.116616904554913
mincov = 68201516278.20137
maxcov = 6820151627820.137
