
[data]
trigger-time = 1810981407.19929
injection-file = /work/shashwat.singh/Prospects-of-LGWs/unlens/injection.hdf

[global]
instruments = C1 C2
mass1_ref = 30.0000000019976
mass2_ref = 30.00000000536199
minchirp = 26.11641690208717
maxchirp = 26.11661690208717
mincov = 156949970158.75046
maxcov = 15694997015875.047
