
[data]
trigger-time = 1033402768.8125738
injection-file = /work/shashwat.singh/Prospects-of-LGWs/unlens/injection.hdf

[global]
instruments = C1 C2
mass1_ref = 30.00000000987709
mass2_ref = 30.000000003781725
minchirp = 26.11641690482907
maxchirp = 26.11661690482907
mincov = 132818965775.1742
maxcov = 13281896577517.42
