
[data]
trigger-time = 1626289081.533348
injection-file = /work/shashwat.singh/Prospects-of-LGWs/unlens/injection.hdf

[global]
instruments = C1 C2
mass1_ref = 30.000000008877794
mass2_ref = 30.000000008450638
minchirp = 26.116416906426362
maxchirp = 26.116616906426362
mincov = 141687807401.09448
maxcov = 14168780740109.45
