
[data]
trigger-time = 1912875225.383522
injection-file = /work/shashwat.singh/Prospects-of-LGWs/unlens/injection.hdf

[global]
instruments = C1 C2
mass1_ref = 30.000000007502667
mass2_ref = 30.000000009747463
minchirp = 26.116416906392278
maxchirp = 26.116616906392277
mincov = 57865857797.17992
maxcov = 5786585779717.992
