
[data]
trigger-time = 1938260096.4289432
injection-file = /work/shashwat.singh/Prospects-of-LGWs/unlens/injection.hdf

[global]
instruments = C1 C2
mass1_ref = 30.000000008718615
mass2_ref = 30.000000008480125
minchirp = 26.116416906369913
maxchirp = 26.116616906369913
mincov = 3567535950.947109
maxcov = 356753595094.71094
