
[data]
trigger-time = 1486823523.0131638
injection-file = /work/shashwat.singh/Prospects-of-LGWs/unlens/injection.hdf

[global]
instruments = C1 C2
mass1_ref = 30.000000005209664
mass2_ref = 30.000000001842107
minchirp = 26.116416901953187
maxchirp = 26.116616901953186
mincov = 29081222155.74541
maxcov = 2908122215574.541
