
[data]
trigger-time = 1679728321.1708527
injection-file = /work/shashwat.singh/Prospects-of-LGWs/unlens/injection.hdf

[global]
instruments = C1 C2
mass1_ref = 30.00000000818464
mass2_ref = 30.000000005150934
minchirp = 26.116416904688368
maxchirp = 26.116616904688367
mincov = 43985945940.02937
maxcov = 4398594594002.9375
