
[data]
trigger-time = 1002936305.168067
injection-file = /work/shashwat.singh/Prospects-of-LGWs/unlens/injection.hdf

[global]
instruments = C1 C2
mass1_ref = 30.000000005707683
mass2_ref = 30.000000006893423
minchirp = 26.116416904368673
maxchirp = 26.116616904368673
mincov = 158649290652.78735
maxcov = 15864929065278.734
