
[data]
trigger-time = 1439219171.1647828
injection-file = /work/shashwat.singh/Prospects-of-LGWs/unlens/injection.hdf

[global]
instruments = C1 C2
mass1_ref = 30.00000000204302
mass2_ref = 30.00000000099106
minchirp = 26.116416900204385
maxchirp = 26.116616900204384
mincov = 154014000549.1549
maxcov = 15401400054915.49
