
[data]
trigger-time = 1822210569.2189775
injection-file = /work/shashwat.singh/Prospects-of-LGWs/unlens/injection.hdf

[global]
instruments = C1 C2
mass1_ref = 30.000000003468543
mass2_ref = 30.0000000055053
minchirp = 26.116416902789815
maxchirp = 26.116616902789815
mincov = 43852169009.22182
maxcov = 4385216900922.182
