
[data]
trigger-time = 1566212319.8015513
injection-file = /work/shashwat.singh/Prospects-of-LGWs/unlens/injection.hdf

[global]
instruments = C1 C2
mass1_ref = 30.000000008826525
mass2_ref = 30.000000000574463
minchirp = 26.116416902975743
maxchirp = 26.116616902975743
mincov = 127274654305.1576
maxcov = 12727465430515.76
