
[data]
trigger-time = 1694686831.7482479
injection-file = /work/shashwat.singh/Prospects-of-LGWs/unlens/injection.hdf

[global]
instruments = C1 C2
mass1_ref = 30.000000003374915
mass2_ref = 30.000000007258556
minchirp = 26.11641690351221
maxchirp = 26.11661690351221
mincov = 71326066575.2033
maxcov = 7132606657520.33
