
[data]
trigger-time = 1077824849.7154152
injection-file = /work/shashwat.singh/Prospects-of-LGWs/unlens/injection.hdf

[global]
instruments = C1 C2
mass1_ref = 30.000000003538247
mass2_ref = 30.000000007797993
minchirp = 26.11641690381811
maxchirp = 26.11661690381811
mincov = 113419568469.33537
maxcov = 11341956846933.537
