
[data]
trigger-time = 1202392409.9727366
injection-file = /work/shashwat.singh/Prospects-of-LGWs/unlens/injection.hdf

[global]
instruments = C1 C2
mass1_ref = 30.000000003705985
mass2_ref = 30.000000007944855
minchirp = 26.116416903955045
maxchirp = 26.116616903955045
mincov = 352327303.62129354
maxcov = 35232730362.12936
