
[data]
trigger-time = 1421340021.0493112
injection-file = /work/shashwat.singh/Prospects-of-LGWs/unlens/injection.hdf

[global]
instruments = C1 C2
mass1_ref = 30.000000000450893
mass2_ref = 30.00000000001846
minchirp = 26.116416899088023
maxchirp = 26.116616899088022
mincov = 82485556129.8516
maxcov = 8248555612985.158
