
[data]
trigger-time = 1844613925.5368152
injection-file = /work/shashwat.singh/Prospects-of-LGWs/unlens/injection.hdf

[global]
instruments = C1 C2
mass1_ref = 30.000000008075762
mass2_ref = 30.000000007403358
minchirp = 26.1164169056214
maxchirp = 26.1166169056214
mincov = 131942475853.17363
maxcov = 13194247585317.363
