
[data]
trigger-time = 1302232621.8221352
injection-file = /work/shashwat.singh/Prospects-of-LGWs/unlens/injection.hdf

[global]
instruments = C1 C2
mass1_ref = 30.000000009392338
mass2_ref = 30.00000000642374
minchirp = 26.116416905768073
maxchirp = 26.116616905768073
mincov = 40221515889.38161
maxcov = 4022151588938.16
