
[data]
trigger-time = 1471153323.057244
injection-file = /work/shashwat.singh/Prospects-of-LGWs/unlens/injection.hdf

[global]
instruments = C1 C2
mass1_ref = 30.000000006364846
mass2_ref = 30.000000007070202
minchirp = 26.11641690473167
maxchirp = 26.116616904731668
mincov = 101117174247.60353
maxcov = 10111717424760.354
