
[data]
trigger-time = 1050112200.1968644
injection-file = /work/shashwat.singh/Prospects-of-LGWs/unlens/injection.hdf

[global]
instruments = C1 C2
mass1_ref = 30.00000000764725
mass2_ref = 30.000000006588458
minchirp = 26.116416905080175
maxchirp = 26.116616905080175
mincov = 178814662723.03967
maxcov = 17881466272303.97
