
[data]
trigger-time = 1264987782.7506435
injection-file = /work/shashwat.singh/Prospects-of-LGWs/unlens/injection.hdf

[global]
instruments = C1 C2
mass1_ref = 30.00000000489345
mass2_ref = 30.000000007333462
minchirp = 26.116416904205796
maxchirp = 26.116616904205795
mincov = 102032861482.53975
maxcov = 10203286148253.975
