
[data]
trigger-time = 1490727454.6065054
injection-file = /work/shashwat.singh/Prospects-of-LGWs/unlens/injection.hdf

[global]
instruments = C1 C2
mass1_ref = 30.000000006245585
mass2_ref = 30.000000002098165
minchirp = 26.116416902515553
maxchirp = 26.116616902515553
mincov = 89249025349.99344
maxcov = 8924902534999.344
