
[data]
trigger-time = 1116251937.1618612
injection-file = /work/shashwat.singh/Prospects-of-LGWs/unlens/injection.hdf

[global]
instruments = C1 C2
mass1_ref = 30.00000000074878
mass2_ref = 30.000000006464305
minchirp = 26.116416902023403
maxchirp = 26.116616902023402
mincov = 55053843611.58569
maxcov = 5505384361158.569
