
[data]
trigger-time = 1685293638.4868875
injection-file = /work/shashwat.singh/Prospects-of-LGWs/unlens/injection.hdf

[global]
instruments = C1 C2
mass1_ref = 30.000000003662898
mass2_ref = 30.00000000592836
minchirp = 26.116416903058564
maxchirp = 26.116616903058564
mincov = 168503112663.7624
maxcov = 16850311266376.238
