
[data]
trigger-time = 1957039768.8512287
injection-file = /work/shashwat.singh/Prospects-of-LGWs/unlens/injection.hdf

[global]
instruments = C1 C2
mass1_ref = 30.00000000920347
mass2_ref = 30.00000000278234
minchirp = 26.116416904100852
maxchirp = 26.11661690410085
mincov = 158075748713.9732
maxcov = 15807574871397.32
