
[data]
trigger-time = 1513138242.554391
injection-file = /home/ss/Prospects-of-LGWs/config/injection.hdf

[global]
instruments = E1 E2 E3
mass1_ref = 30.0000000030546
mass2_ref = 30.000000007632405
minchirp = 26.116416903535512
maxchirp = 26.116616903535512
mincov = 2043408625.701025
maxcov = 204340862570.1025
