
[data]
trigger-time = 1542544368.0112612
injection-file = /home/ss/Prospects-of-LGWs/config/injection.hdf

[global]
instruments = E1 E2 E3
mass1_ref = 30.000000005973718
mass2_ref = 30.00000000039959
minchirp = 26.11641690165787
maxchirp = 26.11661690165787
mincov = 13327810020.379711
maxcov = 1332781002037.9712
