
[data]
trigger-time = 1601038953.4045444
injection-file = /home/ss/Prospects-of-LGWs/config/injection.hdf

[global]
instruments = E1 E2 E3
mass1_ref = 30.000000007738304
mass2_ref = 30.000000004175092
minchirp = 26.116416904069332
maxchirp = 26.116616904069332
mincov = 11739077173.76445
maxcov = 1173907717376.445
