
[data]
trigger-time = 1373340760.0514693
injection-file = /home/ss/Prospects-of-LGWs/config/injection.hdf

[global]
instruments = E1 E2 E3
mass1_ref = 30.00000000534558
mass2_ref = 30.000000003149268
minchirp = 26.116416902581324
maxchirp = 26.116616902581324
mincov = 13015862662.075619
maxcov = 1301586266207.562
