
[data]
trigger-time = 1938514197.2093375
injection-file = /work/shashwat.singh/Prospects-of-LGWs/unlens/injection_100.hdf

[global]
instruments = E1 E2 E3 C1 C2
mass1_ref = 30.00000000366947
mass2_ref = 30.000000001370953
minchirp = 26.1164169010777
maxchirp = 26.1166169010777
mincov = 118923344768.42322
maxcov = 11892334476842.322
