
[data]
trigger-time = 1428747329.1290426
injection-file = /work/shashwat.singh/Prospects-of-LGWs/unlens/injection_100.hdf

[global]
instruments = E1 E2 E3 C1 C2
mass1_ref = 30.000000007961802
mass2_ref = 30.00000000576373
minchirp = 26.11641690485811
maxchirp = 26.11661690485811
mincov = 14316972727.007675
maxcov = 1431697272700.7676
