
[data]
trigger-time = 1794309061.8265343
injection-file = /work/shashwat.singh/Prospects-of-LGWs/unlens/injection_100.hdf

[global]
instruments = E1 E2 E3 C1 C2
mass1_ref = 30.000000003099576
mass2_ref = 30.000000006502315
minchirp = 26.11641690306319
maxchirp = 26.11661690306319
mincov = 60686166619.49392
maxcov = 6068616661949.393
