
[data]
trigger-time = 1584055872.555269
injection-file = /work/shashwat.singh/Prospects-of-LGWs/unlens/injection_100.hdf

[global]
instruments = E1 E2 E3 C1 C2
mass1_ref = 30.000000009757038
mass2_ref = 30.000000004870095
minchirp = 26.116416905250553
maxchirp = 26.116616905250552
mincov = 68136636690.02732
maxcov = 6813663669002.732
