
[data]
trigger-time = 1965946251.5078151
injection-file = /work/shashwat.singh/Prospects-of-LGWs/unlens/injection_100.hdf

[global]
instruments = E1 E2 E3 C1 C2
mass1_ref = 30.00000000627988
mass2_ref = 30.000000008853142
minchirp = 26.116416905470757
maxchirp = 26.116616905470757
mincov = 106019685749.50127
maxcov = 10601968574950.127
