
[data]
trigger-time = 1396441878.8784504
injection-file = /work/shashwat.singh/Prospects-of-LGWs/unlens/injection_100.hdf

[global]
instruments = E1 E2 E3 C1 C2
mass1_ref = 30.000000001514838
mass2_ref = 30.00000000220581
minchirp = 26.116416900503232
maxchirp = 26.11661690050323
mincov = 79052499824.43065
maxcov = 7905249982443.065
