
[data]
trigger-time = 1317001562.305788
injection-file = /work/shashwat.singh/Prospects-of-LGWs/unlens/injection_100.hdf

[global]
instruments = E1 E2 E3 C1 C2
mass1_ref = 30.000000006332762
mass2_ref = 30.000000002530527
minchirp = 26.116416902741694
maxchirp = 26.116616902741693
mincov = 5345626063.544372
maxcov = 534562606354.4372
