
[data]
trigger-time = 1263403164.9567575
injection-file = /work/shashwat.singh/Prospects-of-LGWs/unlens/injection_100.hdf

[global]
instruments = E1 E2 E3 C1 C2
mass1_ref = 30.000000003330356
mass2_ref = 30.000000008330666
minchirp = 26.11641690395948
maxchirp = 26.11661690395948
mincov = 54021959089.13613
maxcov = 5402195908913.613
