
[data]
trigger-time = 1864479193.8019533
injection-file = /work/shashwat.singh/Prospects-of-LGWs/unlens/injection_100.hdf

[global]
instruments = E1 E2 E3 C1 C2
mass1_ref = 30.000000001548138
mass2_ref = 30.000000009980777
minchirp = 26.11641690390198
maxchirp = 26.116616903901978
mincov = 91296635312.88986
maxcov = 9129663531288.986
