
[data]
trigger-time = 1122509981.43742
injection-file = /work/shashwat.singh/Prospects-of-LGWs/unlens/injection_100.hdf

[global]
instruments = E1 E2 E3 C1 C2
mass1_ref = 30.000000009773906
mass2_ref = 30.00000000012361
minchirp = 26.11641690319187
maxchirp = 26.11661690319187
mincov = 170848052924.54196
maxcov = 17084805292454.197
