
[data]
trigger-time = 1368026680.8354595
injection-file = /work/shashwat.singh/Prospects-of-LGWs/unlens/injection_100.hdf

[global]
instruments = E1 E2 E3 C1 C2
mass1_ref = 30.000000008143537
mass2_ref = 30.0000000094971
minchirp = 26.116416906562257
maxchirp = 26.116616906562257
mincov = 136553979264.52124
maxcov = 13655397926452.125
