
[data]
trigger-time = 1559086516.4032583
injection-file = /work/shashwat.singh/Prospects-of-LGWs/unlens/injection_100.hdf

[global]
instruments = E1 E2 E3 C1 C2
mass1_ref = 30.000000009469314
mass2_ref = 30.000000007177665
minchirp = 26.116416906129743
maxchirp = 26.116616906129742
mincov = 134909120377.68582
maxcov = 13490912037768.582
