
[data]
trigger-time = 1988916974.1962013
injection-file = /work/shashwat.singh/Prospects-of-LGWs/unlens/injection_100.hdf

[global]
instruments = E1 E2 E3 C1 C2
mass1_ref = 30.00000000828491
mass2_ref = 30.000000001145743
minchirp = 26.116416902988657
maxchirp = 26.116616902988657
mincov = 137529469888.8653
maxcov = 13752946988886.527
