
[data]
trigger-time = 1297484096.9759219
injection-file = /work/shashwat.singh/Prospects-of-LGWs/unlens/injection_100.hdf

[global]
instruments = E1 E2 E3 C1 C2
mass1_ref = 30.000000000257
mass2_ref = 30.00000000998639
minchirp = 26.11641690334242
maxchirp = 26.11661690334242
mincov = 80082910620.33546
maxcov = 8008291062033.546
