
[data]
trigger-time = 1844618861.1438506
injection-file = /work/shashwat.singh/Prospects-of-LGWs/unlens/injection_100.hdf

[global]
instruments = E1 E2 E3 C1 C2
mass1_ref = 30.000000003079474
mass2_ref = 30.00000000502669
minchirp = 26.116416902412137
maxchirp = 26.116616902412137
mincov = 166336033636.1612
maxcov = 16633603363616.117
