
[data]
trigger-time = 1321142031.4649594
injection-file = /work/shashwat.singh/Prospects-of-LGWs/unlens/injection_100.hdf

[global]
instruments = E1 E2 E3 C1 C2
mass1_ref = 30.000000003224212
mass2_ref = 30.00000000990168
minchirp = 26.1164169045971
maxchirp = 26.116616904597098
mincov = 112961791527.2344
maxcov = 11296179152723.44
