
[data]
trigger-time = 1304573355.34662
injection-file = /work/shashwat.singh/Prospects-of-LGWs/unlens/injection_100.hdf

[global]
instruments = E1 E2 E3 C1 C2
mass1_ref = 30.000000003590618
mass2_ref = 30.000000007172503
minchirp = 26.116416903568645
maxchirp = 26.116616903568644
mincov = 19499008259.815235
maxcov = 1949900825981.5234
