
[data]
trigger-time = 1507600908.0549593
injection-file = /work/shashwat.singh/Prospects-of-LGWs/unlens/injection_100.hdf

[global]
instruments = E1 E2 E3 C1 C2
mass1_ref = 30.000000009613007
mass2_ref = 30.00000000589809
minchirp = 26.116416905635322
maxchirp = 26.116616905635322
mincov = 27472787797.517292
maxcov = 2747278779751.729
