
[data]
trigger-time = 1614701712.9801698
injection-file = /work/shashwat.singh/Prospects-of-LGWs/unlens/injection_100.hdf

[global]
instruments = E1 E2 E3 C1 C2
mass1_ref = 30.000000000246956
mass2_ref = 30.000000004830607
minchirp = 26.116416901093864
maxchirp = 26.116616901093863
mincov = 29879290694.10772
maxcov = 2987929069410.772
