
[data]
trigger-time = 1079172969.4760313
injection-file = /work/shashwat.singh/Prospects-of-LGWs/unlens/injection.hdf

[global]
instruments = E1 E2 E3 C1 C2 H1 V1 L1 I1 K1
mass1_ref = 30.000000006873666
mass2_ref = 30.000000000401702
minchirp = 26.116416902050513
maxchirp = 26.116616902050513
mincov = 70744190059.83
maxcov = 7074419005983.0
