
[data]
trigger-time = 1963023715.6598141
injection-file = /work/shashwat.singh/Prospects-of-LGWs/unlens/injection.hdf

[global]
instruments = E1 E2 E3 C1 C2 H1 V1 L1 I1 K1
mass1_ref = 30.000000000620574
mass2_ref = 30.00000000374574
minchirp = 26.116416900784273
maxchirp = 26.116616900784273
mincov = 137112595893.45816
maxcov = 13711259589345.816
