
[data]
trigger-time = 1180789061.9328542
injection-file = /work/shashwat.singh/Prospects-of-LGWs/unlens/injection.hdf

[global]
instruments = E1 E2 E3 C1 C2 H1 V1 L1 I1 K1
mass1_ref = 30.000000007347257
mass2_ref = 30.000000004557084
minchirp = 26.11641690406539
maxchirp = 26.11661690406539
mincov = 166836654083.60956
maxcov = 16683665408360.955
