
[data]
trigger-time = 1386797561.2068245
injection-file = /work/shashwat.singh/Prospects-of-LGWs/unlens/injection.hdf

[global]
instruments = E1 E2 E3 C1 C2 H1 V1 L1 I1 K1
mass1_ref = 30.000000000698925
mass2_ref = 30.00000000404992
minchirp = 26.116416900950778
maxchirp = 26.116616900950778
mincov = 75323306188.4786
maxcov = 7532330618847.861
