
[data]
trigger-time = 1574947203.026823
injection-file = /work/shashwat.singh/Prospects-of-LGWs/unlens/injection.hdf

[global]
instruments = E1 E2 E3 C1 C2 H1 V1 L1 I1 K1
mass1_ref = 30.000000008348554
mass2_ref = 30.00000000044889
minchirp = 26.116416902713034
maxchirp = 26.116616902713034
mincov = 80699764917.35971
maxcov = 8069976491735.972
