
[data]
trigger-time = 1184025101.5974898
injection-file = /work/shashwat.singh/Prospects-of-LGWs/unlens/injection.hdf

[global]
instruments = E1 E2 E3 C1 C2 H1 V1 L1 I1 K1
mass1_ref = 30.00000000982817
mass2_ref = 30.000000000160608
minchirp = 26.116416903231592
maxchirp = 26.11661690323159
mincov = 4057184515.0855775
maxcov = 405718451508.55774
