
[data]
trigger-time = 1232869992.7514675
injection-file = /work/shashwat.singh/Prospects-of-LGWs/unlens/injection.hdf

[global]
instruments = E1 E2 E3 C1 C2 H1 V1 L1 I1 K1
mass1_ref = 30.00000000277069
mass2_ref = 30.00000000913824
minchirp = 26.116416904067385
maxchirp = 26.116616904067385
mincov = 86862754095.7993
maxcov = 8686275409579.931
