
[data]
trigger-time = 1857755593.893323
injection-file = /work/shashwat.singh/Prospects-of-LGWs/unlens/injection.hdf

[global]
instruments = E1 E2 E3 C1 C2 H1 V1 L1 I1 K1
mass1_ref = 30.000000004192252
mass2_ref = 30.000000001171088
minchirp = 26.116416901218255
maxchirp = 26.116616901218254
mincov = 158281600325.39035
maxcov = 15828160032539.035
