
[data]
trigger-time = 1061684761.4136821
injection-file = /work/shashwat.singh/Prospects-of-LGWs/unlens/injection.hdf

[global]
instruments = E1 E2 E3 C1 C2 H1 V1 L1 I1 K1
mass1_ref = 30.000000000956124
mass2_ref = 30.000000008502383
minchirp = 26.11641690300078
maxchirp = 26.11661690300078
mincov = 1769077406.5356033
maxcov = 176907740653.56033
