
[data]
trigger-time = 1777018717.727134
injection-file = /work/shashwat.singh/Prospects-of-LGWs/unlens/injection.hdf

[global]
instruments = E1 E2 E3 C1 C2 H1 V1 L1 I1 K1
mass1_ref = 30.000000008156828
mass2_ref = 30.000000009478732
minchirp = 26.11641690656005
maxchirp = 26.11661690656005
mincov = 71800005782.75172
maxcov = 7180000578275.172
