
[data]
trigger-time = 1550491653.5397167
injection-file = /work/shashwat.singh/Prospects-of-LGWs/unlens/injection.hdf

[global]
instruments = E1 E2 E3 C1 C2 H1 V1 L1 I1 K1
mass1_ref = 30.00000000446688
mass2_ref = 30.00000000190772
minchirp = 26.11641690165843
maxchirp = 26.11661690165843
mincov = 173637676377.36472
maxcov = 17363767637736.473
