
[data]
trigger-time = 1867879403.7514846
injection-file = /work/shashwat.singh/Prospects-of-LGWs/unlens/injection.hdf

[global]
instruments = E1 E2 E3 C1 C2 H1 V1 L1 I1 K1
mass1_ref = 30.000000004294336
mass2_ref = 30.00000000060765
minchirp = 26.116416901017438
maxchirp = 26.116616901017437
mincov = 158760759518.58795
maxcov = 15876075951858.793
