
[data]
trigger-time = 1987707084.6491895
injection-file = /work/shashwat.singh/Prospects-of-LGWs/unlens/injection.hdf

[global]
instruments = E1 E2 E3 C1 C2 H1 V1 L1 I1 K1
mass1_ref = 30.000000002696
mass2_ref = 30.00000000935403
minchirp = 26.116416904128805
maxchirp = 26.116616904128804
mincov = 77153602310.20576
maxcov = 7715360231020.576
