
[data]
trigger-time = 1962471256.7747874
injection-file = /work/shashwat.singh/Prospects-of-LGWs/unlens/injection.hdf

[global]
instruments = E1 E2 E3 C1 C2 H1 V1 L1 I1 K1
mass1_ref = 30.000000003128157
mass2_ref = 30.0000000049476
minchirp = 26.116416902398903
maxchirp = 26.116616902398903
mincov = 32332496756.811707
maxcov = 3233249675681.171
