
[data]
trigger-time = 1436722414.3739202
injection-file = /work/shashwat.singh/Prospects-of-LGWs/unlens/injection.hdf

[global]
instruments = E1 E2 E3 C1 C2 H1 V1 L1 I1 K1
mass1_ref = 30.000000009126058
mass2_ref = 30.000000001899497
minchirp = 26.116416903682875
maxchirp = 26.116616903682875
mincov = 29903801502.36089
maxcov = 2990380150236.089
