
[data]
trigger-time = 1648324653.0787513
injection-file = /work/shashwat.singh/Prospects-of-LGWs/unlens/injection.hdf

[global]
instruments = E1 E2 E3 C1 C2 H1 V1 L1 I1 K1
mass1_ref = 30.00000000517247
mass2_ref = 30.00000000787576
minchirp = 26.116416904563295
maxchirp = 26.116616904563294
mincov = 17692888458.167683
maxcov = 1769288845816.768
