
[data]
trigger-time = 1137120242.588197
injection-file = /work/shashwat.singh/Prospects-of-LGWs/unlens/injection.hdf

[global]
instruments = E1 E2 E3 C1 C2 H1 V1 L1 I1 K1
mass1_ref = 30.000000001801215
mass2_ref = 30.000000009978713
minchirp = 26.11641690401124
maxchirp = 26.116616904011238
mincov = 17330434300.61036
maxcov = 1733043430061.0361
