
[data]
trigger-time = 1058249418.3863842
injection-file = /work/shashwat.singh/Prospects-of-LGWs/unlens/injection.hdf

[global]
instruments = E1 E2 E3 C1 C2 H1 V1 L1 I1 K1
mass1_ref = 30.000000006656638
mass2_ref = 30.00000000230951
minchirp = 26.116416902786465
maxchirp = 26.116616902786465
mincov = 10144457303.625523
maxcov = 1014445730362.5524
