
[data]
trigger-time = 1889105142.517239
injection-file = /work/shashwat.singh/Prospects-of-LGWs/unlens/injection.hdf

[global]
instruments = E1 E2 E3 C1 C2 H1 V1 L1 I1 K1
mass1_ref = 30.000000004103008
mass2_ref = 30.00000000486654
minchirp = 26.116416902787947
maxchirp = 26.116616902787946
mincov = 11720044868.235975
maxcov = 1172004486823.5977
