
[data]
trigger-time = 1798373242.1166425
injection-file = /work/shashwat.singh/Prospects-of-LGWs/unlens/injection.hdf

[global]
instruments = E1 E2 E3 C1 C2 H1 V1 L1 I1 K1
mass1_ref = 30.000000002431854
mass2_ref = 30.00000000581783
minchirp = 26.116416902474608
maxchirp = 26.116616902474608
mincov = 174031765879.38986
maxcov = 17403176587938.986
