
[data]
trigger-time = 1638911847.0788355
injection-file = /work/shashwat.singh/Prospects-of-LGWs/unlens/injection.hdf

[global]
instruments = E1 E2 E3 C1 C2 H1 V1 L1 I1 K1
mass1_ref = 30.00000000307542
mass2_ref = 30.000000009929074
minchirp = 26.11641690454426
maxchirp = 26.11661690454426
mincov = 153363170616.4947
maxcov = 15336317061649.47
