
[data]
trigger-time = 1354177389.094508
injection-file = /work/shashwat.singh/Prospects-of-LGWs/unlens/injection.hdf

[global]
instruments = E1 E2 E3 C1 C2 H1 V1 L1 I1 K1
mass1_ref = 30.000000000708724
mass2_ref = 30.000000006600462
minchirp = 26.11641690206523
maxchirp = 26.11661690206523
mincov = 162362228744.0177
maxcov = 16236222874401.77
