
[data]
trigger-time = 1360816643.9969184
injection-file = /work/shashwat.singh/Prospects-of-LGWs/unlens/injection.hdf

[global]
instruments = E1 E2 E3 C1 C2 H1 V1 L1 I1 K1
mass1_ref = 30.00000000083817
mass2_ref = 30.00000000729674
minchirp = 26.11641690242465
maxchirp = 26.11661690242465
mincov = 6104500291.396057
maxcov = 610450029139.6057
