
[data]
trigger-time = 1440417227.0863285
injection-file = /work/shashwat.singh/Prospects-of-LGWs/unlens/injection.hdf

[global]
instruments = E1 E2 E3 C1 C2 H1 V1 L1 I1 K1
mass1_ref = 30.000000005107506
mass2_ref = 30.000000004391026
minchirp = 26.1164169030182
maxchirp = 26.1166169030182
mincov = 176059040365.617
maxcov = 17605904036561.7
