
[data]
trigger-time = 1548606739.5566697
injection-file = /work/shashwat.singh/Prospects-of-LGWs/unlens/injection.hdf

[global]
instruments = E1 E2 E3 C1 C2 H1 V1 L1 I1 K1
mass1_ref = 30.000000001203833
mass2_ref = 30.000000002809102
minchirp = 26.11641690063046
maxchirp = 26.116616900630458
mincov = 83608056821.87326
maxcov = 8360805682187.326
