
[data]
trigger-time = 1813844557.772506
injection-file = /work/shashwat.singh/Prospects-of-LGWs/unlens/injection.hdf

[global]
instruments = E1 E2 E3 C1 C2 H1 V1 L1 I1 K1
mass1_ref = 30.00000000406899
mass2_ref = 30.00000000683359
minchirp = 26.11641690362935
maxchirp = 26.11661690362935
mincov = 93569243211.16386
maxcov = 9356924321116.387
