
[data]
trigger-time = 1087077210.7559419
injection-file = /work/shashwat.singh/Prospects-of-LGWs/unlens/injection.hdf

[global]
instruments = E1 E2 E3 C1 C2 H1 V1 L1 I1 K1
mass1_ref = 30.000000002783974
mass2_ref = 30.000000001295604
minchirp = 26.116416900659466
maxchirp = 26.116616900659466
mincov = 158613572511.40085
maxcov = 15861357251140.086
