
[data]
trigger-time = 1178080890.352353
injection-file = /work/shashwat.singh/Prospects-of-LGWs/unlens/injection.hdf

[global]
instruments = E1 E2 E3 C1 C2 H1 V1 L1 I1 K1
mass1_ref = 30.000000000712735
mass2_ref = 30.000000005073815
minchirp = 26.116416901402467
maxchirp = 26.116616901402466
mincov = 76508909678.86124
maxcov = 7650890967886.123
