
[data]
trigger-time = 1539894798.0489888
injection-file = /work/shashwat.singh/Prospects-of-LGWs/unlens/injection.hdf

[global]
instruments = E1 E2 E3 C1 C2 H1 V1 L1 I1 K1
mass1_ref = 30.000000000468763
mass2_ref = 30.000000006768442
minchirp = 26.1164169020339
maxchirp = 26.1166169020339
mincov = 51556928187.40944
maxcov = 5155692818740.943
