
[data]
trigger-time = 1892321699.863165
injection-file = /work/shashwat.singh/Prospects-of-LGWs/unlens/injection.hdf

[global]
instruments = E1 E2 E3 C1 C2 H1 V1 L1 I1 K1
mass1_ref = 30.00000000687931
mass2_ref = 30.000000005318586
minchirp = 26.11641690419317
maxchirp = 26.11661690419317
mincov = 48687139076.917656
maxcov = 4868713907691.766
