
[data]
trigger-time = 1829852304.4183683
injection-file = /work/shashwat.singh/Prospects-of-LGWs/unlens/injection.hdf

[global]
instruments = E1 E2 E3 C1 C2 H1 V1 L1 I1 K1
mass1_ref = 30.00000000936794
mass2_ref = 30.00000000866522
minchirp = 26.116416906733114
maxchirp = 26.116616906733114
mincov = 136389779364.22395
maxcov = 13638977936422.395
