
[data]
trigger-time = 1123668492.700013
injection-file = /work/shashwat.singh/Prospects-of-LGWs/unlens/injection.hdf

[global]
instruments = E1 E2 E3 C1 C2 H1 V1 L1 I1 K1
mass1_ref = 30.00000000948721
mass2_ref = 30.000000005885408
minchirp = 26.116416905575047
maxchirp = 26.116616905575047
mincov = 86536297109.42369
maxcov = 8653629710942.369
