
[data]
trigger-time = 1709881980.9128714
injection-file = /work/shashwat.singh/Prospects-of-LGWs/unlens/injection.hdf

[global]
instruments = E1 E2 E3 C1 C2 H1 V1 L1 I1 K1
mass1_ref = 30.000000000076085
mass2_ref = 30.000000002945928
minchirp = 26.116416900199134
maxchirp = 26.116616900199134
mincov = 112919709666.81998
maxcov = 11291970966681.996
