
[data]
trigger-time = 1037157832.8983235
injection-file = /work/shashwat.singh/Prospects-of-LGWs/unlens/injection.hdf

[global]
instruments = E1 E2 E3 C1 C2 H1 V1 L1 I1 K1
mass1_ref = 30.000000007008154
mass2_ref = 30.000000009140077
minchirp = 26.11641690591265
maxchirp = 26.11661690591265
mincov = 56163278106.22311
maxcov = 5616327810622.311
