
[data]
trigger-time = 1472389884.1594133
injection-file = /work/shashwat.singh/Prospects-of-LGWs/unlens/injection.hdf

[global]
instruments = E1 E2 E3 C1 C2 H1 V1 L1 I1 K1
mass1_ref = 30.00000000696368
mass2_ref = 30.000000000048306
minchirp = 26.11641690193587
maxchirp = 26.11661690193587
mincov = 142417297919.97702
maxcov = 14241729791997.703
