
[data]
trigger-time = 1696830037.9605408
injection-file = /work/shashwat.singh/Prospects-of-LGWs/unlens/injection.hdf

[global]
instruments = E1 E2 E3 C1 C2 H1 V1 L1 I1 K1
mass1_ref = 30.000000005088
mass2_ref = 30.00000000815007
minchirp = 26.11641690464593
maxchirp = 26.11661690464593
mincov = 65224342176.66313
maxcov = 6522434217666.313
