
[data]
trigger-time = 1870634148.6300366
injection-file = /work/shashwat.singh/Prospects-of-LGWs/unlens/injection.hdf

[global]
instruments = E1 E2 E3 C1 C2 H1 V1 L1 I1 K1
mass1_ref = 30.00000000754638
mass2_ref = 30.00000000901808
minchirp = 26.116416906093825
maxchirp = 26.116616906093824
mincov = 105405025898.95328
maxcov = 10540502589895.328
