
[data]
trigger-time = 1364263370.2024844
injection-file = /work/shashwat.singh/Prospects-of-LGWs/unlens/injection.hdf

[global]
instruments = E1 E2 E3 C1 C2 H1 V1 L1 I1 K1
mass1_ref = 30.000000009323735
mass2_ref = 30.000000002237584
minchirp = 26.11641690391608
maxchirp = 26.11661690391608
mincov = 173452851352.47162
maxcov = 17345285135247.16
