
[data]
trigger-time = 1400916960.7051334
injection-file = /work/shashwat.singh/Prospects-of-LGWs/unlens/injection.hdf

[global]
instruments = E1 E2 E3 C1 C2 H1 V1 L1 I1 K1
mass1_ref = 30.000000006635158
mass2_ref = 30.000000003674465
minchirp = 26.11641690337125
maxchirp = 26.11661690337125
mincov = 153741950170.97882
maxcov = 15374195017097.88
