
[data]
trigger-time = 1203265877.3917792
injection-file = /work/shashwat.singh/Prospects-of-LGWs/unlens/injection.hdf

[global]
instruments = E1 E2 E3 C1 C2 H1 V1 L1 I1 K1
mass1_ref = 30.000000005345964
mass2_ref = 30.000000009379033
minchirp = 26.11641690529315
maxchirp = 26.11661690529315
mincov = 106057553926.04872
maxcov = 10605755392604.871
