
[data]
trigger-time = 1235280699.0013762
injection-file = /work/shashwat.singh/Prospects-of-LGWs/unlens/injection.hdf

[global]
instruments = E1 E2 E3 C1 C2 H1 V1 L1 I1 K1
mass1_ref = 30.00000000868806
mass2_ref = 30.000000005876412
minchirp = 26.11641690522328
maxchirp = 26.116616905223278
mincov = 111876937506.48453
maxcov = 11187693750648.453
