
[data]
trigger-time = 1436676202.0278134
injection-file = /work/shashwat.singh/Prospects-of-LGWs/unlens/injection.hdf

[global]
instruments = E1 E2 E3 C1 C2 H1 V1 L1 I1 K1
mass1_ref = 30.00000000331255
mass2_ref = 30.00000000659911
minchirp = 26.116416903198026
maxchirp = 26.116616903198025
mincov = 2737877333.658553
maxcov = 273787733365.85535
