
[data]
trigger-time = 1618656856.3632
injection-file = /work/shashwat.singh/Prospects-of-LGWs/unlens/injection.hdf

[global]
instruments = E1 E2 E3 C1 C2 H1 V1 L1 I1 K1
mass1_ref = 30.00000000498172
mass2_ref = 30.0000000061966
minchirp = 26.11641690374937
maxchirp = 26.11661690374937
mincov = 73874857339.23038
maxcov = 7387485733923.037
