
[data]
trigger-time = 1161212633.854927
injection-file = /work/shashwat.singh/Prospects-of-LGWs/unlens/injection.hdf

[global]
instruments = E1 E2 E3 C1 C2 H1 V1 L1 I1 K1
mass1_ref = 30.000000009538816
mass2_ref = 30.00000000353103
minchirp = 26.116416904572706
maxchirp = 26.116616904572705
mincov = 169653067731.39832
maxcov = 16965306773139.832
