
[data]
trigger-time = 1951912029.20079
injection-file = /work/shashwat.singh/Prospects-of-LGWs/unlens/injection.hdf

[global]
instruments = E1 E2 E3 C1 C2 H1 V1 L1 I1 K1
mass1_ref = 30.00000000294525
mass2_ref = 30.000000008770417
minchirp = 26.116416903983264
maxchirp = 26.116616903983264
mincov = 153093783251.8534
maxcov = 15309378325185.34
