
[data]
trigger-time = 1423703539.4981256
injection-file = /work/shashwat.singh/Prospects-of-LGWs/unlens/injection.hdf

[global]
instruments = E1 E2 E3 C1 C2 H1 V1 L1 I1 K1
mass1_ref = 30.000000002868198
mass2_ref = 30.00000000756262
minchirp = 26.116416903424
maxchirp = 26.116616903424
mincov = 122654001752.53133
maxcov = 12265400175253.133
