
[data]
trigger-time = 1936918266.3089895
injection-file = /work/shashwat.singh/Prospects-of-LGWs/unlens/injection.hdf

[global]
instruments = E1 E2 E3 C1 C2 H1 V1 L1 I1 K1
mass1_ref = 30.000000008455864
mass2_ref = 30.000000004098787
minchirp = 26.11641690434845
maxchirp = 26.11661690434845
mincov = 138965057334.94745
maxcov = 13896505733494.746
