
[data]
trigger-time = 1957450243.2092946
injection-file = /work/shashwat.singh/Prospects-of-LGWs/unlens/injection.hdf

[global]
instruments = E1 E2 E3 C1 C2 H1 V1 L1 I1 K1
mass1_ref = 30.000000005630966
mass2_ref = 30.000000007056116
minchirp = 26.116416904406098
maxchirp = 26.116616904406097
mincov = 97865746055.2972
maxcov = 9786574605529.719
