
[data]
trigger-time = 1072689209.5737967
injection-file = /work/shashwat.singh/Prospects-of-LGWs/unlens/injection.hdf

[global]
instruments = E1 E2 E3 C1 C2 H1 V1 L1 I1 K1
mass1_ref = 30.000000007438135
mass2_ref = 30.000000001466397
minchirp = 26.11641690275965
maxchirp = 26.11661690275965
mincov = 115351437331.96115
maxcov = 11535143733196.115
