
[data]
trigger-time = 1317124741.3781075
injection-file = /work/shashwat.singh/Prospects-of-LGWs/unlens/injection.hdf

[global]
instruments = E1 E2 E3 C1 C2 H1 V1 L1 I1 K1
mass1_ref = 30.000000007289092
mass2_ref = 30.000000009161507
minchirp = 26.116416906044265
maxchirp = 26.116616906044264
mincov = 126381281137.61507
maxcov = 12638128113761.506
