
[data]
trigger-time = 1235753619.1658783
injection-file = /work/shashwat.singh/Prospects-of-LGWs/unlens/injection.hdf

[global]
instruments = E1 E2 E3 C1 C2 H1 V1 L1 I1 K1
mass1_ref = 30.000000000987256
mass2_ref = 30.00000000418108
minchirp = 26.116416901133373
maxchirp = 26.116616901133373
mincov = 62344658564.11098
maxcov = 6234465856411.098
