
[data]
trigger-time = 1140848021.5844767
injection-file = /work/shashwat.singh/Prospects-of-LGWs/unlens/injection.hdf

[global]
instruments = E1 E2 E3 C1 C2 H1 V1 L1 I1 K1
mass1_ref = 30.000000004938833
mass2_ref = 30.00000000949418
minchirp = 26.11641690516606
maxchirp = 26.116616905166058
mincov = 162065214411.508
maxcov = 16206521441150.8
