
[data]
trigger-time = 1337069854.58375
injection-file = /work/shashwat.singh/Prospects-of-LGWs/unlens/injection.hdf

[global]
instruments = E1 E2 E3 C1 C2 H1 V1 L1 I1 K1
mass1_ref = 30.000000001555826
mass2_ref = 30.0000000073741
minchirp = 26.116416902770702
maxchirp = 26.1166169027707
mincov = 69654729610.13174
maxcov = 6965472961013.174
