
[data]
trigger-time = 1901543277.5506067
injection-file = /work/shashwat.singh/Prospects-of-LGWs/unlens/injection.hdf

[global]
instruments = E1 E2 E3 C1 C2 H1 V1 L1 I1 K1
mass1_ref = 30.00000000512767
mass2_ref = 30.000000005446104
minchirp = 26.11641690348623
maxchirp = 26.11661690348623
mincov = 126443541007.86905
maxcov = 12644354100786.904
