
[data]
trigger-time = 1662744959.707162
injection-file = /work/shashwat.singh/Prospects-of-LGWs/unlens/injection.hdf

[global]
instruments = E1 E2 E3 C1 C2 H1 V1 L1 I1 K1
mass1_ref = 30.000000002025498
mass2_ref = 30.000000001671985
minchirp = 26.11641690049315
maxchirp = 26.11661690049315
mincov = 98931969667.39027
maxcov = 9893196966739.027
