
[data]
trigger-time = 1147183873.5315762
injection-file = /work/shashwat.singh/Prospects-of-LGWs/unlens/injection.hdf

[global]
instruments = E1 E2 E3 C1 C2 H1 V1 L1 I1 K1
mass1_ref = 30.00000000025196
mass2_ref = 30.000000003900446
minchirp = 26.116416900691164
maxchirp = 26.116616900691163
mincov = 177320349864.88855
maxcov = 17732034986488.855
