
[data]
trigger-time = 1926957398.7051
injection-file = /work/shashwat.singh/Prospects-of-LGWs/unlens/injection.hdf

[global]
instruments = E1 E2 E3 C1 C2 H1 V1 L1 I1 K1
mass1_ref = 30.00000000027809
mass2_ref = 30.00000000335909
minchirp = 26.1164169004669
maxchirp = 26.116616900466898
mincov = 61969812983.87693
maxcov = 6196981298387.693
