
[data]
trigger-time = 1304044300.4723704
injection-file = /work/shashwat.singh/Prospects-of-LGWs/unlens/injection.hdf

[global]
instruments = E1 E2 E3 C1 C2 H1 V1 L1 I1 K1
mass1_ref = 30.000000005952877
mass2_ref = 30.00000000638442
minchirp = 26.116416904253843
maxchirp = 26.116616904253842
mincov = 10367957831.106268
maxcov = 1036795783110.6268
