
[data]
trigger-time = 1898959503.7992835
injection-file = /work/shashwat.singh/Prospects-of-LGWs/unlens/injection.hdf

[global]
instruments = E1 E2 E3 C1 C2 H1 V1 L1 I1 K1
mass1_ref = 30.000000007417125
mass2_ref = 30.000000000590383
minchirp = 26.116416902369192
maxchirp = 26.11661690236919
mincov = 30541324065.843727
maxcov = 3054132406584.3726
