
[data]
trigger-time = 1178634102.249506
injection-file = /work/shashwat.singh/Prospects-of-LGWs/unlens/injection.hdf

[global]
instruments = E1 E2 E3 C1 C2 H1 V1 L1 I1 K1
mass1_ref = 30.00000000736801
mass2_ref = 30.000000004492858
minchirp = 26.116416904046464
maxchirp = 26.116616904046463
mincov = 128228971707.06282
maxcov = 12822897170706.281
