
[data]
trigger-time = 1860044526.2186337
injection-file = /work/shashwat.singh/Prospects-of-LGWs/unlens/injection.hdf

[global]
instruments = E1 E2 E3 C1 C2 H1 V1 L1 I1 K1
mass1_ref = 30.000000005896506
mass2_ref = 30.00000000603592
minchirp = 26.116416904077614
maxchirp = 26.116616904077613
mincov = 45097396926.68132
maxcov = 4509739692668.132
