
[data]
trigger-time = 1700366876.5148406
injection-file = /work/shashwat.singh/Prospects-of-LGWs/unlens/injection.hdf

[global]
instruments = E1 E2 E3 C1 C2 H1 V1 L1 I1 K1
mass1_ref = 30.00000000533364
mass2_ref = 30.000000004673524
minchirp = 26.116416903239596
maxchirp = 26.116616903239596
mincov = 107894595586.45677
maxcov = 10789459558645.678
