
[data]
trigger-time = 1564307172.2132344
injection-file = /work/shashwat.singh/Prospects-of-LGWs/unlens/injection.hdf

[global]
instruments = E1 E2 E3 C1 C2 H1 V1 L1 I1 K1
mass1_ref = 30.000000000753424
mass2_ref = 30.00000000032056
minchirp = 26.116416899351204
maxchirp = 26.116616899351204
mincov = 60056571071.1768
maxcov = 6005657107117.681
