
[data]
trigger-time = 1711256675.1135573
injection-file = /work/shashwat.singh/Prospects-of-LGWs/unlens/injection.hdf

[global]
instruments = E1 E2 E3 C1 C2 H1 V1 L1 I1 K1
mass1_ref = 30.00000000991531
mass2_ref = 30.000000005475346
minchirp = 26.1164169055829
maxchirp = 26.116616905582898
mincov = 7319646520.08624
maxcov = 731964652008.624
