
[data]
trigger-time = 1695155891.7704067
injection-file = /work/shashwat.singh/Prospects-of-LGWs/unlens/injection.hdf

[global]
instruments = E1 E2 E3 C1 C2 H1 V1 L1 I1 K1
mass1_ref = 30.00000000857387
mass2_ref = 30.000000006852076
minchirp = 26.116416905598257
maxchirp = 26.116616905598256
mincov = 4035127202.738009
maxcov = 403512720273.8009
