
[data]
trigger-time = 1314631318.928292
injection-file = /work/shashwat.singh/Prospects-of-LGWs/unlens/injection.hdf

[global]
instruments = E1 E2 E3 C1 C2 H1 V1 L1 I1 K1
mass1_ref = 30.00000000398872
mass2_ref = 30.000000006250584
minchirp = 26.11641690334064
maxchirp = 26.11661690334064
mincov = 92927422897.86136
maxcov = 9292742289786.135
