
[data]
trigger-time = 1878528157.125141
injection-file = /work/shashwat.singh/Prospects-of-LGWs/unlens/injection.hdf

[global]
instruments = E1 E2 E3 C1 C2 H1 V1 L1 I1 K1
mass1_ref = 30.00000000712015
mass2_ref = 30.0000000024412
minchirp = 26.116416903045547
maxchirp = 26.116616903045546
mincov = 56347367669.438515
maxcov = 5634736766943.852
