
[data]
trigger-time = 1542613000.481048
injection-file = /work/shashwat.singh/Prospects-of-LGWs/unlens/injection.hdf

[global]
instruments = E1 E2 E3 C1 C2 H1 V1 L1 I1 K1
mass1_ref = 30.000000006539338
mass2_ref = 30.000000008599788
minchirp = 26.116416905473415
maxchirp = 26.116616905473414
mincov = 151319690027.2679
maxcov = 15131969002726.793
