
[data]
trigger-time = 1405046284.3070378
injection-file = /work/shashwat.singh/Prospects-of-LGWs/unlens/injection.hdf

[global]
instruments = E1 E2 E3 C1 C2 H1 V1 L1 I1 K1
mass1_ref = 30.000000009008023
mass2_ref = 30.000000004842647
minchirp = 26.116416904912576
maxchirp = 26.116616904912576
mincov = 97162939123.44417
maxcov = 9716293912344.416
