
[data]
trigger-time = 1263823276.9519217
injection-file = /work/shashwat.singh/Prospects-of-LGWs/unlens/injection.hdf

[global]
instruments = E1 E2 E3 C1 C2 H1 V1 L1 I1 K1
mass1_ref = 30.00000000778571
mass2_ref = 30.00000000365229
minchirp = 26.116416903862405
maxchirp = 26.116616903862404
mincov = 173982141545.04727
maxcov = 17398214154504.727
