
[data]
trigger-time = 1258637005.2401175
injection-file = /work/shashwat.singh/Prospects-of-LGWs/unlens/injection.hdf

[global]
instruments = E1 E2 E3 C1 C2 H1 V1 L1 I1 K1
mass1_ref = 30.00000000530208
mass2_ref = 30.000000006713687
minchirp = 26.11641690411389
maxchirp = 26.11661690411389
mincov = 135643492475.59448
maxcov = 13564349247559.45
