
[data]
trigger-time = 1854032006.8833477
injection-file = /work/shashwat.singh/Prospects-of-LGWs/unlens/injection.hdf

[global]
instruments = E1 E2 E3 C1 C2 H1 V1 L1 I1 K1
mass1_ref = 30.00000000796951
mass2_ref = 30.00000000270357
minchirp = 26.116416903529455
maxchirp = 26.116616903529454
mincov = 117433590203.47949
maxcov = 11743359020347.95
