
[data]
trigger-time = 1942929208.5441935
injection-file = /work/shashwat.singh/Prospects-of-LGWs/unlens/injection.hdf

[global]
instruments = E1 E2 E3 C1 C2 H1 V1 L1 I1 K1
mass1_ref = 30.00000000429461
mass2_ref = 30.000000006229257
minchirp = 26.116416903464504
maxchirp = 26.116616903464504
mincov = 54173682.5733516
maxcov = 5417368257.335159
