
[data]
trigger-time = 1082793045.5124993
injection-file = /work/shashwat.singh/Prospects-of-LGWs/unlens/injection.hdf

[global]
instruments = E1 E2 E3 C1 C2 H1 V1 L1 I1 K1
mass1_ref = 30.000000008777405
mass2_ref = 30.000000001220933
minchirp = 26.116416903235752
maxchirp = 26.11661690323575
mincov = 3196260259.016154
maxcov = 319626025901.61536
