
[data]
trigger-time = 1653514996.0206795
injection-file = /work/shashwat.singh/Prospects-of-LGWs/unlens/injection.hdf

[global]
instruments = E1 E2 E3 C1 C2 H1 V1 L1 I1 K1
mass1_ref = 30.000000007465545
mass2_ref = 30.00000000564248
minchirp = 26.116416904589325
maxchirp = 26.116616904589325
mincov = 113603205110.98271
maxcov = 11360320511098.271
