
[data]
trigger-time = 1347593252.8125365
injection-file = /work/shashwat.singh/Prospects-of-LGWs/unlens/injection.hdf

[global]
instruments = E1 E2 E3 C1 C2 H1 V1 L1 I1 K1
mass1_ref = 30.0000000096139
mass2_ref = 30.000000000982986
minchirp = 26.116416903496287
maxchirp = 26.116616903496286
mincov = 42562379957.25403
maxcov = 4256237995725.403
