
[data]
trigger-time = 1613811553.0190096
injection-file = /work/shashwat.singh/Prospects-of-LGWs/unlens/injection.hdf

[global]
instruments = E1 E2 E3 C1 C2 H1 V1 L1 I1 K1
mass1_ref = 30.000000008939686
mass2_ref = 30.00000000531128
minchirp = 26.116416905086815
maxchirp = 26.116616905086815
mincov = 179292406993.58542
maxcov = 17929240699358.543
