
[data]
trigger-time = 1271390700.876472
injection-file = /work/shashwat.singh/Prospects-of-LGWs/unlens/injection.hdf

[global]
instruments = E1 E2 E3 C1 C2 H1 V1 L1 I1 K1
mass1_ref = 30.000000001502748
mass2_ref = 30.00000000242515
minchirp = 26.116416900593443
maxchirp = 26.116616900593442
mincov = 79127609646.344
maxcov = 7912760964634.399
