
[data]
trigger-time = 1270530559.890895
injection-file = /work/shashwat.singh/Prospects-of-LGWs/unlens/injection.hdf

[global]
instruments = E1 E2 E3 C1 C2 H1 V1 L1 I1 K1
mass1_ref = 30.000000007124687
mass2_ref = 30.000000003429605
minchirp = 26.11641690347775
maxchirp = 26.11661690347775
mincov = 120444156046.4711
maxcov = 12044415604647.11
