
[data]
trigger-time = 1065779054.7480127
injection-file = /work/shashwat.singh/Prospects-of-LGWs/unlens/injection.hdf

[global]
instruments = E1 E2 E3 C1 C2 H1 V1 L1 I1 K1
mass1_ref = 30.000000008507598
mass2_ref = 30.00000000337356
minchirp = 26.116416904055296
maxchirp = 26.116616904055295
mincov = 1407241193.803266
maxcov = 140724119380.3266
