
[data]
trigger-time = 1022026430.5506587
injection-file = /work/shashwat.singh/Prospects-of-LGWs/unlens/injection.hdf

[global]
instruments = E1 E2 E3 C1 C2 H1 V1 L1 I1 K1
mass1_ref = 30.000000001617106
mass2_ref = 30.000000002219153
minchirp = 26.116416900553553
maxchirp = 26.116616900553552
mincov = 143444796100.158
maxcov = 14344479610015.799
