
[data]
trigger-time = 1704426241.591593
injection-file = /work/shashwat.singh/Prospects-of-LGWs/unlens/injection.hdf

[global]
instruments = E1 E2 E3 C1 C2 H1 V1 L1 I1 K1
mass1_ref = 30.000000004409504
mass2_ref = 30.000000000696332
minchirp = 26.11641690110617
maxchirp = 26.11661690110617
mincov = 81948719023.01645
maxcov = 8194871902301.6455
