
[data]
trigger-time = 1473451200.119804
injection-file = /work/shashwat.singh/Prospects-of-LGWs/unlens/injection.hdf

[global]
instruments = E1 E2 E3 C1 C2 H1 V1 L1 I1 K1
mass1_ref = 30.000000004843013
mass2_ref = 30.000000005320743
minchirp = 26.11641690330776
maxchirp = 26.116616903307758
mincov = 19860943.226316325
maxcov = 1986094322.6316323
