
[data]
trigger-time = 1408741444.5605745
injection-file = /work/shashwat.singh/Prospects-of-LGWs/unlens/injection.hdf

[global]
instruments = E1 E2 E3 C1 C2 H1 V1 L1 I1 K1
mass1_ref = 30.00000000647204
mass2_ref = 30.000000002188777
minchirp = 26.116416902653565
maxchirp = 26.116616902653565
mincov = 111073161358.89767
maxcov = 11107316135889.768
