
[data]
trigger-time = 1430863943.7209215
injection-file = /work/shashwat.singh/Prospects-of-LGWs/unlens/injection.hdf

[global]
instruments = E1 E2 E3 C1 C2 H1 V1 L1 I1 K1
mass1_ref = 30.00000000524806
mass2_ref = 30.000000004035837
minchirp = 26.116416902924776
maxchirp = 26.116616902924775
mincov = 74277484917.62592
maxcov = 7427748491762.592
