
[data]
trigger-time = 1614204383.7439046
injection-file = /work/shashwat.singh/Prospects-of-LGWs/unlens/injection.hdf

[global]
instruments = E1 E2 E3 C1 C2 H1 V1 L1 I1 K1
mass1_ref = 30.00000000727073
mass2_ref = 30.000000004276956
minchirp = 26.11641690391015
maxchirp = 26.11661690391015
mincov = 167905282874.62643
maxcov = 16790528287462.645
