
[data]
trigger-time = 1152657933.341726
injection-file = /work/shashwat.singh/Prospects-of-LGWs/unlens/injection.hdf

[global]
instruments = E1 E2 E3 C1 C2 H1 V1 L1 I1 K1
mass1_ref = 30.000000009083347
mass2_ref = 30.000000009550632
minchirp = 26.116416906994637
maxchirp = 26.116616906994636
mincov = 57666973730.04695
maxcov = 5766697373004.695
