
[data]
trigger-time = 1482860429.5449328
injection-file = /work/shashwat.singh/Prospects-of-LGWs/unlens/injection.hdf

[global]
instruments = E1 E2 E3 C1 C2 H1 V1 L1 I1 K1
mass1_ref = 30.00000000879803
mass2_ref = 30.000000004473915
minchirp = 26.116416904660674
maxchirp = 26.116616904660674
mincov = 51164195019.94082
maxcov = 5116419501994.082
