
[data]
trigger-time = 1200047198.620194
injection-file = /work/shashwat.singh/Prospects-of-LGWs/unlens/injection.hdf

[global]
instruments = E1 E2 E3 C1 C2 H1 V1 L1 I1 K1
mass1_ref = 30.000000000179572
mass2_ref = 30.000000001599204
minchirp = 26.11641689965798
maxchirp = 26.11661689965798
mincov = 155716734438.77155
maxcov = 15571673443877.152
