
[data]
trigger-time = 1371456133.5164888
injection-file = /work/shashwat.singh/Prospects-of-LGWs/unlens/injection.hdf

[global]
instruments = E1 E2 E3 C1 C2 H1 V1 L1 I1 K1
mass1_ref = 30.000000002466912
mass2_ref = 30.00000000392578
minchirp = 26.116416901666305
maxchirp = 26.116616901666305
mincov = 10338539117.931278
maxcov = 1033853911793.1277
