
[data]
trigger-time = 1090517306.4004464
injection-file = /work/shashwat.singh/Prospects-of-LGWs/unlens/injection.hdf

[global]
instruments = E1 E2 E3 C1 C2 H1 V1 L1 I1 K1
mass1_ref = 30.000000008776265
mass2_ref = 30.000000007759063
minchirp = 26.11641690608114
maxchirp = 26.11661690608114
mincov = 179183795605.91263
maxcov = 17918379560591.26
