
[data]
trigger-time = 1593550434.4892097
injection-file = /work/shashwat.singh/Prospects-of-LGWs/unlens/injection.hdf

[global]
instruments = E1 E2 E3 C1 C2 H1 V1 L1 I1 K1
mass1_ref = 30.000000003122892
mass2_ref = 30.00000000121605
minchirp = 26.116416900772357
maxchirp = 26.116616900772357
mincov = 166912530806.33176
maxcov = 16691253080633.176
