
[data]
trigger-time = 1400937564.1994147
injection-file = /work/shashwat.singh/Prospects-of-LGWs/unlens/injection.hdf

[global]
instruments = E1 E2 E3 C1 C2 H1 V1 L1 I1 K1
mass1_ref = 30.000000003864095
mass2_ref = 30.000000004098673
minchirp = 26.11641690234972
maxchirp = 26.11661690234972
mincov = 85641276623.50601
maxcov = 8564127662350.602
