
[data]
trigger-time = 1314011828.4173222
injection-file = /work/shashwat.singh/Prospects-of-LGWs/unlens/injection.hdf

[global]
instruments = E1 E2 E3 C1 C2 H1 V1 L1 I1 K1
mass1_ref = 30.000000004289138
mass2_ref = 30.000000006506422
minchirp = 26.116416903582763
maxchirp = 26.116616903582763
mincov = 30891768.690167625
maxcov = 3089176869.0167623
