
[data]
trigger-time = 1006629870.5766487
injection-file = /work/shashwat.singh/Prospects-of-LGWs/unlens/injection.hdf

[global]
instruments = E1 E2 E3 C1 C2 H1 V1 L1 I1 K1
mass1_ref = 30.00000000410672
mass2_ref = 30.000000006283532
minchirp = 26.116416903406343
maxchirp = 26.116616903406342
mincov = 92117030687.75447
maxcov = 9211703068775.447
