
[data]
trigger-time = 1266281942.9613328
injection-file = /work/shashwat.singh/Prospects-of-LGWs/unlens/injection.hdf

[global]
instruments = E1 E2 E3 C1 C2 H1 V1 L1 I1 K1
mass1_ref = 30.00000000102869
mass2_ref = 30.00000000220527
minchirp = 26.116416900291387
maxchirp = 26.116616900291387
mincov = 171524033799.69427
maxcov = 17152403379969.426
