
[data]
trigger-time = 1547223297.0296957
injection-file = /work/shashwat.singh/Prospects-of-LGWs/unlens/injection.hdf

[global]
instruments = E1 E2 E3 C1 C2 H1 V1 L1 I1 K1
mass1_ref = 30.00000000366901
mass2_ref = 30.000000008626756
minchirp = 26.11641690423577
maxchirp = 26.11661690423577
mincov = 902549534.1127844
maxcov = 90254953411.27844
