
[data]
trigger-time = 1239269651.9685683
injection-file = /work/shashwat.singh/Prospects-of-LGWs/unlens/injection.hdf

[global]
instruments = E1 E2 E3 C1 C2 H1 V1 L1 I1 K1
mass1_ref = 30.0000000008489
mass2_ref = 30.000000006043688
minchirp = 26.1164169018839
maxchirp = 26.116616901883898
mincov = 42899679714.93786
maxcov = 4289967971493.786
