
[data]
trigger-time = 1651822176.6607516
injection-file = /work/shashwat.singh/Prospects-of-LGWs/unlens/injection.hdf

[global]
instruments = E1 E2 E3 C1 C2 H1 V1 L1 I1 K1
mass1_ref = 30.00000000209206
mass2_ref = 30.000000002439865
minchirp = 26.11641690085636
maxchirp = 26.11661690085636
mincov = 113411310688.63216
maxcov = 11341131068863.215
