
[data]
trigger-time = 1158464604.714057
injection-file = /work/shashwat.singh/Prospects-of-LGWs/unlens/injection.hdf

[global]
instruments = E1 E2 E3 C1 C2 H1 V1 L1 I1 K1
mass1_ref = 30.000000003049863
mass2_ref = 30.000000007202274
minchirp = 26.116416903346227
maxchirp = 26.116616903346227
mincov = 148894282625.91074
maxcov = 14889428262591.074
