
[data]
trigger-time = 1893233850.965957
injection-file = /work/shashwat.singh/Prospects-of-LGWs/unlens/injection.hdf

[global]
instruments = E1 E2 E3 C1 C2 H1 V1 L1 I1 K1
mass1_ref = 30.000000009622916
mass2_ref = 30.000000009793386
minchirp = 26.11641690733516
maxchirp = 26.11661690733516
mincov = 1198932262.6066434
maxcov = 119893226260.66435
