
[data]
trigger-time = 1185770561.8554356
injection-file = /work/shashwat.singh/Prospects-of-LGWs/unlens/injection.hdf

[global]
instruments = E1 E2 E3 C1 C2 H1 V1 L1 I1 K1
mass1_ref = 30.000000001438547
mass2_ref = 30.00000000227039
minchirp = 26.116416900498134
maxchirp = 26.116616900498133
mincov = 108846591951.41177
maxcov = 10884659195141.178
