
[data]
trigger-time = 1196488318.5461597
injection-file = /work/shashwat.singh/Prospects-of-LGWs/unlens/injection.hdf

[global]
instruments = E1 E2 E3 C1 C2 H1 V1 L1 I1 K1
mass1_ref = 30.00000000436324
mass2_ref = 30.0000000020637
minchirp = 26.116416901681212
maxchirp = 26.116616901681212
mincov = 176939764990.0752
maxcov = 17693976499007.52
