
[data]
trigger-time = 1293636543.1885867
injection-file = /work/shashwat.singh/Prospects-of-LGWs/unlens/injection.hdf

[global]
instruments = E1 E2 E3 C1 C2 H1 V1 L1 I1 K1
mass1_ref = 30.000000006445028
mass2_ref = 30.000000002960594
minchirp = 26.11641690297776
maxchirp = 26.11661690297776
mincov = 143704652022.01318
maxcov = 14370465202201.318
