
[data]
trigger-time = 1478991397.2461228
injection-file = /work/shashwat.singh/Prospects-of-LGWs/unlens/injection.hdf

[global]
instruments = E1 E2 E3 C1 C2 H1 V1 L1 I1 K1
mass1_ref = 30.000000004158366
mass2_ref = 30.00000000664521
minchirp = 26.116416903586252
maxchirp = 26.11661690358625
mincov = 95887259872.38943
maxcov = 9588725987238.943
