
[data]
trigger-time = 1431457463.149559
injection-file = /work/shashwat.singh/Prospects-of-LGWs/unlens/injection.hdf

[global]
instruments = E1 E2 E3 C1 C2 H1 V1 L1 I1 K1
mass1_ref = 30.000000001892722
mass2_ref = 30.000000005709854
minchirp = 26.116416902192938
maxchirp = 26.116616902192938
mincov = 153848002035.90094
maxcov = 15384800203590.094
