
[data]
trigger-time = 1053681396.3864774
injection-file = /work/shashwat.singh/Prospects-of-LGWs/unlens/injection.hdf

[global]
instruments = E1 E2 E3 C1 C2 H1 V1 L1 I1 K1
mass1_ref = 30.000000009787808
mass2_ref = 30.0000000084581
minchirp = 26.11641690682572
maxchirp = 26.11661690682572
mincov = 132284627122.29019
maxcov = 13228462712229.02
