
[data]
trigger-time = 1202099609.1383648
injection-file = /work/shashwat.singh/Prospects-of-LGWs/unlens/injection.hdf

[global]
instruments = E1 E2 E3 C1 C2 H1 V1 L1 I1 K1
mass1_ref = 30.00000000070112
mass2_ref = 30.000000008748742
minchirp = 26.116416902997017
maxchirp = 26.116616902997016
mincov = 2580855.726488025
maxcov = 258085572.64880246
