
[data]
trigger-time = 1108802868.923911
injection-file = /work/shashwat.singh/Prospects-of-LGWs/unlens/injection.hdf

[global]
instruments = E1 E2 E3 C1 C2 H1 V1 L1 I1 K1
mass1_ref = 30.000000008587453
mass2_ref = 30.000000000472685
minchirp = 26.11641690282738
maxchirp = 26.116616902827378
mincov = 117969245678.77731
maxcov = 11796924567877.732
