
[data]
trigger-time = 1368623414.081668
injection-file = /work/shashwat.singh/Prospects-of-LGWs/unlens/injection.hdf

[global]
instruments = E1 E2 E3 C1 C2 H1 V1 L1 I1 K1
mass1_ref = 30.000000008065754
mass2_ref = 30.00000000662957
minchirp = 26.116416905280236
maxchirp = 26.116616905280235
mincov = 17621253923.407852
maxcov = 1762125392340.7852
