
[data]
trigger-time = 1199536174.2492316
injection-file = /work/shashwat.singh/Prospects-of-LGWs/unlens/injection.hdf

[global]
instruments = E1 E2 E3 C1 C2 H1 V1 L1 I1 K1
mass1_ref = 30.000000009792256
mass2_ref = 30.00000000801342
minchirp = 26.116416906634093
maxchirp = 26.116616906634093
mincov = 82896826385.61592
maxcov = 8289682638561.592
