
[data]
trigger-time = 1469066237.7571187
injection-file = /work/shashwat.singh/Prospects-of-LGWs/unlens/injection.hdf

[global]
instruments = E1 E2 E3 C1 C2 H1 V1 L1 I1 K1
mass1_ref = 30.000000003770747
mass2_ref = 30.000000000893653
minchirp = 26.11641690091402
maxchirp = 26.11661690091402
mincov = 5770128224.828019
maxcov = 577012822482.8019
