
[data]
trigger-time = 1976479379.2589412
injection-file = /work/shashwat.singh/Prospects-of-LGWs/unlens/injection.hdf

[global]
instruments = E1 E2 E3 C1 C2 H1 V1 L1 I1 K1
mass1_ref = 30.000000009294588
mass2_ref = 30.000000008791794
minchirp = 26.116416906756278
maxchirp = 26.116616906756278
mincov = 125238155140.17264
maxcov = 12523815514017.264
