
[data]
trigger-time = 1959091350.8402312
injection-file = /work/shashwat.singh/Prospects-of-LGWs/unlens/injection.hdf

[global]
instruments = E1 E2 E3 C1 C2 H1 V1 L1 I1 K1
mass1_ref = 30.00000000415135
mass2_ref = 30.000000002344514
minchirp = 26.116416901711215
maxchirp = 26.116616901711215
mincov = 137926156401.04175
maxcov = 13792615640104.176
