
[data]
trigger-time = 1719531597.647655
injection-file = /work/shashwat.singh/Prospects-of-LGWs/unlens/injection.hdf

[global]
instruments = E1 E2 E3 C1 C2 H1 V1 L1 I1 K1
mass1_ref = 30.00000000589643
mass2_ref = 30.00000000699936
minchirp = 26.11641690449694
maxchirp = 26.11661690449694
mincov = 86361554302.6655
maxcov = 8636155430266.549
