
[data]
trigger-time = 1830836937.9188294
injection-file = /work/shashwat.singh/Prospects-of-LGWs/unlens/injection.hdf

[global]
instruments = E1 E2 E3 C1 C2 H1 V1 L1 I1 K1
mass1_ref = 30.000000000478465
mass2_ref = 30.00000000115318
minchirp = 26.11641689959394
maxchirp = 26.11661689959394
mincov = 93968195803.5266
maxcov = 9396819580352.66
