
[data]
trigger-time = 1759685604.9684126
injection-file = /work/shashwat.singh/Prospects-of-LGWs/unlens/injection.hdf

[global]
instruments = E1 E2 E3 C1 C2 H1 V1 L1 I1 K1
mass1_ref = 30.000000000082785
mass2_ref = 30.00000000075356
minchirp = 26.116416899247763
maxchirp = 26.116616899247763
mincov = 72427752571.93423
maxcov = 7242775257193.424
