
[data]
trigger-time = 1071128468.6974494
injection-file = /work/shashwat.singh/Prospects-of-LGWs/unlens/injection.hdf

[global]
instruments = E1 E2 E3 C1 C2 H1 V1 L1 I1 K1
mass1_ref = 30.000000009978326
mass2_ref = 30.000000006386436
minchirp = 26.1164169060069
maxchirp = 26.1166169060069
mincov = 168816399808.91974
maxcov = 16881639980891.973
