
[data]
trigger-time = 1637883804.9646215
injection-file = /work/shashwat.singh/Prospects-of-LGWs/unlens/injection.hdf

[global]
instruments = E1 E2 E3 C1 C2 H1 V1 L1 I1 K1
mass1_ref = 30.000000001608257
mass2_ref = 30.000000003833204
minchirp = 26.116416901252258
maxchirp = 26.116616901252257
mincov = 102263478521.75395
maxcov = 10226347852175.395
