
[data]
trigger-time = 1232620606.8044136
injection-file = /work/shashwat.singh/Prospects-of-LGWs/unlens/injection.hdf

[global]
instruments = E1 E2 E3 C1 C2 H1 V1 L1 I1 K1
mass1_ref = 30.000000001014442
mass2_ref = 30.000000009916164
minchirp = 26.116416903641547
maxchirp = 26.116616903641546
mincov = 111292545929.68375
maxcov = 11129254592968.375
