
[data]
trigger-time = 1716950870.611403
injection-file = /work/shashwat.singh/Prospects-of-LGWs/unlens/injection.hdf

[global]
instruments = E1 E2 E3 C1 C2 H1 V1 L1 I1 K1
mass1_ref = 30.00000000431877
mass2_ref = 30.000000006451444
minchirp = 26.116416903571732
maxchirp = 26.11661690357173
mincov = 174125115747.78192
maxcov = 17412511574778.191
