
[data]
trigger-time = 1524901888.6414018
injection-file = /work/shashwat.singh/Prospects-of-LGWs/unlens/injection.hdf

[global]
instruments = E1 E2 E3 C1 C2 H1 V1 L1 I1 K1
mass1_ref = 30.00000000897071
mass2_ref = 30.00000000852723
minchirp = 26.116416906500145
maxchirp = 26.116616906500145
mincov = 21685402964.46788
maxcov = 2168540296446.788
