
[data]
trigger-time = 1009952575.7220271
injection-file = /work/shashwat.singh/Prospects-of-LGWs/unlens/injection.hdf

[global]
instruments = E1 E2 E3 C1 C2 H1 V1 L1 I1 K1
mass1_ref = 30.000000003523834
mass2_ref = 30.000000003021793
minchirp = 26.116416901732872
maxchirp = 26.116616901732872
mincov = 225830615.3852056
maxcov = 22583061538.52056
