
[data]
trigger-time = 1677768343.876136
injection-file = /work/shashwat.singh/Prospects-of-LGWs/unlens/injection.hdf

[global]
instruments = E1 E2 E3 C1 C2 H1 V1 L1 I1 K1
mass1_ref = 30.00000000621015
mass2_ref = 30.000000008975213
minchirp = 26.116416905493537
maxchirp = 26.116616905493537
mincov = 9513738159.200762
maxcov = 951373815920.0762
