
[data]
trigger-time = 1867101617.809041
injection-file = /work/shashwat.singh/Prospects-of-LGWs/unlens/injection.hdf

[global]
instruments = E1 E2 E3 C1 C2 H1 V1 L1 I1 K1
mass1_ref = 30.000000003784177
mass2_ref = 30.00000000928563
minchirp = 26.116416904572688
maxchirp = 26.116616904572687
mincov = 45455818814.01973
maxcov = 4545581881401.974
