
[data]
trigger-time = 1820384785.7717402
injection-file = /work/shashwat.singh/Prospects-of-LGWs/unlens/injection.hdf

[global]
instruments = E1 E2 E3 C1 C2 H1 V1 L1 I1 K1
mass1_ref = 30.0000000030609
mass2_ref = 30.00000000219242
minchirp = 26.116416901170364
maxchirp = 26.116616901170364
mincov = 63713779790.96732
maxcov = 6371377979096.732
