
[data]
trigger-time = 1548241411.393303
injection-file = /work/shashwat.singh/Prospects-of-LGWs/unlens/injection.hdf

[global]
instruments = E1 E2 E3 C1 C2 H1 V1 L1 I1 K1
mass1_ref = 30.00000000860098
mass2_ref = 30.00000000311969
minchirp = 26.116416903985442
maxchirp = 26.11661690398544
mincov = 12508170211.945599
maxcov = 1250817021194.5598
