
[data]
trigger-time = 1073007687.3027482
injection-file = /work/shashwat.singh/Prospects-of-LGWs/unlens/injection.hdf

[global]
instruments = E1 E2 E3 C1 C2 H1 V1 L1 I1 K1
mass1_ref = 30.000000008270447
mass2_ref = 30.000000009082886
minchirp = 26.116416906437202
maxchirp = 26.1166169064372
mincov = 130441001822.85742
maxcov = 13044100182285.742
