
[data]
trigger-time = 1765398853.0135036
injection-file = /work/shashwat.singh/Prospects-of-LGWs/unlens/injection.hdf

[global]
instruments = E1 E2 E3 C1 C2 H1 V1 L1 I1 K1
mass1_ref = 30.000000004983175
mass2_ref = 30.000000002418293
minchirp = 26.1164169021054
maxchirp = 26.1166169021054
mincov = 75279685197.59702
maxcov = 7527968519759.702
