
[data]
trigger-time = 1804665807.7978687
injection-file = /work/shashwat.singh/Prospects-of-LGWs/unlens/injection.hdf

[global]
instruments = E1 E2 E3 C1 C2 H1 V1 L1 I1 K1
mass1_ref = 30.0000000071808
mass2_ref = 30.000000004382876
minchirp = 26.116416903917106
maxchirp = 26.116616903917105
mincov = 7283383947.497459
maxcov = 728338394749.746
