
[data]
trigger-time = 1346335319.5985296
injection-file = /work/shashwat.singh/Prospects-of-LGWs/unlens/injection.hdf

[global]
instruments = E1 E2 E3 C1 C2 H1 V1 L1 I1 K1
mass1_ref = 30.000000007957077
mass2_ref = 30.0000000006984
minchirp = 26.11641690265124
maxchirp = 26.116616902651238
mincov = 80510658964.40408
maxcov = 8051065896440.408
