
[data]
trigger-time = 1648750704.6433868
injection-file = /work/shashwat.singh/Prospects-of-LGWs/unlens/injection.hdf

[global]
instruments = E1 E2 E3 C1 C2 H1 V1 L1 I1 K1
mass1_ref = 30.000000003736165
mass2_ref = 30.000000008796093
minchirp = 26.116416904338706
maxchirp = 26.116616904338706
mincov = 102539974956.22816
maxcov = 10253997495622.816
