
[data]
trigger-time = 1762053118.2911425
injection-file = /work/shashwat.singh/Prospects-of-LGWs/unlens/injection.hdf

[global]
instruments = E1 E2 E3 C1 C2 H1 V1 L1 I1 K1
mass1_ref = 30.000000008725426
mass2_ref = 30.000000002626678
minchirp = 26.116416903825016
maxchirp = 26.116616903825015
mincov = 158274169230.21967
maxcov = 15827416923021.969
