
[data]
trigger-time = 1871457104.239235
injection-file = /work/shashwat.singh/Prospects-of-LGWs/unlens/injection.hdf

[global]
instruments = E1 E2 E3 C1 C2 H1 V1 L1 I1 K1
mass1_ref = 30.00000000254422
mass2_ref = 30.000000005149694
minchirp = 26.116416902232693
maxchirp = 26.116616902232693
mincov = 126370239.70338395
maxcov = 12637023970.338394
