
[data]
trigger-time = 1123888694.6642864
injection-file = /work/shashwat.singh/Prospects-of-LGWs/unlens/injection.hdf

[global]
instruments = E1 E2 E3 C1 C2 H1 V1 L1 I1 K1
mass1_ref = 30.000000005855316
mass2_ref = 30.00000000971115
minchirp = 26.116416905659424
maxchirp = 26.116616905659424
mincov = 18983320720.882442
maxcov = 1898332072088.2444
