
[data]
trigger-time = 1997879436.2995024
injection-file = /work/shashwat.singh/Prospects-of-LGWs/unlens/injection.hdf

[global]
instruments = E1 E2 E3 C1 C2 H1 V1 L1 I1 K1
mass1_ref = 30.00000000142181
mass2_ref = 30.000000006463242
minchirp = 26.116416902315894
maxchirp = 26.116616902315894
mincov = 166165312581.149
maxcov = 16616531258114.898
