
[data]
trigger-time = 1438203837.3708296
injection-file = /work/shashwat.singh/Prospects-of-LGWs/unlens/injection.hdf

[global]
instruments = E1 E2 E3 C1 C2 H1 V1 L1 I1 K1
mass1_ref = 30.000000001396828
mass2_ref = 30.000000000498822
minchirp = 26.116416899708852
maxchirp = 26.116616899708852
mincov = 120606222667.3814
maxcov = 12060622266738.14
