
[data]
trigger-time = 1507379158.6386466
injection-file = /work/shashwat.singh/Prospects-of-LGWs/unlens/injection.hdf

[global]
instruments = E1 E2 E3 C1 C2 H1 V1 L1 I1 K1
mass1_ref = 30.0000000037827
mass2_ref = 30.000000005553467
minchirp = 26.116416902947524
maxchirp = 26.116616902947523
mincov = 70459480720.21498
maxcov = 7045948072021.498
