
[data]
trigger-time = 1244568593.9163215
injection-file = /work/shashwat.singh/Prospects-of-LGWs/unlens/injection.hdf

[global]
instruments = E1 E2 E3 C1 C2 H1 V1 L1 I1 K1
mass1_ref = 30.0000000093595
mass2_ref = 30.000000004379153
minchirp = 26.116416904863822
maxchirp = 26.11661690486382
mincov = 12048230679.618916
maxcov = 1204823067961.8916
