
[data]
trigger-time = 1432294176.5557358
injection-file = /work/shashwat.singh/Prospects-of-LGWs/unlens/injection.hdf

[global]
instruments = E1 E2 E3 C1 C2 H1 V1 L1 I1 K1
mass1_ref = 30.000000007394725
mass2_ref = 30.000000005385253
minchirp = 26.11641690444653
maxchirp = 26.11661690444653
mincov = 130182834209.84213
maxcov = 13018283420984.215
