
[data]
trigger-time = 1003478407.511608
injection-file = /work/shashwat.singh/Prospects-of-LGWs/unlens/injection.hdf

[global]
instruments = E1 E2 E3 C1 C2 H1 V1 L1 I1 K1
mass1_ref = 30.000000001012825
mass2_ref = 30.000000004714995
minchirp = 26.1164169013769
maxchirp = 26.1166169013769
mincov = 167539689741.54013
maxcov = 16753968974154.014
