
[data]
trigger-time = 1582348153.1685147
injection-file = /work/shashwat.singh/Prospects-of-LGWs/unlens/injection.hdf

[global]
instruments = E1 E2 E3 C1 C2 H1 V1 L1 I1 K1
mass1_ref = 30.0000000061203
mass2_ref = 30.000000008954533
minchirp = 26.116416905445426
maxchirp = 26.116616905445426
mincov = 113708926198.30313
maxcov = 11370892619830.312
