
[data]
trigger-time = 1363258488.5277276
injection-file = /work/shashwat.singh/Prospects-of-LGWs/unlens/injection.hdf

[global]
instruments = E1 E2 E3 C1 C2 H1 V1 L1 I1 K1
mass1_ref = 30.000000006734044
mass2_ref = 30.000000006726175
minchirp = 26.116416904742625
maxchirp = 26.116616904742624
mincov = 147590241008.56403
maxcov = 14759024100856.402
