
[data]
trigger-time = 1307112975.5660074
injection-file = /work/shashwat.singh/Prospects-of-LGWs/unlens/injection.hdf

[global]
instruments = E1 E2 E3 C1 C2 H1 V1 L1 I1 K1
mass1_ref = 30.000000000748834
mass2_ref = 30.00000000081953
minchirp = 26.116416899566396
maxchirp = 26.116616899566395
mincov = 63410725342.01912
maxcov = 6341072534201.912
