
[data]
trigger-time = 1424868915.8401961
injection-file = /work/shashwat.singh/Prospects-of-LGWs/unlens/injection.hdf

[global]
instruments = E1 E2 E3 C1 C2 H1 V1 L1 I1 K1
mass1_ref = 30.000000005459928
mass2_ref = 30.000000006696677
minchirp = 26.116416904175193
maxchirp = 26.116616904175192
mincov = 83249243551.73764
maxcov = 8324924355173.765
