
[data]
trigger-time = 1707432141.5165849
injection-file = /work/shashwat.singh/Prospects-of-LGWs/unlens/injection.hdf

[global]
instruments = E1 E2 E3 C1 C2 H1 V1 L1 I1 K1
mass1_ref = 30.000000008426333
mass2_ref = 30.000000005866728
minchirp = 26.11641690510514
maxchirp = 26.11661690510514
mincov = 40712745912.91839
maxcov = 4071274591291.839
