
[data]
trigger-time = 1093563841.2588873
injection-file = /work/shashwat.singh/Prospects-of-LGWs/unlens/injection.hdf

[global]
instruments = E1 E2 E3 C1 C2 H1 V1 L1 I1 K1
mass1_ref = 30.00000000747707
mass2_ref = 30.00000000190174
minchirp = 26.116416902966087
maxchirp = 26.116616902966086
mincov = 132693323956.5489
maxcov = 13269332395654.89
