
[data]
trigger-time = 1280872180.6245835
injection-file = /work/shashwat.singh/Prospects-of-LGWs/unlens/injection.hdf

[global]
instruments = E1 E2 E3 C1 C2 H1 V1 L1 I1 K1
mass1_ref = 30.000000002332822
mass2_ref = 30.00000000434803
minchirp = 26.116416901791737
maxchirp = 26.116616901791737
mincov = 3242279451.014703
maxcov = 324227945101.4703
