
[data]
trigger-time = 1260454799.0163019
injection-file = /work/shashwat.singh/Prospects-of-LGWs/unlens/injection.hdf

[global]
instruments = E1 E2 E3 C1 C2 H1 V1 L1 I1 K1
mass1_ref = 30.000000007264703
mass2_ref = 30.00000000203106
minchirp = 26.11641690292994
maxchirp = 26.11661690292994
mincov = 50012340809.397545
maxcov = 5001234080939.755
