
[data]
trigger-time = 1173344006.6327155
injection-file = /work/shashwat.singh/Prospects-of-LGWs/unlens/injection.hdf

[global]
instruments = E1 E2 E3 C1 C2 H1 V1 L1 I1 K1
mass1_ref = 30.000000004055046
mass2_ref = 30.00000000477568
minchirp = 26.11641690272752
maxchirp = 26.116616902727518
mincov = 170140902330.27438
maxcov = 17014090233027.44
