
[data]
trigger-time = 1048096524.461547
injection-file = /work/shashwat.singh/Prospects-of-LGWs/unlens/injection.hdf

[global]
instruments = E1 E2 E3 C1 C2 H1 V1 L1 I1 K1
mass1_ref = 30.000000002002206
mass2_ref = 30.000000004718252
minchirp = 26.11641690180897
maxchirp = 26.11661690180897
mincov = 324379642.10671467
maxcov = 32437964210.671467
