
[data]
trigger-time = 1972275358.5053077
injection-file = /work/shashwat.singh/Prospects-of-LGWs/unlens/injection.hdf

[global]
instruments = E1 E2 E3 C1 C2 H1 V1 L1 I1 K1
mass1_ref = 30.000000007727927
mass2_ref = 30.00000000625998
minchirp = 26.116416904972315
maxchirp = 26.116616904972314
mincov = 156737813121.3368
maxcov = 15673781312133.68
