
[data]
trigger-time = 1725024091.0464954
injection-file = /work/shashwat.singh/Prospects-of-LGWs/unlens/injection.hdf

[global]
instruments = E1 E2 E3 C1 C2 H1 V1 L1 I1 K1
mass1_ref = 30.00000000816618
mass2_ref = 30.00000000323995
minchirp = 26.11641690384853
maxchirp = 26.11661690384853
mincov = 128109894447.71732
maxcov = 12810989444771.73
