
[data]
trigger-time = 1051553968.4259202
injection-file = /work/shashwat.singh/Prospects-of-LGWs/unlens/injection.hdf

[global]
instruments = E1 E2 E3 C1 C2 H1 V1 L1 I1 K1
mass1_ref = 30.000000008982752
mass2_ref = 30.000000009165888
minchirp = 26.11641690678338
maxchirp = 26.116616906783378
mincov = 151794219027.8648
maxcov = 15179421902786.48
