
[data]
trigger-time = 1980290690.6045156
injection-file = /work/shashwat.singh/Prospects-of-LGWs/unlens/injection.hdf

[global]
instruments = E1 E2 E3 C1 C2 H1 V1 L1 I1 K1
mass1_ref = 30.0000000064068
mass2_ref = 30.000000006074064
minchirp = 26.11641690431634
maxchirp = 26.116616904316338
mincov = 85069522160.45644
maxcov = 8506952216045.644
