
[data]
trigger-time = 1978616692.1231613
injection-file = /work/shashwat.singh/Prospects-of-LGWs/unlens/injection.hdf

[global]
instruments = E1 E2 E3 C1 C2 H1 V1 L1 I1 K1
mass1_ref = 30.00000000247635
mass2_ref = 30.00000000904149
minchirp = 26.116416903897154
maxchirp = 26.116616903897153
mincov = 141517553564.40106
maxcov = 14151755356440.105
