
[data]
trigger-time = 1169234722.912549
injection-file = /work/shashwat.singh/Prospects-of-LGWs/unlens/injection.hdf

[global]
instruments = E1 E2 E3 C1 C2 H1 V1 L1 I1 K1
mass1_ref = 30.00000000123154
mass2_ref = 30.00000000935679
minchirp = 26.116416903492564
maxchirp = 26.116616903492563
mincov = 11514598292.295652
maxcov = 1151459829229.5652
