
[data]
trigger-time = 1541005175.0016398
injection-file = /work/shashwat.singh/Prospects-of-LGWs/unlens/injection.hdf

[global]
instruments = E1 E2 E3 C1 C2 H1 V1 L1 I1 K1
mass1_ref = 30.000000000398686
mass2_ref = 30.0000000042058
minchirp = 26.116416900887945
maxchirp = 26.116616900887944
mincov = 2303405692.554965
maxcov = 230340569255.4965
