
[data]
trigger-time = 1731144208.5706456
injection-file = /work/shashwat.singh/Prospects-of-LGWs/unlens/injection.hdf

[global]
instruments = E1 E2 E3 C1 C2 H1 V1 L1 I1 K1
mass1_ref = 30.00000000998853
mass2_ref = 30.000000000044743
minchirp = 26.11641690325096
maxchirp = 26.11661690325096
mincov = 152041101802.72076
maxcov = 15204110180272.078
