
[data]
trigger-time = 1800715637.310988
injection-file = /work/shashwat.singh/Prospects-of-LGWs/unlens/injection.hdf

[global]
instruments = E1 E2 E3 C1 C2 H1 V1 L1 I1 K1
mass1_ref = 30.00000000929612
mass2_ref = 30.000000002597634
minchirp = 26.11641690406078
maxchirp = 26.11661690406078
mincov = 118738758582.64291
maxcov = 11873875858264.293
