
[data]
trigger-time = 1175680640.8746939
injection-file = /work/shashwat.singh/Prospects-of-LGWs/unlens/injection.hdf

[global]
instruments = E1 E2 E3 C1 C2 H1 V1 L1 I1 K1
mass1_ref = 30.000000009497032
mass2_ref = 30.000000009155116
minchirp = 26.116416907002545
maxchirp = 26.116616907002545
mincov = 141260172214.86127
maxcov = 14126017221486.129
