
[data]
trigger-time = 1891360573.1300147
injection-file = /work/shashwat.singh/Prospects-of-LGWs/unlens/injection.hdf

[global]
instruments = E1 E2 E3 C1 C2 H1 V1 L1 I1 K1
mass1_ref = 30.000000002172133
mass2_ref = 30.00000000382178
minchirp = 26.116416901492727
maxchirp = 26.116616901492726
mincov = 165097630242.0061
maxcov = 16509763024200.61
