
[data]
trigger-time = 1235490048.0502923
injection-file = /work/shashwat.singh/Prospects-of-LGWs/unlens/injection.hdf

[global]
instruments = E1 E2 E3 C1 C2 H1 V1 L1 I1 K1
mass1_ref = 30.000000009114547
mass2_ref = 30.000000009309673
minchirp = 26.116416906903332
maxchirp = 26.11661690690333
mincov = 5580917130.111149
maxcov = 558091713011.1149
