
[data]
trigger-time = 1595603510.1987755
injection-file = /work/shashwat.singh/Prospects-of-LGWs/unlens/injection.hdf

[global]
instruments = E1 E2 E3 C1 C2 H1 V1 L1 I1 K1
mass1_ref = 30.00000000668444
mass2_ref = 30.00000000442941
minchirp = 26.11641690372131
maxchirp = 26.116616903721308
mincov = 166665902903.5536
maxcov = 16666590290355.36
