
[data]
trigger-time = 1571150004.2865896
injection-file = /work/shashwat.singh/Prospects-of-LGWs/unlens/injection.hdf

[global]
instruments = E1 E2 E3 C1 C2 H1 V1 L1 I1 K1
mass1_ref = 30.000000009803976
mass2_ref = 30.0000000093064
minchirp = 26.116416907202
maxchirp = 26.116616907202
mincov = 62399629651.340836
maxcov = 6239962965134.083
