
[data]
trigger-time = 1941493850.8375902
injection-file = /work/shashwat.singh/Prospects-of-LGWs/unlens/injection.hdf

[global]
instruments = E1 E2 E3 C1 C2 H1 V1 L1 I1 K1
mass1_ref = 30.000000003403407
mass2_ref = 30.00000000303825
minchirp = 26.116416901687618
maxchirp = 26.116616901687618
mincov = 66459051786.22709
maxcov = 6645905178622.709
