
[data]
trigger-time = 1915508037.4251585
injection-file = /work/shashwat.singh/Prospects-of-LGWs/unlens/injection.hdf

[global]
instruments = E1 E2 E3 C1 C2 H1 V1 L1 I1 K1
mass1_ref = 30.000000009666557
mass2_ref = 30.000000003171873
minchirp = 26.116416904471976
maxchirp = 26.116616904471975
mincov = 75832696049.61823
maxcov = 7583269604961.822
