
[data]
trigger-time = 1802119702.67307
injection-file = /work/shashwat.singh/Prospects-of-LGWs/unlens/injection.hdf

[global]
instruments = E1 E2 E3 C1 C2 H1 V1 L1 I1 K1
mass1_ref = 30.000000006025147
mass2_ref = 30.000000007197343
minchirp = 26.11641690463915
maxchirp = 26.116616904639148
mincov = 147768167924.8183
maxcov = 14776816792481.828
