
[data]
trigger-time = 1492482401.6417506
injection-file = /work/shashwat.singh/Prospects-of-LGWs/unlens/injection.hdf

[global]
instruments = E1 E2 E3 C1 C2 H1 V1 L1 I1 K1
mass1_ref = 30.000000007939768
mass2_ref = 30.0000000076619
minchirp = 26.116416905674747
maxchirp = 26.116616905674746
mincov = 157651897089.4307
maxcov = 15765189708943.068
