
[data]
trigger-time = 1949822285.726167
injection-file = /work/shashwat.singh/Prospects-of-LGWs/unlens/injection.hdf

[global]
instruments = E1 E2 E3 C1 C2 H1 V1 L1 I1 K1
mass1_ref = 30.000000000162682
mass2_ref = 30.00000000779939
minchirp = 26.116416902349417
maxchirp = 26.116616902349417
mincov = 19412596094.516357
maxcov = 1941259609451.6357
