
[data]
trigger-time = 1139738574.1910398
injection-file = /work/shashwat.singh/Prospects-of-LGWs/unlens/injection.hdf

[global]
instruments = E1 E2 E3 C1 C2 H1 V1 L1 I1 K1
mass1_ref = 30.00000000701614
mass2_ref = 30.000000007720175
minchirp = 26.116416905298077
maxchirp = 26.116616905298077
mincov = 17455927049.14392
maxcov = 1745592704914.392
