
[data]
trigger-time = 1482203687.992036
injection-file = /work/shashwat.singh/Prospects-of-LGWs/unlens/injection.hdf

[global]
instruments = E1 E2 E3 C1 C2 H1 V1 L1 I1 K1
mass1_ref = 30.000000001246516
mass2_ref = 30.000000005747847
minchirp = 26.116416901928197
maxchirp = 26.116616901928197
mincov = 170391514101.18365
maxcov = 17039151410118.367
