
[data]
trigger-time = 1555802672.915729
injection-file = /work/shashwat.singh/Prospects-of-LGWs/unlens/injection.hdf

[global]
instruments = E1 E2 E3 C1 C2 H1 V1 L1 I1 K1
mass1_ref = 30.000000009245056
mass2_ref = 30.000000000812857
minchirp = 26.116416903261687
maxchirp = 26.116616903261686
mincov = 114883150838.06035
maxcov = 11488315083806.035
