
[data]
trigger-time = 1304241665.7135184
injection-file = /work/shashwat.singh/Prospects-of-LGWs/unlens/injection.hdf

[global]
instruments = E1 E2 E3 C1 C2 H1 V1 L1 I1 K1
mass1_ref = 30.000000008733767
mass2_ref = 30.000000004191637
minchirp = 26.116416904509833
maxchirp = 26.116616904509833
mincov = 125816119362.54451
maxcov = 12581611936254.451
