
[data]
trigger-time = 1439309459.093749
injection-file = /work/shashwat.singh/Prospects-of-LGWs/unlens/injection.hdf

[global]
instruments = E1 E2 E3 C1 C2 H1 V1 L1 I1 K1
mass1_ref = 30.000000007335174
mass2_ref = 30.000000003026425
minchirp = 26.116416903393873
maxchirp = 26.116616903393872
mincov = 106304826194.6644
maxcov = 10630482619466.44
