
[data]
trigger-time = 1811864485.8705146
injection-file = /work/shashwat.singh/Prospects-of-LGWs/unlens/injection.hdf

[global]
instruments = E1 E2 E3 C1 C2 H1 V1 L1 I1 K1
mass1_ref = 30.000000007116935
mass2_ref = 30.000000002323688
minchirp = 26.116416902992995
maxchirp = 26.116616902992995
mincov = 72816714660.44713
maxcov = 7281671466044.713
