
[data]
trigger-time = 1791109929.8495903
injection-file = /work/shashwat.singh/Prospects-of-LGWs/unlens/injection.hdf

[global]
instruments = E1 E2 E3 C1 C2 H1 V1 L1 I1 K1
mass1_ref = 30.000000008195485
mass2_ref = 30.000000006891213
minchirp = 26.116416905450592
maxchirp = 26.11661690545059
mincov = 168657385053.12433
maxcov = 16865738505312.432
