
[data]
trigger-time = 1837722610.2049413
injection-file = /work/shashwat.singh/Prospects-of-LGWs/unlens/injection.hdf

[global]
instruments = E1 E2 E3 C1 C2 H1 V1 L1 I1 K1
mass1_ref = 30.00000000415299
mass2_ref = 30.00000000037319
minchirp = 26.11641690085386
maxchirp = 26.11661690085386
mincov = 85872378959.47144
maxcov = 8587237895947.144
