
[data]
trigger-time = 1239243162.8805685
injection-file = /work/shashwat.singh/Prospects-of-LGWs/unlens/injection.hdf

[global]
instruments = E1 E2 E3 C1 C2 H1 V1 L1 I1 K1
mass1_ref = 30.000000007504106
mass2_ref = 30.000000001251408
minchirp = 26.116416902694784
maxchirp = 26.116616902694783
mincov = 167380157843.26462
maxcov = 16738015784326.463
