
[data]
trigger-time = 1216244882.6014473
injection-file = /work/shashwat.singh/Prospects-of-LGWs/unlens/injection.hdf

[global]
instruments = E1 E2 E3 C1 C2 H1 V1 L1 I1 K1
mass1_ref = 30.0000000029023
mass2_ref = 30.00000000651283
minchirp = 26.116416902981896
maxchirp = 26.116616902981896
mincov = 6661095876.178202
maxcov = 666109587617.8202
