
[data]
trigger-time = 1312799224.0459154
injection-file = /work/shashwat.singh/Prospects-of-LGWs/unlens/injection.hdf

[global]
instruments = E1 E2 E3 C1 C2 H1 V1 L1 I1 K1
mass1_ref = 30.0000000066477
mass2_ref = 30.000000005278594
minchirp = 26.116416904074942
maxchirp = 26.11661690407494
mincov = 126269918908.35571
maxcov = 12626991890835.57
