
[data]
trigger-time = 1321149569.2255478
injection-file = /work/shashwat.singh/Prospects-of-LGWs/unlens/injection.hdf

[global]
instruments = E1 E2 E3 C1 C2 H1 V1 L1 I1 K1
mass1_ref = 30.00000000904295
mass2_ref = 30.00000000766367
minchirp = 26.116416906155703
maxchirp = 26.116616906155702
mincov = 96791834766.94934
maxcov = 9679183476694.934
