
[data]
trigger-time = 1825829004.2745428
injection-file = /work/shashwat.singh/Prospects-of-LGWs/unlens/injection.hdf

[global]
instruments = E1 E2 E3 C1 C2 H1 V1 L1 I1 K1
mass1_ref = 30.000000005806633
mass2_ref = 30.000000002556806
minchirp = 26.116416902524126
maxchirp = 26.116616902524125
mincov = 31100120502.883026
maxcov = 3110012050288.3027
