
[data]
trigger-time = 1225871440.8279705
injection-file = /work/shashwat.singh/Prospects-of-LGWs/unlens/injection.hdf

[global]
instruments = E1 E2 E3 C1 C2 H1 V1 L1 I1 K1
mass1_ref = 30.00000000417224
mass2_ref = 30.000000002922675
minchirp = 26.116416901971967
maxchirp = 26.116616901971966
mincov = 149143224734.66467
maxcov = 14914322473466.467
