
[data]
trigger-time = 1540589217.0751965
injection-file = /work/shashwat.singh/Prospects-of-LGWs/unlens/injection.hdf

[global]
instruments = E1 E2 E3 C1 C2 H1 V1 L1 I1 K1
mass1_ref = 30.00000000067357
mass2_ref = 30.00000000869804
minchirp = 26.116416902962953
maxchirp = 26.116616902962953
mincov = 95924022576.15424
maxcov = 9592402257615.424
