
[data]
trigger-time = 1757738622.83983
injection-file = /work/shashwat.singh/Prospects-of-LGWs/unlens/injection.hdf

[global]
instruments = E1 E2 E3 C1 C2 H1 V1 L1 I1 K1
mass1_ref = 30.000000004890286
mass2_ref = 30.000000003432366
minchirp = 26.11641690250637
maxchirp = 26.11661690250637
mincov = 101528283344.92863
maxcov = 10152828334492.863
