
[data]
trigger-time = 1478770947.2016726
injection-file = /work/shashwat.singh/Prospects-of-LGWs/unlens/injection.hdf

[global]
instruments = E1 E2 E3 C1 C2 H1 V1 L1 I1 K1
mass1_ref = 30.000000003486317
mass2_ref = 30.00000000082582
minchirp = 26.116416900760694
maxchirp = 26.116616900760693
mincov = 46682965756.67398
maxcov = 4668296575667.398
