
[data]
trigger-time = 1527331311.5386395
injection-file = /work/shashwat.singh/Prospects-of-LGWs/unlens/injection.hdf

[global]
instruments = E1 E2 E3 C1 C2 H1 V1 L1 I1 K1
mass1_ref = 30.00000000994849
mass2_ref = 30.000000006764644
minchirp = 26.116416906158538
maxchirp = 26.116616906158537
mincov = 107704439995.3191
maxcov = 10770443999531.91
