
[data]
trigger-time = 1390437925.875945
injection-file = /work/shashwat.singh/Prospects-of-LGWs/unlens/injection.hdf

[global]
instruments = E1 E2 E3 C1 C2 H1 V1 L1 I1 K1
mass1_ref = 30.000000007711883
mass2_ref = 30.000000001991946
minchirp = 26.11641690310756
maxchirp = 26.11661690310756
mincov = 1272237262.5627494
maxcov = 127223726256.27493
