
[data]
trigger-time = 1939014149.8747365
injection-file = /work/shashwat.singh/Prospects-of-LGWs/unlens/injection.hdf

[global]
instruments = E1 E2 E3 C1 C2 H1 V1 L1 I1 K1
mass1_ref = 30.000000001201492
mass2_ref = 30.000000002003045
minchirp = 26.116416900278583
maxchirp = 26.116616900278583
mincov = 133011215675.66216
maxcov = 13301121567566.215
