
[data]
trigger-time = 1804069237.0265446
injection-file = /work/shashwat.singh/Prospects-of-LGWs/unlens/injection.hdf

[global]
instruments = E1 E2 E3 C1 C2 H1 V1 L1 I1 K1
mass1_ref = 30.000000009376233
mass2_ref = 30.000000004171
minchirp = 26.1164169047805
maxchirp = 26.1166169047805
mincov = 153797798062.97192
maxcov = 15379779806297.191
