
[data]
trigger-time = 1841612041.4639266
injection-file = /work/shashwat.singh/Prospects-of-LGWs/unlens/injection.hdf

[global]
instruments = E1 E2 E3 C1 C2 H1 V1 L1 I1 K1
mass1_ref = 30.0000000090115
mass2_ref = 30.00000000458898
minchirp = 26.11641690480368
maxchirp = 26.116616904803678
mincov = 173461432732.82025
maxcov = 17346143273282.027
