
[data]
trigger-time = 1138740431.9571357
injection-file = /work/shashwat.singh/Prospects-of-LGWs/unlens/injection.hdf

[global]
instruments = E1 E2 E3 C1 C2 H1 V1 L1 I1 K1
mass1_ref = 30.000000007909915
mass2_ref = 30.0000000081585
minchirp = 26.116416905877905
maxchirp = 26.116616905877905
mincov = 141205126003.3893
maxcov = 14120512600338.93
