
[data]
trigger-time = 1472124331.158411
injection-file = /work/shashwat.singh/Prospects-of-LGWs/unlens/injection.hdf

[global]
instruments = E1 E2 E3 C1 C2 H1 V1 L1 I1 K1
mass1_ref = 30.000000001654158
mass2_ref = 30.000000007064305
minchirp = 26.116416902678658
maxchirp = 26.116616902678658
mincov = 127954774652.2823
maxcov = 12795477465228.23
