
[data]
trigger-time = 1196603887.0219064
injection-file = /work/shashwat.singh/Prospects-of-LGWs/unlens/injection.hdf

[global]
instruments = E1 E2 E3 C1 C2 H1 V1 L1 I1 K1
mass1_ref = 30.000000004218236
mass2_ref = 30.000000008078672
minchirp = 26.116416904236264
maxchirp = 26.116616904236263
mincov = 136892655505.44832
maxcov = 13689265550544.832
