
[data]
trigger-time = 1804379032.0907686
injection-file = /work/shashwat.singh/Prospects-of-LGWs/unlens/injection.hdf

[global]
instruments = E1 E2 E3 C1 C2 H1 V1 L1 I1 K1
mass1_ref = 30.000000001227463
mass2_ref = 30.000000004783644
minchirp = 26.11641690150021
maxchirp = 26.11661690150021
mincov = 157369559092.28366
maxcov = 15736955909228.367
