
[data]
trigger-time = 1572042545.2108955
injection-file = /work/shashwat.singh/Prospects-of-LGWs/unlens/injection.hdf

[global]
instruments = E1 E2 E3 C1 C2 H1 V1 L1 I1 K1
mass1_ref = 30.000000000953786
mass2_ref = 30.00000000876827
minchirp = 26.116416903115496
maxchirp = 26.116616903115496
mincov = 178936435572.01993
maxcov = 17893643557201.992
