
[data]
trigger-time = 1877901959.8312263
injection-file = /work/shashwat.singh/Prospects-of-LGWs/unlens/injection.hdf

[global]
instruments = E1 E2 E3 C1 C2 H1 V1 L1 I1 K1
mass1_ref = 30.00000000507918
mass2_ref = 30.000000008702436
minchirp = 26.11641690488252
maxchirp = 26.11661690488252
mincov = 79924343590.26065
maxcov = 7992434359026.064
