
[data]
trigger-time = 1812817242.3605087
injection-file = /work/shashwat.singh/Prospects-of-LGWs/unlens/injection.hdf

[global]
instruments = E1 E2 E3 C1 C2 H1 V1 L1 I1 K1
mass1_ref = 30.00000000711541
mass2_ref = 30.00000000304699
minchirp = 26.116416903307165
maxchirp = 26.116616903307165
mincov = 40889168722.33284
maxcov = 4088916872233.284
