
[data]
trigger-time = 1373106129.8285227
injection-file = /work/shashwat.singh/Prospects-of-LGWs/unlens/injection.hdf

[global]
instruments = E1 E2 E3 C1 C2 H1 V1 L1 I1 K1
mass1_ref = 30.000000008215597
mass2_ref = 30.000000008448552
minchirp = 26.116416906137218
maxchirp = 26.116616906137217
mincov = 140207410870.1198
maxcov = 14020741087011.98
