
[data]
trigger-time = 1586263255.334045
injection-file = /work/shashwat.singh/Prospects-of-LGWs/unlens/injection.hdf

[global]
instruments = E1 E2 E3 C1 C2 H1 V1 L1 I1 K1
mass1_ref = 30.000000008857253
mass2_ref = 30.000000001093866
minchirp = 26.116416903215203
maxchirp = 26.116616903215203
mincov = 21858459154.48774
maxcov = 2185845915448.774
