
[data]
trigger-time = 1654218080.2768707
injection-file = /work/shashwat.singh/Prospects-of-LGWs/unlens/injection.hdf

[global]
instruments = E1 E2 E3 C1 C2 H1 V1 L1 I1 K1
mass1_ref = 30.000000002449205
mass2_ref = 30.000000005380965
minchirp = 26.116416902292006
maxchirp = 26.116616902292005
mincov = 17505531185.6735
maxcov = 1750553118567.3499
