
[data]
trigger-time = 1373449969.25062
injection-file = /work/shashwat.singh/Prospects-of-LGWs/unlens/injection.hdf

[global]
instruments = E1 E2 E3 C1 C2 H1 V1 L1 I1 K1
mass1_ref = 30.00000000557405
mass2_ref = 30.000000009065943
minchirp = 26.116416905256152
maxchirp = 26.11661690525615
mincov = 117124808016.17221
maxcov = 11712480801617.223
