
[data]
trigger-time = 1125500868.5096543
injection-file = /work/shashwat.singh/Prospects-of-LGWs/unlens/injection.hdf

[global]
instruments = E1 E2 E3 C1 C2 H1 V1 L1 I1 K1
mass1_ref = 30.000000007845284
mass2_ref = 30.00000000209324
minchirp = 26.116416903209718
maxchirp = 26.116616903209717
mincov = 92174485631.93042
maxcov = 9217448563193.043
