
[data]
trigger-time = 1470412801.127099
injection-file = /work/shashwat.singh/Prospects-of-LGWs/unlens/injection.hdf

[global]
instruments = E1 E2 E3 C1 C2 H1 V1 L1 I1 K1
mass1_ref = 30.00000000819042
mass2_ref = 30.000000007838835
minchirp = 26.116416905860863
maxchirp = 26.116616905860862
mincov = 80895104938.64948
maxcov = 8089510493864.947
