
[data]
trigger-time = 1017009563.0956504
injection-file = /work/shashwat.singh/Prospects-of-LGWs/unlens/injection.hdf

[global]
instruments = E1 E2 E3 C1 C2 H1 V1 L1 I1 K1
mass1_ref = 30.00000000453224
mass2_ref = 30.000000009853988
minchirp = 26.116416905145694
maxchirp = 26.116616905145694
mincov = 16810289129.969482
maxcov = 1681028912996.9482
