
[data]
trigger-time = 1606786196.3131757
injection-file = /work/shashwat.singh/Prospects-of-LGWs/unlens/injection.hdf

[global]
instruments = E1 E2 E3 C1 C2 H1 V1 L1 I1 K1
mass1_ref = 30.00000000418611
mass2_ref = 30.00000000344677
minchirp = 26.11641690220613
maxchirp = 26.11661690220613
mincov = 116610905324.03854
maxcov = 11661090532403.855
