
[data]
trigger-time = 1987955985.3469515
injection-file = /work/shashwat.singh/Prospects-of-LGWs/unlens/injection.hdf

[global]
instruments = E1 E2 E3 C1 C2 H1 V1 L1 I1 K1
mass1_ref = 30.000000002061586
mass2_ref = 30.000000005126275
minchirp = 26.116416902012425
maxchirp = 26.116616902012424
mincov = 177079600732.69357
maxcov = 17707960073269.36
