
[data]
trigger-time = 1568085400.7883902
injection-file = /work/shashwat.singh/Prospects-of-LGWs/unlens/injection.hdf

[global]
instruments = E1 E2 E3 C1 C2 H1 V1 L1 I1 K1
mass1_ref = 30.00000000561599
mass2_ref = 30.00000000664673
minchirp = 26.116416904221385
maxchirp = 26.116616904221384
mincov = 157050865167.76788
maxcov = 15705086516776.79
