
[data]
trigger-time = 1713988691.2357845
injection-file = /work/shashwat.singh/Prospects-of-LGWs/unlens/injection.hdf

[global]
instruments = E1 E2 E3 C1 C2 H1 V1 L1 I1 K1
mass1_ref = 30.000000008389904
mass2_ref = 30.000000002741267
minchirp = 26.116416903728847
maxchirp = 26.116616903728847
mincov = 128862057746.97437
maxcov = 12886205774697.438
