
[data]
trigger-time = 1075998669.7662835
injection-file = /work/shashwat.singh/Prospects-of-LGWs/unlens/injection.hdf

[global]
instruments = E1 E2 E3 C1 C2 H1 V1 L1 I1 K1
mass1_ref = 30.000000002010314
mass2_ref = 30.000000003922153
minchirp = 26.116416901465982
maxchirp = 26.11661690146598
mincov = 29777274039.9854
maxcov = 2977727403998.54
