
[data]
trigger-time = 1083315459.7340364
injection-file = /work/shashwat.singh/Prospects-of-LGWs/unlens/injection.hdf

[global]
instruments = E1 E2 E3 C1 C2 H1 V1 L1 I1 K1
mass1_ref = 30.00000000137896
mass2_ref = 30.000000006422326
minchirp = 26.116416902279433
maxchirp = 26.116616902279432
mincov = 165210857847.05322
maxcov = 16521085784705.322
