
[data]
trigger-time = 1057159557.2530236
injection-file = /work/shashwat.singh/Prospects-of-LGWs/unlens/injection.hdf

[global]
instruments = E1 E2 E3 C1 C2 H1 V1 L1 I1 K1
mass1_ref = 30.000000000854758
mass2_ref = 30.000000005664983
minchirp = 26.116416901721607
maxchirp = 26.116616901721606
mincov = 79709732843.8011
maxcov = 7970973284380.109
