
[data]
trigger-time = 1208269294.4247172
injection-file = /work/shashwat.singh/Prospects-of-LGWs/unlens/injection.hdf

[global]
instruments = E1 E2 E3 C1 C2 H1 V1 L1 I1 K1
mass1_ref = 30.000000000387196
mass2_ref = 30.00000000085115
minchirp = 26.116416899422745
maxchirp = 26.116616899422745
mincov = 151196924678.59717
maxcov = 15119692467859.717
