
[data]
trigger-time = 1869474442.6808443
injection-file = /work/shashwat.singh/Prospects-of-LGWs/unlens/injection.hdf

[global]
instruments = E1 E2 E3 C1 C2 H1 V1 L1 I1 K1
mass1_ref = 30.000000008948014
mass2_ref = 30.000000005433673
minchirp = 26.11641690514372
maxchirp = 26.11661690514372
mincov = 153217075115.27524
maxcov = 15321707511527.523
