
[data]
trigger-time = 1170516923.4570172
injection-file = /work/shashwat.singh/Prospects-of-LGWs/unlens/injection.hdf

[global]
instruments = E1 E2 E3 C1 C2 H1 V1 L1 I1 K1
mass1_ref = 30.000000005290666
mass2_ref = 30.000000007259946
minchirp = 26.116416904346696
maxchirp = 26.116616904346696
mincov = 95747385749.93307
maxcov = 9574738574993.307
