
[data]
trigger-time = 1902243826.5137897
injection-file = /work/shashwat.singh/Prospects-of-LGWs/unlens/injection.hdf

[global]
instruments = E1 E2 E3 C1 C2 H1 V1 L1 I1 K1
mass1_ref = 30.00000000584016
mass2_ref = 30.000000003985384
minchirp = 26.11641690316054
maxchirp = 26.11661690316054
mincov = 46690677021.71501
maxcov = 4669067702171.501
