
[data]
trigger-time = 1914850866.5904284
injection-file = /work/shashwat.singh/Prospects-of-LGWs/unlens/injection.hdf

[global]
instruments = E1 E2 E3 C1 C2 H1 V1 L1 I1 K1
mass1_ref = 30.000000005687237
mass2_ref = 30.00000000318563
minchirp = 26.116416902745865
maxchirp = 26.116616902745864
mincov = 90297425818.35309
maxcov = 9029742581835.309
