
[data]
trigger-time = 1959101078.8647146
injection-file = /work/shashwat.singh/Prospects-of-LGWs/unlens/injection.hdf

[global]
instruments = E1 E2 E3 C1 C2 H1 V1 L1 I1 K1
mass1_ref = 30.000000001190525
mass2_ref = 30.000000004118764
minchirp = 26.116416901194725
maxchirp = 26.116616901194725
mincov = 3412161265.353837
maxcov = 341216126535.38367
