
[data]
trigger-time = 1910946642.4897761
injection-file = /work/shashwat.singh/Prospects-of-LGWs/unlens/injection.hdf

[global]
instruments = E1 E2 E3 C1 C2 H1 V1 L1 I1 K1
mass1_ref = 30.000000006540724
mass2_ref = 30.000000001846143
minchirp = 26.116416902534322
maxchirp = 26.11661690253432
mincov = 85327338231.78671
maxcov = 8532733823178.671
