
[data]
trigger-time = 1780325874.1362786
injection-file = /work/shashwat.singh/Prospects-of-LGWs/unlens/injection.hdf

[global]
instruments = E1 E2 E3 C1 C2 H1 V1 L1 I1 K1
mass1_ref = 30.00000000456952
mass2_ref = 30.000000006770183
minchirp = 26.11641690381962
maxchirp = 26.11661690381962
mincov = 45535632987.900795
maxcov = 4553563298790.079
