
[data]
trigger-time = 1233067721.268508
injection-file = /work/shashwat.singh/Prospects-of-LGWs/unlens/injection.hdf

[global]
instruments = E1 E2 E3 C1 C2 H1 V1 L1 I1 K1
mass1_ref = 30.000000002463594
mass2_ref = 30.000000005904663
minchirp = 26.116416902526222
maxchirp = 26.11661690252622
mincov = 143925582155.5833
maxcov = 14392558215558.332
