
[data]
trigger-time = 1657325999.2889209
injection-file = /work/shashwat.singh/Prospects-of-LGWs/unlens/injection.hdf

[global]
instruments = E1 E2 E3 C1 C2 H1 V1 L1 I1 K1
mass1_ref = 30.000000006461345
mass2_ref = 30.00000000103705
minchirp = 26.11641690214759
maxchirp = 26.11661690214759
mincov = 124204053490.5745
maxcov = 12420405349057.45
