
[data]
trigger-time = 1663862137.9311213
injection-file = /work/shashwat.singh/Prospects-of-LGWs/unlens/injection.hdf

[global]
instruments = E1 E2 E3 C1 C2 H1 V1 L1 I1 K1
mass1_ref = 30.000000008204374
mass2_ref = 30.000000008459093
minchirp = 26.11641690613692
maxchirp = 26.11661690613692
mincov = 151940910309.7871
maxcov = 15194091030978.71
