
[data]
trigger-time = 1099377655.9665344
injection-file = /work/shashwat.singh/Prospects-of-LGWs/unlens/injection.hdf

[global]
instruments = E1 E2 E3 C1 C2 H1 V1 L1 I1 K1
mass1_ref = 30.00000000282894
mass2_ref = 30.000000009374116
minchirp = 26.116416904195415
maxchirp = 26.116616904195414
mincov = 178027283921.383
maxcov = 17802728392138.297
