
[data]
trigger-time = 1274714588.0553167
injection-file = /work/shashwat.singh/Prospects-of-LGWs/unlens/injection.hdf

[global]
instruments = E1 E2 E3 C1 C2 H1 V1 L1 I1 K1
mass1_ref = 30.000000004130573
mass2_ref = 30.000000003467022
minchirp = 26.11641690219077
maxchirp = 26.11661690219077
mincov = 130255679801.49641
maxcov = 13025567980149.64
