
[data]
trigger-time = 1793640306.9011254
injection-file = /work/shashwat.singh/Prospects-of-LGWs/unlens/injection.hdf

[global]
instruments = E1 E2 E3 C1 C2 H1 V1 L1 I1 K1
mass1_ref = 30.000000009809824
mass2_ref = 30.000000008376755
minchirp = 26.116416906799895
maxchirp = 26.116616906799894
mincov = 80955368896.64684
maxcov = 8095536889664.684
