
[data]
trigger-time = 1048173987.5549074
injection-file = /work/shashwat.singh/Prospects-of-LGWs/unlens/injection.hdf

[global]
instruments = E1 E2 E3 C1 C2 H1 V1 L1 I1 K1
mass1_ref = 30.00000000699287
mass2_ref = 30.000000005065036
minchirp = 26.116416904132233
maxchirp = 26.116616904132233
mincov = 81199445478.1962
maxcov = 8119944547819.62
