
[data]
trigger-time = 1841584699.908181
injection-file = /work/shashwat.singh/Prospects-of-LGWs/unlens/injection.hdf

[global]
instruments = E1 E2 E3 C1 C2 H1 V1 L1 I1 K1
mass1_ref = 30.00000000256958
mass2_ref = 30.00000000601045
minchirp = 26.1164169026184
maxchirp = 26.1166169026184
mincov = 108326809570.16806
maxcov = 10832680957016.805
