
[data]
trigger-time = 1836479517.663809
injection-file = /work/shashwat.singh/Prospects-of-LGWs/unlens/injection.hdf

[global]
instruments = E1 E2 E3 C1 C2 H1 V1 L1 I1 K1
mass1_ref = 30.000000008988838
mass2_ref = 30.00000000959946
minchirp = 26.116416906974752
maxchirp = 26.116616906974752
mincov = 141896623991.47443
maxcov = 14189662399147.441
