
[data]
trigger-time = 1003093712.4187812
injection-file = /work/shashwat.singh/Prospects-of-LGWs/unlens/injection.hdf

[global]
instruments = E1 E2 E3 C1 C2 H1 V1 L1 I1 K1
mass1_ref = 30.000000004353783
mass2_ref = 30.000000007947847
minchirp = 26.116416904238317
maxchirp = 26.116616904238317
mincov = 168422263501.0198
maxcov = 16842226350101.98
