
[data]
trigger-time = 1626744659.4559588
injection-file = /work/shashwat.singh/Prospects-of-LGWs/unlens/injection.hdf

[global]
instruments = E1 E2 E3 C1 C2 H1 V1 L1 I1 K1
mass1_ref = 30.000000000308248
mass2_ref = 30.00000000938885
minchirp = 26.116416903104632
maxchirp = 26.11661690310463
mincov = 143319787449.50226
maxcov = 14331978744950.225
