
[data]
trigger-time = 1025775608.0417181
injection-file = /work/shashwat.singh/Prospects-of-LGWs/unlens/injection.hdf

[global]
instruments = E1 E2 E3 C1 C2 H1 V1 L1 I1 K1
mass1_ref = 30.000000006751154
mass2_ref = 30.000000000710024
minchirp = 26.11641690213139
maxchirp = 26.11661690213139
mincov = 33204850032.22414
maxcov = 3320485003222.414
