
[data]
trigger-time = 1396144695.193263
injection-file = /work/shashwat.singh/Prospects-of-LGWs/unlens/injection.hdf

[global]
instruments = E1 E2 E3 C1 C2 H1 V1 L1 I1 K1
mass1_ref = 30.00000000602055
mass2_ref = 30.000000005623228
minchirp = 26.116416903951972
maxchirp = 26.11661690395197
mincov = 135030043888.32764
maxcov = 13503004388832.764
