
[data]
trigger-time = 1794347337.9574344
injection-file = /work/shashwat.singh/Prospects-of-LGWs/unlens/injection.hdf

[global]
instruments = E1 E2 E3 C1 C2 H1 V1 L1 I1 K1
mass1_ref = 30.000000006249696
mass2_ref = 30.000000007144106
minchirp = 26.116416904713716
maxchirp = 26.116616904713716
mincov = 175491203472.50067
maxcov = 17549120347250.066
