
[data]
trigger-time = 1768933788.553958
injection-file = /work/shashwat.singh/Prospects-of-LGWs/unlens/injection.hdf

[global]
instruments = E1 E2 E3 C1 C2 H1 V1 L1 I1 K1
mass1_ref = 30.000000003776627
mass2_ref = 30.000000004431957
minchirp = 26.11641690245672
maxchirp = 26.11661690245672
mincov = 22276930948.229225
maxcov = 2227693094822.9224
