
[data]
trigger-time = 1420429525.8760214
injection-file = /work/shashwat.singh/Prospects-of-LGWs/unlens/injection.hdf

[global]
instruments = E1 E2 E3 C1 C2 H1 V1 L1 I1 K1
mass1_ref = 30.00000000982609
mass2_ref = 30.00000000066606
minchirp = 26.1164169034507
maxchirp = 26.116616903450698
mincov = 11579187612.438444
maxcov = 1157918761243.8445
