
[data]
trigger-time = 1064149276.7973369
injection-file = /work/shashwat.singh/Prospects-of-LGWs/unlens/injection.hdf

[global]
instruments = E1 E2 E3 C1 C2 H1 V1 L1 I1 K1
mass1_ref = 30.000000003452953
mass2_ref = 30.000000007300375
minchirp = 26.11641690356438
maxchirp = 26.11661690356438
mincov = 159577343755.94824
maxcov = 15957734375594.824
