
[data]
trigger-time = 1433184197.3253853
injection-file = /work/shashwat.singh/Prospects-of-LGWs/unlens/injection.hdf

[global]
instruments = E1 E2 E3 C1 C2 H1 V1 L1 I1 K1
mass1_ref = 30.000000004326083
mass2_ref = 30.000000006740276
minchirp = 26.11641690370064
maxchirp = 26.11661690370064
mincov = 35445830490.23744
maxcov = 3544583049023.7446
