
[data]
trigger-time = 1932814578.0737352
injection-file = /work/shashwat.singh/Prospects-of-LGWs/unlens/injection.hdf

[global]
instruments = E1 E2 E3 C1 C2 H1 V1 L1 I1 K1
mass1_ref = 30.000000002104976
mass2_ref = 30.000000003766267
minchirp = 26.11641690143933
maxchirp = 26.11661690143933
mincov = 149126859802.1568
maxcov = 14912685980215.682
