
[data]
trigger-time = 1482339363.9087605
injection-file = /work/shashwat.singh/Prospects-of-LGWs/unlens/injection.hdf

[global]
instruments = E1 E2 E3 C1 C2 H1 V1 L1 I1 K1
mass1_ref = 30.000000008265854
mass2_ref = 30.00000000480169
minchirp = 26.116416904571704
maxchirp = 26.116616904571703
mincov = 173845796481.90594
maxcov = 17384579648190.594
