
[data]
trigger-time = 1164426909.8086267
injection-file = /work/shashwat.singh/Prospects-of-LGWs/unlens/injection.hdf

[global]
instruments = E1 E2 E3 C1 C2 H1 V1 L1 I1 K1
mass1_ref = 30.00000000946593
mass2_ref = 30.000000005735753
minchirp = 26.116416905500643
maxchirp = 26.116616905500642
mincov = 14223784791.30304
maxcov = 1422378479130.304
