
[data]
trigger-time = 1931290400.9898033
injection-file = /work/shashwat.singh/Prospects-of-LGWs/unlens/injection.hdf

[global]
instruments = E1 E2 E3 C1 C2 H1 V1 L1 I1 K1
mass1_ref = 30.000000006073613
mass2_ref = 30.000000008235123
minchirp = 26.116416905111965
maxchirp = 26.116616905111965
mincov = 79440544241.0854
maxcov = 7944054424108.54
