
[data]
trigger-time = 1662587184.838882
injection-file = /work/shashwat.singh/Prospects-of-LGWs/unlens/injection.hdf

[global]
instruments = E1 E2 E3 C1 C2 H1 V1 L1 I1 K1
mass1_ref = 30.000000003106784
mass2_ref = 30.00000000771585
minchirp = 26.11641690359455
maxchirp = 26.11661690359455
mincov = 177877488656.1892
maxcov = 17787748865618.92
