
[data]
trigger-time = 1841782574.637198
injection-file = /work/shashwat.singh/Prospects-of-LGWs/unlens/injection.hdf

[global]
instruments = E1 E2 E3 C1 C2 H1 V1 L1 I1 K1
mass1_ref = 30.000000009985953
mass2_ref = 30.000000005249557
minchirp = 26.116416905515365
maxchirp = 26.116616905515365
mincov = 58214086899.915085
maxcov = 5821408689991.509
