
[data]
trigger-time = 1215501110.5735083
injection-file = /work/shashwat.singh/Prospects-of-LGWs/unlens/injection.hdf

[global]
instruments = E1 E2 E3 C1 C2 H1 V1 L1 I1 K1
mass1_ref = 30.000000006794853
mass2_ref = 30.000000004647266
minchirp = 26.116416903864195
maxchirp = 26.116616903864195
mincov = 64089541239.093185
maxcov = 6408954123909.318
