
[data]
trigger-time = 1151601186.940286
injection-file = /work/shashwat.singh/Prospects-of-LGWs/unlens/injection.hdf

[global]
instruments = E1 E2 E3 C1 C2 H1 V1 L1 I1 K1
mass1_ref = 30.0000000088718
mass2_ref = 30.000000003111836
minchirp = 26.116416904099903
maxchirp = 26.116616904099903
mincov = 3429198715.8328543
maxcov = 342919871583.28546
