
[data]
trigger-time = 1565383537.3738015
injection-file = /work/shashwat.singh/Prospects-of-LGWs/unlens/injection.hdf

[global]
instruments = E1 E2 E3 C1 C2 H1 V1 L1 I1 K1
mass1_ref = 30.000000008326413
mass2_ref = 30.000000000178574
minchirp = 26.116416902585737
maxchirp = 26.116616902585736
mincov = 76407926102.95593
maxcov = 7640792610295.594
