
[data]
trigger-time = 1891946594.4806852
injection-file = /work/shashwat.singh/Prospects-of-LGWs/unlens/injection.hdf

[global]
instruments = E1 E2 E3 C1 C2 H1 V1 L1 I1 K1
mass1_ref = 30.00000000312339
mass2_ref = 30.00000000219477
minchirp = 26.11641690119859
maxchirp = 26.11661690119859
mincov = 111461122002.5125
maxcov = 11146112200251.25
