
[data]
trigger-time = 1108595430.211809
injection-file = /work/shashwat.singh/Prospects-of-LGWs/unlens/injection.hdf

[global]
instruments = E1 E2 E3 C1 C2 H1 V1 L1 I1 K1
mass1_ref = 30.000000003567976
mass2_ref = 30.000000009758402
minchirp = 26.116416904684367
maxchirp = 26.116616904684367
mincov = 48395269684.93031
maxcov = 4839526968493.031
