
[data]
trigger-time = 1304857076.0208333
injection-file = /work/shashwat.singh/Prospects-of-LGWs/unlens/injection.hdf

[global]
instruments = E1 E2 E3 C1 C2 H1 V1 L1 I1 K1
mass1_ref = 30.000000009553627
mass2_ref = 30.000000000704595
minchirp = 26.116416903348874
maxchirp = 26.116616903348874
mincov = 102129848596.47812
maxcov = 10212984859647.81
