
[data]
trigger-time = 1093478082.6302009
injection-file = /work/shashwat.singh/Prospects-of-LGWs/unlens/injection.hdf

[global]
instruments = E1 E2 E3 C1 C2 H1 V1 L1 I1 K1
mass1_ref = 30.000000005239748
mass2_ref = 30.00000000647076
minchirp = 26.11641690398102
maxchirp = 26.11661690398102
mincov = 112620910250.46506
maxcov = 11262091025046.506
