
[data]
trigger-time = 1198158874.6286535
injection-file = /work/shashwat.singh/Prospects-of-LGWs/unlens/injection.hdf

[global]
instruments = E1 E2 E3 C1 C2 H1 V1 L1 I1 K1
mass1_ref = 30.000000004713876
mass2_ref = 30.000000004628074
minchirp = 26.116416902950046
maxchirp = 26.116616902950046
mincov = 140806449145.41376
maxcov = 14080644914541.375
