
[data]
trigger-time = 1928715421.0991566
injection-file = /work/shashwat.singh/Prospects-of-LGWs/unlens/injection.hdf

[global]
instruments = E1 E2 E3 C1 C2 H1 V1 L1 I1 K1
mass1_ref = 30.00000000459295
mass2_ref = 30.00000000301542
minchirp = 26.11641690219546
maxchirp = 26.11661690219546
mincov = 145162256219.6594
maxcov = 14516225621965.94
