
[data]
trigger-time = 1973776176.5793695
injection-file = /work/shashwat.singh/Prospects-of-LGWs/unlens/injection.hdf

[global]
instruments = E1 E2 E3 C1 C2 H1 V1 L1 I1 K1
mass1_ref = 30.00000000040062
mass2_ref = 30.000000002766647
minchirp = 26.116416900262358
maxchirp = 26.116616900262358
mincov = 49434471799.09621
maxcov = 4943447179909.621
