
[data]
trigger-time = 1120215814.019253
injection-file = /work/shashwat.singh/Prospects-of-LGWs/unlens/injection.hdf

[global]
instruments = E1 E2 E3 C1 C2 H1 V1 L1 I1 K1
mass1_ref = 30.00000000040999
mass2_ref = 30.000000007119812
minchirp = 26.116416902161262
maxchirp = 26.11661690216126
mincov = 99169069007.09079
maxcov = 9916906900709.08
