
[data]
trigger-time = 1376370396.6156445
injection-file = /work/shashwat.singh/Prospects-of-LGWs/unlens/injection.hdf

[global]
instruments = E1 E2 E3 C1 C2 H1 V1 L1 I1 K1
mass1_ref = 30.000000007158253
mass2_ref = 30.000000006314256
minchirp = 26.116416904747975
maxchirp = 26.116616904747975
mincov = 56025805779.62038
maxcov = 5602580577962.037
