
[data]
trigger-time = 1986787696.1192555
injection-file = /work/shashwat.singh/Prospects-of-LGWs/unlens/injection.hdf

[global]
instruments = E1 E2 E3 C1 C2 H1 V1 L1 I1 K1
mass1_ref = 30.000000000807816
mass2_ref = 30.000000001061547
minchirp = 26.116416899697413
maxchirp = 26.116616899697412
mincov = 25804349030.32464
maxcov = 2580434903032.464
