
[data]
trigger-time = 1872635698.8640099
injection-file = /work/shashwat.singh/Prospects-of-LGWs/unlens/injection.hdf

[global]
instruments = E1 E2 E3 C1 C2 H1 V1 L1 I1 K1
mass1_ref = 30.000000004570172
mass2_ref = 30.000000007730925
minchirp = 26.11641690423809
maxchirp = 26.11661690423809
mincov = 69797482237.35953
maxcov = 6979748223735.953
