
[data]
trigger-time = 1313573929.7094939
injection-file = /work/shashwat.singh/Prospects-of-LGWs/unlens/injection.hdf

[global]
instruments = E1 E2 E3 C1 C2 H1 V1 L1 I1 K1
mass1_ref = 30.00000000729722
mass2_ref = 30.000000007918835
minchirp = 26.1164169055069
maxchirp = 26.1166169055069
mincov = 143379952875.30542
maxcov = 14337995287530.543
