
[data]
trigger-time = 1088177459.4679532
injection-file = /work/shashwat.singh/Prospects-of-LGWs/unlens/injection.hdf

[global]
instruments = E1 E2 E3 C1 C2 H1 V1 L1 I1 K1
mass1_ref = 30.000000004023267
mass2_ref = 30.000000000542805
minchirp = 26.116416900871222
maxchirp = 26.11661690087122
mincov = 111571211088.741
maxcov = 11157121108874.1
