
[data]
trigger-time = 1843928594.8011303
injection-file = /work/shashwat.singh/Prospects-of-LGWs/unlens/injection.hdf

[global]
instruments = E1 E2 E3 C1 C2 H1 V1 L1 I1 K1
mass1_ref = 30.000000006140528
mass2_ref = 30.00000000961291
minchirp = 26.11641690574081
maxchirp = 26.11661690574081
mincov = 3920100995.5263605
maxcov = 392010099552.63605
