
[data]
trigger-time = 1453503547.2341137
injection-file = /work/shashwat.singh/Prospects-of-LGWs/unlens/injection.hdf

[global]
instruments = E1 E2 E3 C1 C2 H1 V1 L1 I1 K1
mass1_ref = 30.000000005918192
mass2_ref = 30.000000009956942
minchirp = 26.11641690579378
maxchirp = 26.11661690579378
mincov = 17154585028.949345
maxcov = 1715458502894.9343
