
[data]
trigger-time = 1352877869.0301485
injection-file = /work/shashwat.singh/Prospects-of-LGWs/unlens/injection.hdf

[global]
instruments = E1 E2 E3 C1 C2 H1 V1 L1 I1 K1
mass1_ref = 30.000000001458453
mass2_ref = 30.000000003403308
minchirp = 26.11641690099993
maxchirp = 26.11661690099993
mincov = 103149782446.97171
maxcov = 10314978244697.172
