
[data]
trigger-time = 1752460068.6971216
injection-file = /work/shashwat.singh/Prospects-of-LGWs/unlens/injection.hdf

[global]
instruments = E1 E2 E3 C1 C2 H1 V1 L1 I1 K1
mass1_ref = 30.000000009590167
mass2_ref = 30.000000005408474
minchirp = 26.11641690541226
maxchirp = 26.11661690541226
mincov = 56024805396.573975
maxcov = 5602480539657.397
