
[data]
trigger-time = 1924366956.5671918
injection-file = /work/shashwat.singh/Prospects-of-LGWs/unlens/injection.hdf

[global]
instruments = E1 E2 E3 C1 C2 H1 V1 L1 I1 K1
mass1_ref = 30.00000000644006
mass2_ref = 30.000000001828017
minchirp = 26.116416902482612
maxchirp = 26.116616902482612
mincov = 102792655615.3874
maxcov = 10279265561538.74
