
[data]
trigger-time = 1451462052.4189534
injection-file = /work/shashwat.singh/Prospects-of-LGWs/unlens/injection.hdf

[global]
instruments = E1 E2 E3 C1 C2 H1 V1 L1 I1 K1
mass1_ref = 30.000000005372875
mass2_ref = 30.000000009275116
minchirp = 26.116416905259634
maxchirp = 26.116616905259633
mincov = 54000559994.28557
maxcov = 5400055999428.557
