
[data]
trigger-time = 1981610473.0776854
injection-file = /work/shashwat.singh/Prospects-of-LGWs/unlens/injection.hdf

[global]
instruments = E1 E2 E3 C1 C2 H1 V1 L1 I1 K1
mass1_ref = 30.000000000733678
mass2_ref = 30.000000007475574
minchirp = 26.11641690245701
maxchirp = 26.11661690245701
mincov = 116120512814.95976
maxcov = 11612051281495.977
