
[data]
trigger-time = 1720135569.8249164
injection-file = /work/shashwat.singh/Prospects-of-LGWs/unlens/injection.hdf

[global]
instruments = E1 E2 E3 C1 C2 H1 V1 L1 I1 K1
mass1_ref = 30.000000008730087
mass2_ref = 30.000000008214297
minchirp = 26.116416906259197
maxchirp = 26.116616906259196
mincov = 141514514752.1913
maxcov = 14151451475219.13
