
[data]
trigger-time = 1019205192.3927021
injection-file = /work/shashwat.singh/Prospects-of-LGWs/unlens/injection.hdf

[global]
instruments = E1 E2 E3 C1 C2 H1 V1 L1 I1 K1
mass1_ref = 30.00000000603545
mass2_ref = 30.000000003555744
minchirp = 26.116416903058536
maxchirp = 26.116616903058535
mincov = 64989056292.75842
maxcov = 6498905629275.842
