
[data]
trigger-time = 1148289215.0033207
injection-file = /work/shashwat.singh/Prospects-of-LGWs/unlens/injection.hdf

[global]
instruments = E1 E2 E3 C1 C2 H1 V1 L1 I1 K1
mass1_ref = 30.00000000796543
mass2_ref = 30.000000000036046
minchirp = 26.11641690236657
maxchirp = 26.11661690236657
mincov = 99489143163.96902
maxcov = 9948914316396.902
