
[data]
trigger-time = 1338374409.519427
injection-file = /work/shashwat.singh/Prospects-of-LGWs/unlens/injection.hdf

[global]
instruments = E1 E2 E3 C1 C2 H1 V1 L1 I1 K1
mass1_ref = 30.000000005712543
mass2_ref = 30.00000000487059
minchirp = 26.1164169034903
maxchirp = 26.1166169034903
mincov = 4717936873.167391
maxcov = 471793687316.73914
