
[data]
trigger-time = 1622767072.1419287
injection-file = /work/shashwat.singh/Prospects-of-LGWs/unlens/injection.hdf

[global]
instruments = E1 E2 E3 C1 C2 H1 V1 L1 I1 K1
mass1_ref = 30.000000006321518
mass2_ref = 30.000000009155016
minchirp = 26.116416905620277
maxchirp = 26.116616905620276
mincov = 156626905841.10312
maxcov = 15662690584110.312
