
[data]
trigger-time = 1007519253.973447
injection-file = /work/shashwat.singh/Prospects-of-LGWs/unlens/injection.hdf

[global]
instruments = E1 E2 E3 C1 C2 H1 V1 L1 I1 K1
mass1_ref = 30.00000000545716
mass2_ref = 30.00000000200118
minchirp = 26.116416902130155
maxchirp = 26.116616902130154
mincov = 60205347623.65996
maxcov = 6020534762365.996
