
[data]
trigger-time = 1320721639.194379
injection-file = /work/shashwat.singh/Prospects-of-LGWs/unlens/injection.hdf

[global]
instruments = E1 E2 E3 C1 C2 H1 V1 L1 I1 K1
mass1_ref = 30.00000000735626
mass2_ref = 30.00000000126922
minchirp = 26.116416902638186
maxchirp = 26.116616902638185
mincov = 623355864.8139956
maxcov = 62335586481.39955
