
[data]
trigger-time = 1362985912.0187232
injection-file = /work/shashwat.singh/Prospects-of-LGWs/unlens/injection.hdf

[global]
instruments = E1 E2 E3 C1 C2 H1 V1 L1 I1 K1
mass1_ref = 30.000000008271073
mass2_ref = 30.000000001397616
minchirp = 26.116416903092265
maxchirp = 26.116616903092265
mincov = 137038808818.90202
maxcov = 13703880881890.203
