
[data]
trigger-time = 1376417647.2286072
injection-file = /work/shashwat.singh/Prospects-of-LGWs/unlens/injection.hdf

[global]
instruments = E1 E2 E3 C1 C2 H1 V1 L1 I1 K1
mass1_ref = 30.00000000360575
mass2_ref = 30.000000007402562
minchirp = 26.11641690367537
maxchirp = 26.116616903675368
mincov = 29893812365.905712
maxcov = 2989381236590.5713
