
[data]
trigger-time = 1465541328.6955822
injection-file = /work/shashwat.singh/Prospects-of-LGWs/unlens/injection.hdf

[global]
instruments = E1 E2 E3 C1 C2 H1 V1 L1 I1 K1
mass1_ref = 30.000000006234682
mass2_ref = 30.000000002489763
minchirp = 26.116416902681262
maxchirp = 26.116616902681262
mincov = 78965024505.84988
maxcov = 7896502450584.989
