
[data]
trigger-time = 1848741339.4158394
injection-file = /work/shashwat.singh/Prospects-of-LGWs/unlens/injection.hdf

[global]
instruments = E1 E2 E3 C1 C2 H1 V1 L1 I1 K1
mass1_ref = 30.000000007228593
mass2_ref = 30.000000000758014
minchirp = 26.116416902360097
maxchirp = 26.116616902360096
mincov = 43243169913.96552
maxcov = 4324316991396.5522
