
[data]
trigger-time = 1031259030.2402518
injection-file = /work/shashwat.singh/Prospects-of-LGWs/unlens/injection.hdf

[global]
instruments = E1 E2 E3 C1 C2 H1 V1 L1 I1 K1
mass1_ref = 30.00000000868567
mass2_ref = 30.00000000401057
minchirp = 26.116416904410084
maxchirp = 26.116616904410083
mincov = 104655451370.13358
maxcov = 10465545137013.357
