
[data]
trigger-time = 1122381675.7386935
injection-file = /work/shashwat.singh/Prospects-of-LGWs/unlens/injection.hdf

[global]
instruments = E1 E2 E3 C1 C2 H1 V1 L1 I1 K1
mass1_ref = 30.0000000061818
mass2_ref = 30.000000003966942
minchirp = 26.116416903301218
maxchirp = 26.116616903301217
mincov = 82161983778.98622
maxcov = 8216198377898.622
