
[data]
trigger-time = 1176005081.620825
injection-file = /work/shashwat.singh/Prospects-of-LGWs/unlens/injection.hdf

[global]
instruments = E1 E2 E3 C1 C2 H1 V1 L1 I1 K1
mass1_ref = 30.000000007382578
mass2_ref = 30.000000007151595
minchirp = 26.11641690521009
maxchirp = 26.11661690521009
mincov = 15471998350.501648
maxcov = 1547199835050.1648
