
[data]
trigger-time = 1132866356.4587345
injection-file = /work/shashwat.singh/Prospects-of-LGWs/unlens/injection.hdf

[global]
instruments = E1 E2 E3 C1 C2 H1 V1 L1 I1 K1
mass1_ref = 30.000000002394156
mass2_ref = 30.000000008707612
minchirp = 26.11641690371605
maxchirp = 26.11661690371605
mincov = 83835561661.61655
maxcov = 8383556166161.655
