
[data]
trigger-time = 1110191619.1716404
injection-file = /work/shashwat.singh/Prospects-of-LGWs/unlens/injection.hdf

[global]
instruments = E1 E2 E3 C1 C2 H1 V1 L1 I1 K1
mass1_ref = 30.000000000852484
mass2_ref = 30.00000000623529
minchirp = 26.116416901968858
maxchirp = 26.116616901968857
mincov = 105275968009.96123
maxcov = 10527596800996.123
