
[data]
trigger-time = 1055776605.2537014
injection-file = /work/shashwat.singh/Prospects-of-LGWs/unlens/injection.hdf

[global]
instruments = E1 E2 E3 C1 C2 H1 V1 L1 I1 K1
mass1_ref = 30.00000000340852
mass2_ref = 30.00000000566751
minchirp = 26.116416902834295
maxchirp = 26.116616902834295
mincov = 130749133490.85857
maxcov = 13074913349085.857
