
[data]
trigger-time = 1070803294.9803153
injection-file = /work/shashwat.singh/Prospects-of-LGWs/unlens/injection.hdf

[global]
instruments = E1 E2 E3 C1 C2 H1 V1 L1 I1 K1
mass1_ref = 30.00000000871437
mass2_ref = 30.000000004609184
minchirp = 26.11641690468314
maxchirp = 26.116616904683138
mincov = 3289318193.5415854
maxcov = 328931819354.15857
