
[data]
trigger-time = 1257069553.316078
injection-file = /work/shashwat.singh/Prospects-of-LGWs/unlens/injection.hdf

[global]
instruments = E1 E2 E3 C1 C2 H1 V1 L1 I1 K1
mass1_ref = 30.000000002680324
mass2_ref = 30.000000009680562
minchirp = 26.116416904264113
maxchirp = 26.116616904264113
mincov = 29687754228.709534
maxcov = 2968775422870.953
