
[data]
trigger-time = 1797376658.3386211
injection-file = /work/shashwat.singh/Prospects-of-LGWs/unlens/injection.hdf

[global]
instruments = E1 E2 E3 C1 C2 H1 V1 L1 I1 K1
mass1_ref = 30.000000003717748
mass2_ref = 30.000000006309623
minchirp = 26.11641690324839
maxchirp = 26.11661690324839
mincov = 104931130298.78769
maxcov = 10493113029878.77
