
[data]
trigger-time = 1402197167.2685337
injection-file = /work/shashwat.singh/Prospects-of-LGWs/unlens/injection.hdf

[global]
instruments = E1 E2 E3 C1 C2 H1 V1 L1 I1 K1
mass1_ref = 30.000000001487006
mass2_ref = 30.000000003927145
minchirp = 26.11641690124037
maxchirp = 26.11661690124037
mincov = 60399114160.778114
maxcov = 6039911416077.812
