
[data]
trigger-time = 1784723435.224503
injection-file = /work/shashwat.singh/Prospects-of-LGWs/unlens/injection.hdf

[global]
instruments = E1 E2 E3 C1 C2 H1 V1 L1 I1 K1
mass1_ref = 30.000000002528864
mass2_ref = 30.000000008014162
minchirp = 26.116416903472842
maxchirp = 26.116616903472842
mincov = 173831814960.68234
maxcov = 17383181496068.234
