
[data]
trigger-time = 1255238195.1950827
injection-file = /work/shashwat.singh/Prospects-of-LGWs/unlens/injection.hdf

[global]
instruments = E1 E2 E3 C1 C2 H1 V1 L1 I1 K1
mass1_ref = 30.000000004971763
mass2_ref = 30.00000000079662
minchirp = 26.116416901394558
maxchirp = 26.116616901394558
mincov = 120190698536.58293
maxcov = 12019069853658.293
