
[data]
trigger-time = 1355995276.0619624
injection-file = /work/shashwat.singh/Prospects-of-LGWs/unlens/injection.hdf

[global]
instruments = E1 E2 E3 C1 C2 H1 V1 L1 I1 K1
mass1_ref = 30.00000000720273
mass2_ref = 30.0000000011496
minchirp = 26.116416902519287
maxchirp = 26.116616902519286
mincov = 44632794648.18416
maxcov = 4463279464818.416
