
[data]
trigger-time = 1082544193.8372352
injection-file = /work/shashwat.singh/Prospects-of-LGWs/unlens/injection.hdf

[global]
instruments = E1 E2 E3 C1 C2 H1 V1 L1 I1 K1
mass1_ref = 30.000000007956764
mass2_ref = 30.000000004733018
minchirp = 26.116416904407274
maxchirp = 26.116616904407273
mincov = 140285309883.37805
maxcov = 14028530988337.805
