
[data]
trigger-time = 1657357237.1185336
injection-file = /work/shashwat.singh/Prospects-of-LGWs/unlens/injection.hdf

[global]
instruments = E1 E2 E3 C1 C2 H1 V1 L1 I1 K1
mass1_ref = 30.000000008817135
mass2_ref = 30.000000005623328
minchirp = 26.116416905169302
maxchirp = 26.116616905169302
mincov = 105622002322.29794
maxcov = 10562200232229.793
