
[data]
trigger-time = 1969626785.6796772
injection-file = /work/shashwat.singh/Prospects-of-LGWs/unlens/injection.hdf

[global]
instruments = E1 E2 E3 C1 C2 H1 V1 L1 I1 K1
mass1_ref = 30.00000000681664
mass2_ref = 30.000000004599396
minchirp = 26.116416903852844
maxchirp = 26.116616903852844
mincov = 113782023835.85811
maxcov = 11378202383585.81
