
[data]
trigger-time = 1461235174.728652
injection-file = /work/shashwat.singh/Prospects-of-LGWs/unlens/injection.hdf

[global]
instruments = E1 E2 E3 C1 C2 H1 V1 L1 I1 K1
mass1_ref = 30.000000004689433
mass2_ref = 30.000000004868472
minchirp = 26.116416903044044
maxchirp = 26.116616903044044
mincov = 168206112539.64343
maxcov = 16820611253964.344
