
[data]
trigger-time = 1166958716.5207202
injection-file = /work/shashwat.singh/Prospects-of-LGWs/unlens/injection.hdf

[global]
instruments = E1 E2 E3 C1 C2 H1 V1 L1 I1 K1
mass1_ref = 30.00000000670426
mass2_ref = 30.00000000369383
minchirp = 26.116416903409757
maxchirp = 26.116616903409756
mincov = 164961391535.28125
maxcov = 16496139153528.125
