
[data]
trigger-time = 1658279134.5135286
injection-file = /work/shashwat.singh/Prospects-of-LGWs/unlens/injection.hdf

[global]
instruments = E1 E2 E3 C1 C2 H1 V1 L1 I1 K1
mass1_ref = 30.000000002584077
mass2_ref = 30.00000000943285
minchirp = 26.116416904114395
maxchirp = 26.116616904114395
mincov = 823139719.6262715
maxcov = 82313971962.62715
