
[data]
trigger-time = 1402906029.4482949
injection-file = /work/shashwat.singh/Prospects-of-LGWs/unlens/injection.hdf

[global]
instruments = E1 E2 E3 C1 C2 H1 V1 L1 I1 K1
mass1_ref = 30.000000009958363
mass2_ref = 30.00000000399184
minchirp = 26.1164169049559
maxchirp = 26.1166169049559
mincov = 176600360127.0679
maxcov = 17660036012706.79
