
[data]
trigger-time = 1872471645.0829177
injection-file = /work/shashwat.singh/Prospects-of-LGWs/unlens/injection.hdf

[global]
instruments = E1 E2 E3 C1 C2 H1 V1 L1 I1 K1
mass1_ref = 30.00000000086939
mass2_ref = 30.000000007028873
minchirp = 26.116416902321642
maxchirp = 26.116616902321642
mincov = 1457188556.1394181
maxcov = 145718855613.94183
