
[data]
trigger-time = 1642977772.30841
injection-file = /work/shashwat.singh/Prospects-of-LGWs/unlens/injection.hdf

[global]
instruments = E1 E2 E3 C1 C2 H1 V1 L1 I1 K1
mass1_ref = 30.00000000180371
mass2_ref = 30.00000000722899
minchirp = 26.116416902815438
maxchirp = 26.116616902815437
mincov = 3699346559.4083037
maxcov = 369934655940.8304
