
[data]
trigger-time = 1888057524.5169308
injection-file = /work/shashwat.singh/Prospects-of-LGWs/unlens/injection.hdf

[global]
instruments = E1 E2 E3 C1 C2 H1 V1 L1 I1 K1
mass1_ref = 30.00000000553018
mass2_ref = 30.0000000039772
minchirp = 26.11641690302205
maxchirp = 26.11661690302205
mincov = 5857293737.901136
maxcov = 585729373790.1136
