
[data]
trigger-time = 1089711759.024469
injection-file = /work/shashwat.singh/Prospects-of-LGWs/unlens/injection.hdf

[global]
instruments = E1 E2 E3 C1 C2 H1 V1 L1 I1 K1
mass1_ref = 30.000000005556416
mass2_ref = 30.000000008404278
minchirp = 26.11641690496047
maxchirp = 26.11661690496047
mincov = 37240940989.03696
maxcov = 3724094098903.696
