
[data]
trigger-time = 1856446891.4237094
injection-file = /work/shashwat.singh/Prospects-of-LGWs/unlens/injection.hdf

[global]
instruments = E1 E2 E3 C1 C2 H1 V1 L1 I1 K1
mass1_ref = 30.000000006051163
mass2_ref = 30.000000004480537
minchirp = 26.11641690346791
maxchirp = 26.11661690346791
mincov = 133670593973.46399
maxcov = 13367059397346.398
