
[data]
trigger-time = 1903311583.2938802
injection-file = /work/shashwat.singh/Prospects-of-LGWs/unlens/injection.hdf

[global]
instruments = E1 E2 E3 C1 C2 H1 V1 L1 I1 K1
mass1_ref = 30.000000006202043
mass2_ref = 30.00000000509261
minchirp = 26.11641690380001
maxchirp = 26.116616903800008
mincov = 116133631919.67427
maxcov = 11613363191967.426
