
[data]
trigger-time = 1977711802.005414
injection-file = /work/shashwat.singh/Prospects-of-LGWs/unlens/injection.hdf

[global]
instruments = E1 E2 E3 C1 C2 H1 V1 L1 I1 K1
mass1_ref = 30.0000000023259
mass2_ref = 30.000000003216414
minchirp = 26.11641690129616
maxchirp = 26.116616901296158
mincov = 160915672853.76797
maxcov = 16091567285376.797
