
[data]
trigger-time = 1563011956.755519
injection-file = /work/shashwat.singh/Prospects-of-LGWs/unlens/injection.hdf

[global]
instruments = E1 E2 E3 C1 C2 H1 V1 L1 I1 K1
mass1_ref = 30.000000008244257
mass2_ref = 30.000000005111712
minchirp = 26.11641690469725
maxchirp = 26.11661690469725
mincov = 148888643718.93512
maxcov = 14888864371893.514
