
[data]
trigger-time = 1918218208.1488934
injection-file = /work/shashwat.singh/Prospects-of-LGWs/unlens/injection.hdf

[global]
instruments = E1 E2 E3 C1 C2 H1 V1 L1 I1 K1
mass1_ref = 30.000000007138727
mass2_ref = 30.0000000020274
minchirp = 26.116416902873514
maxchirp = 26.116616902873513
mincov = 147065333857.67303
maxcov = 14706533385767.303
