
[data]
trigger-time = 1807454014.585209
injection-file = /work/shashwat.singh/Prospects-of-LGWs/unlens/injection.hdf

[global]
instruments = E1 E2 E3 C1 C2 H1 V1 L1 I1 K1
mass1_ref = 30.00000000676163
mass2_ref = 30.00000000541732
minchirp = 26.11641690418492
maxchirp = 26.11661690418492
mincov = 158882760802.82135
maxcov = 15888276080282.133
