
[data]
trigger-time = 1150951482.5130582
injection-file = /work/shashwat.singh/Prospects-of-LGWs/unlens/injection.hdf

[global]
instruments = E1 E2 E3 C1 C2 H1 V1 L1 I1 K1
mass1_ref = 30.000000000521375
mass2_ref = 30.00000000199378
minchirp = 26.11641689997851
maxchirp = 26.11661689997851
mincov = 45869835553.81711
maxcov = 4586983555381.711
