
[data]
trigger-time = 1193303999.655374
injection-file = /work/shashwat.singh/Prospects-of-LGWs/unlens/injection.hdf

[global]
instruments = E1 E2 E3 C1 C2 H1 V1 L1 I1 K1
mass1_ref = 30.000000007702873
mass2_ref = 30.000000009662962
minchirp = 26.11641690644264
maxchirp = 26.11661690644264
mincov = 148476967591.92703
maxcov = 14847696759192.703
