
[data]
trigger-time = 1122971656.3895302
injection-file = /work/shashwat.singh/Prospects-of-LGWs/unlens/injection.hdf

[global]
instruments = E1 E2 E3 C1 C2 H1 V1 L1 I1 K1
mass1_ref = 30.00000000147457
mass2_ref = 30.000000004470234
minchirp = 26.11641690147135
maxchirp = 26.11661690147135
mincov = 28515754554.96639
maxcov = 2851575455496.6387
