
[data]
trigger-time = 1749176536.4570446
injection-file = /work/shashwat.singh/Prospects-of-LGWs/unlens/injection.hdf

[global]
instruments = E1 E2 E3 C1 C2 H1 V1 L1 I1 K1
mass1_ref = 30.000000004638512
mass2_ref = 30.000000005196167
minchirp = 26.116416903164517
maxchirp = 26.116616903164516
mincov = 141960174871.8847
maxcov = 14196017487188.469
