
[data]
trigger-time = 1647061053.58219
injection-file = /work/shashwat.singh/Prospects-of-LGWs/unlens/injection.hdf

[global]
instruments = E1 E2 E3 C1 C2 H1 V1 L1 I1 K1
mass1_ref = 30.000000008897853
mass2_ref = 30.000000008639166
minchirp = 26.116416906517156
maxchirp = 26.116616906517155
mincov = 140192958008.74832
maxcov = 14019295800874.832
