
[data]
trigger-time = 1174897809.9764228
injection-file = /work/shashwat.singh/Prospects-of-LGWs/unlens/injection.hdf

[global]
instruments = E1 E2 E3 C1 C2 H1 V1 L1 I1 K1
mass1_ref = 30.00000000377695
mass2_ref = 30.000000006987236
minchirp = 26.116416903569107
maxchirp = 26.116616903569106
mincov = 140274957973.98795
maxcov = 14027495797398.793
