
[data]
trigger-time = 1475426737.3612995
injection-file = /work/shashwat.singh/Prospects-of-LGWs/unlens/injection.hdf

[global]
instruments = E1 E2 E3 C1 C2 H1 V1 L1 I1 K1
mass1_ref = 30.000000007321763
mass2_ref = 30.000000002474934
minchirp = 26.116416903147986
maxchirp = 26.116616903147985
mincov = 110631313457.88626
maxcov = 11063131345788.625
