
[data]
trigger-time = 1970369894.8849552
injection-file = /work/shashwat.singh/Prospects-of-LGWs/unlens/injection.hdf

[global]
instruments = E1 E2 E3 C1 C2 H1 V1 L1 I1 K1
mass1_ref = 30.00000000655125
mass2_ref = 30.00000000379085
minchirp = 26.116416903385385
maxchirp = 26.116616903385385
mincov = 139900952936.53802
maxcov = 13990095293653.805
