
[data]
trigger-time = 1126427476.7955656
injection-file = /work/shashwat.singh/Prospects-of-LGWs/unlens/injection.hdf

[global]
instruments = E1 E2 E3 C1 C2 H1 V1 L1 I1 K1
mass1_ref = 30.00000000291454
mass2_ref = 30.000000009869357
minchirp = 26.11641690444824
maxchirp = 26.11661690444824
mincov = 25843044235.76597
maxcov = 2584304423576.5967
