
[data]
trigger-time = 1861698734.3142817
injection-file = /work/shashwat.singh/Prospects-of-LGWs/unlens/injection.hdf

[global]
instruments = E1 E2 E3 C1 C2 H1 V1 L1 I1 K1
mass1_ref = 30.000000006598093
mass2_ref = 30.000000004607674
minchirp = 26.11641690376132
maxchirp = 26.11661690376132
mincov = 154105458323.9686
maxcov = 15410545832396.86
