
[data]
trigger-time = 1801030418.8605876
injection-file = /work/shashwat.singh/Prospects-of-LGWs/unlens/injection.hdf

[global]
instruments = E1 E2 E3 C1 C2 H1 V1 L1 I1 K1
mass1_ref = 30.00000000614904
mass2_ref = 30.000000001484455
minchirp = 26.116416902206396
maxchirp = 26.116616902206395
mincov = 53903559186.68179
maxcov = 5390355918668.18
