
[data]
trigger-time = 1863318288.7502787
injection-file = /work/shashwat.singh/Prospects-of-LGWs/unlens/injection.hdf

[global]
instruments = E1 E2 E3 C1 C2 H1 V1 L1 I1 K1
mass1_ref = 30.00000000481574
mass2_ref = 30.000000001953087
minchirp = 26.11641690183003
maxchirp = 26.116616901830028
mincov = 1350053078.1662116
maxcov = 135005307816.62115
