
[data]
trigger-time = 1576046320.2341554
injection-file = /work/shashwat.singh/Prospects-of-LGWs/unlens/injection.hdf

[global]
instruments = E1 E2 E3 C1 C2 H1 V1 L1 I1 K1
mass1_ref = 30.00000000469106
mass2_ref = 30.00000000579292
minchirp = 26.116416903447142
maxchirp = 26.11661690344714
mincov = 167339392786.60358
maxcov = 16733939278660.355
