
[data]
trigger-time = 1764957271.6648903
injection-file = /work/shashwat.singh/Prospects-of-LGWs/unlens/injection.hdf

[global]
instruments = E1 E2 E3 C1 C2 H1 V1 L1 I1 K1
mass1_ref = 30.000000000163507
mass2_ref = 30.000000001959997
minchirp = 26.116416899808033
maxchirp = 26.116616899808033
mincov = 52008201835.27635
maxcov = 5200820183527.635
