
[data]
trigger-time = 1164180734.396059
injection-file = /work/shashwat.singh/Prospects-of-LGWs/unlens/injection.hdf

[global]
instruments = E1 E2 E3 C1 C2 H1 V1 L1 I1 K1
mass1_ref = 30.000000005412076
mass2_ref = 30.000000001473957
minchirp = 26.116416901881045
maxchirp = 26.116616901881045
mincov = 128386822305.7633
maxcov = 12838682230576.33
