
[data]
trigger-time = 1906865528.9627445
injection-file = /work/shashwat.singh/Prospects-of-LGWs/unlens/injection.hdf

[global]
instruments = E1 E2 E3 C1 C2 H1 V1 L1 I1 K1
mass1_ref = 30.000000008116785
mass2_ref = 30.000000006495785
minchirp = 26.11641690524422
maxchirp = 26.116616905244218
mincov = 84582077146.92789
maxcov = 8458207714692.789
