
[data]
trigger-time = 1050097389.45886
injection-file = /work/shashwat.singh/Prospects-of-LGWs/unlens/injection.hdf

[global]
instruments = E1 E2 E3 C1 C2 H1 V1 L1 I1 K1
mass1_ref = 30.00000000522509
mass2_ref = 30.00000000645612
minchirp = 26.116416903968265
maxchirp = 26.116616903968264
mincov = 19274608223.083225
maxcov = 1927460822308.3225
