
[data]
trigger-time = 1029343383.3730345
injection-file = /work/shashwat.singh/Prospects-of-LGWs/unlens/injection.hdf

[global]
instruments = E1 E2 E3 C1 C2 H1 V1 L1 I1 K1
mass1_ref = 30.00000000168122
mass2_ref = 30.000000004667008
minchirp = 26.11641690164695
maxchirp = 26.11661690164695
mincov = 165299358829.55225
maxcov = 16529935882955.225
