
[data]
trigger-time = 1178176432.0405288
injection-file = /work/shashwat.singh/Prospects-of-LGWs/unlens/injection.hdf

[global]
instruments = E1 E2 E3 C1 C2 H1 V1 L1 I1 K1
mass1_ref = 30.00000000795116
mass2_ref = 30.00000000677076
minchirp = 26.116416905291814
maxchirp = 26.116616905291814
mincov = 171195889346.0755
maxcov = 17119588934607.55
