
[data]
trigger-time = 1288962613.901768
injection-file = /work/shashwat.singh/Prospects-of-LGWs/unlens/injection.hdf

[global]
instruments = E1 E2 E3 C1 C2 H1 V1 L1 I1 K1
mass1_ref = 30.000000009830185
mass2_ref = 30.000000002611554
minchirp = 26.116416904299307
maxchirp = 26.116616904299306
mincov = 55974125099.872925
maxcov = 5597412509987.293
