
[data]
trigger-time = 1650632838.1428328
injection-file = /work/shashwat.singh/Prospects-of-LGWs/unlens/injection.hdf

[global]
instruments = E1 E2 E3 C1 C2 H1 V1 L1 I1 K1
mass1_ref = 30.000000006682967
mass2_ref = 30.00000000833234
minchirp = 26.116416905419516
maxchirp = 26.116616905419516
mincov = 149977942086.33575
maxcov = 14997794208633.574
