
[data]
trigger-time = 1499308209.836105
injection-file = /work/shashwat.singh/Prospects-of-LGWs/unlens/injection.hdf

[global]
instruments = E1 E2 E3 C1 C2 H1 V1 L1 I1 K1
mass1_ref = 30.000000001466272
mass2_ref = 30.000000002757073
minchirp = 26.11641690072204
maxchirp = 26.11661690072204
mincov = 22373636545.25522
maxcov = 2237363654525.522
