
[data]
trigger-time = 1577961590.0710583
injection-file = /work/shashwat.singh/Prospects-of-LGWs/unlens/injection.hdf

[global]
instruments = E1 E2 E3 C1 C2 H1 V1 L1 I1 K1
mass1_ref = 30.00000000674449
mass2_ref = 30.00000000141968
minchirp = 26.116416902437383
maxchirp = 26.116616902437382
mincov = 97922386507.63199
maxcov = 9792238650763.2
