
[data]
trigger-time = 1749709168.909073
injection-file = /work/shashwat.singh/Prospects-of-LGWs/unlens/injection.hdf

[global]
instruments = E1 E2 E3 C1 C2 H1 V1 L1 I1 K1
mass1_ref = 30.000000005478995
mass2_ref = 30.000000007345964
minchirp = 26.116416904466114
maxchirp = 26.116616904466113
mincov = 62542816083.58234
maxcov = 6254281608358.233
