
[data]
trigger-time = 1828188304.9403906
injection-file = /work/shashwat.singh/Prospects-of-LGWs/unlens/injection.hdf

[global]
instruments = E1 E2 E3 C1 C2 H1 V1 L1 I1 K1
mass1_ref = 30.000000002291927
mass2_ref = 30.000000008554117
minchirp = 26.11641690360474
maxchirp = 26.11661690360474
mincov = 149870598397.76306
maxcov = 14987059839776.307
