
[data]
trigger-time = 1148879791.8493128
injection-file = /work/shashwat.singh/Prospects-of-LGWs/unlens/injection.hdf

[global]
instruments = E1 E2 E3 C1 C2 H1 V1 L1 I1 K1
mass1_ref = 30.000000000131617
mass2_ref = 30.000000007726655
minchirp = 26.116416902304238
maxchirp = 26.116616902304237
mincov = 4979108845.164528
maxcov = 497910884516.45276
