
[data]
trigger-time = 1448994906.2039104
injection-file = /work/shashwat.singh/Prospects-of-LGWs/unlens/injection.hdf

[global]
instruments = E1 E2 E3 C1 C2 H1 V1 L1 I1 K1
mass1_ref = 30.00000000009058
mass2_ref = 30.000000000189683
minchirp = 26.116416899005717
maxchirp = 26.116616899005717
mincov = 152690574916.92957
maxcov = 15269057491692.957
