
[data]
trigger-time = 1083186369.0376441
injection-file = /work/shashwat.singh/Prospects-of-LGWs/unlens/injection.hdf

[global]
instruments = E1 E2 E3 C1 C2 H1 V1 L1 I1 K1
mass1_ref = 30.000000000670557
mass2_ref = 30.000000008255917
minchirp = 26.1164169027692
maxchirp = 26.1166169027692
mincov = 65695016360.2394
maxcov = 6569501636023.94
