
[data]
trigger-time = 1011789586.7893252
injection-file = /work/shashwat.singh/Prospects-of-LGWs/unlens/injection.hdf

[global]
instruments = E1 E2 E3 C1 C2 H1 V1 L1 I1 K1
mass1_ref = 30.00000000852579
mass2_ref = 30.00000000790885
minchirp = 26.116416906037315
maxchirp = 26.116616906037315
mincov = 175685224172.18658
maxcov = 17568522417218.66
