
[data]
trigger-time = 1543655761.686292
injection-file = /work/shashwat.singh/Prospects-of-LGWs/unlens/injection.hdf

[global]
instruments = E1 E2 E3 C1 C2 H1 V1 L1 I1 K1
mass1_ref = 30.000000002038057
mass2_ref = 30.000000000973174
minchirp = 26.116416900194437
maxchirp = 26.116616900194437
mincov = 174726365869.06146
maxcov = 17472636586906.148
