
[data]
trigger-time = 1735099635.040198
injection-file = /work/shashwat.singh/Prospects-of-LGWs/unlens/injection.hdf

[global]
instruments = E1 E2 E3 C1 C2 H1 V1 L1 I1 K1
mass1_ref = 30.000000004889067
mass2_ref = 30.000000009125998
minchirp = 26.116416904984135
maxchirp = 26.116616904984134
mincov = 114966788993.87308
maxcov = 11496678899387.307
