
[data]
trigger-time = 1447432334.3020504
injection-file = /work/shashwat.singh/Prospects-of-LGWs/unlens/injection.hdf

[global]
instruments = E1 E2 E3 C1 C2 H1 V1 L1 I1 K1
mass1_ref = 30.000000006392188
mass2_ref = 30.000000008374236
minchirp = 26.116416905311183
maxchirp = 26.116616905311183
mincov = 14041556237.182978
maxcov = 1404155623718.2979
