
[data]
trigger-time = 1401830986.50286
injection-file = /work/shashwat.singh/Prospects-of-LGWs/unlens/injection.hdf

[global]
instruments = E1 E2 E3 C1 C2 H1 V1 L1 I1 K1
mass1_ref = 30.000000001793776
mass2_ref = 30.000000005696748
minchirp = 26.116416902144167
maxchirp = 26.116616902144166
mincov = 122523228670.9248
maxcov = 12252322867092.48
