
[data]
trigger-time = 1659036479.8305569
injection-file = /work/shashwat.singh/Prospects-of-LGWs/unlens/injection.hdf

[global]
instruments = E1 E2 E3 C1 C2 H1 V1 L1 I1 K1
mass1_ref = 30.000000006247195
mass2_ref = 30.00000000174103
minchirp = 26.1164169023608
maxchirp = 26.1166169023608
mincov = 6136602491.248928
maxcov = 613660249124.8928
