
[data]
trigger-time = 1216516346.0403454
injection-file = /work/shashwat.singh/Prospects-of-LGWs/unlens/injection.hdf

[global]
instruments = E1 E2 E3 C1 C2 H1 V1 L1 I1 K1
mass1_ref = 30.000000006351872
mass2_ref = 30.000000006333174
minchirp = 26.116416904405213
maxchirp = 26.116616904405213
mincov = 66638109302.33937
maxcov = 6663810930233.937
