
[data]
trigger-time = 1721397964.1237433
injection-file = /work/shashwat.singh/Prospects-of-LGWs/unlens/injection.hdf

[global]
instruments = E1 E2 E3 C1 C2 H1 V1 L1 I1 K1
mass1_ref = 30.000000008458514
mass2_ref = 30.000000007585804
minchirp = 26.116416905867418
maxchirp = 26.116616905867417
mincov = 101250397451.52786
maxcov = 10125039745152.785
