
[data]
trigger-time = 1542224882.1983488
injection-file = /work/shashwat.singh/Prospects-of-LGWs/unlens/injection.hdf

[global]
instruments = E1 E2 E3 C1 C2 H1 V1 L1 I1 K1
mass1_ref = 30.000000002703604
mass2_ref = 30.00000000426634
minchirp = 26.116416901917567
maxchirp = 26.116616901917567
mincov = 122629465682.38663
maxcov = 12262946568238.662
