
[data]
trigger-time = 1426193474.295497
injection-file = /work/shashwat.singh/Prospects-of-LGWs/unlens/injection.hdf

[global]
instruments = E1 E2 E3 C1 C2 H1 V1 L1 I1 K1
mass1_ref = 30.00000000777627
mass2_ref = 30.000000007314576
minchirp = 26.116416905452397
maxchirp = 26.116616905452396
mincov = 20562111731.94823
maxcov = 2056211173194.823
