
[data]
trigger-time = 1572237051.766612
injection-file = /work/shashwat.singh/Prospects-of-LGWs/unlens/injection.hdf

[global]
instruments = E1 E2 E3 C1 C2 H1 V1 L1 I1 K1
mass1_ref = 30.00000000466769
mass2_ref = 30.000000008237496
minchirp = 26.116416904501033
maxchirp = 26.116616904501033
mincov = 136657428562.05952
maxcov = 13665742856205.953
