
[data]
trigger-time = 1889890526.370521
injection-file = /work/shashwat.singh/Prospects-of-LGWs/unlens/injection.hdf

[global]
instruments = E1 E2 E3 C1 C2 H1 V1 L1 I1 K1
mass1_ref = 30.00000000177324
mass2_ref = 30.000000002006903
minchirp = 26.116416900529128
maxchirp = 26.116616900529127
mincov = 163599679603.20117
maxcov = 16359967960320.117
