
[data]
trigger-time = 1822493099.8147452
injection-file = /work/shashwat.singh/Prospects-of-LGWs/unlens/injection.hdf

[global]
instruments = E1 E2 E3 C1 C2 H1 V1 L1 I1 K1
mass1_ref = 30.00000000242212
mass2_ref = 30.000000003657544
minchirp = 26.116416901530048
maxchirp = 26.116616901530048
mincov = 133447619667.52591
maxcov = 13344761966752.59
