
[data]
trigger-time = 1983639355.0470822
injection-file = /work/shashwat.singh/Prospects-of-LGWs/unlens/injection.hdf

[global]
instruments = E1 E2 E3 C1 C2 H1 V1 L1 I1 K1
mass1_ref = 30.00000000543008
mass2_ref = 30.00000000409771
minchirp = 26.116416903030938
maxchirp = 26.116616903030938
mincov = 27289687212.7981
maxcov = 2728968721279.81
