
[data]
trigger-time = 1101725671.401299
injection-file = /work/shashwat.singh/Prospects-of-LGWs/unlens/injection.hdf

[global]
instruments = E1 E2 E3 C1 C2 H1 V1 L1 I1 K1
mass1_ref = 30.000000000175454
mass2_ref = 30.000000002144915
minchirp = 26.116416899893725
maxchirp = 26.116616899893724
mincov = 140069593654.0727
maxcov = 14006959365407.27
