
[data]
trigger-time = 1314554865.328592
injection-file = /work/shashwat.singh/Prospects-of-LGWs/unlens/injection.hdf

[global]
instruments = E1 E2 E3 C1 C2 H1 V1 L1 I1 K1
mass1_ref = 30.00000000681379
mass2_ref = 30.000000006403734
minchirp = 26.116416904636985
maxchirp = 26.116616904636984
mincov = 132657806450.97507
maxcov = 13265780645097.508
