
[data]
trigger-time = 1482224490.3109577
injection-file = /work/shashwat.singh/Prospects-of-LGWs/unlens/injection.hdf

[global]
instruments = E1 E2 E3 C1 C2 H1 V1 L1 I1 K1
mass1_ref = 30.000000003354344
mass2_ref = 30.000000003168417
minchirp = 26.11641690172292
maxchirp = 26.11661690172292
mincov = 124692169822.68497
maxcov = 12469216982268.496
