
[data]
trigger-time = 1377744423.8861592
injection-file = /work/shashwat.singh/Prospects-of-LGWs/unlens/injection.hdf

[global]
instruments = E1 E2 E3 C1 C2 H1 V1 L1 I1 K1
mass1_ref = 30.000000003996824
mass2_ref = 30.000000007964996
minchirp = 26.116416904090407
maxchirp = 26.116616904090407
mincov = 127112280738.97664
maxcov = 12711228073897.664
