
[data]
trigger-time = 1765477690.8197222
injection-file = /work/shashwat.singh/Prospects-of-LGWs/unlens/injection.hdf

[global]
instruments = E1 E2 E3 C1 C2 H1 V1 L1 I1 K1
mass1_ref = 30.00000000035369
mass2_ref = 30.000000002829577
minchirp = 26.11641690026932
maxchirp = 26.11661690026932
mincov = 177291048546.73358
maxcov = 17729104854673.36
