
[data]
trigger-time = 1997398746.332861
injection-file = /work/shashwat.singh/Prospects-of-LGWs/unlens/injection.hdf

[global]
instruments = E1 E2 E3 C1 C2 H1 V1 L1 I1 K1
mass1_ref = 30.00000000099607
mass2_ref = 30.000000007942727
minchirp = 26.116416902774564
maxchirp = 26.116616902774563
mincov = 167702099372.39963
maxcov = 16770209937239.963
