
[data]
trigger-time = 1736668782.2725978
injection-file = /work/shashwat.singh/Prospects-of-LGWs/unlens/injection.hdf

[global]
instruments = E1 E2 E3 C1 C2 H1 V1 L1 I1 K1
mass1_ref = 30.000000001174055
mass2_ref = 30.00000000168824
minchirp = 26.11641690012961
maxchirp = 26.11661690012961
mincov = 16875399710.542328
maxcov = 1687539971054.233
