
[data]
trigger-time = 1198740598.3229039
injection-file = /work/shashwat.singh/Prospects-of-LGWs/unlens/injection.hdf

[global]
instruments = E1 E2 E3 C1 C2 H1 V1 L1 I1 K1
mass1_ref = 30.000000000658872
mass2_ref = 30.000000005816847
minchirp = 26.116416901702447
maxchirp = 26.116616901702447
mincov = 20156578977.03548
maxcov = 2015657897703.5479
