
[data]
trigger-time = 1771175158.711461
injection-file = /work/shashwat.singh/Prospects-of-LGWs/unlens/injection.hdf

[global]
instruments = E1 E2 E3 C1 C2 H1 V1 L1 I1 K1
mass1_ref = 30.00000000570662
mass2_ref = 30.000000002975113
minchirp = 26.11641690266267
maxchirp = 26.11661690266267
mincov = 117600725006.99251
maxcov = 11760072500699.25
