
[data]
trigger-time = 1744016171.2703602
injection-file = /work/shashwat.singh/Prospects-of-LGWs/unlens/injection.hdf

[global]
instruments = E1 E2 E3 C1 C2 H1 V1 L1 I1 K1
mass1_ref = 30.00000000080488
mass2_ref = 30.000000002161237
minchirp = 26.1164169001748
maxchirp = 26.1166169001748
mincov = 88111250514.39684
maxcov = 8811125051439.684
