
[data]
trigger-time = 1631243539.2089264
injection-file = /work/shashwat.singh/Prospects-of-LGWs/unlens/injection.hdf

[global]
instruments = E1 E2 E3 C1 C2 H1 V1 L1 I1 K1
mass1_ref = 30.000000008845756
mass2_ref = 30.000000008910618
minchirp = 26.116416906612635
maxchirp = 26.116616906612634
mincov = 62784304800.11892
maxcov = 6278430480011.893
