
[data]
trigger-time = 1820824703.5647125
injection-file = /work/shashwat.singh/Prospects-of-LGWs/unlens/injection.hdf

[global]
instruments = E1 E2 E3 C1 C2 H1 V1 L1 I1 K1
mass1_ref = 30.00000000144749
mass2_ref = 30.00000000205077
minchirp = 26.116416900406428
maxchirp = 26.116616900406427
mincov = 2593895667.341128
maxcov = 259389566734.1128
