
[data]
trigger-time = 1740403464.3255658
injection-file = /work/shashwat.singh/Prospects-of-LGWs/unlens/injection.hdf

[global]
instruments = E1 E2 E3 C1 C2 H1 V1 L1 I1 K1
mass1_ref = 30.00000000685712
mass2_ref = 30.00000000066527
minchirp = 26.116416902158036
maxchirp = 26.116616902158036
mincov = 76455730866.28499
maxcov = 7645573086628.498
