
[data]
trigger-time = 1897478511.6278758
injection-file = /work/shashwat.singh/Prospects-of-LGWs/unlens/injection.hdf

[global]
instruments = E1 E2 E3 C1 C2 H1 V1 L1 I1 K1
mass1_ref = 30.00000000795717
mass2_ref = 30.000000006053725
minchirp = 26.11641690498232
maxchirp = 26.11661690498232
mincov = 104256730420.14275
maxcov = 10425673042014.275
