
[data]
trigger-time = 1808466775.6299827
injection-file = /work/shashwat.singh/Prospects-of-LGWs/unlens/injection.hdf

[global]
instruments = E1 E2 E3 C1 C2 H1 V1 L1 I1 K1
mass1_ref = 30.000000003676277
mass2_ref = 30.000000003666543
minchirp = 26.116416902079873
maxchirp = 26.116616902079873
mincov = 85997214927.97725
maxcov = 8599721492797.725
