
[data]
trigger-time = 1542894062.992899
injection-file = /work/shashwat.singh/Prospects-of-LGWs/unlens/injection.hdf

[global]
instruments = E1 E2 E3 C1 C2 H1 V1 L1 I1 K1
mass1_ref = 30.00000000459224
mass2_ref = 30.000000009481013
minchirp = 26.116416905009466
maxchirp = 26.116616905009465
mincov = 15466222439.892725
maxcov = 1546622243989.2725
