
[data]
trigger-time = 1958758835.0907059
injection-file = /work/shashwat.singh/Prospects-of-LGWs/unlens/injection.hdf

[global]
instruments = E1 E2 E3 C1 C2 H1 V1 L1 I1 K1
mass1_ref = 30.000000002667772
mass2_ref = 30.000000007044804
minchirp = 26.116416903111368
maxchirp = 26.116616903111368
mincov = 748051178.2155424
maxcov = 74805117821.55424
