
[data]
trigger-time = 1470652933.895675
injection-file = /work/shashwat.singh/Prospects-of-LGWs/unlens/injection.hdf

[global]
instruments = E1 E2 E3 C1 C2 H1 V1 L1 I1 K1
mass1_ref = 30.000000009186426
mass2_ref = 30.0000000085672
minchirp = 26.11641690661144
maxchirp = 26.11661690661144
mincov = 74661605907.93199
maxcov = 7466160590793.199
