
[data]
trigger-time = 1187116036.793288
injection-file = /work/shashwat.singh/Prospects-of-LGWs/unlens/injection.hdf

[global]
instruments = E1 E2 E3 C1 C2 H1 V1 L1 I1 K1
mass1_ref = 30.000000008842587
mass2_ref = 30.000000004756927
minchirp = 26.11641690480326
maxchirp = 26.11661690480326
mincov = 38309592157.34497
maxcov = 3830959215734.497
