
[data]
trigger-time = 1071150964.0900737
injection-file = /work/shashwat.singh/Prospects-of-LGWs/unlens/injection.hdf

[global]
instruments = E1 E2 E3 C1 C2 H1 V1 L1 I1 K1
mass1_ref = 30.000000007230376
mass2_ref = 30.000000005611756
minchirp = 26.11641690447359
maxchirp = 26.116616904473588
mincov = 123970117915.74728
maxcov = 12397011791574.729
