
[data]
trigger-time = 1849600102.6524282
injection-file = /work/shashwat.singh/Prospects-of-LGWs/unlens/injection.hdf

[global]
instruments = E1 E2 E3 C1 C2 H1 V1 L1 I1 K1
mass1_ref = 30.00000000484458
mass2_ref = 30.00000000866963
minchirp = 26.116416904766126
maxchirp = 26.116616904766126
mincov = 22532585083.777367
maxcov = 2253258508377.7363
