
[data]
trigger-time = 1811250459.9230442
injection-file = /work/shashwat.singh/Prospects-of-LGWs/unlens/injection.hdf

[global]
instruments = E1 E2 E3 C1 C2 H1 V1 L1 I1 K1
mass1_ref = 30.000000002009926
mass2_ref = 30.000000000532253
minchirp = 26.116416899990273
maxchirp = 26.116616899990273
mincov = 154254392162.37424
maxcov = 15425439216237.424
