
[data]
trigger-time = 1240445440.8514621
injection-file = /work/shashwat.singh/Prospects-of-LGWs/unlens/injection.hdf

[global]
instruments = E1 E2 E3 C1 C2 H1 V1 L1 I1 K1
mass1_ref = 30.000000007923205
mass2_ref = 30.000000002435197
minchirp = 26.116416903392484
maxchirp = 26.116616903392483
mincov = 48156531756.87651
maxcov = 4815653175687.651
