
[data]
trigger-time = 1063019966.3237762
injection-file = /work/shashwat.singh/Prospects-of-LGWs/unlens/injection.hdf

[global]
instruments = E1 E2 E3 C1 C2 H1 V1 L1 I1 K1
mass1_ref = 30.00000000541532
mass2_ref = 30.000000008828003
minchirp = 26.116416905083494
maxchirp = 26.116616905083493
mincov = 93211106071.65929
maxcov = 9321110607165.93
