
[data]
trigger-time = 1321326726.8720407
injection-file = /work/shashwat.singh/Prospects-of-LGWs/unlens/injection.hdf

[global]
instruments = E1 E2 E3 C1 C2 H1 V1 L1 I1 K1
mass1_ref = 30.000000002520554
mass2_ref = 30.000000007579093
minchirp = 26.116416903279852
maxchirp = 26.11661690327985
mincov = 161179084460.3982
maxcov = 16117908446039.82
