
[data]
trigger-time = 1006076800.6911126
injection-file = /work/shashwat.singh/Prospects-of-LGWs/unlens/injection.hdf

[global]
instruments = E1 E2 E3 C1 C2 H1 V1 L1 I1 K1
mass1_ref = 30.000000001160377
mass2_ref = 30.00000000208556
minchirp = 26.1164169002966
maxchirp = 26.1166169002966
mincov = 150625969728.17688
maxcov = 15062596972817.688
