
[data]
trigger-time = 1889502110.788074
injection-file = /work/shashwat.singh/Prospects-of-LGWs/unlens/injection.hdf

[global]
instruments = E1 E2 E3 C1 C2 H1 V1 L1 I1 K1
mass1_ref = 30.000000000930616
mass2_ref = 30.000000003366445
minchirp = 26.11641690075413
maxchirp = 26.116616900754128
mincov = 168852252705.57474
maxcov = 16885225270557.473
