
[data]
trigger-time = 1105276929.5666811
injection-file = /work/shashwat.singh/Prospects-of-LGWs/unlens/injection.hdf

[global]
instruments = E1 E2 E3 C1 C2 H1 V1 L1 I1 K1
mass1_ref = 30.00000000353782
mass2_ref = 30.00000000464722
minchirp = 26.11641690244647
maxchirp = 26.11661690244647
mincov = 53002152561.78615
maxcov = 5300215256178.614
