
[data]
trigger-time = 1184267626.525109
injection-file = /work/shashwat.singh/Prospects-of-LGWs/unlens/injection.hdf

[global]
instruments = E1 E2 E3 C1 C2 H1 V1 L1 I1 K1
mass1_ref = 30.000000006797208
mass2_ref = 30.000000005321787
minchirp = 26.11641690415882
maxchirp = 26.11661690415882
mincov = 142500022840.1718
maxcov = 14250002284017.18
