
[data]
trigger-time = 1832475073.2542212
injection-file = /work/shashwat.singh/Prospects-of-LGWs/unlens/injection.hdf

[global]
instruments = E1 E2 E3 C1 C2 H1 V1 L1 I1 K1
mass1_ref = 30.00000000972239
mass2_ref = 30.000000005815522
minchirp = 26.116416905646993
maxchirp = 26.116616905646993
mincov = 136672070074.04314
maxcov = 13667207007404.314
