
[data]
trigger-time = 1688584845.7352786
injection-file = /work/shashwat.singh/Prospects-of-LGWs/unlens/injection.hdf

[global]
instruments = E1 E2 E3 C1 C2 H1 V1 L1 I1 K1
mass1_ref = 30.000000004202903
mass2_ref = 30.000000001456765
minchirp = 26.11641690134724
maxchirp = 26.11661690134724
mincov = 81085403317.59756
maxcov = 8108540331759.757
