
[data]
trigger-time = 1313288872.4492285
injection-file = /work/shashwat.singh/Prospects-of-LGWs/unlens/injection.hdf

[global]
instruments = E1 E2 E3 C1 C2 H1 V1 L1 I1 K1
mass1_ref = 30.000000007649728
mass2_ref = 30.00000000265701
minchirp = 26.116416903369995
maxchirp = 26.116616903369994
mincov = 133291729354.68391
maxcov = 13329172935468.39
