
[data]
trigger-time = 1919111083.396546
injection-file = /work/shashwat.singh/Prospects-of-LGWs/unlens/injection.hdf

[global]
instruments = E1 E2 E3 C1 C2 H1 V1 L1 I1 K1
mass1_ref = 30.000000006702468
mass2_ref = 30.00000000258901
minchirp = 26.116416902928076
maxchirp = 26.116616902928076
mincov = 106896043838.16794
maxcov = 10689604383816.795
