
[data]
trigger-time = 1484755899.1852968
injection-file = /work/shashwat.singh/Prospects-of-LGWs/unlens/injection.hdf

[global]
instruments = E1 E2 E3 C1 C2 H1 V1 L1 I1 K1
mass1_ref = 30.00000000995295
mass2_ref = 30.000000009171394
minchirp = 26.116416907208077
maxchirp = 26.116616907208076
mincov = 55872360654.78078
maxcov = 5587236065478.077
