
[data]
trigger-time = 1528720211.8874464
injection-file = /work/shashwat.singh/Prospects-of-LGWs/unlens/injection.hdf

[global]
instruments = E1 E2 E3 C1 C2 H1 V1 L1 I1 K1
mass1_ref = 30.00000000643837
mass2_ref = 30.000000000502
minchirp = 26.116416901904696
maxchirp = 26.116616901904695
mincov = 85436807240.12462
maxcov = 8543680724012.462
