
[data]
trigger-time = 1899098486.9641752
injection-file = /work/shashwat.singh/Prospects-of-LGWs/unlens/injection.hdf

[global]
instruments = E1 E2 E3 C1 C2 H1 V1 L1 I1 K1
mass1_ref = 30.000000009437425
mass2_ref = 30.00000000082723
minchirp = 26.116416903351674
maxchirp = 26.116616903351673
mincov = 161057706367.02527
maxcov = 16105770636702.527
