
[data]
trigger-time = 1656965643.8224387
injection-file = /work/shashwat.singh/Prospects-of-LGWs/unlens/injection.hdf

[global]
instruments = E1 E2 E3 C1 C2 H1 V1 L1 I1 K1
mass1_ref = 30.000000007445596
mass2_ref = 30.000000008516395
minchirp = 26.116416905831585
maxchirp = 26.116616905831584
mincov = 141194524034.66986
maxcov = 14119452403466.984
