
[data]
trigger-time = 1918979293.1035738
injection-file = /work/shashwat.singh/Prospects-of-LGWs/unlens/injection.hdf

[global]
instruments = E1 E2 E3 C1 C2 H1 V1 L1 I1 K1
mass1_ref = 30.0000000008234
mass2_ref = 30.000000001775327
minchirp = 26.116416900014883
maxchirp = 26.116616900014883
mincov = 88987817654.09273
maxcov = 8898781765409.273
