
[data]
trigger-time = 1962009412.2244987
injection-file = /work/shashwat.singh/Prospects-of-LGWs/unlens/injection.hdf

[global]
instruments = E1 E2 E3 C1 C2 H1 V1 L1 I1 K1
mass1_ref = 30.000000009448367
mass2_ref = 30.000000009424802
minchirp = 26.11641690709875
maxchirp = 26.11661690709875
mincov = 97140986494.84935
maxcov = 9714098649484.936
