
[data]
trigger-time = 1968005788.6801634
injection-file = /work/shashwat.singh/Prospects-of-LGWs/unlens/injection.hdf

[global]
instruments = E1 E2 E3 C1 C2 H1 V1 L1 I1 K1
mass1_ref = 30.000000008437663
mass2_ref = 30.00000000194195
minchirp = 26.116416903401714
maxchirp = 26.116616903401713
mincov = 151889341505.91495
maxcov = 15188934150591.494
