
[data]
trigger-time = 1523576957.5304942
injection-file = /work/shashwat.singh/Prospects-of-LGWs/unlens/injection.hdf

[global]
instruments = E1 E2 E3 C1 C2 H1 V1 L1 I1 K1
mass1_ref = 30.00000000221167
mass2_ref = 30.000000008238924
minchirp = 26.11641690343261
maxchirp = 26.11661690343261
mincov = 73393825090.04688
maxcov = 7339382509004.6875
