
[data]
trigger-time = 1286343531.206615
injection-file = /work/shashwat.singh/Prospects-of-LGWs/unlens/injection.hdf

[global]
instruments = E1 E2 E3 C1 C2 H1 V1 L1 I1 K1
mass1_ref = 30.00000000769781
mass2_ref = 30.000000000609706
minchirp = 26.11641690249978
maxchirp = 26.11661690249978
mincov = 138170028044.10675
maxcov = 13817002804410.676
