
[data]
trigger-time = 1130049705.638722
injection-file = /work/shashwat.singh/Prospects-of-LGWs/unlens/injection.hdf

[global]
instruments = E1 E2 E3 C1 C2 H1 V1 L1 I1 K1
mass1_ref = 30.000000008477375
mass2_ref = 30.000000008591673
minchirp = 26.116416906313457
maxchirp = 26.116616906313457
mincov = 69397087961.18536
maxcov = 6939708796118.536
