
[data]
trigger-time = 1768513404.9510612
injection-file = /work/shashwat.singh/Prospects-of-LGWs/unlens/injection.hdf

[global]
instruments = E1 E2 E3 C1 C2 H1 V1 L1 I1 K1
mass1_ref = 30.000000004686775
mass2_ref = 30.00000000522601
minchirp = 26.116416903198513
maxchirp = 26.116616903198512
mincov = 127560365411.8052
maxcov = 12756036541180.52
