
[data]
trigger-time = 1953290137.4846504
injection-file = /work/shashwat.singh/Prospects-of-LGWs/unlens/injection.hdf

[global]
instruments = E1 E2 E3 C1 C2 H1 V1 L1 I1 K1
mass1_ref = 30.000000001782453
mass2_ref = 30.00000000649336
minchirp = 26.11641690248598
maxchirp = 26.11661690248598
mincov = 144106066531.31012
maxcov = 14410606653131.012
