
[data]
trigger-time = 1445044465.153915
injection-file = /work/shashwat.singh/Prospects-of-LGWs/unlens/injection.hdf

[global]
instruments = E1 E2 E3 C1 C2 H1 V1 L1 I1 K1
mass1_ref = 30.00000000704309
mass2_ref = 30.00000000197111
minchirp = 26.116416902807384
maxchirp = 26.116616902807383
mincov = 137998678815.54764
maxcov = 13799867881554.764
