
[data]
trigger-time = 1670343269.5966983
injection-file = /work/shashwat.singh/Prospects-of-LGWs/unlens/injection.hdf

[global]
instruments = E1 E2 E3 C1 C2 H1 V1 L1 I1 K1
mass1_ref = 30.00000000582224
mass2_ref = 30.000000000376097
minchirp = 26.116416901581708
maxchirp = 26.116616901581708
mincov = 124344946251.22322
maxcov = 12434494625122.322
