
[data]
trigger-time = 1569247321.1954846
injection-file = /work/shashwat.singh/Prospects-of-LGWs/unlens/injection.hdf

[global]
instruments = E1 E2 E3 C1 C2 H1 V1 L1 I1 K1
mass1_ref = 30.00000000086066
mass2_ref = 30.000000003231914
minchirp = 26.116416900665122
maxchirp = 26.11661690066512
mincov = 143844485782.1916
maxcov = 14384448578219.16
