
[data]
trigger-time = 1717937267.9236274
injection-file = /work/shashwat.singh/Prospects-of-LGWs/unlens/injection.hdf

[global]
instruments = E1 E2 E3 C1 C2 H1 V1 L1 I1 K1
mass1_ref = 30.000000004863846
mass2_ref = 30.000000000769496
minchirp = 26.116416901335782
maxchirp = 26.11661690133578
mincov = 158889929647.87704
maxcov = 15888992964787.705
