
[data]
trigger-time = 1691194963.9320493
injection-file = /work/shashwat.singh/Prospects-of-LGWs/unlens/injection.hdf

[global]
instruments = E1 E2 E3 C1 C2 H1 V1 L1 I1 K1
mass1_ref = 30.000000002353143
mass2_ref = 30.000000005757578
minchirp = 26.116416902414123
maxchirp = 26.116616902414123
mincov = 202472734.03709227
maxcov = 20247273403.709225
