
[data]
trigger-time = 1262162441.243439
injection-file = /work/shashwat.singh/Prospects-of-LGWs/unlens/injection.hdf

[global]
instruments = E1 E2 E3 C1 C2 H1 V1 L1 I1 K1
mass1_ref = 30.00000000335827
mass2_ref = 30.000000000808967
minchirp = 26.116416900697622
maxchirp = 26.116616900697622
mincov = 87639845066.02892
maxcov = 8763984506602.892
