
[data]
trigger-time = 1183989350.4271011
injection-file = /work/shashwat.singh/Prospects-of-LGWs/unlens/injection.hdf

[global]
instruments = E1 E2 E3 C1 C2 H1 V1 L1 I1 K1
mass1_ref = 30.000000002399574
mass2_ref = 30.00000000209696
minchirp = 26.116416900840953
maxchirp = 26.116616900840953
mincov = 49694394930.30479
maxcov = 4969439493030.479
