
[data]
trigger-time = 1554790855.485993
injection-file = /work/shashwat.singh/Prospects-of-LGWs/unlens/injection.hdf

[global]
instruments = E1 E2 E3 C1 C2 H1 V1 L1 I1 K1
mass1_ref = 30.000000005173625
mass2_ref = 30.00000000755079
minchirp = 26.116416904422348
maxchirp = 26.116616904422347
mincov = 176740059113.291
maxcov = 17674005911329.098
