
[data]
trigger-time = 1958608140.334838
injection-file = /work/shashwat.singh/Prospects-of-LGWs/unlens/injection.hdf

[global]
instruments = E1 E2 E3 C1 C2 H1 V1 L1 I1 K1
mass1_ref = 30.000000009262553
mass2_ref = 30.00000000881384
minchirp = 26.11641690675193
maxchirp = 26.11661690675193
mincov = 34150344248.870216
maxcov = 3415034424887.0215
