
[data]
trigger-time = 1345372602.3987932
injection-file = /work/shashwat.singh/Prospects-of-LGWs/unlens/injection.hdf

[global]
instruments = E1 E2 E3 C1 C2 H1 V1 L1 I1 K1
mass1_ref = 30.000000001641506
mass2_ref = 30.000000005657295
minchirp = 26.116416902060713
maxchirp = 26.116616902060713
mincov = 80518293292.55838
maxcov = 8051829329255.839
