
[data]
trigger-time = 1265661297.936808
injection-file = /work/shashwat.singh/Prospects-of-LGWs/unlens/injection.hdf

[global]
instruments = E1 E2 E3 C1 C2 H1 V1 L1 I1 K1
mass1_ref = 30.00000000850328
mass2_ref = 30.000000007637816
minchirp = 26.116416905909546
maxchirp = 26.116616905909545
mincov = 151317223237.7982
maxcov = 15131722323779.82
