
[data]
trigger-time = 1522193108.9340918
injection-file = /work/shashwat.singh/Prospects-of-LGWs/unlens/injection.hdf

[global]
instruments = E1 E2 E3 C1 C2 H1 V1 L1 I1 K1
mass1_ref = 30.000000001372467
mass2_ref = 30.000000007133643
minchirp = 26.116416902586224
maxchirp = 26.116616902586223
mincov = 28547281414.38244
maxcov = 2854728141438.244
