
[data]
trigger-time = 1724672082.7210796
injection-file = /work/shashwat.singh/Prospects-of-LGWs/unlens/injection.hdf

[global]
instruments = E1 E2 E3 C1 C2 H1 V1 L1 I1 K1
mass1_ref = 30.000000001089212
mass2_ref = 30.000000007342784
minchirp = 26.116416902553965
maxchirp = 26.116616902553965
mincov = 162345529066.70007
maxcov = 16234552906670.008
