
[data]
trigger-time = 1272362762.0258846
injection-file = /work/shashwat.singh/Prospects-of-LGWs/unlens/injection.hdf

[global]
instruments = E1 E2 E3 C1 C2 H1 V1 L1 I1 K1
mass1_ref = 30.00000000251359
mass2_ref = 30.000000006645884
minchirp = 26.11641690287062
maxchirp = 26.116616902870618
mincov = 126696515850.052
maxcov = 12669651585005.2
