
[data]
trigger-time = 1773249851.2925506
injection-file = /work/shashwat.singh/Prospects-of-LGWs/unlens/injection.hdf

[global]
instruments = E1 E2 E3 C1 C2 H1 V1 L1 I1 K1
mass1_ref = 30.000000001580826
mass2_ref = 30.000000007650513
minchirp = 26.1164169029019
maxchirp = 26.1166169029019
mincov = 177966332920.84613
maxcov = 17796633292084.613
