
[data]
trigger-time = 1032783781.4739684
injection-file = /work/shashwat.singh/Prospects-of-LGWs/unlens/injection.hdf

[global]
instruments = E1 E2 E3 C1 C2 H1 V1 L1 I1 K1
mass1_ref = 30.00000000253844
mass2_ref = 30.000000003508273
minchirp = 26.11641690151571
maxchirp = 26.11661690151571
mincov = 76128446108.43736
maxcov = 7612844610843.736
