
[data]
trigger-time = 1399517099.112629
injection-file = /work/shashwat.singh/Prospects-of-LGWs/unlens/injection.hdf

[global]
instruments = E1 E2 E3 C1 C2 H1 V1 L1 I1 K1
mass1_ref = 30.000000001373056
mass2_ref = 30.000000005885067
minchirp = 26.116416902043007
maxchirp = 26.116616902043006
mincov = 105495389953.31848
maxcov = 10549538995331.848
