
[data]
trigger-time = 1203175776.9317338
injection-file = /work/shashwat.singh/Prospects-of-LGWs/unlens/injection.hdf

[global]
instruments = E1 E2 E3 C1 C2 H1 V1 L1 I1 K1
mass1_ref = 30.000000000132612
mass2_ref = 30.000000004325422
minchirp = 26.116416900824195
maxchirp = 26.116616900824194
mincov = 18715407086.623936
maxcov = 1871540708662.3936
