
[data]
trigger-time = 1670941382.4615002
injection-file = /work/shashwat.singh/Prospects-of-LGWs/unlens/injection.hdf

[global]
instruments = E1 E2 E3 C1 C2 H1 V1 L1 I1 K1
mass1_ref = 30.000000003192213
mass2_ref = 30.000000006832227
minchirp = 26.116416903247117
maxchirp = 26.116616903247117
mincov = 5638530443.580928
maxcov = 563853044358.0928
