
[data]
trigger-time = 1489220847.7016459
injection-file = /work/shashwat.singh/Prospects-of-LGWs/unlens/injection.hdf

[global]
instruments = E1 E2 E3 C1 C2 H1 V1 L1 I1 K1
mass1_ref = 30.00000000246502
mass2_ref = 30.00000000210488
minchirp = 26.11641690087289
maxchirp = 26.116616900872888
mincov = 24276253113.23432
maxcov = 2427625311323.432
