
[data]
trigger-time = 1504969214.504681
injection-file = /work/shashwat.singh/Prospects-of-LGWs/unlens/injection.hdf

[global]
instruments = E1 E2 E3 C1 C2 H1 V1 L1 I1 K1
mass1_ref = 30.000000005067925
mass2_ref = 30.0000000020136
minchirp = 26.116416901966137
maxchirp = 26.116616901966136
mincov = 65887609203.23076
maxcov = 6588760920323.076
