
[data]
trigger-time = 1392603086.82454
injection-file = /work/shashwat.singh/Prospects-of-LGWs/unlens/injection.hdf

[global]
instruments = E1 E2 E3 C1 C2 H1 V1 L1 I1 K1
mass1_ref = 30.000000000176946
mass2_ref = 30.00000000291514
minchirp = 26.11641690022963
maxchirp = 26.11661690022963
mincov = 21231535707.350388
maxcov = 2123153570735.0388
