
[data]
trigger-time = 1605308283.9349566
injection-file = /work/shashwat.singh/Prospects-of-LGWs/unlens/injection.hdf

[global]
instruments = E1 E2 E3 C1 C2 H1 V1 L1 I1 K1
mass1_ref = 30.000000004296194
mass2_ref = 30.000000004367735
minchirp = 26.11641690265492
maxchirp = 26.11661690265492
mincov = 174164825806.85864
maxcov = 17416482580685.863
