
[data]
trigger-time = 1792260954.163888
injection-file = /work/shashwat.singh/Prospects-of-LGWs/unlens/injection.hdf

[global]
instruments = E1 E2 E3 C1 C2 H1 V1 L1 I1 K1
mass1_ref = 30.000000006888637
mass2_ref = 30.000000007823648
minchirp = 26.11641690528762
maxchirp = 26.116616905287618
mincov = 48127134822.4773
maxcov = 4812713482247.73
