
[data]
trigger-time = 1392149198.0975945
injection-file = /work/shashwat.singh/Prospects-of-LGWs/unlens/injection.hdf

[global]
instruments = E1 E2 E3 C1 C2 H1 V1 L1 I1 K1
mass1_ref = 30.000000009934627
mass2_ref = 30.000000009792085
minchirp = 26.116416907470274
maxchirp = 26.116616907470274
mincov = 129040134156.72896
maxcov = 12904013415672.895
