
[data]
trigger-time = 1362895187.410087
injection-file = /work/shashwat.singh/Prospects-of-LGWs/unlens/injection.hdf

[global]
instruments = E1 E2 E3 C1 C2 H1 V1 L1 I1 K1
mass1_ref = 30.00000000123122
mass2_ref = 30.000000008113737
minchirp = 26.116416902951354
maxchirp = 26.116616902951353
mincov = 132127597194.3724
maxcov = 13212759719437.242
