
[data]
trigger-time = 1073076083.3079242
injection-file = /work/shashwat.singh/Prospects-of-LGWs/unlens/injection.hdf

[global]
instruments = E1 E2 E3 C1 C2 H1 V1 L1 I1 K1
mass1_ref = 30.000000001376257
mass2_ref = 30.000000002338545
minchirp = 26.116416900500685
maxchirp = 26.116616900500684
mincov = 120409745001.8355
maxcov = 12040974500183.55
