
[data]
trigger-time = 1677525809.0774846
injection-file = /work/shashwat.singh/Prospects-of-LGWs/unlens/injection.hdf

[global]
instruments = E1 E2 E3 C1 C2 H1 V1 L1 I1 K1
mass1_ref = 30.00000000410844
mass2_ref = 30.000000005723283
minchirp = 26.11641690316323
maxchirp = 26.11661690316323
mincov = 167453118403.9838
maxcov = 16745311840398.379
