
[data]
trigger-time = 1086207105.3422055
injection-file = /work/shashwat.singh/Prospects-of-LGWs/unlens/injection.hdf

[global]
instruments = E1 E2 E3 C1 C2 H1 V1 L1 I1 K1
mass1_ref = 30.000000003537917
mass2_ref = 30.000000009977583
minchirp = 26.116416904766687
maxchirp = 26.116616904766687
mincov = 178144820936.24466
maxcov = 17814482093624.465
