
[data]
trigger-time = 1124016838.38879
injection-file = /work/shashwat.singh/Prospects-of-LGWs/unlens/injection.hdf

[global]
instruments = E1 E2 E3 C1 C2 H1 V1 L1 I1 K1
mass1_ref = 30.000000003875666
mass2_ref = 30.000000009449334
minchirp = 26.116416904683767
maxchirp = 26.116616904683767
mincov = 65016746701.25399
maxcov = 6501674670125.399
