
[data]
trigger-time = 1743823632.0168834
injection-file = /work/shashwat.singh/Prospects-of-LGWs/unlens/injection.hdf

[global]
instruments = E1 E2 E3 C1 C2 H1 V1 L1 I1 K1
mass1_ref = 30.000000007974904
mass2_ref = 30.000000008517137
minchirp = 26.116416906062305
maxchirp = 26.116616906062305
mincov = 159946289902.40366
maxcov = 15994628990240.367
