
[data]
trigger-time = 1115008665.267442
injection-file = /work/shashwat.singh/Prospects-of-LGWs/unlens/injection.hdf

[global]
instruments = E1 E2 E3 C1 C2 H1 V1 L1 I1 K1
mass1_ref = 30.000000005265367
mass2_ref = 30.000000007364836
minchirp = 26.11641690438134
maxchirp = 26.11661690438134
mincov = 72038031450.6575
maxcov = 7203803145065.75
