
[data]
trigger-time = 1302489549.9093795
injection-file = /work/shashwat.singh/Prospects-of-LGWs/unlens/injection.hdf

[global]
instruments = E1 E2 E3 C1 C2 H1 V1 L1 I1 K1
mass1_ref = 30.000000000289123
mass2_ref = 30.0000000036806
minchirp = 26.116416900611647
maxchirp = 26.116616900611646
mincov = 80199340051.74869
maxcov = 8019934005174.869
