
[data]
trigger-time = 1159615176.5630727
injection-file = /work/shashwat.singh/Prospects-of-LGWs/unlens/injection.hdf

[global]
instruments = E1 E2 E3 C1 C2 H1 V1 L1 I1 K1
mass1_ref = 30.00000000920144
mass2_ref = 30.000000000541547
minchirp = 26.116416903124605
maxchirp = 26.116616903124605
mincov = 105196174523.93407
maxcov = 10519617452393.406
