
[data]
trigger-time = 1751816614.8847225
injection-file = /work/shashwat.singh/Prospects-of-LGWs/unlens/injection.hdf

[global]
instruments = E1 E2 E3 C1 C2 H1 V1 L1 I1 K1
mass1_ref = 30.000000009842815
mass2_ref = 30.000000009378596
minchirp = 26.11641690725033
maxchirp = 26.11661690725033
mincov = 149217843090.3591
maxcov = 14921784309035.91
