
[data]
trigger-time = 1589123831.5080786
injection-file = /work/shashwat.singh/Prospects-of-LGWs/unlens/injection.hdf

[global]
instruments = E1 E2 E3 C1 C2 H1 V1 L1 I1 K1
mass1_ref = 30.000000006360754
mass2_ref = 30.000000007511694
minchirp = 26.11641690492206
maxchirp = 26.116616904922058
mincov = 74200769118.49875
maxcov = 7420076911849.874
