
[data]
trigger-time = 1699380842.7017398
injection-file = /work/shashwat.singh/Prospects-of-LGWs/unlens/injection.hdf

[global]
instruments = E1 E2 E3 C1 C2 H1 V1 L1 I1 K1
mass1_ref = 30.000000003606004
mass2_ref = 30.000000005994128
minchirp = 26.116416903062426
maxchirp = 26.116616903062425
mincov = 119527304112.09506
maxcov = 11952730411209.508
