
[data]
trigger-time = 1368216679.58541
injection-file = /work/shashwat.singh/Prospects-of-LGWs/unlens/injection.hdf

[global]
instruments = E1 E2 E3 C1 C2 H1 V1 L1 I1 K1
mass1_ref = 30.000000000326317
mass2_ref = 30.000000009362353
minchirp = 26.116416903100962
maxchirp = 26.11661690310096
mincov = 166929895117.42416
maxcov = 16692989511742.418
