
[data]
trigger-time = 1375123170.8658063
injection-file = /work/shashwat.singh/Prospects-of-LGWs/unlens/injection.hdf

[global]
instruments = E1 E2 E3 C1 C2 H1 V1 L1 I1 K1
mass1_ref = 30.000000005087486
mass2_ref = 30.00000000835112
minchirp = 26.116416904733217
maxchirp = 26.116616904733217
mincov = 24193815280.197517
maxcov = 2419381528019.7515
