
[data]
trigger-time = 1331653561.737494
injection-file = /work/shashwat.singh/Prospects-of-LGWs/unlens/injection.hdf

[global]
instruments = E1 E2 E3 C1 C2 H1 V1 L1 I1 K1
mass1_ref = 30.00000000829199
mass2_ref = 30.000000009883543
minchirp = 26.116416906795084
maxchirp = 26.116616906795084
mincov = 45382211565.80299
maxcov = 4538221156580.299
