
[data]
trigger-time = 1591101036.8397746
injection-file = /work/shashwat.singh/Prospects-of-LGWs/unlens/injection.hdf

[global]
instruments = E1 E2 E3 C1 C2 H1 V1 L1 I1 K1
mass1_ref = 30.000000008939377
mass2_ref = 30.000000006330847
minchirp = 26.116416905530475
maxchirp = 26.116616905530474
mincov = 33390766329.94877
maxcov = 3339076632994.877
