
[data]
trigger-time = 1254747209.3670359
injection-file = /work/shashwat.singh/Prospects-of-LGWs/unlens/injection.hdf

[global]
instruments = E1 E2 E3 C1 C2 H1 V1 L1 I1 K1
mass1_ref = 30.000000009095213
mass2_ref = 30.000000001430806
minchirp = 26.116416903465442
maxchirp = 26.11661690346544
mincov = 26923578009.830315
maxcov = 2692357800983.0312
