
[data]
trigger-time = 1722246237.2125788
injection-file = /work/shashwat.singh/Prospects-of-LGWs/unlens/injection.hdf

[global]
instruments = E1 E2 E3 C1 C2 H1 V1 L1 I1 K1
mass1_ref = 30.000000002896986
mass2_ref = 30.000000004287173
minchirp = 26.116416902010812
maxchirp = 26.11661690201081
mincov = 94014279729.5639
maxcov = 9401427972956.39
