
[data]
trigger-time = 1252745511.4241784
injection-file = /work/shashwat.singh/Prospects-of-LGWs/unlens/injection.hdf

[global]
instruments = E1 E2 E3 C1 C2 H1 V1 L1 I1 K1
mass1_ref = 30.000000009363657
mass2_ref = 30.000000007437862
minchirp = 26.11641690619701
maxchirp = 26.11661690619701
mincov = 27686950844.687958
maxcov = 2768695084468.796
