
[data]
trigger-time = 1852091503.2646823
injection-file = /work/shashwat.singh/Prospects-of-LGWs/unlens/injection.hdf

[global]
instruments = E1 E2 E3 C1 C2 H1 V1 L1 I1 K1
mass1_ref = 30.000000003990884
mass2_ref = 30.000000001817522
minchirp = 26.116416901411977
maxchirp = 26.116616901411977
mincov = 108656788725.33585
maxcov = 10865678872533.584
