
[data]
trigger-time = 1792365064.6971936
injection-file = /work/shashwat.singh/Prospects-of-LGWs/unlens/injection.hdf

[global]
instruments = E1 E2 E3 C1 C2 H1 V1 L1 I1 K1
mass1_ref = 30.000000004314852
mass2_ref = 30.00000000123285
minchirp = 26.116416901298503
maxchirp = 26.116616901298503
mincov = 1045339643.2520721
maxcov = 104533964325.20721
