
[data]
trigger-time = 1585759851.571111
injection-file = /work/shashwat.singh/Prospects-of-LGWs/unlens/injection.hdf

[global]
instruments = E1 E2 E3 C1 C2 H1 V1 L1 I1 K1
mass1_ref = 30.000000005851724
mass2_ref = 30.000000004816584
minchirp = 26.116416903527377
maxchirp = 26.116616903527376
mincov = 162748980453.03775
maxcov = 16274898045303.773
