
[data]
trigger-time = 1960249726.3578582
injection-file = /work/shashwat.singh/Prospects-of-LGWs/unlens/injection.hdf

[global]
instruments = E1 E2 E3 C1 C2 H1 V1 L1 I1 K1
mass1_ref = 30.00000000699202
mass2_ref = 30.000000002616037
minchirp = 26.116416903065875
maxchirp = 26.116616903065875
mincov = 41728684269.74654
maxcov = 4172868426974.654
