
[data]
trigger-time = 1140900992.7547705
injection-file = /work/shashwat.singh/Prospects-of-LGWs/unlens/injection.hdf

[global]
instruments = E1 E2 E3 C1 C2 H1 V1 L1 I1 K1
mass1_ref = 30.00000000079883
mass2_ref = 30.00000000202843
minchirp = 26.116416900114363
maxchirp = 26.116616900114362
mincov = 70557620123.8049
maxcov = 7055762012380.49
