
[data]
trigger-time = 1557685296.3962235
injection-file = /work/shashwat.singh/Prospects-of-LGWs/unlens/injection.hdf

[global]
instruments = E1 E2 E3 C1 C2 H1 V1 L1 I1 K1
mass1_ref = 30.000000008863406
mass2_ref = 30.000000009079578
minchirp = 26.116416906693864
maxchirp = 26.116616906693864
mincov = 780072145.4013213
maxcov = 78007214540.13213
