
[data]
trigger-time = 1613352766.466353
injection-file = /work/shashwat.singh/Prospects-of-LGWs/unlens/injection.hdf

[global]
instruments = E1 E2 E3 C1 C2 H1 V1 L1 I1 K1
mass1_ref = 30.000000008478853
mass2_ref = 30.000000006650588
minchirp = 26.116416905469197
maxchirp = 26.116616905469197
mincov = 21512678444.668312
maxcov = 2151267844466.8313
