
[data]
trigger-time = 1790514494.3823266
injection-file = /work/shashwat.singh/Prospects-of-LGWs/unlens/injection.hdf

[global]
instruments = E1 E2 E3 C1 C2 H1 V1 L1 I1 K1
mass1_ref = 30.00000000122672
mass2_ref = 30.00000000117853
minchirp = 26.11641689993067
maxchirp = 26.11661689993067
mincov = 60361455362.471085
maxcov = 6036145536247.108
