
[data]
trigger-time = 1432565418.098946
injection-file = /work/shashwat.singh/Prospects-of-LGWs/unlens/injection.hdf

[global]
instruments = E1 E2 E3 C1 C2 H1 V1 L1 I1 K1
mass1_ref = 30.00000000701184
mass2_ref = 30.000000003882185
minchirp = 26.116416903625623
maxchirp = 26.116616903625623
mincov = 104171089906.54695
maxcov = 10417108990654.695
