
[data]
trigger-time = 1637204118.7923975
injection-file = /work/shashwat.singh/Prospects-of-LGWs/unlens/injection.hdf

[global]
instruments = E1 E2 E3 C1 C2 H1 V1 L1 I1 K1
mass1_ref = 30.00000000882851
mass2_ref = 30.000000005309126
minchirp = 26.11641690503749
maxchirp = 26.11661690503749
mincov = 130657960372.11943
maxcov = 13065796037211.943
