
[data]
trigger-time = 1434955964.9872653
injection-file = /work/shashwat.singh/Prospects-of-LGWs/unlens/injection.hdf

[global]
instruments = E1 E2 E3 C1 C2 H1 V1 L1 I1 K1
mass1_ref = 30.000000002048644
mass2_ref = 30.000000000630994
minchirp = 26.116416900050105
maxchirp = 26.116616900050104
mincov = 131806634452.33952
maxcov = 13180663445233.953
