
[data]
trigger-time = 1699354667.0182426
injection-file = /work/shashwat.singh/Prospects-of-LGWs/unlens/injection.hdf

[global]
instruments = E1 E2 E3 C1 C2 H1 V1 L1 I1 K1
mass1_ref = 30.00000000877528
mass2_ref = 30.00000000305883
minchirp = 26.11641690403482
maxchirp = 26.11661690403482
mincov = 120850870673.66492
maxcov = 12085087067366.492
