
[data]
trigger-time = 1834373812.0128899
injection-file = /work/shashwat.singh/Prospects-of-LGWs/unlens/injection.hdf

[global]
instruments = E1 E2 E3 C1 C2 H1 V1 L1 I1 K1
mass1_ref = 30.00000000957001
mass2_ref = 30.000000005061885
minchirp = 26.116416905252624
maxchirp = 26.116616905252624
mincov = 58317879294.87254
maxcov = 5831787929487.255
