
[data]
trigger-time = 1584215198.6397593
injection-file = /work/shashwat.singh/Prospects-of-LGWs/unlens/injection.hdf

[global]
instruments = E1 E2 E3 C1 C2 H1 V1 L1 I1 K1
mass1_ref = 30.000000009451792
mass2_ref = 30.00000000652211
minchirp = 26.11641690583677
maxchirp = 26.116616905836768
mincov = 169533189860.10352
maxcov = 16953318986010.352
