
[data]
trigger-time = 1181110103.5472703
injection-file = /work/shashwat.singh/Prospects-of-LGWs/unlens/injection.hdf

[global]
instruments = E1 E2 E3 C1 C2 H1 V1 L1 I1 K1
mass1_ref = 30.000000007146383
mass2_ref = 30.000000007440857
minchirp = 26.11641690523319
maxchirp = 26.11661690523319
mincov = 125624458959.83061
maxcov = 12562445895983.062
