
[data]
trigger-time = 1789584783.1310282
injection-file = /work/shashwat.singh/Prospects-of-LGWs/unlens/injection.hdf

[global]
instruments = E1 E2 E3 C1 C2 H1 V1 L1 I1 K1
mass1_ref = 30.000000007800665
mass2_ref = 30.00000000985804
minchirp = 26.116416906570123
maxchirp = 26.116616906570123
mincov = 4980555792.622339
maxcov = 498055579262.2339
