
[data]
trigger-time = 1963354827.9895115
injection-file = /work/shashwat.singh/Prospects-of-LGWs/unlens/injection.hdf

[global]
instruments = E1 E2 E3 C1 C2 H1 V1 L1 I1 K1
mass1_ref = 30.00000000688325
mass2_ref = 30.000000003198892
minchirp = 26.116416903272235
maxchirp = 26.116616903272234
mincov = 44621029035.60072
maxcov = 4462102903560.072
