
[data]
trigger-time = 1587425008.3648148
injection-file = /work/shashwat.singh/Prospects-of-LGWs/unlens/injection.hdf

[global]
instruments = E1 E2 E3 C1 C2 H1 V1 L1 I1 K1
mass1_ref = 30.000000001731884
mass2_ref = 30.000000009206772
minchirp = 26.11641690364505
maxchirp = 26.11661690364505
mincov = 561684410.9748904
maxcov = 56168441097.48903
