
[data]
trigger-time = 1406028694.7196517
injection-file = /work/shashwat.singh/Prospects-of-LGWs/unlens/injection.hdf

[global]
instruments = E1 E2 E3 C1 C2 H1 V1 L1 I1 K1
mass1_ref = 30.000000003488278
mass2_ref = 30.00000000302125
minchirp = 26.116416901717162
maxchirp = 26.116616901717162
mincov = 119753114851.63135
maxcov = 11975311485163.135
