
[data]
trigger-time = 1099184087.3639698
injection-file = /work/shashwat.singh/Prospects-of-LGWs/unlens/injection.hdf

[global]
instruments = E1 E2 E3 C1 C2 H1 V1 L1 I1 K1
mass1_ref = 30.000000005069293
mass2_ref = 30.000000008020447
minchirp = 26.116416904581364
maxchirp = 26.116616904581363
mincov = 24252418773.068104
maxcov = 2425241877306.8105
