
[data]
trigger-time = 1326094385.0886383
injection-file = /work/shashwat.singh/Prospects-of-LGWs/unlens/injection.hdf

[global]
instruments = E1 E2 E3 C1 C2 H1 V1 L1 I1 K1
mass1_ref = 30.000000000685564
mass2_ref = 30.000000000488892
minchirp = 26.116416899394935
maxchirp = 26.116616899394934
mincov = 148360354614.41403
maxcov = 14836035461441.404
