
[data]
trigger-time = 1747774698.5921872
injection-file = /work/shashwat.singh/Prospects-of-LGWs/unlens/injection.hdf

[global]
instruments = E1 E2 E3 C1 C2 H1 V1 L1 I1 K1
mass1_ref = 30.00000000409353
mass2_ref = 30.000000007015757
minchirp = 26.116416903719323
maxchirp = 26.116616903719322
mincov = 9558952119.62592
maxcov = 955895211962.5918
