
[data]
trigger-time = 1880012655.6139414
injection-file = /work/shashwat.singh/Prospects-of-LGWs/unlens/injection.hdf

[global]
instruments = E1 E2 E3 C1 C2 H1 V1 L1 I1 K1
mass1_ref = 30.00000000865655
mass2_ref = 30.00000000019269
minchirp = 26.11641690273558
maxchirp = 26.11661690273558
mincov = 39447287403.23221
maxcov = 3944728740323.2207
