
[data]
trigger-time = 1466492760.4982483
injection-file = /work/shashwat.singh/Prospects-of-LGWs/unlens/injection.hdf

[global]
instruments = E1 E2 E3 C1 C2 H1 V1 L1 I1 K1
mass1_ref = 30.000000009222447
mass2_ref = 30.00000000144079
minchirp = 26.116416903525167
maxchirp = 26.116616903525166
mincov = 90514825690.77393
maxcov = 9051482569077.393
