
[data]
trigger-time = 1740899147.264796
injection-file = /work/shashwat.singh/Prospects-of-LGWs/unlens/injection.hdf

[global]
instruments = E1 E2 E3 C1 C2 H1 V1 L1 I1 K1
mass1_ref = 30.000000005087013
mass2_ref = 30.00000000505484
minchirp = 26.116416903298223
maxchirp = 26.116616903298222
mincov = 66279139155.56592
maxcov = 6627913915556.592
