
[data]
trigger-time = 1951742093.6639767
injection-file = /work/shashwat.singh/Prospects-of-LGWs/unlens/injection.hdf

[global]
instruments = E1 E2 E3 C1 C2 H1 V1 L1 I1 K1
mass1_ref = 30.000000006001784
mass2_ref = 30.000000009020813
minchirp = 26.116416905422692
maxchirp = 26.116616905422692
mincov = 86751857619.59525
maxcov = 8675185761959.523
