
[data]
trigger-time = 1539978139.1829143
injection-file = /work/shashwat.singh/Prospects-of-LGWs/unlens/injection.hdf

[global]
instruments = E1 E2 E3 C1 C2 H1 V1 L1 I1 K1
mass1_ref = 30.000000000129564
mass2_ref = 30.000000001250967
minchirp = 26.116416899484634
maxchirp = 26.116616899484633
mincov = 130413783.5033594
maxcov = 13041378350.335941
