
[data]
trigger-time = 1822724406.624887
injection-file = /work/shashwat.singh/Prospects-of-LGWs/unlens/injection.hdf

[global]
instruments = E1 E2 E3 C1 C2 H1 V1 L1 I1 K1
mass1_ref = 30.00000000105958
mass2_ref = 30.000000003524274
minchirp = 26.116416900878964
maxchirp = 26.116616900878963
mincov = 67638586242.185165
maxcov = 6763858624218.517
