
[data]
trigger-time = 1391790521.0761387
injection-file = /work/shashwat.singh/Prospects-of-LGWs/unlens/injection.hdf

[global]
instruments = E1 E2 E3 C1 C2 H1 V1 L1 I1 K1
mass1_ref = 30.00000000572488
mass2_ref = 30.00000000337999
minchirp = 26.116416902846847
maxchirp = 26.116616902846847
mincov = 12290464743.91554
maxcov = 1229046474391.5542
