
[data]
trigger-time = 1244570791.4541364
injection-file = /work/shashwat.singh/Prospects-of-LGWs/unlens/injection.hdf

[global]
instruments = E1 E2 E3 C1 C2 H1 V1 L1 I1 K1
mass1_ref = 30.00000000602333
mass2_ref = 30.00000000760177
minchirp = 26.116416904814397
maxchirp = 26.116616904814396
mincov = 80720356607.3958
maxcov = 8072035660739.58
