
[data]
trigger-time = 1086531127.623946
injection-file = /work/shashwat.singh/Prospects-of-LGWs/unlens/injection.hdf

[global]
instruments = E1 E2 E3 C1 C2 H1 V1 L1 I1 K1
mass1_ref = 30.000000008884772
mass2_ref = 30.00000000011711
minchirp = 26.116416902802023
maxchirp = 26.116616902802022
mincov = 133964293053.83862
maxcov = 13396429305383.863
