
[data]
trigger-time = 1657669769.1278331
injection-file = /work/shashwat.singh/Prospects-of-LGWs/unlens/injection.hdf

[global]
instruments = E1 E2 E3 C1 C2 H1 V1 L1 I1 K1
mass1_ref = 30.000000000153708
mass2_ref = 30.00000000216508
minchirp = 26.116416899893032
maxchirp = 26.11661689989303
mincov = 38616554959.217026
maxcov = 3861655495921.702
