
[data]
trigger-time = 1303799335.9243097
injection-file = /work/shashwat.singh/Prospects-of-LGWs/unlens/injection.hdf

[global]
instruments = E1 E2 E3 C1 C2 H1 V1 L1 I1 K1
mass1_ref = 30.00000000635008
mass2_ref = 30.000000001642785
minchirp = 26.116416902362822
maxchirp = 26.11661690236282
mincov = 41040473519.65943
maxcov = 4104047351965.943
