
[data]
trigger-time = 1648399838.1574466
injection-file = /work/shashwat.singh/Prospects-of-LGWs/unlens/injection.hdf

[global]
instruments = E1 E2 E3 C1 C2 H1 V1 L1 I1 K1
mass1_ref = 30.000000009895746
mass2_ref = 30.000000004755737
minchirp = 26.116416905261154
maxchirp = 26.116616905261154
mincov = 142152319602.0594
maxcov = 14215231960205.94
