
[data]
trigger-time = 1130892458.3862424
injection-file = /work/shashwat.singh/Prospects-of-LGWs/unlens/injection.hdf

[global]
instruments = E1 E2 E3 C1 C2 H1 V1 L1 I1 K1
mass1_ref = 30.000000000055728
mass2_ref = 30.00000000459378
minchirp = 26.116416900907538
maxchirp = 26.116616900907538
mincov = 10560971603.346119
maxcov = 1056097160334.6118
