
[data]
trigger-time = 1386807580.8405833
injection-file = /work/shashwat.singh/Prospects-of-LGWs/unlens/injection.hdf

[global]
instruments = E1 E2 E3 C1 C2 H1 V1 L1 I1 K1
mass1_ref = 30.000000006683106
mass2_ref = 30.000000006576915
minchirp = 26.116416904655484
maxchirp = 26.116616904655483
mincov = 145625941207.24713
maxcov = 14562594120724.715
