
[data]
trigger-time = 1353546150.3705518
injection-file = /work/shashwat.singh/Prospects-of-LGWs/unlens/injection.hdf

[global]
instruments = E1 E2 E3 C1 C2 H1 V1 L1 I1 K1
mass1_ref = 30.000000003384827
mass2_ref = 30.000000004857494
minchirp = 26.116416902471403
maxchirp = 26.116616902471403
mincov = 44045399329.30168
maxcov = 4404539932930.168
