
[data]
trigger-time = 1388614560.106739
injection-file = /work/shashwat.singh/Prospects-of-LGWs/unlens/injection.hdf

[global]
instruments = E1 E2 E3 C1 C2 H1 V1 L1 I1 K1
mass1_ref = 30.000000005513535
mass2_ref = 30.000000002251664
minchirp = 26.116416902263726
maxchirp = 26.116616902263726
mincov = 153763152946.31787
maxcov = 15376315294631.787
