
[data]
trigger-time = 1954763171.7206132
injection-file = /work/shashwat.singh/Prospects-of-LGWs/unlens/injection.hdf

[global]
instruments = E1 E2 E3 C1 C2 H1 V1 L1 I1 K1
mass1_ref = 30.00000000520448
mass2_ref = 30.00000000730691
minchirp = 26.116416904329625
maxchirp = 26.116616904329625
mincov = 70540473450.27724
maxcov = 7054047345027.724
