
[data]
trigger-time = 1049351798.870701
injection-file = /work/shashwat.singh/Prospects-of-LGWs/unlens/injection.hdf

[global]
instruments = E1 E2 E3 C1 C2 H1 V1 L1 I1 K1
mass1_ref = 30.000000002499927
mass2_ref = 30.000000005514394
minchirp = 26.116416902372162
maxchirp = 26.11661690237216
mincov = 72325770500.77396
maxcov = 7232577050077.396
