
[data]
trigger-time = 1785808687.1040797
injection-file = /work/shashwat.singh/Prospects-of-LGWs/unlens/injection.hdf

[global]
instruments = E1 E2 E3 C1 C2 H1 V1 L1 I1 K1
mass1_ref = 30.000000008544948
mass2_ref = 30.000000009855118
minchirp = 26.116416906892816
maxchirp = 26.116616906892816
mincov = 153749269966.05664
maxcov = 15374926996605.664
