
[data]
trigger-time = 1430835616.7229192
injection-file = /work/shashwat.singh/Prospects-of-LGWs/unlens/injection.hdf

[global]
instruments = E1 E2 E3 C1 C2 H1 V1 L1 I1 K1
mass1_ref = 30.000000008474494
mass2_ref = 30.000000006022642
minchirp = 26.116416905193972
maxchirp = 26.116616905193972
mincov = 168082387546.31702
maxcov = 16808238754631.701
