
[data]
trigger-time = 1043787815.4532516
injection-file = /work/shashwat.singh/Prospects-of-LGWs/unlens/injection.hdf

[global]
instruments = E1 E2 E3 C1 C2 H1 V1 L1 I1 K1
mass1_ref = 30.00000000607263
mass2_ref = 30.000000002249287
minchirp = 26.11641690250605
maxchirp = 26.11661690250605
mincov = 79871846750.81833
maxcov = 7987184675081.834
