
[data]
trigger-time = 1695344860.4311256
injection-file = /work/shashwat.singh/Prospects-of-LGWs/unlens/injection.hdf

[global]
instruments = E1 E2 E3 C1 C2 H1 V1 L1 I1 K1
mass1_ref = 30.000000003296613
mass2_ref = 30.000000001755478
minchirp = 26.116416901082776
maxchirp = 26.116616901082775
mincov = 100574326445.81473
maxcov = 10057432644581.473
