
[data]
trigger-time = 1619322940.436987
injection-file = /work/shashwat.singh/Prospects-of-LGWs/unlens/injection.hdf

[global]
instruments = E1 E2 E3 C1 C2 H1 V1 L1 I1 K1
mass1_ref = 30.0000000026771
mass2_ref = 30.000000008295842
minchirp = 26.116416903659978
maxchirp = 26.116616903659978
mincov = 86263539557.03674
maxcov = 8626353955703.674
