
[data]
trigger-time = 1643493361.349324
injection-file = /work/shashwat.singh/Prospects-of-LGWs/unlens/injection.hdf

[global]
instruments = E1 E2 E3 C1 C2 H1 V1 L1 I1 K1
mass1_ref = 30.000000004828884
mass2_ref = 30.00000000499924
minchirp = 26.116416903161664
maxchirp = 26.116616903161663
mincov = 165418601596.50836
maxcov = 16541860159650.836
