
[data]
trigger-time = 1966789554.59581
injection-file = /work/shashwat.singh/Prospects-of-LGWs/unlens/injection.hdf

[global]
instruments = E1 E2 E3 C1 C2 H1 V1 L1 I1 K1
mass1_ref = 30.000000008263974
mass2_ref = 30.000000002856957
minchirp = 26.116416903724392
maxchirp = 26.116616903724392
mincov = 85835519705.184
maxcov = 8583551970518.4
