
[data]
trigger-time = 1618544584.6787179
injection-file = /work/shashwat.singh/Prospects-of-LGWs/unlens/injection.hdf

[global]
instruments = E1 E2 E3 C1 C2 H1 V1 L1 I1 K1
mass1_ref = 30.000000004949833
mass2_ref = 30.000000007556007
minchirp = 26.11641690432721
maxchirp = 26.11661690432721
mincov = 147302678476.96933
maxcov = 14730267847696.934
