
[data]
trigger-time = 1705969469.0421028
injection-file = /work/shashwat.singh/Prospects-of-LGWs/unlens/injection.hdf

[global]
instruments = E1 E2 E3 C1 C2 H1 V1 L1 I1 K1
mass1_ref = 30.000000005137355
mass2_ref = 30.000000009621406
minchirp = 26.116416905307847
maxchirp = 26.116616905307847
mincov = 142869787606.2538
maxcov = 14286978760625.38
