
[data]
trigger-time = 1980142157.4360266
injection-file = /work/shashwat.singh/Prospects-of-LGWs/unlens/injection.hdf

[global]
instruments = E1 E2 E3 C1 C2 H1 V1 L1 I1 K1
mass1_ref = 30.00000000931893
mass2_ref = 30.000000004262112
minchirp = 26.116416904795216
maxchirp = 26.116616904795215
mincov = 162740710072.52756
maxcov = 16274071007252.756
