
[data]
trigger-time = 1241208561.314934
injection-file = /work/shashwat.singh/Prospects-of-LGWs/unlens/injection.hdf

[global]
instruments = E1 E2 E3 C1 C2 H1 V1 L1 I1 K1
mass1_ref = 30.000000002470184
mass2_ref = 30.000000009977136
minchirp = 26.116416904301733
maxchirp = 26.116616904301733
mincov = 61503416237.06532
maxcov = 6150341623706.532
