
[data]
trigger-time = 1907045412.879137
injection-file = /work/shashwat.singh/Prospects-of-LGWs/unlens/injection.hdf

[global]
instruments = E1 E2 E3 C1 C2 H1 V1 L1 I1 K1
mass1_ref = 30.00000000081407
mass2_ref = 30.000000009799727
minchirp = 26.116416903503648
maxchirp = 26.116616903503648
mincov = 46481724682.3427
maxcov = 4648172468234.27
