
[data]
trigger-time = 1010897836.104215
injection-file = /work/shashwat.singh/Prospects-of-LGWs/unlens/injection.hdf

[global]
instruments = E1 E2 E3 C1 C2 H1 V1 L1 I1 K1
mass1_ref = 30.00000000719997
mass2_ref = 30.00000000624114
minchirp = 26.116416904734308
maxchirp = 26.116616904734308
mincov = 171360100535.07718
maxcov = 17136010053507.717
