
[data]
trigger-time = 1359309849.24658
injection-file = /work/shashwat.singh/Prospects-of-LGWs/unlens/injection.hdf

[global]
instruments = E1 E2 E3 C1 C2 H1 V1 L1 I1 K1
mass1_ref = 30.000000007681003
mass2_ref = 30.00000000421153
minchirp = 26.116416904060248
maxchirp = 26.116616904060248
mincov = 133077438216.05835
maxcov = 13307743821605.836
