
[data]
trigger-time = 1157907959.8961852
injection-file = /work/shashwat.singh/Prospects-of-LGWs/unlens/injection.hdf

[global]
instruments = E1 E2 E3 C1 C2 H1 V1 L1 I1 K1
mass1_ref = 30.00000000116933
mass2_ref = 30.000000008080058
minchirp = 26.116416902909755
maxchirp = 26.116616902909755
mincov = 127454478.7472699
maxcov = 12745447874.72699
