
[data]
trigger-time = 1803496383.8685608
injection-file = /work/shashwat.singh/Prospects-of-LGWs/unlens/injection.hdf

[global]
instruments = E1 E2 E3 C1 C2 H1 V1 L1 I1 K1
mass1_ref = 30.000000005592483
mass2_ref = 30.0000000006563
minchirp = 26.116416901603664
maxchirp = 26.116616901603663
mincov = 65787251500.94043
maxcov = 6578725150094.043
