
[data]
trigger-time = 1099247785.3557396
injection-file = /work/shashwat.singh/Prospects-of-LGWs/unlens/injection.hdf

[global]
instruments = E1 E2 E3 C1 C2 H1 V1 L1 I1 K1
mass1_ref = 30.00000000001717
mass2_ref = 30.00000000027664
minchirp = 26.11641689901161
maxchirp = 26.11661689901161
mincov = 871632033.4290364
maxcov = 87163203342.90363
