
[data]
trigger-time = 1833039899.967903
injection-file = /work/shashwat.singh/Prospects-of-LGWs/unlens/injection.hdf

[global]
instruments = E1 E2 E3 C1 C2 H1 V1 L1 I1 K1
mass1_ref = 30.000000005398263
mass2_ref = 30.000000006355062
minchirp = 26.116416903999657
maxchirp = 26.116616903999656
mincov = 161866594624.36972
maxcov = 16186659462436.973
