
[data]
trigger-time = 1285756188.7955098
injection-file = /work/shashwat.singh/Prospects-of-LGWs/unlens/injection.hdf

[global]
instruments = E1 E2 E3 C1 C2 H1 V1 L1 I1 K1
mass1_ref = 30.000000004544468
mass2_ref = 30.000000000977053
minchirp = 26.116416901287106
maxchirp = 26.116616901287106
mincov = 146347004386.2895
maxcov = 14634700438628.947
