
[data]
trigger-time = 1056337326.0245236
injection-file = /work/shashwat.singh/Prospects-of-LGWs/unlens/injection.hdf

[global]
instruments = E1 E2 E3 C1 C2 H1 V1 L1 I1 K1
mass1_ref = 30.000000002988692
mass2_ref = 30.000000005655565
minchirp = 26.116416902646357
maxchirp = 26.116616902646356
mincov = 105395872753.9548
maxcov = 10539587275395.48
