
[data]
trigger-time = 1662694458.8851368
injection-file = /work/shashwat.singh/Prospects-of-LGWs/unlens/injection.hdf

[global]
instruments = E1 E2 E3 C1 C2 H1 V1 L1 I1 K1
mass1_ref = 30.0000000057489
mass2_ref = 30.000000002146297
minchirp = 26.116416902320307
maxchirp = 26.116616902320306
mincov = 138457296307.7535
maxcov = 13845729630775.352
