
[data]
trigger-time = 1315447112.386176
injection-file = /work/shashwat.singh/Prospects-of-LGWs/unlens/injection.hdf

[global]
instruments = E1 E2 E3 C1 C2 H1 V1 L1 I1 K1
mass1_ref = 30.000000007569472
mass2_ref = 30.00000000212667
minchirp = 26.116416903104216
maxchirp = 26.116616903104216
mincov = 77746327440.98106
maxcov = 7774632744098.106
