
[data]
trigger-time = 1091817938.1518755
injection-file = /work/shashwat.singh/Prospects-of-LGWs/unlens/injection.hdf

[global]
instruments = E1 E2 E3 C1 C2 H1 V1 L1 I1 K1
mass1_ref = 30.00000000594373
mass2_ref = 30.000000004623253
minchirp = 26.116416903483273
maxchirp = 26.116616903483273
mincov = 151709032856.1236
maxcov = 15170903285612.361
