
[data]
trigger-time = 1474105592.4041233
injection-file = /work/shashwat.singh/Prospects-of-LGWs/unlens/injection.hdf

[global]
instruments = E1 E2 E3 C1 C2 H1 V1 L1 I1 K1
mass1_ref = 30.00000000551845
mass2_ref = 30.000000002840935
minchirp = 26.116416902522356
maxchirp = 26.116616902522356
mincov = 62155187519.72986
maxcov = 6215518751972.986
