
[data]
trigger-time = 1443572683.2803102
injection-file = /work/shashwat.singh/Prospects-of-LGWs/unlens/injection.hdf

[global]
instruments = E1 E2 E3 C1 C2 H1 V1 L1 I1 K1
mass1_ref = 30.000000003066585
mass2_ref = 30.000000006841844
minchirp = 26.11641690319662
maxchirp = 26.11661690319662
mincov = 85792832568.46179
maxcov = 8579283256846.18
