
[data]
trigger-time = 1895002190.512187
injection-file = /work/shashwat.singh/Prospects-of-LGWs/unlens/injection.hdf

[global]
instruments = E1 E2 E3 C1 C2 H1 V1 L1 I1 K1
mass1_ref = 30.000000003482526
mass2_ref = 30.000000009517205
minchirp = 26.116416904542188
maxchirp = 26.116616904542187
mincov = 131969415799.26807
maxcov = 13196941579926.807
