
[data]
trigger-time = 1712403032.4666953
injection-file = /work/shashwat.singh/Prospects-of-LGWs/unlens/injection.hdf

[global]
instruments = E1 E2 E3 C1 C2 H1 V1 L1 I1 K1
mass1_ref = 30.000000004133156
mass2_ref = 30.00000000054237
minchirp = 26.116416900918864
maxchirp = 26.116616900918864
mincov = 128993848585.4021
maxcov = 12899384858540.21
