
[data]
trigger-time = 1231230772.7616818
injection-file = /work/shashwat.singh/Prospects-of-LGWs/unlens/injection.hdf

[global]
instruments = E1 E2 E3 C1 C2 H1 V1 L1 I1 K1
mass1_ref = 30.00000000956181
mass2_ref = 30.00000000508927
minchirp = 26.116416905260976
maxchirp = 26.116616905260976
mincov = 167546395663.27722
maxcov = 16754639566327.723
