
[data]
trigger-time = 1449982964.3039181
injection-file = /work/shashwat.singh/Prospects-of-LGWs/unlens/injection.hdf

[global]
instruments = E1 E2 E3 C1 C2 H1 V1 L1 I1 K1
mass1_ref = 30.00000000810548
mass2_ref = 30.000000001988866
minchirp = 26.116416903277543
maxchirp = 26.116616903277542
mincov = 153478570427.84125
maxcov = 15347857042784.123
