
[data]
trigger-time = 1872381534.915983
injection-file = /work/shashwat.singh/Prospects-of-LGWs/unlens/injection.hdf

[global]
instruments = E1 E2 E3 C1 C2 H1 V1 L1 I1 K1
mass1_ref = 30.000000006881567
mass2_ref = 30.000000006746255
minchirp = 26.11641690481558
maxchirp = 26.11661690481558
mincov = 131064079255.46597
maxcov = 13106407925546.598
