
[data]
trigger-time = 1177815354.7167368
injection-file = /work/shashwat.singh/Prospects-of-LGWs/unlens/injection.hdf

[global]
instruments = E1 E2 E3 C1 C2 H1 V1 L1 I1 K1
mass1_ref = 30.00000000680062
mass2_ref = 30.000000007690964
minchirp = 26.116416905191553
maxchirp = 26.116616905191552
mincov = 45535874387.750046
maxcov = 4553587438775.005
