
[data]
trigger-time = 1972861984.6409497
injection-file = /work/shashwat.singh/Prospects-of-LGWs/unlens/injection.hdf

[global]
instruments = E1 E2 E3 C1 C2 H1 V1 L1 I1 K1
mass1_ref = 30.000000002035126
mass2_ref = 30.00000000066042
minchirp = 26.11641690005703
maxchirp = 26.11661690005703
mincov = 171756865603.0228
maxcov = 17175686560302.281
