
[data]
trigger-time = 1217039094.4253283
injection-file = /work/shashwat.singh/Prospects-of-LGWs/unlens/injection.hdf

[global]
instruments = E1 E2 E3 C1 C2 H1 V1 L1 I1 K1
mass1_ref = 30.000000008443926
mass2_ref = 30.000000009313617
minchirp = 26.116416906613143
maxchirp = 26.116616906613142
mincov = 12443326922.348309
maxcov = 1244332692234.831
