
[data]
trigger-time = 1077391537.0302439
injection-file = /work/shashwat.singh/Prospects-of-LGWs/unlens/injection.hdf

[global]
instruments = E1 E2 E3 C1 C2 H1 V1 L1 I1 K1
mass1_ref = 30.000000006744653
mass2_ref = 30.000000003802104
minchirp = 26.116416903474466
maxchirp = 26.116616903474466
mincov = 164971440826.4855
maxcov = 16497144082648.55
