
[data]
trigger-time = 1807735609.965932
injection-file = /work/shashwat.singh/Prospects-of-LGWs/unlens/injection.hdf

[global]
instruments = E1 E2 E3 C1 C2 H1 V1 L1 I1 K1
mass1_ref = 30.000000008782088
mass2_ref = 30.000000004874266
minchirp = 26.116416904827997
maxchirp = 26.116616904827996
mincov = 71483303482.97073
maxcov = 7148330348297.072
