
[data]
trigger-time = 1203941213.1558928
injection-file = /work/shashwat.singh/Prospects-of-LGWs/unlens/injection.hdf

[global]
instruments = E1 E2 E3 C1 C2 H1 V1 L1 I1 K1
mass1_ref = 30.00000000967663
mass2_ref = 30.000000008963664
minchirp = 26.116416906997383
maxchirp = 26.116616906997383
mincov = 7397808642.91449
maxcov = 739780864291.449
