
[data]
trigger-time = 1549112351.4508991
injection-file = /work/shashwat.singh/Prospects-of-LGWs/unlens/injection.hdf

[global]
instruments = E1 E2 E3 C1 C2 H1 V1 L1 I1 K1
mass1_ref = 30.000000006734346
mass2_ref = 30.000000003340908
minchirp = 26.116416903269233
maxchirp = 26.116616903269232
mincov = 116585832590.53008
maxcov = 11658583259053.008
