
[data]
trigger-time = 1380197461.6738148
injection-file = /work/shashwat.singh/Prospects-of-LGWs/unlens/injection.hdf

[global]
instruments = E1 E2 E3 C1 C2 H1 V1 L1 I1 K1
mass1_ref = 30.000000000961016
mass2_ref = 30.000000006469218
minchirp = 26.116416902117923
maxchirp = 26.116616902117922
mincov = 77450688437.5064
maxcov = 7745068843750.64
