
[data]
trigger-time = 1521328044.496602
injection-file = /work/shashwat.singh/Prospects-of-LGWs/unlens/injection.hdf

[global]
instruments = E1 E2 E3 C1 C2 H1 V1 L1 I1 K1
mass1_ref = 30.00000000126065
mass2_ref = 30.000000007408428
minchirp = 26.116416902657157
maxchirp = 26.116616902657157
mincov = 86734953.87272194
maxcov = 8673495387.272194
