
[data]
trigger-time = 1532663320.2389066
injection-file = /work/shashwat.singh/Prospects-of-LGWs/unlens/injection.hdf

[global]
instruments = E1 E2 E3 C1 C2 H1 V1 L1 I1 K1
mass1_ref = 30.000000006546372
mass2_ref = 30.000000002096535
minchirp = 26.116416902645767
maxchirp = 26.116616902645767
mincov = 127254609910.13004
maxcov = 12725460991013.004
