
[data]
trigger-time = 1044446852.017214
injection-file = /work/shashwat.singh/Prospects-of-LGWs/unlens/injection.hdf

[global]
instruments = E1 E2 E3 C1 C2 H1 V1 L1 I1 K1
mass1_ref = 30.000000004466706
mass2_ref = 30.000000009469158
minchirp = 26.116416904949663
maxchirp = 26.116616904949662
mincov = 26589191822.538906
maxcov = 2658919182253.8906
