
[data]
trigger-time = 1267271817.9515674
injection-file = /work/shashwat.singh/Prospects-of-LGWs/unlens/injection.hdf

[global]
instruments = E1 E2 E3 C1 C2 H1 V1 L1 I1 K1
mass1_ref = 30.000000009036167
mass2_ref = 30.000000001202995
minchirp = 26.11641690334058
maxchirp = 26.116616903340578
mincov = 91908417532.52896
maxcov = 9190841753252.896
