
[data]
trigger-time = 1345980100.962484
injection-file = /work/shashwat.singh/Prospects-of-LGWs/unlens/injection.hdf

[global]
instruments = E1 E2 E3 C1 C2 H1 V1 L1 I1 K1
mass1_ref = 30.0000000094116
mass2_ref = 30.000000009027747
minchirp = 26.11641690690992
maxchirp = 26.11661690690992
mincov = 40227568961.18083
maxcov = 4022756896118.0835
