
[data]
trigger-time = 1092842672.3802009
injection-file = /work/shashwat.singh/Prospects-of-LGWs/unlens/injection.hdf

[global]
instruments = E1 E2 E3 C1 C2 H1 V1 L1 I1 K1
mass1_ref = 30.000000001138705
mass2_ref = 30.000000006852478
minchirp = 26.11641690236209
maxchirp = 26.11661690236209
mincov = 163097301981.03134
maxcov = 16309730198103.135
