
[data]
trigger-time = 1581313839.9413667
injection-file = /work/shashwat.singh/Prospects-of-LGWs/unlens/injection.hdf

[global]
instruments = E1 E2 E3 C1 C2 H1 V1 L1 I1 K1
mass1_ref = 30.00000000012295
mass2_ref = 30.000000007465328
minchirp = 26.116416902186714
maxchirp = 26.116616902186713
mincov = 34518074248.0688
maxcov = 3451807424806.88
