
[data]
trigger-time = 1671978128.780984
injection-file = /work/shashwat.singh/Prospects-of-LGWs/unlens/injection.hdf

[global]
instruments = E1 E2 E3 C1 C2 H1 V1 L1 I1 K1
mass1_ref = 30.000000000424677
mass2_ref = 30.000000003508333
minchirp = 26.116416900595667
maxchirp = 26.116616900595666
mincov = 171261617638.3981
maxcov = 17126161763839.809
