
[data]
trigger-time = 1978737418.6665542
injection-file = /work/shashwat.singh/Prospects-of-LGWs/unlens/injection.hdf

[global]
instruments = E1 E2 E3 C1 C2 H1 V1 L1 I1 K1
mass1_ref = 30.000000003892556
mass2_ref = 30.00000000986952
minchirp = 26.116416904874015
maxchirp = 26.116616904874014
mincov = 82252853257.05386
maxcov = 8225285325705.387
