
[data]
trigger-time = 1679419324.4296885
injection-file = /work/shashwat.singh/Prospects-of-LGWs/unlens/injection.hdf

[global]
instruments = E1 E2 E3 C1 C2 H1 V1 L1 I1 K1
mass1_ref = 30.000000007253064
mass2_ref = 30.00000000188338
minchirp = 26.116416902860593
maxchirp = 26.116616902860592
mincov = 47026783812.413635
maxcov = 4702678381241.363
