
[data]
trigger-time = 1855462830.0123358
injection-file = /work/shashwat.singh/Prospects-of-LGWs/unlens/injection.hdf

[global]
instruments = E1 E2 E3 C1 C2 H1 V1 L1 I1 K1
mass1_ref = 30.00000000456365
mass2_ref = 30.000000004970737
minchirp = 26.11641690303381
maxchirp = 26.11661690303381
mincov = 63387795015.0807
maxcov = 6338779501508.07
