
[data]
trigger-time = 1135207141.2863016
injection-file = /work/shashwat.singh/Prospects-of-LGWs/unlens/injection.hdf

[global]
instruments = E1 E2 E3 C1 C2 H1 V1 L1 I1 K1
mass1_ref = 30.000000009677983
mass2_ref = 30.00000000441517
minchirp = 26.116416905018124
maxchirp = 26.116616905018123
mincov = 168987505184.68365
maxcov = 16898750518468.367
