
[data]
trigger-time = 1162498955.294812
injection-file = /work/shashwat.singh/Prospects-of-LGWs/unlens/injection.hdf

[global]
instruments = E1 E2 E3 C1 C2 H1 V1 L1 I1 K1
mass1_ref = 30.000000008527728
mass2_ref = 30.00000000636885
minchirp = 26.116416905367835
maxchirp = 26.116616905367835
mincov = 92743134424.5872
maxcov = 9274313442458.72
