
[data]
trigger-time = 1007267188.932914
injection-file = /work/shashwat.singh/Prospects-of-LGWs/unlens/injection.hdf

[global]
instruments = E1 E2 E3 C1 C2 H1 V1 L1 I1 K1
mass1_ref = 30.00000000883846
mass2_ref = 30.000000007411916
minchirp = 26.11641690595711
maxchirp = 26.11661690595711
mincov = 97879310141.7748
maxcov = 9787931014177.479
