
[data]
trigger-time = 1544884081.7830744
injection-file = /work/shashwat.singh/Prospects-of-LGWs/unlens/injection.hdf

[global]
instruments = E1 E2 E3 C1 C2 H1 V1 L1 I1 K1
mass1_ref = 30.000000007121606
mass2_ref = 30.000000004014222
minchirp = 26.116416903730872
maxchirp = 26.116616903730872
mincov = 56312558342.237625
maxcov = 5631255834223.762
