
[data]
trigger-time = 1636858703.6115108
injection-file = /work/shashwat.singh/Prospects-of-LGWs/unlens/injection.hdf

[global]
instruments = E1 E2 E3 C1 C2 H1 V1 L1 I1 K1
mass1_ref = 30.000000004825225
mass2_ref = 30.0000000093785
minchirp = 26.116416905066252
maxchirp = 26.11661690506625
mincov = 179123938430.14557
maxcov = 17912393843014.555
