
[data]
trigger-time = 1037585009.3660632
injection-file = /work/shashwat.singh/Prospects-of-LGWs/unlens/injection.hdf

[global]
instruments = E1 E2 E3 C1 C2 H1 V1 L1 I1 K1
mass1_ref = 30.00000000773322
mass2_ref = 30.000000003157705
minchirp = 26.116416903624277
maxchirp = 26.116616903624276
mincov = 101242256152.25397
maxcov = 10124225615225.396
