
[data]
trigger-time = 1433779450.6221113
injection-file = /work/shashwat.singh/Prospects-of-LGWs/unlens/injection.hdf

[global]
instruments = E1 E2 E3 C1 C2 H1 V1 L1 I1 K1
mass1_ref = 30.0000000072299
mass2_ref = 30.00000000523689
minchirp = 26.11641690431021
maxchirp = 26.11661690431021
mincov = 23446949682.55691
maxcov = 2344694968255.6914
