
[data]
trigger-time = 1156394548.5106568
injection-file = /work/shashwat.singh/Prospects-of-LGWs/unlens/injection.hdf

[global]
instruments = E1 E2 E3 C1 C2 H1 V1 L1 I1 K1
mass1_ref = 30.000000003741576
mass2_ref = 30.00000000067572
minchirp = 26.116416900806463
maxchirp = 26.116616900806463
mincov = 124990634486.43501
maxcov = 12499063448643.5
