
[data]
trigger-time = 1297770488.218529
injection-file = /work/shashwat.singh/Prospects-of-LGWs/unlens/injection.hdf

[global]
instruments = E1 E2 E3 C1 C2 H1 V1 L1 I1 K1
mass1_ref = 30.000000000542908
mass2_ref = 30.00000000708749
minchirp = 26.116416902205046
maxchirp = 26.116616902205045
mincov = 173901405515.5141
maxcov = 17390140551551.41
