
[data]
trigger-time = 1536176606.3705342
injection-file = /work/shashwat.singh/Prospects-of-LGWs/unlens/injection.hdf

[global]
instruments = E1 E2 E3 C1 C2 H1 V1 L1 I1 K1
mass1_ref = 30.00000000375238
mass2_ref = 30.00000000115463
minchirp = 26.116416901019623
maxchirp = 26.116616901019622
mincov = 55945771616.39048
maxcov = 5594577161639.048
