
[data]
trigger-time = 1233013390.4989545
injection-file = /work/shashwat.singh/Prospects-of-LGWs/unlens/injection.hdf

[global]
instruments = E1 E2 E3 C1 C2 H1 V1 L1 I1 K1
mass1_ref = 30.000000003517258
mass2_ref = 30.000000007337487
minchirp = 26.116416903608528
maxchirp = 26.116616903608527
mincov = 158782029951.44815
maxcov = 15878202995144.814
