
[data]
trigger-time = 1919068328.0422835
injection-file = /work/shashwat.singh/Prospects-of-LGWs/unlens/injection.hdf

[global]
instruments = E1 E2 E3 C1 C2 H1 V1 L1 I1 K1
mass1_ref = 30.0000000070307
mass2_ref = 30.000000003075925
minchirp = 26.11641690328289
maxchirp = 26.11661690328289
mincov = 46589060587.266525
maxcov = 4658906058726.652
