
[data]
trigger-time = 1911792007.085347
injection-file = /work/shashwat.singh/Prospects-of-LGWs/unlens/injection.hdf

[global]
instruments = E1 E2 E3 C1 C2 H1 V1 L1 I1 K1
mass1_ref = 30.000000003589818
mass2_ref = 30.00000000362019
minchirp = 26.116416902022063
maxchirp = 26.116616902022063
mincov = 110569413577.15862
maxcov = 11056941357715.861
