
[data]
trigger-time = 1594211829.37046
injection-file = /work/shashwat.singh/Prospects-of-LGWs/unlens/injection.hdf

[global]
instruments = E1 E2 E3 C1 C2 H1 V1 L1 I1 K1
mass1_ref = 30.000000003415227
mass2_ref = 30.00000000999866
minchirp = 26.11641690472246
maxchirp = 26.11661690472246
mincov = 14596342623.166327
maxcov = 1459634262316.6328
