
[data]
trigger-time = 1093626260.617588
injection-file = /work/shashwat.singh/Prospects-of-LGWs/unlens/injection.hdf

[global]
instruments = E1 E2 E3 C1 C2 H1 V1 L1 I1 K1
mass1_ref = 30.0000000050668
mass2_ref = 30.00000000036234
minchirp = 26.116416901246897
maxchirp = 26.116616901246896
mincov = 94904301295.1024
maxcov = 9490430129510.24
