
[data]
trigger-time = 1690494687.4136167
injection-file = /work/shashwat.singh/Prospects-of-LGWs/unlens/injection.hdf

[global]
instruments = E1 E2 E3 C1 C2 H1 V1 L1 I1 K1
mass1_ref = 30.000000000700005
mass2_ref = 30.00000000173872
minchirp = 26.11641689994524
maxchirp = 26.11661689994524
mincov = 152750778120.73233
maxcov = 15275077812073.232
