
[data]
trigger-time = 1573708276.214395
injection-file = /work/shashwat.singh/Prospects-of-LGWs/unlens/injection.hdf

[global]
instruments = E1 E2 E3 C1 C2 H1 V1 L1 I1 K1
mass1_ref = 30.00000000553916
mass2_ref = 30.000000006988103
minchirp = 26.116416904336532
maxchirp = 26.11661690433653
mincov = 147991930088.18243
maxcov = 14799193008818.244
