
[data]
trigger-time = 1014830450.0856503
injection-file = /work/shashwat.singh/Prospects-of-LGWs/unlens/injection.hdf

[global]
instruments = E1 E2 E3 C1 C2 H1 V1 L1 I1 K1
mass1_ref = 30.000000003079798
mass2_ref = 30.000000006685838
minchirp = 26.116416903134464
maxchirp = 26.116616903134464
mincov = 170916290631.2894
maxcov = 17091629063128.941
