
[data]
trigger-time = 1566841255.5909505
injection-file = /work/shashwat.singh/Prospects-of-LGWs/unlens/injection.hdf

[global]
instruments = E1 E2 E3 C1 C2 H1 V1 L1 I1 K1
mass1_ref = 30.00000000175502
mass2_ref = 30.000000007357563
minchirp = 26.116416902850204
maxchirp = 26.116616902850204
mincov = 170169386157.64188
maxcov = 17016938615764.188
