
[data]
trigger-time = 1411718411.1150475
injection-file = /work/shashwat.singh/Prospects-of-LGWs/unlens/injection.hdf

[global]
instruments = E1 E2 E3 C1 C2 H1 V1 L1 I1 K1
mass1_ref = 30.000000009213338
mass2_ref = 30.000000006683017
minchirp = 26.116416905803014
maxchirp = 26.116616905803014
mincov = 153074386223.34494
maxcov = 15307438622334.494
