
[data]
trigger-time = 1595617218.1323047
injection-file = /work/shashwat.singh/Prospects-of-LGWs/unlens/injection.hdf

[global]
instruments = E1 E2 E3 C1 C2 H1 V1 L1 I1 K1
mass1_ref = 30.000000008945353
mass2_ref = 30.00000000652316
minchirp = 26.116416905616788
maxchirp = 26.116616905616787
mincov = 91525371838.4445
maxcov = 9152537183844.451
