
[data]
trigger-time = 1921890495.8615923
injection-file = /work/shashwat.singh/Prospects-of-LGWs/unlens/injection.hdf

[global]
instruments = E1 E2 E3 C1 C2 H1 V1 L1 I1 K1
mass1_ref = 30.00000000378628
mass2_ref = 30.000000002530314
minchirp = 26.116416901633183
maxchirp = 26.116616901633183
mincov = 77716910212.5422
maxcov = 7771691021254.221
