
[data]
trigger-time = 1802912279.8531313
injection-file = /work/shashwat.singh/Prospects-of-LGWs/unlens/injection.hdf

[global]
instruments = E1 E2 E3 C1 C2 H1 V1 L1 I1 K1
mass1_ref = 30.00000000453484
mass2_ref = 30.000000008603244
minchirp = 26.116416904602406
maxchirp = 26.116616904602406
mincov = 113899627167.19678
maxcov = 11389962716719.678
