
[data]
trigger-time = 1924541670.2786207
injection-file = /work/shashwat.singh/Prospects-of-LGWs/unlens/injection.hdf

[global]
instruments = E1 E2 E3 C1 C2 H1 V1 L1 I1 K1
mass1_ref = 30.000000004547562
mass2_ref = 30.0000000008456
minchirp = 26.116416901231233
maxchirp = 26.116616901231232
mincov = 98299629997.93484
maxcov = 9829962999793.484
