
[data]
trigger-time = 1315682319.0852427
injection-file = /work/shashwat.singh/Prospects-of-LGWs/unlens/injection.hdf

[global]
instruments = E1 E2 E3 C1 C2 H1 V1 L1 I1 K1
mass1_ref = 30.00000000048884
mass2_ref = 30.000000008101566
minchirp = 26.116416902622916
maxchirp = 26.116616902622916
mincov = 121158635799.37761
maxcov = 12115863579937.762
