
[data]
trigger-time = 1892361197.5316029
injection-file = /work/shashwat.singh/Prospects-of-LGWs/unlens/injection.hdf

[global]
instruments = E1 E2 E3 C1 C2 H1 V1 L1 I1 K1
mass1_ref = 30.000000004511595
mass2_ref = 30.000000005930527
minchirp = 26.11641690342892
maxchirp = 26.11661690342892
mincov = 149955521724.35904
maxcov = 14995552172435.902
