
[data]
trigger-time = 1344005346.8954692
injection-file = /work/shashwat.singh/Prospects-of-LGWs/unlens/injection.hdf

[global]
instruments = E1 E2 E3 C1 C2 H1 V1 L1 I1 K1
mass1_ref = 30.00000000254628
mass2_ref = 30.000000001792728
minchirp = 26.116416900772386
maxchirp = 26.116616900772385
mincov = 143274715526.53732
maxcov = 14327471552653.732
