
[data]
trigger-time = 1136906307.7782977
injection-file = /work/shashwat.singh/Prospects-of-LGWs/unlens/injection.hdf

[global]
instruments = E1 E2 E3 C1 C2 H1 V1 L1 I1 K1
mass1_ref = 30.00000000028707
mass2_ref = 30.000000000799627
minchirp = 26.116416899356736
maxchirp = 26.116616899356735
mincov = 178147570265.02884
maxcov = 17814757026502.883
