
[data]
trigger-time = 1778823960.2301872
injection-file = /work/shashwat.singh/Prospects-of-LGWs/unlens/injection.hdf

[global]
instruments = E1 E2 E3 C1 C2 H1 V1 L1 I1 K1
mass1_ref = 30.00000000563253
mass2_ref = 30.00000000612617
minchirp = 26.116416904001994
maxchirp = 26.116616904001994
mincov = 165233386437.06158
maxcov = 16523338643706.156
