
[data]
trigger-time = 1961505931.4429183
injection-file = /work/shashwat.singh/Prospects-of-LGWs/unlens/injection.hdf

[global]
instruments = E1 E2 E3 C1 C2 H1 V1 L1 I1 K1
mass1_ref = 30.000000003717314
mass2_ref = 30.00000000972741
minchirp = 26.116416904735882
maxchirp = 26.11661690473588
mincov = 113864098492.27658
maxcov = 11386409849227.658
