
[data]
trigger-time = 1321645548.768734
injection-file = /work/shashwat.singh/Prospects-of-LGWs/unlens/injection.hdf

[global]
instruments = E1 E2 E3 C1 C2 H1 V1 L1 I1 K1
mass1_ref = 30.000000006417075
mass2_ref = 30.000000005975377
minchirp = 26.116416904277855
maxchirp = 26.116616904277855
mincov = 11002487268.068474
maxcov = 1100248726806.8474
