
[data]
trigger-time = 1555985283.250179
injection-file = /work/shashwat.singh/Prospects-of-LGWs/unlens/injection.hdf

[global]
instruments = E1 E2 E3 C1 C2 H1 V1 L1 I1 K1
mass1_ref = 30.000000004835982
mass2_ref = 30.000000001010438
minchirp = 26.11641690142853
maxchirp = 26.11661690142853
mincov = 35388905433.40156
maxcov = 3538890543340.156
