
[data]
trigger-time = 1174299234.1281476
injection-file = /work/shashwat.singh/Prospects-of-LGWs/unlens/injection.hdf

[global]
instruments = E1 E2 E3 C1 C2 H1 V1 L1 I1 K1
mass1_ref = 30.00000000674775
mass2_ref = 30.00000000966295
minchirp = 26.116416906026895
maxchirp = 26.116616906026895
mincov = 53852592239.38927
maxcov = 5385259223938.927
