
[data]
trigger-time = 1979472445.4036326
injection-file = /work/shashwat.singh/Prospects-of-LGWs/unlens/injection.hdf

[global]
instruments = E1 E2 E3 C1 C2 H1 V1 L1 I1 K1
mass1_ref = 30.000000006883873
mass2_ref = 30.000000004122093
minchirp = 26.11641690367435
maxchirp = 26.11661690367435
mincov = 83856997174.52513
maxcov = 8385699717452.514
