
[data]
trigger-time = 1166345207.3751144
injection-file = /work/shashwat.singh/Prospects-of-LGWs/unlens/injection.hdf

[global]
instruments = E1 E2 E3 C1 C2 H1 V1 L1 I1 K1
mass1_ref = 30.000000007217082
mass2_ref = 30.000000001451536
minchirp = 26.11641690265696
maxchirp = 26.11661690265696
mincov = 103357040464.94218
maxcov = 10335704046494.219
