
[data]
trigger-time = 1169429257.5789285
injection-file = /work/shashwat.singh/Prospects-of-LGWs/unlens/injection.hdf

[global]
instruments = E1 E2 E3 C1 C2 H1 V1 L1 I1 K1
mass1_ref = 30.000000003670475
mass2_ref = 30.000000009088744
minchirp = 26.116416904437497
maxchirp = 26.116616904437496
mincov = 61740868083.71715
maxcov = 6174086808371.715
