
[data]
trigger-time = 1011309602.3754373
injection-file = /work/shashwat.singh/Prospects-of-LGWs/unlens/injection.hdf

[global]
instruments = E1 E2 E3 C1 C2 H1 V1 L1 I1 K1
mass1_ref = 30.000000003558707
mass2_ref = 30.000000000992344
minchirp = 26.116416900864685
maxchirp = 26.116616900864685
mincov = 53423584044.93133
maxcov = 5342358404493.133
