
[data]
trigger-time = 1004163465.1484604
injection-file = /work/shashwat.singh/Prospects-of-LGWs/unlens/injection.hdf

[global]
instruments = E1 E2 E3 C1 C2 H1 V1 L1 I1 K1
mass1_ref = 30.000000007837226
mass2_ref = 30.000000009355357
minchirp = 26.11641690636723
maxchirp = 26.11661690636723
mincov = 59866593632.84176
maxcov = 5986659363284.176
