
[data]
trigger-time = 1425114412.2970455
injection-file = /work/shashwat.singh/Prospects-of-LGWs/unlens/injection.hdf

[global]
instruments = E1 E2 E3 C1 C2 H1 V1 L1 I1 K1
mass1_ref = 30.000000006260745
mass2_ref = 30.000000007011785
minchirp = 26.11641690466093
maxchirp = 26.11661690466093
mincov = 93546004347.4859
maxcov = 9354600434748.59
