
[data]
trigger-time = 1711719025.9666653
injection-file = /work/shashwat.singh/Prospects-of-LGWs/unlens/injection.hdf

[global]
instruments = E1 E2 E3 C1 C2 H1 V1 L1 I1 K1
mass1_ref = 30.00000000856478
mass2_ref = 30.00000000176878
minchirp = 26.116416903381666
maxchirp = 26.116616903381665
mincov = 68496143175.42125
maxcov = 6849614317542.125
