
[data]
trigger-time = 1659574497.1244307
injection-file = /work/shashwat.singh/Prospects-of-LGWs/unlens/injection.hdf

[global]
instruments = E1 E2 E3 C1 C2 H1 V1 L1 I1 K1
mass1_ref = 30.000000003936105
mass2_ref = 30.000000004650012
minchirp = 26.116416902621047
maxchirp = 26.116616902621047
mincov = 162112048655.9608
maxcov = 16211204865596.078
