
[data]
trigger-time = 1270955791.6378214
injection-file = /work/shashwat.singh/Prospects-of-LGWs/unlens/injection.hdf

[global]
instruments = E1 E2 E3 C1 C2 H1 V1 L1 I1 K1
mass1_ref = 30.000000000060883
mass2_ref = 30.000000006438253
minchirp = 26.116416901712636
maxchirp = 26.116616901712636
mincov = 139487724909.11584
maxcov = 13948772490911.584
