
[data]
trigger-time = 1904630294.3423247
injection-file = /work/shashwat.singh/Prospects-of-LGWs/unlens/injection.hdf

[global]
instruments = E1 E2 E3 C1 C2 H1 V1 L1 I1 K1
mass1_ref = 30.000000002259906
mass2_ref = 30.000000002160114
minchirp = 26.11641690080765
maxchirp = 26.11661690080765
mincov = 174488521927.60785
maxcov = 17448852192760.785
