
[data]
trigger-time = 1122856636.9242947
injection-file = /work/shashwat.singh/Prospects-of-LGWs/unlens/injection.hdf

[global]
instruments = E1 E2 E3 C1 C2 H1 V1 L1 I1 K1
mass1_ref = 30.00000000485176
mass2_ref = 30.000000009132854
minchirp = 26.116416904970883
maxchirp = 26.116616904970883
mincov = 110759698201.3003
maxcov = 11075969820130.03
