
[data]
trigger-time = 1869414743.4008012
injection-file = /work/shashwat.singh/Prospects-of-LGWs/unlens/injection.hdf

[global]
instruments = E1 E2 E3 C1 C2 H1 V1 L1 I1 K1
mass1_ref = 30.00000000090596
mass2_ref = 30.000000004836398
minchirp = 26.11641690138323
maxchirp = 26.116616901383228
mincov = 115838058431.55893
maxcov = 11583805843155.895
