
[data]
trigger-time = 1420130682.6748857
injection-file = /work/shashwat.singh/Prospects-of-LGWs/unlens/injection.hdf

[global]
instruments = E1 E2 E3 C1 C2 H1 V1 L1 I1 K1
mass1_ref = 30.00000000952262
mass2_ref = 30.000000007716963
minchirp = 26.11641690638769
maxchirp = 26.11661690638769
mincov = 44078664825.93433
maxcov = 4407866482593.434
