
[data]
trigger-time = 1710236476.6799617
injection-file = /work/shashwat.singh/Prospects-of-LGWs/unlens/injection.hdf

[global]
instruments = E1 E2 E3 C1 C2 H1 V1 L1 I1 K1
mass1_ref = 30.000000006537356
mass2_ref = 30.00000000737157
minchirp = 26.116416904937935
maxchirp = 26.116616904937935
mincov = 175620869946.13336
maxcov = 17562086994613.336
