
[data]
trigger-time = 1956231105.3844817
injection-file = /work/shashwat.singh/Prospects-of-LGWs/unlens/injection.hdf

[global]
instruments = E1 E2 E3 C1 C2 H1 V1 L1 I1 K1
mass1_ref = 30.000000005347093
mass2_ref = 30.000000009804122
minchirp = 26.116416905478673
maxchirp = 26.116616905478672
mincov = 116775936095.81006
maxcov = 11677593609581.006
