
[data]
trigger-time = 1450048981.4663773
injection-file = /work/shashwat.singh/Prospects-of-LGWs/unlens/injection.hdf

[global]
instruments = E1 E2 E3 C1 C2 H1 V1 L1 I1 K1
mass1_ref = 30.000000002834867
mass2_ref = 30.000000005604182
minchirp = 26.116416902557035
maxchirp = 26.116616902557034
mincov = 118837283319.10428
maxcov = 11883728331910.428
