
[data]
trigger-time = 1338498150.5326293
injection-file = /work/shashwat.singh/Prospects-of-LGWs/unlens/injection.hdf

[global]
instruments = E1 E2 E3 C1 C2 H1 V1 L1 I1 K1
mass1_ref = 30.000000003237336
mass2_ref = 30.000000001717314
minchirp = 26.11641690104036
maxchirp = 26.11661690104036
mincov = 97743656745.949
maxcov = 9774365674594.9
