
[data]
trigger-time = 1785589920.991194
injection-file = /work/shashwat.singh/Prospects-of-LGWs/unlens/injection.hdf

[global]
instruments = E1 E2 E3 C1 C2 H1 V1 L1 I1 K1
mass1_ref = 30.000000006399674
mass2_ref = 30.00000000978081
minchirp = 26.11641690592669
maxchirp = 26.11661690592669
mincov = 6392695417.161814
maxcov = 639269541716.1814
