
[data]
trigger-time = 1024306592.6808267
injection-file = /work/shashwat.singh/Prospects-of-LGWs/unlens/injection.hdf

[global]
instruments = E1 E2 E3 C1 C2 H1 V1 L1 I1 K1
mass1_ref = 30.000000009856528
mass2_ref = 30.000000005494673
minchirp = 26.116416905565725
maxchirp = 26.116616905565724
mincov = 110262968421.73486
maxcov = 11026296842173.486
