
[data]
trigger-time = 1091526095.8683996
injection-file = /work/shashwat.singh/Prospects-of-LGWs/unlens/injection.hdf

[global]
instruments = E1 E2 E3 C1 C2 H1 V1 L1 I1 K1
mass1_ref = 30.00000000873135
mass2_ref = 30.000000001336776
minchirp = 26.11641690326613
maxchirp = 26.11661690326613
mincov = 43331114486.24396
maxcov = 4333111448624.3955
