
[data]
trigger-time = 1218624475.6374989
injection-file = /work/shashwat.singh/Prospects-of-LGWs/unlens/injection.hdf

[global]
instruments = E1 E2 E3 C1 C2 H1 V1 L1 I1 K1
mass1_ref = 30.000000005794572
mass2_ref = 30.000000008805507
minchirp = 26.11641690523878
maxchirp = 26.11661690523878
mincov = 40404472333.9439
maxcov = 4040447233394.39
