
[data]
trigger-time = 1159709534.349546
injection-file = /work/shashwat.singh/Prospects-of-LGWs/unlens/injection.hdf

[global]
instruments = E1 E2 E3 C1 C2 H1 V1 L1 I1 K1
mass1_ref = 30.000000006421995
mass2_ref = 30.00000000634141
minchirp = 26.11641690443932
maxchirp = 26.11661690443932
mincov = 150591111464.255
maxcov = 15059111146425.5
