
[data]
trigger-time = 1861929393.3639812
injection-file = /work/shashwat.singh/Prospects-of-LGWs/unlens/injection.hdf

[global]
instruments = E1 E2 E3 C1 C2 H1 V1 L1 I1 K1
mass1_ref = 30.000000008815437
mass2_ref = 30.000000004102667
minchirp = 26.116416904506657
maxchirp = 26.116616904506657
mincov = 142382353833.44214
maxcov = 14238235383344.215
