
[data]
trigger-time = 1700756815.5850663
injection-file = /work/shashwat.singh/Prospects-of-LGWs/unlens/injection.hdf

[global]
instruments = E1 E2 E3 C1 C2 H1 V1 L1 I1 K1
mass1_ref = 30.000000007418688
mass2_ref = 30.000000007820063
minchirp = 26.116416905516775
maxchirp = 26.116616905516775
mincov = 129008802194.6792
maxcov = 12900880219467.92
