
[data]
trigger-time = 1057719575.4163086
injection-file = /work/shashwat.singh/Prospects-of-LGWs/unlens/injection.hdf

[global]
instruments = E1 E2 E3 C1 C2 H1 V1 L1 I1 K1
mass1_ref = 30.000000001512284
mass2_ref = 30.000000007555194
minchirp = 26.116416902830572
maxchirp = 26.11661690283057
mincov = 52302565162.449455
maxcov = 5230256516244.945
