
[data]
trigger-time = 1202530504.8122764
injection-file = /work/shashwat.singh/Prospects-of-LGWs/unlens/injection.hdf

[global]
instruments = E1 E2 E3 C1 C2 H1 V1 L1 I1 K1
mass1_ref = 30.000000003707612
mass2_ref = 30.000000001565244
minchirp = 26.11641690117887
maxchirp = 26.11661690117887
mincov = 157612335932.26935
maxcov = 15761233593226.936
