
[data]
trigger-time = 1265662010.3326187
injection-file = /work/shashwat.singh/Prospects-of-LGWs/unlens/injection.hdf

[global]
instruments = E1 E2 E3 C1 C2 H1 V1 L1 I1 K1
mass1_ref = 30.000000005362317
mass2_ref = 30.00000000615367
minchirp = 26.116416903896347
maxchirp = 26.116616903896347
mincov = 5150889861.43493
maxcov = 515088986143.493
