
[data]
trigger-time = 1834167636.0056796
injection-file = /work/shashwat.singh/Prospects-of-LGWs/unlens/injection.hdf

[global]
instruments = E1 E2 E3 C1 C2 H1 V1 L1 I1 K1
mass1_ref = 30.000000002269353
mass2_ref = 30.000000004000885
minchirp = 26.116416901613004
maxchirp = 26.116616901613003
mincov = 96215274776.24634
maxcov = 9621527477624.633
