
[data]
trigger-time = 1325841941.9925456
injection-file = /work/shashwat.singh/Prospects-of-LGWs/unlens/injection.hdf

[global]
instruments = E1 E2 E3 C1 C2 H1 V1 L1 I1 K1
mass1_ref = 30.000000003407095
mass2_ref = 30.00000000472371
minchirp = 26.116416902422863
maxchirp = 26.116616902422862
mincov = 121888582054.45273
maxcov = 12188858205445.273
