
[data]
trigger-time = 1044581770.0509473
injection-file = /work/shashwat.singh/Prospects-of-LGWs/unlens/injection.hdf

[global]
instruments = E1 E2 E3 C1 C2 H1 V1 L1 I1 K1
mass1_ref = 30.000000002989236
mass2_ref = 30.000000004991648
minchirp = 26.116416902357606
maxchirp = 26.116616902357606
mincov = 19511447977.225197
maxcov = 1951144797722.5198
