
[data]
trigger-time = 1608045489.2526906
injection-file = /work/shashwat.singh/Prospects-of-LGWs/unlens/injection.hdf

[global]
instruments = E1 E2 E3 C1 C2 H1 V1 L1 I1 K1
mass1_ref = 30.000000004686573
mass2_ref = 30.000000009314345
minchirp = 26.116416904977978
maxchirp = 26.116616904977977
mincov = 164787408394.17163
maxcov = 16478740839417.164
