
[data]
trigger-time = 1236053690.8840537
injection-file = /work/shashwat.singh/Prospects-of-LGWs/unlens/injection.hdf

[global]
instruments = E1 E2 E3 C1 C2 H1 V1 L1 I1 K1
mass1_ref = 30.00000000070194
mass2_ref = 30.00000000970095
minchirp = 26.116416903411846
maxchirp = 26.116616903411845
mincov = 150404905547.81378
maxcov = 15040490554781.379
