
[data]
trigger-time = 1116574096.8225079
injection-file = /work/shashwat.singh/Prospects-of-LGWs/unlens/injection.hdf

[global]
instruments = E1 E2 E3 C1 C2 H1 V1 L1 I1 K1
mass1_ref = 30.000000008644818
mass2_ref = 30.00000000278941
minchirp = 26.116416903860763
maxchirp = 26.116616903860763
mincov = 65837502637.94631
maxcov = 6583750263794.631
