
[data]
trigger-time = 1896323928.0553045
injection-file = /work/shashwat.singh/Prospects-of-LGWs/unlens/injection.hdf

[global]
instruments = E1 E2 E3 C1 C2 H1 V1 L1 I1 K1
mass1_ref = 30.000000005832355
mass2_ref = 30.00000000737279
minchirp = 26.1164169046316
maxchirp = 26.1166169046316
mincov = 118752332465.27312
maxcov = 11875233246527.312
