
[data]
trigger-time = 1625704153.54106
injection-file = /work/shashwat.singh/Prospects-of-LGWs/unlens/injection.hdf

[global]
instruments = E1 E2 E3 C1 C2 H1 V1 L1 I1 K1
mass1_ref = 30.000000007473577
mass2_ref = 30.0000000078771
minchirp = 26.116416905565494
maxchirp = 26.116616905565493
mincov = 3949443464.0883026
maxcov = 394944346408.83026
