
[data]
trigger-time = 1223862316.3707645
injection-file = /work/shashwat.singh/Prospects-of-LGWs/unlens/injection.hdf

[global]
instruments = E1 E2 E3 C1 C2 H1 V1 L1 I1 K1
mass1_ref = 30.00000000911046
mass2_ref = 30.00000000517291
minchirp = 26.116416905100923
maxchirp = 26.116616905100923
mincov = 6745572635.299067
maxcov = 674557263529.9066
