
[data]
trigger-time = 1815023344.2182143
injection-file = /work/shashwat.singh/Prospects-of-LGWs/unlens/injection.hdf

[global]
instruments = E1 E2 E3 C1 C2 H1 V1 L1 I1 K1
mass1_ref = 30.000000000068788
mass2_ref = 30.00000000185184
minchirp = 26.116416899719727
maxchirp = 26.116616899719727
mincov = 173126423838.60693
maxcov = 17312642383860.693
