
[data]
trigger-time = 1274575944.429317
injection-file = /work/shashwat.singh/Prospects-of-LGWs/unlens/injection.hdf

[global]
instruments = E1 E2 E3 C1 C2 H1 V1 L1 I1 K1
mass1_ref = 30.000000006924008
mass2_ref = 30.000000008011803
minchirp = 26.116416905384913
maxchirp = 26.116616905384912
mincov = 140448275987.54413
maxcov = 14044827598754.412
