
[data]
trigger-time = 1773258675.238842
injection-file = /work/shashwat.singh/Prospects-of-LGWs/unlens/injection.hdf

[global]
instruments = E1 E2 E3 C1 C2 H1 V1 L1 I1 K1
mass1_ref = 30.000000000934282
mass2_ref = 30.0000000096451
minchirp = 26.11641690348867
maxchirp = 26.11661690348867
mincov = 91827389619.65231
maxcov = 9182738961965.23
