
[data]
trigger-time = 1824744726.8992705
injection-file = /work/shashwat.singh/Prospects-of-LGWs/unlens/injection.hdf

[global]
instruments = E1 E2 E3 C1 C2 H1 V1 L1 I1 K1
mass1_ref = 30.00000000404138
mass2_ref = 30.0000000002329
minchirp = 26.116416900744213
maxchirp = 26.116616900744212
mincov = 101845512694.29648
maxcov = 10184551269429.646
