
[data]
trigger-time = 1707562958.8774247
injection-file = /work/shashwat.singh/Prospects-of-LGWs/unlens/injection.hdf

[global]
instruments = E1 E2 E3 C1 C2 H1 V1 L1 I1 K1
mass1_ref = 30.000000005680228
mass2_ref = 30.000000007019118
minchirp = 26.116416904411434
maxchirp = 26.116616904411433
mincov = 17400556527.322716
maxcov = 1740055652732.2715
