
[data]
trigger-time = 1213797614.0904408
injection-file = /work/shashwat.singh/Prospects-of-LGWs/unlens/injection.hdf

[global]
instruments = E1 E2 E3 C1 C2 H1 V1 L1 I1 K1
mass1_ref = 30.000000000604818
mass2_ref = 30.000000008870565
minchirp = 26.116416903008126
maxchirp = 26.116616903008126
mincov = 149264225545.84314
maxcov = 14926422554584.314
