
[data]
trigger-time = 1895845965.8489249
injection-file = /work/shashwat.singh/Prospects-of-LGWs/unlens/injection.hdf

[global]
instruments = E1 E2 E3 C1 C2 H1 V1 L1 I1 K1
mass1_ref = 30.00000000721361
mass2_ref = 30.000000007744802
minchirp = 26.116416905394754
maxchirp = 26.116616905394753
mincov = 143910164121.19446
maxcov = 14391016412119.445
