
[data]
trigger-time = 1068108538.5848823
injection-file = /work/shashwat.singh/Prospects-of-LGWs/unlens/injection.hdf

[global]
instruments = E1 E2 E3 C1 C2 H1 V1 L1 I1 K1
mass1_ref = 30.00000000611978
mass2_ref = 30.000000002051614
minchirp = 26.11641690244053
maxchirp = 26.11661690244053
mincov = 158693248360.86066
maxcov = 15869324836086.066
