
[data]
trigger-time = 1487417037.4227338
injection-file = /work/shashwat.singh/Prospects-of-LGWs/unlens/injection.hdf

[global]
instruments = E1 E2 E3 C1 C2 H1 V1 L1 I1 K1
mass1_ref = 30.000000006224692
mass2_ref = 30.000000008318924
minchirp = 26.1164169052142
maxchirp = 26.1166169052142
mincov = 54981089560.08887
maxcov = 5498108956008.887
