
[data]
trigger-time = 1837853282.902091
injection-file = /work/shashwat.singh/Prospects-of-LGWs/unlens/injection.hdf

[global]
instruments = E1 E2 E3 C1 C2 H1 V1 L1 I1 K1
mass1_ref = 30.00000000040609
mass2_ref = 30.000000002624112
minchirp = 26.116416900202697
maxchirp = 26.116616900202697
mincov = 120896036591.56229
maxcov = 12089603659156.229
