
[data]
trigger-time = 1843761366.6525235
injection-file = /work/shashwat.singh/Prospects-of-LGWs/unlens/injection.hdf

[global]
instruments = E1 E2 E3 C1 C2 H1 V1 L1 I1 K1
mass1_ref = 30.000000001017245
mass2_ref = 30.000000009869023
minchirp = 26.116416903622248
maxchirp = 26.116616903622248
mincov = 8394368482.837545
maxcov = 839436848283.7546
