
[data]
trigger-time = 1084733506.1149137
injection-file = /work/shashwat.singh/Prospects-of-LGWs/unlens/injection.hdf

[global]
instruments = E1 E2 E3 C1 C2 H1 V1 L1 I1 K1
mass1_ref = 30.000000007109115
mass2_ref = 30.0000000013192
minchirp = 26.116416902552363
maxchirp = 26.116616902552362
mincov = 163598536680.41388
maxcov = 16359853668041.389
