
[data]
trigger-time = 1226771809.1626477
injection-file = /work/shashwat.singh/Prospects-of-LGWs/unlens/injection.hdf

[global]
instruments = E1 E2 E3 C1 C2 H1 V1 L1 I1 K1
mass1_ref = 30.000000002797375
mass2_ref = 30.000000007975554
minchirp = 26.116416903572915
maxchirp = 26.116616903572915
mincov = 111465705457.21667
maxcov = 11146570545721.668
