
[data]
trigger-time = 1237425593.2550962
injection-file = /work/shashwat.singh/Prospects-of-LGWs/unlens/injection.hdf

[global]
instruments = E1 E2 E3 C1 C2 H1 V1 L1 I1 K1
mass1_ref = 30.000000007570907
mass2_ref = 30.00000000194591
minchirp = 26.11641690302616
maxchirp = 26.11661690302616
mincov = 145358273392.1515
maxcov = 14535827339215.148
