
[data]
trigger-time = 1389076753.3503695
injection-file = /work/shashwat.singh/Prospects-of-LGWs/unlens/injection.hdf

[global]
instruments = E1 E2 E3 C1 C2 H1 V1 L1 I1 K1
mass1_ref = 30.00000000065944
mass2_ref = 30.00000000214991
minchirp = 26.116416900106564
maxchirp = 26.116616900106564
mincov = 129933250223.53235
maxcov = 12993325022353.234
