
[data]
trigger-time = 1364606702.5279074
injection-file = /work/shashwat.singh/Prospects-of-LGWs/unlens/injection.hdf

[global]
instruments = E1 E2 E3 C1 C2 H1 V1 L1 I1 K1
mass1_ref = 30.000000001984372
mass2_ref = 30.000000002364736
minchirp = 26.116416900776784
maxchirp = 26.116616900776783
mincov = 157748030430.2724
maxcov = 15774803043027.238
