
[data]
trigger-time = 1763798947.479141
injection-file = /work/shashwat.singh/Prospects-of-LGWs/unlens/injection.hdf

[global]
instruments = E1 E2 E3 C1 C2 H1 V1 L1 I1 K1
mass1_ref = 30.00000000488105
mass2_ref = 30.000000007707687
minchirp = 26.11641690436329
maxchirp = 26.11661690436329
mincov = 150859386641.11932
maxcov = 15085938664111.934
