
[data]
trigger-time = 1707487024.0241141
injection-file = /work/shashwat.singh/Prospects-of-LGWs/unlens/injection.hdf

[global]
instruments = E1 E2 E3 C1 C2 H1 V1 L1 I1 K1
mass1_ref = 30.000000004309822
mass2_ref = 30.000000007355442
minchirp = 26.116416903961326
maxchirp = 26.116616903961326
mincov = 54592896003.5323
maxcov = 5459289600353.23
