
[data]
trigger-time = 1343626153.0244958
injection-file = /work/shashwat.singh/Prospects-of-LGWs/unlens/injection.hdf

[global]
instruments = E1 E2 E3 C1 C2 H1 V1 L1 I1 K1
mass1_ref = 30.00000000324
mass2_ref = 30.000000007737153
minchirp = 26.116416903661808
maxchirp = 26.116616903661807
mincov = 18342706990.427425
maxcov = 1834270699042.7427
