
[data]
trigger-time = 1093851038.3176277
injection-file = /work/shashwat.singh/Prospects-of-LGWs/unlens/injection.hdf

[global]
instruments = E1 E2 E3 C1 C2 H1 V1 L1 I1 K1
mass1_ref = 30.000000006154746
mass2_ref = 30.000000007876267
minchirp = 26.116416904991077
maxchirp = 26.116616904991076
mincov = 110717355415.5741
maxcov = 11071735541557.41
