
[data]
trigger-time = 1757913201.1611943
injection-file = /work/shashwat.singh/Prospects-of-LGWs/unlens/injection.hdf

[global]
instruments = E1 E2 E3 C1 C2 H1 V1 L1 I1 K1
mass1_ref = 30.000000002874796
mass2_ref = 30.00000000677175
minchirp = 26.116416903082627
maxchirp = 26.116616903082626
mincov = 403651013.027957
maxcov = 40365101302.7957
