
[data]
trigger-time = 1823671336.1037803
injection-file = /work/shashwat.singh/Prospects-of-LGWs/unlens/injection.hdf

[global]
instruments = E1 E2 E3 C1 C2 H1 V1 L1 I1 K1
mass1_ref = 30.0000000071525
mass2_ref = 30.000000007752252
minchirp = 26.116416905371395
maxchirp = 26.116616905371394
mincov = 20022673098.126225
maxcov = 2002267309812.6223
