
[data]
trigger-time = 1416690370.6281683
injection-file = /work/shashwat.singh/Prospects-of-LGWs/unlens/injection.hdf

[global]
instruments = E1 E2 E3 C1 C2 H1 V1 L1 I1 K1
mass1_ref = 30.000000004257725
mass2_ref = 30.000000006924942
minchirp = 26.11641690375126
maxchirp = 26.11661690375126
mincov = 45589250467.143684
maxcov = 4558925046714.368
