
[data]
trigger-time = 1112762088.067292
injection-file = /work/shashwat.singh/Prospects-of-LGWs/unlens/injection.hdf

[global]
instruments = E1 E2 E3 C1 C2 H1 V1 L1 I1 K1
mass1_ref = 30.000000004441674
mass2_ref = 30.000000000767468
minchirp = 26.116416901151137
maxchirp = 26.116616901151136
mincov = 86688007758.10385
maxcov = 8668800775810.385
