
[data]
trigger-time = 1253946313.5952384
injection-file = /work/shashwat.singh/Prospects-of-LGWs/unlens/injection.hdf

[global]
instruments = E1 E2 E3 C1 C2 H1 V1 L1 I1 K1
mass1_ref = 30.00000000543214
mass2_ref = 30.000000001295835
minchirp = 26.116416901812244
maxchirp = 26.116616901812243
mincov = 25330661097.897224
maxcov = 2533066109789.7227
