
[data]
trigger-time = 1582197294.4639454
injection-file = /work/shashwat.singh/Prospects-of-LGWs/unlens/injection.hdf

[global]
instruments = E1 E2 E3 C1 C2 H1 V1 L1 I1 K1
mass1_ref = 30.000000006687635
mass2_ref = 30.00000000471673
minchirp = 26.116416903847764
maxchirp = 26.116616903847763
mincov = 72537495579.81856
maxcov = 7253749557981.855
