
[data]
trigger-time = 1128190726.3945189
injection-file = /work/shashwat.singh/Prospects-of-LGWs/unlens/injection.hdf

[global]
instruments = E1 E2 E3 C1 C2 H1 V1 L1 I1 K1
mass1_ref = 30.000000008916164
mass2_ref = 30.000000004177057
minchirp = 26.11641690458288
maxchirp = 26.11661690458288
mincov = 67519533233.38916
maxcov = 6751953323338.916
