
[data]
trigger-time = 1945248231.2071853
injection-file = /work/shashwat.singh/Prospects-of-LGWs/unlens/injection.hdf

[global]
instruments = E1 E2 E3 C1 C2 H1 V1 L1 I1 K1
mass1_ref = 30.0000000093971
mass2_ref = 30.000000002488946
minchirp = 26.116416904057424
maxchirp = 26.116616904057423
mincov = 59903359707.9265
maxcov = 5990335970792.65
