
[data]
trigger-time = 1269142007.8342938
injection-file = /work/shashwat.singh/Prospects-of-LGWs/unlens/injection.hdf

[global]
instruments = E1 E2 E3 C1 C2 H1 V1 L1 I1 K1
mass1_ref = 30.000000007530144
mass2_ref = 30.00000000643438
minchirp = 26.116416904962136
maxchirp = 26.116616904962136
mincov = 72991465355.48604
maxcov = 7299146535548.604
