
[data]
trigger-time = 1500524569.6907954
injection-file = /work/shashwat.singh/Prospects-of-LGWs/unlens/injection.hdf

[global]
instruments = E1 E2 E3 C1 C2 H1 V1 L1 I1 K1
mass1_ref = 30.000000009297672
mass2_ref = 30.000000000403134
minchirp = 26.116416903106245
maxchirp = 26.116616903106245
mincov = 16854230957.192719
maxcov = 1685423095719.272
