
[data]
trigger-time = 1247766650.79336
injection-file = /work/shashwat.singh/Prospects-of-LGWs/unlens/injection.hdf

[global]
instruments = E1 E2 E3 C1 C2 H1 V1 L1 I1 K1
mass1_ref = 30.000000003703924
mass2_ref = 30.00000000548087
minchirp = 26.11641690288164
maxchirp = 26.11661690288164
mincov = 440206188.509338
maxcov = 44020618850.9338
