
[data]
trigger-time = 1494047617.827309
injection-file = /work/shashwat.singh/Prospects-of-LGWs/unlens/injection.hdf

[global]
instruments = E1 E2 E3 C1 C2 H1 V1 L1 I1 K1
mass1_ref = 30.00000000737137
mass2_ref = 30.000000009108913
minchirp = 26.116416906057186
maxchirp = 26.116616906057185
mincov = 76838414800.10948
maxcov = 7683841480010.948
