
[data]
trigger-time = 1117711914.5818346
injection-file = /work/shashwat.singh/Prospects-of-LGWs/unlens/injection.hdf

[global]
instruments = E1 E2 E3 C1 C2 H1 V1 L1 I1 K1
mass1_ref = 30.00000000128128
mass2_ref = 30.000000009459402
minchirp = 26.11641690355888
maxchirp = 26.116616903558878
mincov = 114163859559.10307
maxcov = 11416385955910.309
