
[data]
trigger-time = 1890069671.864697
injection-file = /work/shashwat.singh/Prospects-of-LGWs/unlens/injection.hdf

[global]
instruments = E1 E2 E3 C1 C2 H1 V1 L1 I1 K1
mass1_ref = 30.000000009902774
mass2_ref = 30.00000000190802
minchirp = 26.11641690402467
maxchirp = 26.11661690402467
mincov = 47585033331.4391
maxcov = 4758503333143.91
