
[data]
trigger-time = 1986348546.7095757
injection-file = /work/shashwat.singh/Prospects-of-LGWs/unlens/injection.hdf

[global]
instruments = E1 E2 E3 C1 C2 H1 V1 L1 I1 K1
mass1_ref = 30.000000002714103
mass2_ref = 30.000000008998185
minchirp = 26.116416903981793
maxchirp = 26.116616903981793
mincov = 5014146010.196344
maxcov = 501414601019.6344
