
[data]
trigger-time = 1359462163.2677555
injection-file = /work/shashwat.singh/Prospects-of-LGWs/unlens/injection.hdf

[global]
instruments = E1 E2 E3 C1 C2 H1 V1 L1 I1 K1
mass1_ref = 30.00000000128504
mass2_ref = 30.00000000776126
minchirp = 26.116416902821356
maxchirp = 26.116616902821356
mincov = 133397692630.41483
maxcov = 13339769263041.482
