
[data]
trigger-time = 1880889541.5824661
injection-file = /work/shashwat.singh/Prospects-of-LGWs/unlens/injection.hdf

[global]
instruments = E1 E2 E3 C1 C2 H1 V1 L1 I1 K1
mass1_ref = 30.000000008017953
mass2_ref = 30.000000008980752
minchirp = 26.11641690628284
maxchirp = 26.11661690628284
mincov = 124711394926.92781
maxcov = 12471139492692.781
