
[data]
trigger-time = 1518610674.8753614
injection-file = /work/shashwat.singh/Prospects-of-LGWs/unlens/injection.hdf

[global]
instruments = E1 E2 E3 C1 C2 H1 V1 L1 I1 K1
mass1_ref = 30.0000000045527
mass2_ref = 30.00000000773459
minchirp = 26.11641690423208
maxchirp = 26.116616904232078
mincov = 85783636520.49487
maxcov = 8578363652049.487
