
[data]
trigger-time = 1733184418.1636453
injection-file = /work/shashwat.singh/Prospects-of-LGWs/unlens/injection.hdf

[global]
instruments = E1 E2 E3 C1 C2 H1 V1 L1 I1 K1
mass1_ref = 30.000000001499547
mass2_ref = 30.00000000089694
minchirp = 26.116416899926858
maxchirp = 26.116616899926857
mincov = 22837203104.723473
maxcov = 2283720310472.3477
