
[data]
trigger-time = 1045695568.579836
injection-file = /work/shashwat.singh/Prospects-of-LGWs/unlens/injection.hdf

[global]
instruments = E1 E2 E3 C1 C2 H1 V1 L1 I1 K1
mass1_ref = 30.000000006189797
mass2_ref = 30.00000000182686
minchirp = 26.116416902373174
maxchirp = 26.116616902373174
mincov = 108215374613.09372
maxcov = 10821537461309.371
