
[data]
trigger-time = 1461874545.9666986
injection-file = /work/shashwat.singh/Prospects-of-LGWs/unlens/injection.hdf

[global]
instruments = E1 E2 E3 C1 C2 H1 V1 L1 I1 K1
mass1_ref = 30.00000000108378
mass2_ref = 30.000000005967422
minchirp = 26.116416901952938
maxchirp = 26.116616901952938
mincov = 9142202385.586433
maxcov = 914220238558.6433
