
[data]
trigger-time = 1966008069.2504392
injection-file = /work/shashwat.singh/Prospects-of-LGWs/unlens/injection.hdf

[global]
instruments = E1 E2 E3 C1 C2 H1 V1 L1 I1 K1
mass1_ref = 30.000000004249067
mass2_ref = 30.00000000652914
minchirp = 26.11641690357521
maxchirp = 26.11661690357521
mincov = 99216629114.9288
maxcov = 9921662911492.879
