
[data]
trigger-time = 1529561814.0841904
injection-file = /work/shashwat.singh/Prospects-of-LGWs/unlens/injection.hdf

[global]
instruments = E1 E2 E3 C1 C2 H1 V1 L1 I1 K1
mass1_ref = 30.000000007525593
mass2_ref = 30.000000009368552
minchirp = 26.11641690623733
maxchirp = 26.11661690623733
mincov = 317279895.0929005
maxcov = 31727989509.29005
