
[data]
trigger-time = 1971897225.8043041
injection-file = /work/shashwat.singh/Prospects-of-LGWs/unlens/injection.hdf

[global]
instruments = E1 E2 E3 C1 C2 H1 V1 L1 I1 K1
mass1_ref = 30.000000008207575
mass2_ref = 30.00000000131534
minchirp = 26.116416903028814
maxchirp = 26.116616903028813
mincov = 119732930457.69865
maxcov = 11973293045769.865
