
[data]
trigger-time = 1926413134.9284992
injection-file = /work/shashwat.singh/Prospects-of-LGWs/unlens/injection.hdf

[global]
instruments = E1 E2 E3 C1 C2 H1 V1 L1 I1 K1
mass1_ref = 30.000000009406964
mass2_ref = 30.000000006215377
minchirp = 26.116416905683742
maxchirp = 26.116616905683742
mincov = 667144100.9934787
maxcov = 66714410099.34787
