
[data]
trigger-time = 1540739211.5751133
injection-file = /work/shashwat.singh/Prospects-of-LGWs/unlens/injection.hdf

[global]
instruments = E1 E2 E3 C1 C2 H1 V1 L1 I1 K1
mass1_ref = 30.000000002286665
mass2_ref = 30.00000000041134
minchirp = 26.116416900058102
maxchirp = 26.1166169000581
mincov = 495976338.0310626
maxcov = 49597633803.10626
