
[data]
trigger-time = 1739644733.399056
injection-file = /work/shashwat.singh/Prospects-of-LGWs/unlens/injection.hdf

[global]
instruments = E1 E2 E3 C1 C2 H1 V1 L1 I1 K1
mass1_ref = 30.000000004962764
mass2_ref = 30.000000000390965
minchirp = 26.116416901214073
maxchirp = 26.116616901214073
mincov = 6647298369.385916
maxcov = 664729836938.5916
