
[data]
trigger-time = 1987161134.5513668
injection-file = /work/shashwat.singh/Prospects-of-LGWs/unlens/injection.hdf

[global]
instruments = E1 E2 E3 C1 C2 H1 V1 L1 I1 K1
mass1_ref = 30.000000000165066
mass2_ref = 30.000000008958782
minchirp = 26.11641690285511
maxchirp = 26.11661690285511
mincov = 22406459645.88294
maxcov = 2240645964588.294
