
[data]
trigger-time = 1236225327.0322084
injection-file = /work/shashwat.singh/Prospects-of-LGWs/unlens/injection.hdf

[global]
instruments = E1 E2 E3 C1 C2 H1 V1 L1 I1 K1
mass1_ref = 30.000000001861338
mass2_ref = 30.00000000951626
minchirp = 26.116416903836114
maxchirp = 26.116616903836114
mincov = 30357816148.477234
maxcov = 3035781614847.7236
