
[data]
trigger-time = 1465085204.5245972
injection-file = /work/shashwat.singh/Prospects-of-LGWs/unlens/injection.hdf

[global]
instruments = E1 E2 E3 C1 C2 H1 V1 L1 I1 K1
mass1_ref = 30.000000001070664
mass2_ref = 30.000000008543935
minchirp = 26.116416903068725
maxchirp = 26.116616903068724
mincov = 20758421662.245987
maxcov = 2075842166224.5986
