
[data]
trigger-time = 1622336512.813944
injection-file = /work/shashwat.singh/Prospects-of-LGWs/unlens/injection.hdf

[global]
instruments = E1 E2 E3 C1 C2 H1 V1 L1 I1 K1
mass1_ref = 30.000000000505047
mass2_ref = 30.000000000049685
minchirp = 26.116416899125188
maxchirp = 26.116616899125187
mincov = 138696231770.3008
maxcov = 13869623177030.08
