
[data]
trigger-time = 1634221834.3871136
injection-file = /work/shashwat.singh/Prospects-of-LGWs/unlens/injection.hdf

[global]
instruments = E1 E2 E3 C1 C2 H1 V1 L1 I1 K1
mass1_ref = 30.00000000355819
mass2_ref = 30.000000003578915
minchirp = 26.116416901990327
maxchirp = 26.116616901990326
mincov = 126758316524.36829
maxcov = 12675831652436.828
