
[data]
trigger-time = 1209160999.2866967
injection-file = /work/shashwat.singh/Prospects-of-LGWs/unlens/injection.hdf

[global]
instruments = E1 E2 E3 C1 C2 H1 V1 L1 I1 K1
mass1_ref = 30.000000005861732
mass2_ref = 30.000000006433684
minchirp = 26.116416904235614
maxchirp = 26.116616904235613
mincov = 87654685266.97646
maxcov = 8765468526697.6455
