
[data]
trigger-time = 1753015010.8328323
injection-file = /work/shashwat.singh/Prospects-of-LGWs/unlens/injection.hdf

[global]
instruments = E1 E2 E3 C1 C2 H1 V1 L1 I1 K1
mass1_ref = 30.00000000192332
mass2_ref = 30.000000001039552
minchirp = 26.116416900173387
maxchirp = 26.116616900173387
mincov = 167152611744.54816
maxcov = 16715261174454.816
