
[data]
trigger-time = 1322784186.2524605
injection-file = /work/shashwat.singh/Prospects-of-LGWs/unlens/injection.hdf

[global]
instruments = E1 E2 E3 C1 C2 H1 V1 L1 I1 K1
mass1_ref = 30.00000000007038
mass2_ref = 30.000000003251195
minchirp = 26.116416900329522
maxchirp = 26.11661690032952
mincov = 92972957494.56546
maxcov = 9297295749456.547
