
[data]
trigger-time = 1447092595.688237
injection-file = /work/shashwat.singh/Prospects-of-LGWs/unlens/injection.hdf

[global]
instruments = E1 E2 E3 C1 C2 H1 V1 L1 I1 K1
mass1_ref = 30.00000000626769
mass2_ref = 30.000000009873812
minchirp = 26.116416905909723
maxchirp = 26.116616905909723
mincov = 157011888956.71677
maxcov = 15701188895671.678
