
[data]
trigger-time = 1992193904.807374
injection-file = /work/shashwat.singh/Prospects-of-LGWs/unlens/injection.hdf

[global]
instruments = E1 E2 E3 C1 C2 H1 V1 L1 I1 K1
mass1_ref = 30.000000007503367
mass2_ref = 30.000000003778325
minchirp = 26.116416903794367
maxchirp = 26.116616903794366
mincov = 113953934944.95117
maxcov = 11395393494495.117
