
[data]
trigger-time = 1293150204.5582976
injection-file = /work/shashwat.singh/Prospects-of-LGWs/unlens/injection.hdf

[global]
instruments = E1 E2 E3 C1 C2 H1 V1 L1 I1 K1
mass1_ref = 30.000000007580738
mass2_ref = 30.000000000538268
minchirp = 26.11641690241773
maxchirp = 26.11661690241773
mincov = 45913973779.4706
maxcov = 4591397377947.06
