
[data]
trigger-time = 1291900170.7708876
injection-file = /work/shashwat.singh/Prospects-of-LGWs/unlens/injection.hdf

[global]
instruments = E1 E2 E3 C1 C2 H1 V1 L1 I1 K1
mass1_ref = 30.000000003959784
mass2_ref = 30.000000007193925
minchirp = 26.116416903738656
maxchirp = 26.116616903738656
mincov = 26088493750.959908
maxcov = 2608849375095.9907
