
[data]
trigger-time = 1048448105.716802
injection-file = /work/shashwat.singh/Prospects-of-LGWs/unlens/injection.hdf

[global]
instruments = E1 E2 E3 C1 C2 H1 V1 L1 I1 K1
mass1_ref = 30.000000003524814
mass2_ref = 30.0000000001507
minchirp = 26.116416900483586
maxchirp = 26.116616900483585
mincov = 91967525097.79135
maxcov = 9196752509779.137
