
[data]
trigger-time = 1730232581.3760154
injection-file = /work/shashwat.singh/Prospects-of-LGWs/unlens/injection.hdf

[global]
instruments = E1 E2 E3 C1 C2 H1 V1 L1 I1 K1
mass1_ref = 30.000000001977206
mass2_ref = 30.000000008462408
minchirp = 26.11641690342783
maxchirp = 26.11661690342783
mincov = 170096235770.235
maxcov = 17009623577023.498
