
[data]
trigger-time = 1186664001.840322
injection-file = /work/shashwat.singh/Prospects-of-LGWs/unlens/injection.hdf

[global]
instruments = E1 E2 E3 C1 C2 H1 V1 L1 I1 K1
mass1_ref = 30.00000000690194
mass2_ref = 30.000000001223334
minchirp = 26.116416902420458
maxchirp = 26.116616902420457
mincov = 97566619668.76927
maxcov = 9756661966876.928
