
[data]
trigger-time = 1425058503.0587766
injection-file = /work/shashwat.singh/Prospects-of-LGWs/unlens/injection.hdf

[global]
instruments = E1 E2 E3 C1 C2 H1 V1 L1 I1 K1
mass1_ref = 30.000000001884004
mass2_ref = 30.000000009881013
minchirp = 26.116416904004744
maxchirp = 26.116616904004744
mincov = 153970206738.8568
maxcov = 15397020673885.682
