
[data]
trigger-time = 1661257791.1924343
injection-file = /work/shashwat.singh/Prospects-of-LGWs/unlens/injection.hdf

[global]
instruments = E1 E2 E3 C1 C2 H1 V1 L1 I1 K1
mass1_ref = 30.00000000875758
mass2_ref = 30.000000008627236
minchirp = 26.116416906450908
maxchirp = 26.116616906450908
mincov = 44701944479.31916
maxcov = 4470194447931.916
