
[data]
trigger-time = 1451280905.4239926
injection-file = /work/shashwat.singh/Prospects-of-LGWs/unlens/injection.hdf

[global]
instruments = E1 E2 E3 C1 C2 H1 V1 L1 I1 K1
mass1_ref = 30.00000000434495
mass2_ref = 30.000000001808036
minchirp = 26.116416901561966
maxchirp = 26.116616901561965
mincov = 153979629862.271
maxcov = 15397962986227.1
