
[data]
trigger-time = 1307807330.6428447
injection-file = /work/shashwat.singh/Prospects-of-LGWs/unlens/injection.hdf

[global]
instruments = E1 E2 E3 C1 C2 H1 V1 L1 I1 K1
mass1_ref = 30.000000009457747
mass2_ref = 30.000000009245923
minchirp = 26.11641690702497
maxchirp = 26.11661690702497
mincov = 126000520297.1489
maxcov = 12600052029714.89
