
[data]
trigger-time = 1407336935.4931793
injection-file = /work/shashwat.singh/Prospects-of-LGWs/unlens/injection.hdf

[global]
instruments = E1 E2 E3 C1 C2 H1 V1 L1 I1 K1
mass1_ref = 30.000000007137945
mass2_ref = 30.00000000756975
minchirp = 26.11641690528562
maxchirp = 26.11661690528562
mincov = 101682621944.93738
maxcov = 10168262194493.738
