
[data]
trigger-time = 1740673477.7116747
injection-file = /work/shashwat.singh/Prospects-of-LGWs/unlens/injection.hdf

[global]
instruments = E1 E2 E3 C1 C2 H1 V1 L1 I1 K1
mass1_ref = 30.000000000192898
mass2_ref = 30.000000003122732
minchirp = 26.116416900326936
maxchirp = 26.116616900326935
mincov = 169307184131.35025
maxcov = 16930718413135.023
