
[data]
trigger-time = 1439892948.3375607
injection-file = /work/shashwat.singh/Prospects-of-LGWs/unlens/injection.hdf

[global]
instruments = E1 E2 E3 C1 C2 H1 V1 L1 I1 K1
mass1_ref = 30.00000000395996
mass2_ref = 30.000000004373558
minchirp = 26.1164169025111
maxchirp = 26.1166169025111
mincov = 66179127964.67847
maxcov = 6617912796467.847
