
[data]
trigger-time = 1264956912.0580401
injection-file = /work/shashwat.singh/Prospects-of-LGWs/unlens/injection.hdf

[global]
instruments = E1 E2 E3 C1 C2 H1 V1 L1 I1 K1
mass1_ref = 30.000000005235844
mass2_ref = 30.000000007067474
minchirp = 26.116416904239053
maxchirp = 26.116616904239052
mincov = 175485121525.51428
maxcov = 17548512152551.428
