
[data]
trigger-time = 1523529474.6357417
injection-file = /work/shashwat.singh/Prospects-of-LGWs/unlens/injection.hdf

[global]
instruments = E1 E2 E3 C1 C2 H1 V1 L1 I1 K1
mass1_ref = 30.00000000804338
mass2_ref = 30.000000003536456
minchirp = 26.11641690392414
maxchirp = 26.11661690392414
mincov = 147516410772.15167
maxcov = 14751641077215.168
