
[data]
trigger-time = 1208927440.407828
injection-file = /work/shashwat.singh/Prospects-of-LGWs/unlens/injection.hdf

[global]
instruments = E1 E2 E3 C1 C2 H1 V1 L1 I1 K1
mass1_ref = 30.000000005863647
mass2_ref = 30.00000000948217
minchirp = 26.11641690556338
maxchirp = 26.11661690556338
mincov = 1912410207.543607
maxcov = 191241020754.3607
