
[data]
trigger-time = 1521981893.5718243
injection-file = /work/shashwat.singh/Prospects-of-LGWs/unlens/injection.hdf

[global]
instruments = E1 E2 E3 C1 C2 H1 V1 L1 I1 K1
mass1_ref = 30.000000006241947
mass2_ref = 30.00000000306298
minchirp = 26.116416902933928
maxchirp = 26.116616902933927
mincov = 174244477784.9733
maxcov = 17424447778497.328
