
[data]
trigger-time = 1936421346.6219304
injection-file = /work/shashwat.singh/Prospects-of-LGWs/unlens/injection.hdf

[global]
instruments = E1 E2 E3 C1 C2 H1 V1 L1 I1 K1
mass1_ref = 30.000000009709947
mass2_ref = 30.00000000677283
minchirp = 26.11641690605827
maxchirp = 26.11661690605827
mincov = 171832498085.68182
maxcov = 17183249808568.184
