
[data]
trigger-time = 1481780440.7980628
injection-file = /work/shashwat.singh/Prospects-of-LGWs/unlens/injection.hdf

[global]
instruments = E1 E2 E3 C1 C2 H1 V1 L1 I1 K1
mass1_ref = 30.000000009170435
mass2_ref = 30.000000005157005
minchirp = 26.116416905120104
maxchirp = 26.116616905120104
mincov = 108603517543.6749
maxcov = 10860351754367.488
