
[data]
trigger-time = 1613686516.7159333
injection-file = /work/shashwat.singh/Prospects-of-LGWs/unlens/injection.hdf

[global]
instruments = E1 E2 E3 C1 C2 H1 V1 L1 I1 K1
mass1_ref = 30.000000009005113
mass2_ref = 30.00000000603366
minchirp = 26.11641690542973
maxchirp = 26.11661690542973
mincov = 45016270455.66017
maxcov = 4501627045566.018
