
[data]
trigger-time = 1233342736.1094077
injection-file = /work/shashwat.singh/Prospects-of-LGWs/unlens/injection.hdf

[global]
instruments = E1 E2 E3 C1 C2 H1 V1 L1 I1 K1
mass1_ref = 30.00000000946942
mass2_ref = 30.000000003955282
minchirp = 26.116416904727167
maxchirp = 26.116616904727167
mincov = 35414667583.02409
maxcov = 3541466758302.409
