
[data]
trigger-time = 1240047993.224028
injection-file = /work/shashwat.singh/Prospects-of-LGWs/unlens/injection.hdf

[global]
instruments = E1 E2 E3 C1 C2 H1 V1 L1 I1 K1
mass1_ref = 30.00000000875574
mass2_ref = 30.0000000065819
minchirp = 26.11641690555982
maxchirp = 26.11661690555982
mincov = 117909035749.51233
maxcov = 11790903574951.232
