
[data]
trigger-time = 1519567976.7078893
injection-file = /work/shashwat.singh/Prospects-of-LGWs/unlens/injection.hdf

[global]
instruments = E1 E2 E3 C1 C2 H1 V1 L1 I1 K1
mass1_ref = 30.000000008092783
mass2_ref = 30.000000007492893
minchirp = 26.116416905667784
maxchirp = 26.116616905667783
mincov = 13306494111.262745
maxcov = 1330649411126.2744
