
[data]
trigger-time = 1683884837.430869
injection-file = /work/shashwat.singh/Prospects-of-LGWs/unlens/injection.hdf

[global]
instruments = E1 E2 E3 C1 C2 H1 V1 L1 I1 K1
mass1_ref = 30.000000000403574
mass2_ref = 30.00000000427768
minchirp = 26.116416900921358
maxchirp = 26.116616900921358
mincov = 156139573349.49503
maxcov = 15613957334949.502
