
[data]
trigger-time = 1421892426.1457007
injection-file = /work/shashwat.singh/Prospects-of-LGWs/unlens/injection.hdf

[global]
instruments = E1 E2 E3 C1 C2 H1 V1 L1 I1 K1
mass1_ref = 30.000000003469495
mass2_ref = 30.00000000161917
minchirp = 26.116416901098695
maxchirp = 26.116616901098695
mincov = 106708308664.59633
maxcov = 10670830866459.633
