
[data]
trigger-time = 1385179083.4676862
injection-file = /work/shashwat.singh/Prospects-of-LGWs/unlens/injection.hdf

[global]
instruments = E1 E2 E3 C1 C2 H1 V1 L1 I1 K1
mass1_ref = 30.000000004056872
mass2_ref = 30.0000000027408
minchirp = 26.116416901842584
maxchirp = 26.116616901842583
mincov = 156142090834.6887
maxcov = 15614209083468.87
