
[data]
trigger-time = 1967815666.0208101
injection-file = /work/shashwat.singh/Prospects-of-LGWs/unlens/injection.hdf

[global]
instruments = E1 E2 E3 C1 C2 H1 V1 L1 I1 K1
mass1_ref = 30.000000000002593
mass2_ref = 30.000000006163173
minchirp = 26.116416901567533
maxchirp = 26.116616901567532
mincov = 178611535597.0872
maxcov = 17861153559708.72
