
[data]
trigger-time = 1024423083.5697432
injection-file = /work/shashwat.singh/Prospects-of-LGWs/unlens/injection.hdf

[global]
instruments = E1 E2 E3 C1 C2 H1 V1 L1 I1 K1
mass1_ref = 30.000000005212936
mass2_ref = 30.00000000112631
minchirp = 26.116416901643042
maxchirp = 26.11661690164304
mincov = 154423283892.6098
maxcov = 15442328389260.979
