
[data]
trigger-time = 1624640677.896409
injection-file = /work/shashwat.singh/Prospects-of-LGWs/unlens/injection.hdf

[global]
instruments = E1 E2 E3 C1 C2 H1 V1 L1 I1 K1
mass1_ref = 30.000000009059928
mass2_ref = 30.000000001341988
minchirp = 26.116416903411423
maxchirp = 26.116616903411423
mincov = 148130451013.35245
maxcov = 14813045101335.244
