
[data]
trigger-time = 1484170728.3561482
injection-file = /work/shashwat.singh/Prospects-of-LGWs/unlens/injection.hdf

[global]
instruments = E1 E2 E3 C1 C2 H1 V1 L1 I1 K1
mass1_ref = 30.00000000855085
mass2_ref = 30.00000000328568
minchirp = 26.116416904035873
maxchirp = 26.116616904035872
mincov = 4063042510.935285
maxcov = 406304251093.5285
