
[data]
trigger-time = 1758748977.433863
injection-file = /work/shashwat.singh/Prospects-of-LGWs/unlens/injection.hdf

[global]
instruments = E1 E2 E3 C1 C2 H1 V1 L1 I1 K1
mass1_ref = 30.000000009371195
mass2_ref = 30.000000004947058
minchirp = 26.116416905116104
maxchirp = 26.116616905116103
mincov = 144135884772.97284
maxcov = 14413588477297.285
