
[data]
trigger-time = 1540870213.7878332
injection-file = /work/shashwat.singh/Prospects-of-LGWs/unlens/injection.hdf

[global]
instruments = E1 E2 E3 C1 C2 H1 V1 L1 I1 K1
mass1_ref = 30.000000002635517
mass2_ref = 30.00000000079132
minchirp = 26.11641690037534
maxchirp = 26.11661690037534
mincov = 77775821975.11487
maxcov = 7777582197511.486
