
[data]
trigger-time = 1974505621.2222247
injection-file = /work/shashwat.singh/Prospects-of-LGWs/unlens/injection.hdf

[global]
instruments = E1 E2 E3 C1 C2 H1 V1 L1 I1 K1
mass1_ref = 30.00000000262646
mass2_ref = 30.000000006094762
minchirp = 26.116416902679855
maxchirp = 26.116616902679855
mincov = 6495242429.598642
maxcov = 649524242959.8643
