
[data]
trigger-time = 1087219818.834311
injection-file = /work/shashwat.singh/Prospects-of-LGWs/unlens/injection.hdf

[global]
instruments = E1 E2 E3 C1 C2 H1 V1 L1 I1 K1
mass1_ref = 30.00000000682161
mass2_ref = 30.000000005788426
minchirp = 26.11641690437256
maxchirp = 26.11661690437256
mincov = 49242027442.89264
maxcov = 4924202744289.264
