
[data]
trigger-time = 1603554827.9665499
injection-file = /work/shashwat.singh/Prospects-of-LGWs/unlens/injection.hdf

[global]
instruments = E1 E2 E3 C1 C2 H1 V1 L1 I1 K1
mass1_ref = 30.000000003141324
mass2_ref = 30.00000000598963
minchirp = 26.116416902858205
maxchirp = 26.116616902858205
mincov = 134039439135.79697
maxcov = 13403943913579.697
