
[data]
trigger-time = 1267402162.704138
injection-file = /work/shashwat.singh/Prospects-of-LGWs/unlens/injection.hdf

[global]
instruments = E1 E2 E3 C1 C2 H1 V1 L1 I1 K1
mass1_ref = 30.000000000357616
mass2_ref = 30.00000000908289
minchirp = 26.116416902992942
maxchirp = 26.11661690299294
mincov = 167630275356.47406
maxcov = 16763027535647.406
