
[data]
trigger-time = 1789741271.8706865
injection-file = /work/shashwat.singh/Prospects-of-LGWs/unlens/injection.hdf

[global]
instruments = E1 E2 E3 C1 C2 H1 V1 L1 I1 K1
mass1_ref = 30.00000000333629
mass2_ref = 30.000000002970253
minchirp = 26.116416901628806
maxchirp = 26.116616901628806
mincov = 169374324663.71924
maxcov = 16937432466371.924
