
[data]
trigger-time = 1627626651.7090404
injection-file = /work/shashwat.singh/Prospects-of-LGWs/unlens/injection.hdf

[global]
instruments = E1 E2 E3 C1 C2 H1 V1 L1 I1 K1
mass1_ref = 30.00000000126785
mass2_ref = 30.000000002711143
minchirp = 26.116416900615683
maxchirp = 26.116616900615682
mincov = 138389051369.21976
maxcov = 13838905136921.975
