
[data]
trigger-time = 1840515358.4750488
injection-file = /work/shashwat.singh/Prospects-of-LGWs/unlens/injection.hdf

[global]
instruments = E1 E2 E3 C1 C2 H1 V1 L1 I1 K1
mass1_ref = 30.000000005362693
mass2_ref = 30.000000001642988
minchirp = 26.116416901933125
maxchirp = 26.116616901933124
mincov = 21397307694.363537
maxcov = 2139730769436.3538
