
[data]
trigger-time = 1062531275.1145121
injection-file = /work/shashwat.singh/Prospects-of-LGWs/unlens/injection.hdf

[global]
instruments = E1 E2 E3 C1 C2 H1 V1 L1 I1 K1
mass1_ref = 30.000000002469793
mass2_ref = 30.00000000996602
minchirp = 26.116416904296727
maxchirp = 26.116616904296727
mincov = 135242147248.51506
maxcov = 13524214724851.506
