
[data]
trigger-time = 1873888005.331999
injection-file = /work/shashwat.singh/Prospects-of-LGWs/unlens/injection.hdf

[global]
instruments = E1 E2 E3 C1 C2 H1 V1 L1 I1 K1
mass1_ref = 30.000000003619498
mass2_ref = 30.00000000760152
minchirp = 26.116416903767956
maxchirp = 26.116616903767955
mincov = 45408169779.35941
maxcov = 4540816977935.941
