
[data]
trigger-time = 1820688054.8378956
injection-file = /work/shashwat.singh/Prospects-of-LGWs/unlens/injection.hdf

[global]
instruments = E1 E2 E3 C1 C2 H1 V1 L1 I1 K1
mass1_ref = 30.000000009929575
mass2_ref = 30.000000000102613
minchirp = 26.11641690325049
maxchirp = 26.11661690325049
mincov = 95445586765.33401
maxcov = 9544558676533.402
