
[data]
trigger-time = 1307007722.7641716
injection-file = /work/shashwat.singh/Prospects-of-LGWs/unlens/injection.hdf

[global]
instruments = E1 E2 E3 C1 C2 H1 V1 L1 I1 K1
mass1_ref = 30.00000000996733
mass2_ref = 30.00000000314902
minchirp = 26.116416904592946
maxchirp = 26.116616904592945
mincov = 130086200073.22507
maxcov = 13008620007322.508
