
[data]
trigger-time = 1324986872.5217304
injection-file = /work/shashwat.singh/Prospects-of-LGWs/unlens/injection.hdf

[global]
instruments = E1 E2 E3 C1 C2 H1 V1 L1 I1 K1
mass1_ref = 30.00000000805863
mass2_ref = 30.000000005169767
minchirp = 26.11641690464172
maxchirp = 26.11661690464172
mincov = 39150939513.74177
maxcov = 3915093951374.177
