
[data]
trigger-time = 1028625432.7136259
injection-file = /work/shashwat.singh/Prospects-of-LGWs/unlens/injection.hdf

[global]
instruments = E1 E2 E3 C1 C2 H1 V1 L1 I1 K1
mass1_ref = 30.000000007410573
mass2_ref = 30.000000003009106
minchirp = 26.116416903419154
maxchirp = 26.116616903419153
mincov = 92968418357.19843
maxcov = 9296841835719.842
