
[data]
trigger-time = 1980950894.9957552
injection-file = /work/shashwat.singh/Prospects-of-LGWs/unlens/injection.hdf

[global]
instruments = E1 E2 E3 C1 C2 H1 V1 L1 I1 K1
mass1_ref = 30.000000006840118
mass2_ref = 30.000000002151825
minchirp = 26.116416902797695
maxchirp = 26.116616902797695
mincov = 70073311811.59288
maxcov = 7007331181159.288
