
[data]
trigger-time = 1356435324.4992132
injection-file = /work/shashwat.singh/Prospects-of-LGWs/unlens/injection.hdf

[global]
instruments = E1 E2 E3 C1 C2 H1 V1 L1 I1 K1
mass1_ref = 30.000000003275897
mass2_ref = 30.000000007755588
minchirp = 26.116416903685458
maxchirp = 26.116616903685458
mincov = 519100881.99888974
maxcov = 51910088199.88898
