
[data]
trigger-time = 1657641919.846542
injection-file = /work/shashwat.singh/Prospects-of-LGWs/unlens/injection.hdf

[global]
instruments = E1 E2 E3 C1 C2 H1 V1 L1 I1 K1
mass1_ref = 30.00000000216267
mass2_ref = 30.000000005619185
minchirp = 26.116416902270974
maxchirp = 26.116616902270973
mincov = 156509816648.99536
maxcov = 15650981664899.535
