
[data]
trigger-time = 1914998456.0510654
injection-file = /work/shashwat.singh/Prospects-of-LGWs/unlens/injection.hdf

[global]
instruments = E1 E2 E3 C1 C2 H1 V1 L1 I1 K1
mass1_ref = 30.00000000311304
mass2_ref = 30.000000005005962
minchirp = 26.116416902417726
maxchirp = 26.116616902417725
mincov = 34335859501.14321
maxcov = 3433585950114.3213
