
[data]
trigger-time = 1583959156.2205653
injection-file = /work/shashwat.singh/Prospects-of-LGWs/unlens/injection.hdf

[global]
instruments = E1 E2 E3 C1 C2 H1 V1 L1 I1 K1
mass1_ref = 30.000000004123144
mass2_ref = 30.00000000224974
minchirp = 26.116416901657683
maxchirp = 26.116616901657682
mincov = 164001524227.34125
maxcov = 16400152422734.123
