
[data]
trigger-time = 1503605436.758374
injection-file = /work/shashwat.singh/Prospects-of-LGWs/unlens/injection.hdf

[global]
instruments = E1 E2 E3 C1 C2 H1 V1 L1 I1 K1
mass1_ref = 30.000000002649887
mass2_ref = 30.000000000076692
minchirp = 26.116416900070536
maxchirp = 26.116616900070536
mincov = 693427122.4422038
maxcov = 69342712244.22038
