
[data]
trigger-time = 1644050683.4167113
injection-file = /work/shashwat.singh/Prospects-of-LGWs/unlens/injection.hdf

[global]
instruments = E1 E2 E3 C1 C2 H1 V1 L1 I1 K1
mass1_ref = 30.000000009146053
mass2_ref = 30.00000000170161
minchirp = 26.116416903605444
maxchirp = 26.116616903605443
mincov = 30103040066.28974
maxcov = 3010304006628.974
