
[data]
trigger-time = 1010717484.1053003
injection-file = /work/shashwat.singh/Prospects-of-LGWs/unlens/injection.hdf

[global]
instruments = E1 E2 E3 C1 C2 H1 V1 L1 I1 K1
mass1_ref = 30.00000000422382
mass2_ref = 30.00000000108971
minchirp = 26.116416901196573
maxchirp = 26.116616901196572
mincov = 77970663442.62392
maxcov = 7797066344262.392
