
[data]
trigger-time = 1601277900.1566527
injection-file = /work/shashwat.singh/Prospects-of-LGWs/unlens/injection.hdf

[global]
instruments = E1 E2 E3 C1 C2 H1 V1 L1 I1 K1
mass1_ref = 30.000000009152714
mass2_ref = 30.000000000949367
minchirp = 26.11641690328091
maxchirp = 26.11661690328091
mincov = 178436191485.16522
maxcov = 17843619148516.523
