
[data]
trigger-time = 1059682442.3222499
injection-file = /work/shashwat.singh/Prospects-of-LGWs/unlens/injection.hdf

[global]
instruments = E1 E2 E3 C1 C2 H1 V1 L1 I1 K1
mass1_ref = 30.000000004551897
mass2_ref = 30.000000000220073
minchirp = 26.116416900960843
maxchirp = 26.116616900960842
mincov = 79412667460.29366
maxcov = 7941266746029.365
