
[data]
trigger-time = 1039655408.1535068
injection-file = /work/shashwat.singh/Prospects-of-LGWs/unlens/injection.hdf

[global]
instruments = E1 E2 E3 C1 C2 H1 V1 L1 I1 K1
mass1_ref = 30.00000000917299
mass2_ref = 30.000000003857675
minchirp = 26.11641690455565
maxchirp = 26.11661690455565
mincov = 50486992867.7757
maxcov = 5048699286777.57
