
[data]
trigger-time = 1315098286.8256571
injection-file = /work/shashwat.singh/Prospects-of-LGWs/unlens/injection.hdf

[global]
instruments = E1 E2 E3 C1 C2 H1 V1 L1 I1 K1
mass1_ref = 30.00000000023782
mass2_ref = 30.000000006381
minchirp = 26.116416901764733
maxchirp = 26.116616901764733
mincov = 166657853894.73236
maxcov = 16665785389473.234
