
[data]
trigger-time = 1277021190.340528
injection-file = /work/shashwat.singh/Prospects-of-LGWs/unlens/injection.hdf

[global]
instruments = E1 E2 E3 C1 C2 H1 V1 L1 I1 K1
mass1_ref = 30.000000004906628
mass2_ref = 30.000000009051167
minchirp = 26.116416904959205
maxchirp = 26.116616904959205
mincov = 26592053365.756767
maxcov = 2659205336575.677
