
[data]
trigger-time = 1232739190.8103466
injection-file = /work/shashwat.singh/Prospects-of-LGWs/unlens/injection.hdf

[global]
instruments = E1 E2 E3 C1 C2 H1 V1 L1 I1 K1
mass1_ref = 30.000000002347598
mass2_ref = 30.000000006969053
minchirp = 26.116416902939033
maxchirp = 26.116616902939032
mincov = 174969822282.04102
maxcov = 17496982228204.102
