
[data]
trigger-time = 1850743032.023367
injection-file = /work/shashwat.singh/Prospects-of-LGWs/unlens/injection.hdf

[global]
instruments = E1 E2 E3 C1 C2 H1 V1 L1 I1 K1
mass1_ref = 30.000000003138183
mass2_ref = 30.000000006919876
minchirp = 26.116416903261747
maxchirp = 26.116616903261747
mincov = 2848435736.2511883
maxcov = 284843573625.11884
