
[data]
trigger-time = 1513946397.751428
injection-file = /work/shashwat.singh/Prospects-of-LGWs/unlens/injection.hdf

[global]
instruments = E1 E2 E3 C1 C2 H1 V1 L1 I1 K1
mass1_ref = 30.000000003325184
mass2_ref = 30.000000004881887
minchirp = 26.11641690245606
maxchirp = 26.11661690245606
mincov = 159701412640.80942
maxcov = 15970141264080.941
