
[data]
trigger-time = 1769801490.004744
injection-file = /work/shashwat.singh/Prospects-of-LGWs/unlens/injection.hdf

[global]
instruments = E1 E2 E3 C1 C2 H1 V1 L1 I1 K1
mass1_ref = 30.00000000356156
mass2_ref = 30.00000000486597
minchirp = 26.11641690255202
maxchirp = 26.11661690255202
mincov = 47008145245.51605
maxcov = 4700814524551.605
