
[data]
trigger-time = 1275768098.0052896
injection-file = /work/shashwat.singh/Prospects-of-LGWs/unlens/injection.hdf

[global]
instruments = E1 E2 E3 C1 C2 H1 V1 L1 I1 K1
mass1_ref = 30.000000005433357
mass2_ref = 30.00000000032135
minchirp = 26.116416901388607
maxchirp = 26.116616901388607
mincov = 16784157019.239243
maxcov = 1678415701923.9243
