
[data]
trigger-time = 1071770687.3081458
injection-file = /work/shashwat.singh/Prospects-of-LGWs/unlens/injection.hdf

[global]
instruments = E1 E2 E3 C1 C2 H1 V1 L1 I1 K1
mass1_ref = 30.000000005995457
mass2_ref = 30.00000000455849
minchirp = 26.116416903477596
maxchirp = 26.116616903477595
mincov = 20112754080.777943
maxcov = 2011275408077.7942
