
[data]
trigger-time = 1571610607.8392847
injection-file = /work/shashwat.singh/Prospects-of-LGWs/unlens/injection.hdf

[global]
instruments = E1 E2 E3 C1 C2 H1 V1 L1 I1 K1
mass1_ref = 30.000000002088434
mass2_ref = 30.00000000787895
minchirp = 26.11641690322228
maxchirp = 26.11661690322228
mincov = 92880763280.39948
maxcov = 9288076328039.947
