
[data]
trigger-time = 1726285710.4750438
injection-file = /work/shashwat.singh/Prospects-of-LGWs/unlens/injection.hdf

[global]
instruments = E1 E2 E3 C1 C2 H1 V1 L1 I1 K1
mass1_ref = 30.000000001005724
mass2_ref = 30.00000000073736
minchirp = 26.116416899642445
maxchirp = 26.116616899642445
mincov = 127670192956.62056
maxcov = 12767019295662.055
