
[data]
trigger-time = 1849029479.3681786
injection-file = /work/shashwat.singh/Prospects-of-LGWs/unlens/injection.hdf

[global]
instruments = E1 E2 E3 C1 C2 H1 V1 L1 I1 K1
mass1_ref = 30.0000000056033
mass2_ref = 30.00000000332393
minchirp = 26.116416902769526
maxchirp = 26.116616902769525
mincov = 120157209241.6041
maxcov = 12015720924160.41
