
[data]
trigger-time = 1879024524.6654134
injection-file = /work/shashwat.singh/Prospects-of-LGWs/unlens/injection.hdf

[global]
instruments = E1 E2 E3 C1 C2 H1 V1 L1 I1 K1
mass1_ref = 30.000000000066088
mass2_ref = 30.000000001032095
minchirp = 26.116416899361738
maxchirp = 26.116616899361738
mincov = 19336461801.73241
maxcov = 1933646180173.241
