
[data]
trigger-time = 1925466540.5183249
injection-file = /work/shashwat.singh/Prospects-of-LGWs/unlens/injection.hdf

[global]
instruments = E1 E2 E3 C1 C2 H1 V1 L1 I1 K1
mass1_ref = 30.000000001219878
mass2_ref = 30.00000000098652
minchirp = 26.116416899844115
maxchirp = 26.116616899844114
mincov = 59904713546.06642
maxcov = 5990471354606.642
