
[data]
trigger-time = 1713661515.3379345
injection-file = /work/shashwat.singh/Prospects-of-LGWs/unlens/injection.hdf

[global]
instruments = E1 E2 E3 C1 C2 H1 V1 L1 I1 K1
mass1_ref = 30.000000004452303
mass2_ref = 30.000000006556196
minchirp = 26.11641690367545
maxchirp = 26.11661690367545
mincov = 90831078852.23105
maxcov = 9083107885223.104
