
[data]
trigger-time = 1222680017.4260545
injection-file = /work/shashwat.singh/Prospects-of-LGWs/unlens/injection.hdf

[global]
instruments = E1 E2 E3 C1 C2 H1 V1 L1 I1 K1
mass1_ref = 30.000000005005695
mass2_ref = 30.000000003296527
minchirp = 26.116416902497477
maxchirp = 26.116616902497476
mincov = 172409709172.582
maxcov = 17240970917258.201
