
[data]
trigger-time = 1296490000.6637168
injection-file = /work/shashwat.singh/Prospects-of-LGWs/unlens/injection.hdf

[global]
instruments = E1 E2 E3 C1 C2 H1 V1 L1 I1 K1
mass1_ref = 30.000000007486353
mass2_ref = 30.000000002691703
minchirp = 26.11641690331398
maxchirp = 26.11661690331398
mincov = 86657636977.0864
maxcov = 8665763697708.641
