
[data]
trigger-time = 1531970240.2201083
injection-file = /work/shashwat.singh/Prospects-of-LGWs/unlens/injection.hdf

[global]
instruments = E1 E2 E3 C1 C2 H1 V1 L1 I1 K1
mass1_ref = 30.00000000901763
mass2_ref = 30.000000000767976
minchirp = 26.116416903143158
maxchirp = 26.116616903143157
mincov = 99371280103.97044
maxcov = 9937128010397.045
