
[data]
trigger-time = 1713787489.0095272
injection-file = /work/shashwat.singh/Prospects-of-LGWs/unlens/injection.hdf

[global]
instruments = E1 E2 E3 C1 C2 H1 V1 L1 I1 K1
mass1_ref = 30.000000009392018
mass2_ref = 30.000000004762754
minchirp = 26.116416905044947
maxchirp = 26.116616905044946
mincov = 145204632672.1408
maxcov = 14520463267214.08
