
[data]
trigger-time = 1346575307.7288468
injection-file = /work/shashwat.singh/Prospects-of-LGWs/unlens/injection.hdf

[global]
instruments = E1 E2 E3 C1 C2 H1 V1 L1 I1 K1
mass1_ref = 30.000000003401006
mass2_ref = 30.000000001030052
minchirp = 26.116416900812453
maxchirp = 26.116616900812453
mincov = 148268564959.30408
maxcov = 14826856495930.408
