
[data]
trigger-time = 1346614534.1615553
injection-file = /work/shashwat.singh/Prospects-of-LGWs/unlens/injection.hdf

[global]
instruments = E1 E2 E3 C1 C2 H1 V1 L1 I1 K1
mass1_ref = 30.000000009815572
mass2_ref = 30.000000005699963
minchirp = 26.116416905637255
maxchirp = 26.116616905637255
mincov = 72024498041.19553
maxcov = 7202449804119.553
