
[data]
trigger-time = 1172514614.5290136
injection-file = /work/shashwat.singh/Prospects-of-LGWs/unlens/injection.hdf

[global]
instruments = E1 E2 E3 C1 C2 H1 V1 L1 I1 K1
mass1_ref = 30.000000002434593
mass2_ref = 30.00000000418516
minchirp = 26.11641690176514
maxchirp = 26.11661690176514
mincov = 26838782907.91244
maxcov = 2683878290791.244
