
[data]
trigger-time = 1296708501.3616686
injection-file = /work/shashwat.singh/Prospects-of-LGWs/unlens/injection.hdf

[global]
instruments = E1 E2 E3 C1 C2 H1 V1 L1 I1 K1
mass1_ref = 30.000000006729856
mass2_ref = 30.000000007772904
minchirp = 26.116416905196417
maxchirp = 26.116616905196416
mincov = 173481525253.96405
maxcov = 17348152525396.406
