
[data]
trigger-time = 1657557531.0603652
injection-file = /work/shashwat.singh/Prospects-of-LGWs/unlens/injection.hdf

[global]
instruments = E1 E2 E3 C1 C2 H1 V1 L1 I1 K1
mass1_ref = 30.000000009704692
mass2_ref = 30.00000000088561
minchirp = 26.11641690349342
maxchirp = 26.11661690349342
mincov = 20634677447.607628
maxcov = 2063467744760.763
