
[data]
trigger-time = 1622229662.050767
injection-file = /work/shashwat.singh/Prospects-of-LGWs/unlens/injection.hdf

[global]
instruments = E1 E2 E3 C1 C2 H1 V1 L1 I1 K1
mass1_ref = 30.000000002598536
mass2_ref = 30.0000000011637
minchirp = 26.116416900521333
maxchirp = 26.116616900521333
mincov = 121735559871.66846
maxcov = 12173555987166.846
