
[data]
trigger-time = 1288715037.5247684
injection-file = /work/shashwat.singh/Prospects-of-LGWs/unlens/injection.hdf

[global]
instruments = E1 E2 E3 C1 C2 H1 V1 L1 I1 K1
mass1_ref = 30.00000000003723
mass2_ref = 30.000000002117197
minchirp = 26.116416899821495
maxchirp = 26.116616899821494
mincov = 125133423113.18704
maxcov = 12513342311318.703
