
[data]
trigger-time = 1092306820.7080941
injection-file = /work/shashwat.singh/Prospects-of-LGWs/unlens/injection.hdf

[global]
instruments = E1 E2 E3 C1 C2 H1 V1 L1 I1 K1
mass1_ref = 30.000000001427043
mass2_ref = 30.00000000852477
minchirp = 26.1164169032155
maxchirp = 26.1166169032155
mincov = 44928940808.47673
maxcov = 4492894080847.674
