
[data]
trigger-time = 1209634092.1972795
injection-file = /work/shashwat.singh/Prospects-of-LGWs/unlens/injection.hdf

[global]
instruments = E1 E2 E3 C1 C2 H1 V1 L1 I1 K1
mass1_ref = 30.000000008529344
mass2_ref = 30.00000000233568
minchirp = 26.116416903613
maxchirp = 26.116616903613
mincov = 169076798794.58026
maxcov = 16907679879458.027
