
[data]
trigger-time = 1484294046.1238046
injection-file = /work/shashwat.singh/Prospects-of-LGWs/unlens/injection.hdf

[global]
instruments = E1 E2 E3 C1 C2 H1 V1 L1 I1 K1
mass1_ref = 30.000000007754
mass2_ref = 30.000000003107065
minchirp = 26.116416903611277
maxchirp = 26.116616903611277
mincov = 125224320600.72542
maxcov = 12522432060072.541
