
[data]
trigger-time = 1906040309.5736983
injection-file = /work/shashwat.singh/Prospects-of-LGWs/unlens/injection.hdf

[global]
instruments = E1 E2 E3 C1 C2 H1 V1 L1 I1 K1
mass1_ref = 30.00000000722411
mass2_ref = 30.00000000052389
minchirp = 26.116416902256237
maxchirp = 26.116616902256236
mincov = 103052383175.36964
maxcov = 10305238317536.965
