
[data]
trigger-time = 1271655606.687001
injection-file = /work/shashwat.singh/Prospects-of-LGWs/unlens/injection.hdf

[global]
instruments = E1 E2 E3 C1 C2 H1 V1 L1 I1 K1
mass1_ref = 30.00000000197892
mass2_ref = 30.000000003715446
minchirp = 26.116416901362342
maxchirp = 26.11661690136234
mincov = 102182710087.43495
maxcov = 10218271008743.494
