
[data]
trigger-time = 1739245874.522822
injection-file = /work/shashwat.singh/Prospects-of-LGWs/unlens/injection.hdf

[global]
instruments = E1 E2 E3 C1 C2 H1 V1 L1 I1 K1
mass1_ref = 30.00000000910739
mass2_ref = 30.00000000457059
minchirp = 26.116416904837408
maxchirp = 26.116616904837407
mincov = 35118284487.53452
maxcov = 3511828448753.452
