
[data]
trigger-time = 1854750504.7164855
injection-file = /work/shashwat.singh/Prospects-of-LGWs/unlens/injection.hdf

[global]
instruments = E1 E2 E3 C1 C2 H1 V1 L1 I1 K1
mass1_ref = 30.000000006803408
mass2_ref = 30.000000000019256
minchirp = 26.11641690185346
maxchirp = 26.116616901853458
mincov = 78122615222.25766
maxcov = 7812261522225.767
