
[data]
trigger-time = 1873759093.349654
injection-file = /work/shashwat.singh/Prospects-of-LGWs/unlens/injection.hdf

[global]
instruments = E1 E2 E3 C1 C2 H1 V1 L1 I1 K1
mass1_ref = 30.000000002919055
mass2_ref = 30.0000000003807
minchirp = 26.11641690032003
maxchirp = 26.11661690032003
mincov = 19458148234.67872
maxcov = 1945814823467.872
