
[data]
trigger-time = 1741557015.2348151
injection-file = /work/shashwat.singh/Prospects-of-LGWs/unlens/injection.hdf

[global]
instruments = E1 E2 E3 C1 C2 H1 V1 L1 I1 K1
mass1_ref = 30.00000000014968
mass2_ref = 30.00000000485321
minchirp = 26.116416901061356
maxchirp = 26.116616901061356
mincov = 95936589548.5884
maxcov = 9593658954858.84
