
[data]
trigger-time = 1790157815.432375
injection-file = /work/shashwat.singh/Prospects-of-LGWs/unlens/injection.hdf

[global]
instruments = E1 E2 E3 C1 C2 H1 V1 L1 I1 K1
mass1_ref = 30.00000000625358
mass2_ref = 30.000000004610012
minchirp = 26.11641690361238
maxchirp = 26.11661690361238
mincov = 31185764059.564514
maxcov = 3118576405956.451
