
[data]
trigger-time = 1317168804.8942294
injection-file = /work/shashwat.singh/Prospects-of-LGWs/unlens/injection.hdf

[global]
instruments = E1 E2 E3 C1 C2 H1 V1 L1 I1 K1
mass1_ref = 30.000000004039517
mass2_ref = 30.000000009201706
minchirp = 26.116416904647302
maxchirp = 26.1166169046473
mincov = 160224739555.836
maxcov = 16022473955583.602
