
[data]
trigger-time = 1441430110.9074783
injection-file = /work/shashwat.singh/Prospects-of-LGWs/unlens/injection.hdf

[global]
instruments = E1 E2 E3 C1 C2 H1 V1 L1 I1 K1
mass1_ref = 30.000000005981143
mass2_ref = 30.000000002614183
minchirp = 26.116416902625055
maxchirp = 26.116616902625054
mincov = 62148612069.39689
maxcov = 6214861206939.688
