
[data]
trigger-time = 1135649625.8833942
injection-file = /work/shashwat.singh/Prospects-of-LGWs/unlens/injection.hdf

[global]
instruments = E1 E2 E3 C1 C2 H1 V1 L1 I1 K1
mass1_ref = 30.00000000112187
mass2_ref = 30.00000000906024
minchirp = 26.11641690331574
maxchirp = 26.11661690331574
mincov = 85025029655.11919
maxcov = 8502502965511.919
