
[data]
trigger-time = 1848746714.7569032
injection-file = /work/shashwat.singh/Prospects-of-LGWs/unlens/injection.hdf

[global]
instruments = E1 E2 E3 C1 C2 H1 V1 L1 I1 K1
mass1_ref = 30.00000000100912
mass2_ref = 30.000000009217917
minchirp = 26.116416903335303
maxchirp = 26.116616903335302
mincov = 22599382389.33574
maxcov = 2259938238933.5737
