
[data]
trigger-time = 1875010248.176218
injection-file = /work/shashwat.singh/Prospects-of-LGWs/unlens/injection.hdf

[global]
instruments = E1 E2 E3 C1 C2 H1 V1 L1 I1 K1
mass1_ref = 30.000000000890807
mass2_ref = 30.00000000061455
minchirp = 26.11641689953897
maxchirp = 26.11661689953897
mincov = 70731450274.04367
maxcov = 7073145027404.367
