
[data]
trigger-time = 1113443320.5250015
injection-file = /work/shashwat.singh/Prospects-of-LGWs/unlens/injection.hdf

[global]
instruments = E1 E2 E3 C1 C2 H1 V1 L1 I1 K1
mass1_ref = 30.000000000043165
mass2_ref = 30.00000000754932
minchirp = 26.116416902188547
maxchirp = 26.116616902188547
mincov = 156851289857.50275
maxcov = 15685128985750.275
