
[data]
trigger-time = 1519170993.991884
injection-file = /work/shashwat.singh/Prospects-of-LGWs/unlens/injection.hdf

[global]
instruments = E1 E2 E3 C1 C2 H1 V1 L1 I1 K1
mass1_ref = 30.00000000042487
mass2_ref = 30.000000007948692
minchirp = 26.116416902528528
maxchirp = 26.116616902528527
mincov = 39141197.53609755
maxcov = 3914119753.609755
