
[data]
trigger-time = 1722048238.654192
injection-file = /work/shashwat.singh/Prospects-of-LGWs/unlens/injection.hdf

[global]
instruments = E1 E2 E3 C1 C2 H1 V1 L1 I1 K1
mass1_ref = 30.00000000837753
mass2_ref = 30.00000000052837
minchirp = 26.116416902760243
maxchirp = 26.116616902760242
mincov = 131479760083.0925
maxcov = 13147976008309.25
