
[data]
trigger-time = 1952300716.0587864
injection-file = /work/shashwat.singh/Prospects-of-LGWs/unlens/injection.hdf

[global]
instruments = E1 E2 E3 C1 C2 H1 V1 L1 I1 K1
mass1_ref = 30.000000000873516
mass2_ref = 30.000000004844644
minchirp = 26.1164169013727
maxchirp = 26.116616901372698
mincov = 144777834626.49686
maxcov = 14477783462649.686
