
[data]
trigger-time = 1684536388.4485807
injection-file = /work/shashwat.singh/Prospects-of-LGWs/unlens/injection.hdf

[global]
instruments = E1 E2 E3 C1 C2 H1 V1 L1 I1 K1
mass1_ref = 30.000000004200967
mass2_ref = 30.00000000926996
minchirp = 26.116416904747286
maxchirp = 26.116616904747286
mincov = 15947296155.051218
maxcov = 1594729615505.1218
