
[data]
trigger-time = 1609564980.8594136
injection-file = /work/shashwat.singh/Prospects-of-LGWs/unlens/injection.hdf

[global]
instruments = E1 E2 E3 C1 C2 H1 V1 L1 I1 K1
mass1_ref = 30.000000004590405
mass2_ref = 30.000000000936325
minchirp = 26.116416901289373
maxchirp = 26.116616901289373
mincov = 11187592772.15473
maxcov = 1118759277215.4731
