
[data]
trigger-time = 1012237806.8335806
injection-file = /work/shashwat.singh/Prospects-of-LGWs/unlens/injection.hdf

[global]
instruments = E1 E2 E3 C1 C2 H1 V1 L1 I1 K1
mass1_ref = 30.000000006713602
mass2_ref = 30.000000005138958
minchirp = 26.11641690404285
maxchirp = 26.11661690404285
mincov = 151695745167.03204
maxcov = 15169574516703.205
