
[data]
trigger-time = 1189891700.333664
injection-file = /work/shashwat.singh/Prospects-of-LGWs/unlens/injection.hdf

[global]
instruments = E1 E2 E3 C1 C2 H1 V1 L1 I1 K1
mass1_ref = 30.000000007137224
mass2_ref = 30.000000008048165
minchirp = 26.11641690549355
maxchirp = 26.11661690549355
mincov = 99275015865.73306
maxcov = 9927501586573.305
