
[data]
trigger-time = 1912979753.9519465
injection-file = /work/shashwat.singh/Prospects-of-LGWs/unlens/injection.hdf

[global]
instruments = E1 E2 E3 C1 C2 H1 V1 L1 I1 K1
mass1_ref = 30.000000000169294
mass2_ref = 30.000000002637098
minchirp = 26.116416900105275
maxchirp = 26.116616900105274
mincov = 63175823457.4657
maxcov = 6317582345746.57
