
[data]
trigger-time = 1689759126.0203037
injection-file = /work/shashwat.singh/Prospects-of-LGWs/unlens/injection.hdf

[global]
instruments = E1 E2 E3 C1 C2 H1 V1 L1 I1 K1
mass1_ref = 30.000000001498204
mass2_ref = 30.000000004362445
minchirp = 26.116416901434718
maxchirp = 26.116616901434718
mincov = 2833034765.8326364
maxcov = 283303476583.2636
