
[data]
trigger-time = 1948472139.7294178
injection-file = /work/shashwat.singh/Prospects-of-LGWs/unlens/injection.hdf

[global]
instruments = E1 E2 E3 C1 C2 H1 V1 L1 I1 K1
mass1_ref = 30.00000000800068
mass2_ref = 30.000000008185523
minchirp = 26.116416905929178
maxchirp = 26.116616905929178
mincov = 65830786684.720215
maxcov = 6583078668472.021
