
[data]
trigger-time = 1808412324.1401825
injection-file = /work/shashwat.singh/Prospects-of-LGWs/unlens/injection.hdf

[global]
instruments = E1 E2 E3 C1 C2 H1 V1 L1 I1 K1
mass1_ref = 30.000000002904244
mass2_ref = 30.000000006460244
minchirp = 26.116416902959855
maxchirp = 26.116616902959855
mincov = 52246551708.81593
maxcov = 5224655170881.594
