
[data]
trigger-time = 1340188235.238761
injection-file = /work/shashwat.singh/Prospects-of-LGWs/unlens/injection.hdf

[global]
instruments = E1 E2 E3 C1 C2 H1 V1 L1 I1 K1
mass1_ref = 30.000000003751012
mass2_ref = 30.000000007549975
minchirp = 26.116416903802765
maxchirp = 26.116616903802765
mincov = 70210123431.7125
maxcov = 7021012343171.249
