
[data]
trigger-time = 1812311445.8998504
injection-file = /work/shashwat.singh/Prospects-of-LGWs/unlens/injection.hdf

[global]
instruments = E1 E2 E3 C1 C2 H1 V1 L1 I1 K1
mass1_ref = 30.0000000045382
mass2_ref = 30.000000009158477
minchirp = 26.11641690484555
maxchirp = 26.11661690484555
mincov = 155911548402.38766
maxcov = 15591154840238.768
