
[data]
trigger-time = 1088935435.0244532
injection-file = /work/shashwat.singh/Prospects-of-LGWs/unlens/injection.hdf

[global]
instruments = E1 E2 E3 C1 C2 H1 V1 L1 I1 K1
mass1_ref = 30.00000000160667
mass2_ref = 30.00000000712613
minchirp = 26.116416902684893
maxchirp = 26.116616902684893
mincov = 88906705320.88785
maxcov = 8890670532088.785
