
[data]
trigger-time = 1674646849.2553544
injection-file = /work/shashwat.singh/Prospects-of-LGWs/unlens/injection.hdf

[global]
instruments = E1 E2 E3 C1 C2 H1 V1 L1 I1 K1
mass1_ref = 30.000000000669996
mass2_ref = 30.00000000543929
minchirp = 26.116416901542948
maxchirp = 26.116616901542947
mincov = 136921851526.97942
maxcov = 13692185152697.941
