
[data]
trigger-time = 1527894164.2091548
injection-file = /work/shashwat.singh/Prospects-of-LGWs/unlens/injection.hdf

[global]
instruments = E1 E2 E3 C1 C2 H1 V1 L1 I1 K1
mass1_ref = 30.000000004458172
mass2_ref = 30.000000000050242
minchirp = 26.116416900846126
maxchirp = 26.116616900846125
mincov = 86881256711.3531
maxcov = 8688125671135.311
