
[data]
trigger-time = 1717660743.4453778
injection-file = /work/shashwat.singh/Prospects-of-LGWs/unlens/injection.hdf

[global]
instruments = E1 E2 E3 C1 C2 H1 V1 L1 I1 K1
mass1_ref = 30.000000003383533
mass2_ref = 30.000000006027797
minchirp = 26.116416902980244
maxchirp = 26.116616902980244
mincov = 76823020144.30621
maxcov = 7682302014430.621
