
[data]
trigger-time = 1863696934.1276689
injection-file = /work/shashwat.singh/Prospects-of-LGWs/unlens/injection.hdf

[global]
instruments = E1 E2 E3 C1 C2 H1 V1 L1 I1 K1
mass1_ref = 30.000000000546997
mass2_ref = 30.000000002656826
minchirp = 26.11641690027827
maxchirp = 26.11661690027827
mincov = 101865431581.80911
maxcov = 10186543158180.912
