
[data]
trigger-time = 1534419755.9694023
injection-file = /work/shashwat.singh/Prospects-of-LGWs/unlens/injection.hdf

[global]
instruments = E1 E2 E3 C1 C2 H1 V1 L1 I1 K1
mass1_ref = 30.00000000984372
mass2_ref = 30.000000009733743
minchirp = 26.11641690740531
maxchirp = 26.11661690740531
mincov = 93808729976.34723
maxcov = 9380872997634.723
