
[data]
trigger-time = 1949535284.3438754
injection-file = /work/shashwat.singh/Prospects-of-LGWs/unlens/injection.hdf

[global]
instruments = E1 E2 E3 C1 C2 H1 V1 L1 I1 K1
mass1_ref = 30.000000008235975
mass2_ref = 30.000000009761333
minchirp = 26.116416906717507
maxchirp = 26.116616906717507
mincov = 27444944134.695053
maxcov = 2744494413469.5054
