
[data]
trigger-time = 1512326287.9931054
injection-file = /work/shashwat.singh/Prospects-of-LGWs/unlens/injection.hdf

[global]
instruments = E1 E2 E3 C1 C2 H1 V1 L1 I1 K1
mass1_ref = 30.000000000396156
mass2_ref = 30.000000007712643
minchirp = 26.116416902413285
maxchirp = 26.116616902413284
mincov = 161238900034.57407
maxcov = 16123890003457.406
