
[data]
trigger-time = 1153219842.6472938
injection-file = /work/shashwat.singh/Prospects-of-LGWs/unlens/injection.hdf

[global]
instruments = E1 E2 E3 C1 C2 H1 V1 L1 I1 K1
mass1_ref = 30.000000000498925
mass2_ref = 30.000000004399773
minchirp = 26.11641690101601
maxchirp = 26.11661690101601
mincov = 48689336494.39733
maxcov = 4868933649439.733
