
[data]
trigger-time = 1389039867.7027774
injection-file = /work/shashwat.singh/Prospects-of-LGWs/unlens/injection.hdf

[global]
instruments = E1 E2 E3 C1 C2 H1 V1 L1 I1 K1
mass1_ref = 30.000000006684495
mass2_ref = 30.00000000315632
minchirp = 26.11641690316719
maxchirp = 26.116616903167188
mincov = 20207914739.869953
maxcov = 2020791473986.995
