
[data]
trigger-time = 1341334875.795349
injection-file = /work/shashwat.singh/Prospects-of-LGWs/unlens/injection.hdf

[global]
instruments = E1 E2 E3 C1 C2 H1 V1 L1 I1 K1
mass1_ref = 30.000000009397063
mass2_ref = 30.000000007672586
minchirp = 26.11641690631372
maxchirp = 26.11661690631372
mincov = 18359853724.999733
maxcov = 1835985372499.9734
