
[data]
trigger-time = 1375738076.25959
injection-file = /work/shashwat.singh/Prospects-of-LGWs/unlens/injection.hdf

[global]
instruments = E1 E2 E3 C1 C2 H1 V1 L1 I1 K1
mass1_ref = 30.000000006218162
mass2_ref = 30.00000000433975
minchirp = 26.116416903479323
maxchirp = 26.116616903479322
mincov = 1439197036.6504486
maxcov = 143919703665.04486
