
[data]
trigger-time = 1808378162.2690964
injection-file = /work/shashwat.singh/Prospects-of-LGWs/unlens/injection.hdf

[global]
instruments = E1 E2 E3 C1 C2 H1 V1 L1 I1 K1
mass1_ref = 30.000000000501817
mass2_ref = 30.00000000729368
minchirp = 26.116416902276914
maxchirp = 26.116616902276913
mincov = 169511721646.23907
maxcov = 16951172164623.908
