
[data]
trigger-time = 1866325127.1310124
injection-file = /work/shashwat.singh/Prospects-of-LGWs/unlens/injection.hdf

[global]
instruments = E1 E2 E3 C1 C2 H1 V1 L1 I1 K1
mass1_ref = 30.000000006864354
mass2_ref = 30.000000004595453
minchirp = 26.116416903871897
maxchirp = 26.116616903871897
mincov = 63196354336.694786
maxcov = 6319635433669.479
