
[data]
trigger-time = 1547587448.371253
injection-file = /work/shashwat.singh/Prospects-of-LGWs/unlens/injection.hdf

[global]
instruments = E1 E2 E3 C1 C2 H1 V1 L1 I1 K1
mass1_ref = 30.000000006005962
mass2_ref = 30.000000004622738
minchirp = 26.116416903510135
maxchirp = 26.116616903510135
mincov = 96361648628.46872
maxcov = 9636164862846.873
