
[data]
trigger-time = 1515928711.8843713
injection-file = /work/shashwat.singh/Prospects-of-LGWs/unlens/injection.hdf

[global]
instruments = E1 E2 E3 C1 C2 H1 V1 L1 I1 K1
mass1_ref = 30.000000005369674
mass2_ref = 30.000000002722075
minchirp = 26.11641690240586
maxchirp = 26.11661690240586
mincov = 84824300669.42397
maxcov = 8482430066942.396
