
[data]
trigger-time = 1932775744.1479192
injection-file = /work/shashwat.singh/Prospects-of-LGWs/unlens/injection.hdf

[global]
instruments = E1 E2 E3 C1 C2 H1 V1 L1 I1 K1
mass1_ref = 30.00000000991229
mass2_ref = 30.00000000767574
minchirp = 26.11641690653936
maxchirp = 26.11661690653936
mincov = 99713459985.79826
maxcov = 9971345998579.826
