
[data]
trigger-time = 1258464648.1240633
injection-file = /work/shashwat.singh/Prospects-of-LGWs/unlens/injection.hdf

[global]
instruments = E1 E2 E3 C1 C2 H1 V1 L1 I1 K1
mass1_ref = 30.00000000618122
mass2_ref = 30.000000002247763
minchirp = 26.11641690255265
maxchirp = 26.11661690255265
mincov = 10279351560.630302
maxcov = 1027935156063.0303
