
[data]
trigger-time = 1032767420.7288581
injection-file = /work/shashwat.singh/Prospects-of-LGWs/unlens/injection.hdf

[global]
instruments = E1 E2 E3 C1 C2 H1 V1 L1 I1 K1
mass1_ref = 30.000000000543597
mass2_ref = 30.00000000595531
minchirp = 26.116416901712537
maxchirp = 26.116616901712536
mincov = 143470230485.2905
maxcov = 14347023048529.05
