
[data]
trigger-time = 1447513705.233036
injection-file = /work/shashwat.singh/Prospects-of-LGWs/unlens/injection.hdf

[global]
instruments = E1 E2 E3 C1 C2 H1 V1 L1 I1 K1
mass1_ref = 30.00000000149927
mass2_ref = 30.000000003165752
minchirp = 26.116416900914295
maxchirp = 26.116616900914295
mincov = 70958446588.66547
maxcov = 7095844658866.547
