
[data]
trigger-time = 1749242799.9653153
injection-file = /work/shashwat.singh/Prospects-of-LGWs/unlens/injection.hdf

[global]
instruments = E1 E2 E3 C1 C2 H1 V1 L1 I1 K1
mass1_ref = 30.000000009832807
mass2_ref = 30.000000000516845
minchirp = 26.11641690338867
maxchirp = 26.11661690338867
mincov = 165590887400.09076
maxcov = 16559088740009.074
