
[data]
trigger-time = 1925201824.4334183
injection-file = /work/shashwat.singh/Prospects-of-LGWs/unlens/injection.hdf

[global]
instruments = E1 E2 E3 C1 C2 H1 V1 L1 I1 K1
mass1_ref = 30.000000009492698
mass2_ref = 30.000000003827243
minchirp = 26.116416904681564
maxchirp = 26.116616904681564
mincov = 125296213838.10493
maxcov = 12529621383810.492
