
[data]
trigger-time = 1064502415.1605371
injection-file = /work/shashwat.singh/Prospects-of-LGWs/unlens/injection.hdf

[global]
instruments = E1 E2 E3 C1 C2 H1 V1 L1 I1 K1
mass1_ref = 30.00000000221998
mass2_ref = 30.000000005241713
minchirp = 26.116416902131615
maxchirp = 26.116616902131614
mincov = 169209416397.92654
maxcov = 16920941639792.654
