
[data]
trigger-time = 1648465718.1151116
injection-file = /work/shashwat.singh/Prospects-of-LGWs/unlens/injection.hdf

[global]
instruments = E1 E2 E3 C1 C2 H1 V1 L1 I1 K1
mass1_ref = 30.000000001029886
mass2_ref = 30.000000003559528
minchirp = 26.116416900881383
maxchirp = 26.116616900881382
mincov = 144120539836.85077
maxcov = 14412053983685.076
