
[data]
trigger-time = 1632059001.8605824
injection-file = /work/shashwat.singh/Prospects-of-LGWs/unlens/injection.hdf

[global]
instruments = E1 E2 E3 C1 C2 H1 V1 L1 I1 K1
mass1_ref = 30.00000000762646
mass2_ref = 30.000000000691504
minchirp = 26.11641690250433
maxchirp = 26.11661690250433
mincov = 10446906829.484583
maxcov = 1044690682948.4583
