
[data]
trigger-time = 1983908591.5310926
injection-file = /work/shashwat.singh/Prospects-of-LGWs/unlens/injection.hdf

[global]
instruments = E1 E2 E3 C1 C2 H1 V1 L1 I1 K1
mass1_ref = 30.000000000066372
mass2_ref = 30.000000002169486
minchirp = 26.116416899856937
maxchirp = 26.116616899856936
mincov = 92412637398.5344
maxcov = 9241263739853.44
