
[data]
trigger-time = 1583089634.2392676
injection-file = /work/shashwat.singh/Prospects-of-LGWs/unlens/injection.hdf

[global]
instruments = E1 E2 E3 C1 C2 H1 V1 L1 I1 K1
mass1_ref = 30.00000000572875
mass2_ref = 30.000000000445837
minchirp = 26.11641690157137
maxchirp = 26.11661690157137
mincov = 178718951934.30402
maxcov = 17871895193430.402
