
[data]
trigger-time = 1391882760.939011
injection-file = /work/shashwat.singh/Prospects-of-LGWs/unlens/injection.hdf

[global]
instruments = E1 E2 E3 C1 C2 H1 V1 L1 I1 K1
mass1_ref = 30.000000008915094
mass2_ref = 30.000000003964512
minchirp = 26.1164169044899
maxchirp = 26.1166169044899
mincov = 83245933285.12912
maxcov = 8324593328512.912
