
[data]
trigger-time = 1872531056.2521381
injection-file = /work/shashwat.singh/Prospects-of-LGWs/unlens/injection.hdf

[global]
instruments = E1 E2 E3 C1 C2 H1 V1 L1 I1 K1
mass1_ref = 30.000000005940688
mass2_ref = 30.000000000986102
minchirp = 26.116416901898784
maxchirp = 26.116616901898784
mincov = 170578915842.37363
maxcov = 17057891584237.363
