
[data]
trigger-time = 1524734850.919979
injection-file = /work/shashwat.singh/Prospects-of-LGWs/unlens/injection.hdf

[global]
instruments = E1 E2 E3 C1 C2 H1 V1 L1 I1 K1
mass1_ref = 30.000000007349414
mass2_ref = 30.000000006015142
minchirp = 26.116416904700984
maxchirp = 26.116616904700983
mincov = 103288503153.28644
maxcov = 10328850315328.645
