
[data]
trigger-time = 1889047612.4371896
injection-file = /work/shashwat.singh/Prospects-of-LGWs/unlens/injection.hdf

[global]
instruments = E1 E2 E3 C1 C2 H1 V1 L1 I1 K1
mass1_ref = 30.000000005671644
mass2_ref = 30.00000000350741
minchirp = 26.116416902879138
maxchirp = 26.116616902879137
mincov = 44972450874.972145
maxcov = 4497245087497.215
