
[data]
trigger-time = 1285499834.3409486
injection-file = /work/shashwat.singh/Prospects-of-LGWs/unlens/injection.hdf

[global]
instruments = E1 E2 E3 C1 C2 H1 V1 L1 I1 K1
mass1_ref = 30.000000004210285
mass2_ref = 30.00000000595266
minchirp = 26.116416903307403
maxchirp = 26.116616903307403
mincov = 114773305794.952
maxcov = 11477330579495.2
