
[data]
trigger-time = 1988689775.5996413
injection-file = /work/shashwat.singh/Prospects-of-LGWs/unlens/injection.hdf

[global]
instruments = E1 E2 E3 C1 C2 H1 V1 L1 I1 K1
mass1_ref = 30.00000000024286
mass2_ref = 30.000000002614374
minchirp = 26.11641690012741
maxchirp = 26.116616900127408
mincov = 176210880356.65802
maxcov = 17621088035665.8
