
[data]
trigger-time = 1820616824.3367016
injection-file = /work/shashwat.singh/Prospects-of-LGWs/unlens/injection.hdf

[global]
instruments = E1 E2 E3 C1 C2 H1 V1 L1 I1 K1
mass1_ref = 30.00000000737721
mass2_ref = 30.00000000026559
minchirp = 26.116416902210446
maxchirp = 26.116616902210446
mincov = 148996231005.07797
maxcov = 14899623100507.797
