
[data]
trigger-time = 1717418558.2095084
injection-file = /work/shashwat.singh/Prospects-of-LGWs/unlens/injection.hdf

[global]
instruments = E1 E2 E3 C1 C2 H1 V1 L1 I1 K1
mass1_ref = 30.0000000053916
mass2_ref = 30.00000000473782
minchirp = 26.11641690329281
maxchirp = 26.116616903292808
mincov = 59184688347.11578
maxcov = 5918468834711.578
