
[data]
trigger-time = 1875778659.3687177
injection-file = /work/shashwat.singh/Prospects-of-LGWs/unlens/injection.hdf

[global]
instruments = E1 E2 E3 C1 C2 H1 V1 L1 I1 K1
mass1_ref = 30.000000002669235
mass2_ref = 30.000000001932328
minchirp = 26.11641690088667
maxchirp = 26.11661690088667
mincov = 86823318284.31566
maxcov = 8682331828431.566
