
[data]
trigger-time = 1888969645.64739
injection-file = /work/shashwat.singh/Prospects-of-LGWs/unlens/injection.hdf

[global]
instruments = E1 E2 E3 C1 C2 H1 V1 L1 I1 K1
mass1_ref = 30.000000008413615
mass2_ref = 30.000000008373693
minchirp = 26.116416906190825
maxchirp = 26.116616906190824
mincov = 3302208642.5400524
maxcov = 330220864254.00525
