
[data]
trigger-time = 1535724578.0637536
injection-file = /work/shashwat.singh/Prospects-of-LGWs/unlens/injection.hdf

[global]
instruments = E1 E2 E3 C1 C2 H1 V1 L1 I1 K1
mass1_ref = 30.000000008006673
mass2_ref = 30.000000000476792
minchirp = 26.11641690257637
maxchirp = 26.116616902576368
mincov = 176630366142.65692
maxcov = 17663036614265.69
