
[data]
trigger-time = 1879176009.2509847
injection-file = /work/shashwat.singh/Prospects-of-LGWs/unlens/injection.hdf

[global]
instruments = E1 E2 E3 C1 C2 H1 V1 L1 I1 K1
mass1_ref = 30.0000000027968
mass2_ref = 30.00000000134661
minchirp = 26.11641690068725
maxchirp = 26.116616900687248
mincov = 155610974320.5765
maxcov = 15561097432057.652
