
[data]
trigger-time = 1935379754.9938827
injection-file = /work/shashwat.singh/Prospects-of-LGWs/unlens/injection.hdf

[global]
instruments = E1 E2 E3 C1 C2 H1 V1 L1 I1 K1
mass1_ref = 30.000000006124232
mass2_ref = 30.000000005963184
minchirp = 26.11641690414508
maxchirp = 26.11661690414508
mincov = 170417555964.32184
maxcov = 17041755596432.184
