
[data]
trigger-time = 1385241332.7791648
injection-file = /work/shashwat.singh/Prospects-of-LGWs/unlens/injection.hdf

[global]
instruments = E1 E2 E3 C1 C2 H1 V1 L1 I1 K1
mass1_ref = 30.000000000967596
mass2_ref = 30.000000008196842
minchirp = 26.11641690287278
maxchirp = 26.116616902872778
mincov = 129108413501.70065
maxcov = 12910841350170.066
