
[data]
trigger-time = 1736290227.494657
injection-file = /work/shashwat.singh/Prospects-of-LGWs/unlens/injection.hdf

[global]
instruments = E1 E2 E3 C1 C2 H1 V1 L1 I1 K1
mass1_ref = 30.000000007211526
mass2_ref = 30.000000006679116
minchirp = 26.116416904929977
maxchirp = 26.116616904929977
mincov = 71327396111.09128
maxcov = 7132739611109.129
