
[data]
trigger-time = 1731785659.8781948
injection-file = /work/shashwat.singh/Prospects-of-LGWs/unlens/injection.hdf

[global]
instruments = E1 E2 E3 C1 C2 H1 V1 L1 I1 K1
mass1_ref = 30.00000000604214
mass2_ref = 30.000000000327294
minchirp = 26.11641690165618
maxchirp = 26.11661690165618
mincov = 87231595577.74133
maxcov = 8723159557774.133
