
[data]
trigger-time = 1577666251.4792693
injection-file = /work/shashwat.singh/Prospects-of-LGWs/unlens/injection.hdf

[global]
instruments = E1 E2 E3 C1 C2 H1 V1 L1 I1 K1
mass1_ref = 30.000000006152263
mass2_ref = 30.00000000829109
minchirp = 26.116416905170556
maxchirp = 26.116616905170556
mincov = 79575353819.02097
maxcov = 7957535381902.096
