
[data]
trigger-time = 1434300619.784311
injection-file = /work/shashwat.singh/Prospects-of-LGWs/unlens/injection.hdf

[global]
instruments = E1 E2 E3 C1 C2 H1 V1 L1 I1 K1
mass1_ref = 30.000000006494535
mass2_ref = 30.000000000985995
minchirp = 26.116416902139814
maxchirp = 26.116616902139814
mincov = 129641259692.53513
maxcov = 12964125969253.514
