
[data]
trigger-time = 1173229970.626202
injection-file = /work/shashwat.singh/Prospects-of-LGWs/unlens/injection.hdf

[global]
instruments = E1 E2 E3 C1 C2 H1 V1 L1 I1 K1
mass1_ref = 30.00000000882807
mass2_ref = 30.000000002404953
minchirp = 26.11641690377318
maxchirp = 26.11661690377318
mincov = 137583882408.44342
maxcov = 13758388240844.34
