
[data]
trigger-time = 1616432898.0772047
injection-file = /work/shashwat.singh/Prospects-of-LGWs/unlens/injection.hdf

[global]
instruments = E1 E2 E3 C1 C2 H1 V1 L1 I1 K1
mass1_ref = 30.00000000916186
mass2_ref = 30.000000004878622
minchirp = 26.116416904995198
maxchirp = 26.116616904995198
mincov = 47771125174.132416
maxcov = 4777112517413.241
