
[data]
trigger-time = 1876738723.197136
injection-file = /work/shashwat.singh/Prospects-of-LGWs/unlens/injection.hdf

[global]
instruments = E1 E2 E3 C1 C2 H1 V1 L1 I1 K1
mass1_ref = 30.000000007552053
mass2_ref = 30.00000000846493
minchirp = 26.11641690585552
maxchirp = 26.11661690585552
mincov = 57352952493.32988
maxcov = 5735295249332.988
