
[data]
trigger-time = 1257860900.526093
injection-file = /work/shashwat.singh/Prospects-of-LGWs/unlens/injection.hdf

[global]
instruments = E1 E2 E3 C1 C2 H1 V1 L1 I1 K1
mass1_ref = 30.000000003153108
mass2_ref = 30.000000006420827
minchirp = 26.11641690305102
maxchirp = 26.11661690305102
mincov = 8686157205.77212
maxcov = 868615720577.2119
