
[data]
trigger-time = 1884715632.3812332
injection-file = /work/shashwat.singh/Prospects-of-LGWs/unlens/injection.hdf

[global]
instruments = E1 E2 E3 C1 C2 H1 V1 L1 I1 K1
mass1_ref = 30.000000006757755
mass2_ref = 30.000000002346503
minchirp = 26.116416902846584
maxchirp = 26.116616902846584
mincov = 58916568539.36442
maxcov = 5891656853936.441
