
[data]
trigger-time = 1133408824.1149821
injection-file = /work/shashwat.singh/Prospects-of-LGWs/unlens/injection.hdf

[global]
instruments = E1 E2 E3 C1 C2 H1 V1 L1 I1 K1
mass1_ref = 30.000000003377725
mass2_ref = 30.000000000679602
minchirp = 26.116416900649778
maxchirp = 26.116616900649777
mincov = 61049112693.5462
maxcov = 6104911269354.62
