
[data]
trigger-time = 1209102916.682227
injection-file = /work/shashwat.singh/Prospects-of-LGWs/unlens/injection.hdf

[global]
instruments = E1 E2 E3 C1 C2 H1 V1 L1 I1 K1
mass1_ref = 30.000000006757812
mass2_ref = 30.00000000990521
minchirp = 26.116416906136728
maxchirp = 26.116616906136727
mincov = 108273698159.93518
maxcov = 10827369815993.518
