
[data]
trigger-time = 1121526936.8919156
injection-file = /work/shashwat.singh/Prospects-of-LGWs/unlens/injection.hdf

[global]
instruments = E1 E2 E3 C1 C2 H1 V1 L1 I1 K1
mass1_ref = 30.000000002819885
mass2_ref = 30.000000009456773
minchirp = 26.11641690422745
maxchirp = 26.11661690422745
mincov = 141734532416.64825
maxcov = 14173453241664.824
