
[data]
trigger-time = 1702222392.5947819
injection-file = /work/shashwat.singh/Prospects-of-LGWs/unlens/injection.hdf

[global]
instruments = E1 E2 E3 C1 C2 H1 V1 L1 I1 K1
mass1_ref = 30.00000000250095
mass2_ref = 30.00000000458123
minchirp = 26.116416901966424
maxchirp = 26.116616901966424
mincov = 4210572885.489335
maxcov = 421057288548.9335
