
[data]
trigger-time = 1455057670.2650485
injection-file = /work/shashwat.singh/Prospects-of-LGWs/unlens/injection.hdf

[global]
instruments = E1 E2 E3 C1 C2 H1 V1 L1 I1 K1
mass1_ref = 30.000000001287653
mass2_ref = 30.00000000058018
minchirp = 26.116416899696745
maxchirp = 26.116616899696744
mincov = 146829410375.99588
maxcov = 14682941037599.588
