
[data]
trigger-time = 1959234884.9633722
injection-file = /work/shashwat.singh/Prospects-of-LGWs/unlens/injection.hdf

[global]
instruments = E1 E2 E3 C1 C2 H1 V1 L1 I1 K1
mass1_ref = 30.000000001546265
mass2_ref = 30.000000001070305
minchirp = 26.116416900022653
maxchirp = 26.116616900022652
mincov = 87720174460.55144
maxcov = 8772017446055.145
