
[data]
trigger-time = 1642977124.9741066
injection-file = /work/shashwat.singh/Prospects-of-LGWs/unlens/injection.hdf

[global]
instruments = E1 E2 E3 C1 C2 H1 V1 L1 I1 K1
mass1_ref = 30.00000000435176
mass2_ref = 30.000000008842598
minchirp = 26.116416904626902
maxchirp = 26.116616904626902
mincov = 105937430128.56546
maxcov = 10593743012856.545
