
[data]
trigger-time = 1757413660.4630537
injection-file = /work/shashwat.singh/Prospects-of-LGWs/unlens/injection.hdf

[global]
instruments = E1 E2 E3 C1 C2 H1 V1 L1 I1 K1
mass1_ref = 30.000000007022983
mass2_ref = 30.000000008619832
minchirp = 26.116416905692656
maxchirp = 26.116616905692656
mincov = 4222118615.6564217
maxcov = 422211861565.64215
