
[data]
trigger-time = 1416178025.2228112
injection-file = /work/shashwat.singh/Prospects-of-LGWs/unlens/injection.hdf

[global]
instruments = E1 E2 E3 C1 C2 H1 V1 L1 I1 K1
mass1_ref = 30.00000000161047
mass2_ref = 30.00000000973839
minchirp = 26.116416903823602
maxchirp = 26.1166169038236
mincov = 174480317056.26825
maxcov = 17448031705626.826
