
[data]
trigger-time = 1889913798.2643614
injection-file = /work/shashwat.singh/Prospects-of-LGWs/unlens/injection.hdf

[global]
instruments = E1 E2 E3 C1 C2 H1 V1 L1 I1 K1
mass1_ref = 30.00000000276254
mass2_ref = 30.00000000253418
minchirp = 26.116416901189254
maxchirp = 26.116616901189253
mincov = 71188895682.88083
maxcov = 7118889568288.082
