
[data]
trigger-time = 1330114068.7583952
injection-file = /work/shashwat.singh/Prospects-of-LGWs/unlens/injection.hdf

[global]
instruments = E1 E2 E3 C1 C2 H1 V1 L1 I1 K1
mass1_ref = 30.000000009322644
mass2_ref = 30.00000000048217
minchirp = 26.116416903151517
maxchirp = 26.116616903151517
mincov = 104952432791.00365
maxcov = 10495243279100.365
