
[data]
trigger-time = 1949314543.2022018
injection-file = /work/shashwat.singh/Prospects-of-LGWs/unlens/injection.hdf

[global]
instruments = E1 E2 E3 C1 C2 H1 V1 L1 I1 K1
mass1_ref = 30.000000007428532
mass2_ref = 30.000000006478302
minchirp = 26.116416904937026
maxchirp = 26.116616904937025
mincov = 12880005208.798464
maxcov = 1288000520879.8464
