
[data]
trigger-time = 1316326074.2691023
injection-file = /work/shashwat.singh/Prospects-of-LGWs/unlens/injection.hdf

[global]
instruments = E1 E2 E3 C1 C2 H1 V1 L1 I1 K1
mass1_ref = 30.000000003088715
mass2_ref = 30.000000009097892
minchirp = 26.116416904188256
maxchirp = 26.116616904188255
mincov = 1310956324.1096387
maxcov = 131095632410.96387
