
[data]
trigger-time = 1559647470.981696
injection-file = /work/shashwat.singh/Prospects-of-LGWs/unlens/injection.hdf

[global]
instruments = E1 E2 E3 C1 C2 H1 V1 L1 I1 K1
mass1_ref = 30.000000004249486
mass2_ref = 30.000000002531216
minchirp = 26.116416901835198
maxchirp = 26.116616901835197
mincov = 166394493195.47507
maxcov = 16639449319547.508
