
[data]
trigger-time = 1650978034.8338313
injection-file = /work/shashwat.singh/Prospects-of-LGWs/unlens/injection.hdf

[global]
instruments = E1 E2 E3 C1 C2 H1 V1 L1 I1 K1
mass1_ref = 30.00000000427334
mass2_ref = 30.00000000610208
minchirp = 26.11641690339989
maxchirp = 26.11661690339989
mincov = 136268464009.24149
maxcov = 13626846400924.148
