
[data]
trigger-time = 1188502664.3595238
injection-file = /work/shashwat.singh/Prospects-of-LGWs/unlens/injection.hdf

[global]
instruments = E1 E2 E3 C1 C2 H1 V1 L1 I1 K1
mass1_ref = 30.00000000814939
mass2_ref = 30.00000000679799
minchirp = 26.11641690538995
maxchirp = 26.11661690538995
mincov = 101517853024.98412
maxcov = 10151785302498.412
