
[data]
trigger-time = 1567902292.1482763
injection-file = /work/shashwat.singh/Prospects-of-LGWs/unlens/injection.hdf

[global]
instruments = E1 E2 E3 C1 C2 H1 V1 L1 I1 K1
mass1_ref = 30.00000000281067
mass2_ref = 30.000000005992653
minchirp = 26.116416902715596
maxchirp = 26.116616902715595
mincov = 20106775139.101986
maxcov = 2010677513910.1987
