
[data]
trigger-time = 1374477128.1185079
injection-file = /work/shashwat.singh/Prospects-of-LGWs/unlens/injection.hdf

[global]
instruments = E1 E2 E3 C1 C2 H1 V1 L1 I1 K1
mass1_ref = 30.000000005257604
mass2_ref = 30.000000008009795
minchirp = 26.116416904658692
maxchirp = 26.11661690465869
mincov = 72322703312.06915
maxcov = 7232270331206.915
