
[data]
trigger-time = 1746541631.248642
injection-file = /work/shashwat.singh/Prospects-of-LGWs/unlens/injection.hdf

[global]
instruments = E1 E2 E3 C1 C2 H1 V1 L1 I1 K1
mass1_ref = 30.0000000047455
mass2_ref = 30.000000007633883
minchirp = 26.116416904272164
maxchirp = 26.116616904272163
mincov = 68890721616.70758
maxcov = 6889072161670.758
