
[data]
trigger-time = 1947813921.4980059
injection-file = /work/shashwat.singh/Prospects-of-LGWs/unlens/injection.hdf

[global]
instruments = E1 E2 E3 C1 C2 H1 V1 L1 I1 K1
mass1_ref = 30.00000000725521
mass2_ref = 30.000000001945917
minchirp = 26.116416902888748
maxchirp = 26.116616902888747
mincov = 131667371573.20166
maxcov = 13166737157320.166
