
[data]
trigger-time = 1914857099.3954802
injection-file = /work/shashwat.singh/Prospects-of-LGWs/unlens/injection.hdf

[global]
instruments = E1 E2 E3 C1 C2 H1 V1 L1 I1 K1
mass1_ref = 30.000000007377604
mass2_ref = 30.000000008378954
minchirp = 26.116416905742167
maxchirp = 26.116616905742166
mincov = 34236465191.791004
maxcov = 3423646519179.1006
