
[data]
trigger-time = 1679368701.9629421
injection-file = /work/shashwat.singh/Prospects-of-LGWs/unlens/injection.hdf

[global]
instruments = E1 E2 E3 C1 C2 H1 V1 L1 I1 K1
mass1_ref = 30.000000002222134
mass2_ref = 30.000000008914835
minchirp = 26.11641690373137
maxchirp = 26.11661690373137
mincov = 142159733025.2301
maxcov = 14215973302523.01
