
[data]
trigger-time = 1330894143.915075
injection-file = /work/shashwat.singh/Prospects-of-LGWs/unlens/injection.hdf

[global]
instruments = E1 E2 E3 C1 C2 H1 V1 L1 I1 K1
mass1_ref = 30.000000005948685
mass2_ref = 30.00000000686502
minchirp = 26.116416904461214
maxchirp = 26.116616904461214
mincov = 105377523770.94577
maxcov = 10537752377094.576
