
[data]
trigger-time = 1496341974.9498851
injection-file = /work/shashwat.singh/Prospects-of-LGWs/unlens/injection.hdf

[global]
instruments = E1 E2 E3 C1 C2 H1 V1 L1 I1 K1
mass1_ref = 30.00000000741566
mass2_ref = 30.00000000643074
minchirp = 26.11641690491072
maxchirp = 26.11661690491072
mincov = 158723467277.4157
maxcov = 15872346727741.57
