
[data]
trigger-time = 1666955250.1120434
injection-file = /work/shashwat.singh/Prospects-of-LGWs/unlens/injection.hdf

[global]
instruments = E1 E2 E3 C1 C2 H1 V1 L1 I1 K1
mass1_ref = 30.000000006382304
mass2_ref = 30.000000004338577
minchirp = 26.11641690355026
maxchirp = 26.11661690355026
mincov = 99368880763.34445
maxcov = 9936888076334.445
