
[data]
trigger-time = 1181782752.0421867
injection-file = /work/shashwat.singh/Prospects-of-LGWs/unlens/injection.hdf

[global]
instruments = E1 E2 E3 C1 C2 H1 V1 L1 I1 K1
mass1_ref = 30.00000000153999
mass2_ref = 30.000000004804313
minchirp = 26.116416901645245
maxchirp = 26.116616901645244
mincov = 128794382942.5044
maxcov = 12879438294250.44
