
[data]
trigger-time = 1460940834.0773132
injection-file = /work/shashwat.singh/Prospects-of-LGWs/unlens/injection.hdf

[global]
instruments = E1 E2 E3 C1 C2 H1 V1 L1 I1 K1
mass1_ref = 30.00000000428235
mass2_ref = 30.000000000768633
minchirp = 26.116416901082292
maxchirp = 26.116616901082292
mincov = 1335096760.7995315
maxcov = 133509676079.95314
