
[data]
trigger-time = 1949003024.3020086
injection-file = /work/shashwat.singh/Prospects-of-LGWs/unlens/injection.hdf

[global]
instruments = E1 E2 E3 C1 C2 H1 V1 L1 I1 K1
mass1_ref = 30.00000000108013
mass2_ref = 30.00000000363057
minchirp = 26.116416900934176
maxchirp = 26.116616900934176
mincov = 149948636216.16852
maxcov = 14994863621616.852
