
[data]
trigger-time = 1096707707.039116
injection-file = /work/shashwat.singh/Prospects-of-LGWs/unlens/injection.hdf

[global]
instruments = E1 E2 E3 C1 C2 H1 V1 L1 I1 K1
mass1_ref = 30.000000002242334
mass2_ref = 30.00000000352612
minchirp = 26.11641690139459
maxchirp = 26.11661690139459
mincov = 177889460100.67825
maxcov = 17788946010067.824
