
[data]
trigger-time = 1677654201.1692414
injection-file = /work/shashwat.singh/Prospects-of-LGWs/unlens/injection.hdf

[global]
instruments = E1 E2 E3 C1 C2 H1 V1 L1 I1 K1
mass1_ref = 30.00000000132614
mass2_ref = 30.00000000478071
minchirp = 26.116416901541886
maxchirp = 26.116616901541885
mincov = 14644831212.545013
maxcov = 1464483121254.5015
