
[data]
trigger-time = 1615923813.4591136
injection-file = /work/shashwat.singh/Prospects-of-LGWs/unlens/injection.hdf

[global]
instruments = E1 E2 E3 C1 C2 H1 V1 L1 I1 K1
mass1_ref = 30.000000007800523
mass2_ref = 30.000000002235392
minchirp = 26.116416903252112
maxchirp = 26.116616903252112
mincov = 6282559715.509797
maxcov = 628255971550.9797
