
[data]
trigger-time = 1826761085.0234294
injection-file = /work/shashwat.singh/Prospects-of-LGWs/unlens/injection.hdf

[global]
instruments = E1 E2 E3 C1 C2 H1 V1 L1 I1 K1
mass1_ref = 30.00000000032692
mass2_ref = 30.000000007272426
minchirp = 26.11641690219153
maxchirp = 26.11661690219153
mincov = 5542548117.923879
maxcov = 554254811792.3878
