
[data]
trigger-time = 1837621434.632659
injection-file = /work/shashwat.singh/Prospects-of-LGWs/unlens/injection.hdf

[global]
instruments = E1 E2 E3 C1 C2 H1 V1 L1 I1 K1
mass1_ref = 30.00000000760601
mass2_ref = 30.000000000824244
minchirp = 26.1164169025532
maxchirp = 26.1166169025532
mincov = 7837661455.658069
maxcov = 783766145565.8069
