
[data]
trigger-time = 1794220004.4096286
injection-file = /work/shashwat.singh/Prospects-of-LGWs/unlens/injection.hdf

[global]
instruments = E1 E2 E3 C1 C2 H1 V1 L1 I1 K1
mass1_ref = 30.00000000012188
mass2_ref = 30.00000000886817
minchirp = 26.11641690279687
maxchirp = 26.11661690279687
mincov = 34684632018.4254
maxcov = 3468463201842.5396
