
[data]
trigger-time = 1700063218.4042578
injection-file = /work/shashwat.singh/Prospects-of-LGWs/unlens/injection.hdf

[global]
instruments = E1 E2 E3 C1 C2 H1 V1 L1 I1 K1
mass1_ref = 30.00000000131688
mass2_ref = 30.000000004858688
minchirp = 26.116416901571796
maxchirp = 26.116616901571795
mincov = 112745976012.98601
maxcov = 11274597601298.602
