
[data]
trigger-time = 1582910852.3164792
injection-file = /work/shashwat.singh/Prospects-of-LGWs/unlens/injection.hdf

[global]
instruments = E1 E2 E3 C1 C2 H1 V1 L1 I1 K1
mass1_ref = 30.000000009191087
mass2_ref = 30.000000002362203
minchirp = 26.116416903912587
maxchirp = 26.116616903912586
mincov = 166208724167.9845
maxcov = 16620872416798.45
