
[data]
trigger-time = 1706689363.4392822
injection-file = /work/shashwat.singh/Prospects-of-LGWs/unlens/injection.hdf

[global]
instruments = E1 E2 E3 C1 C2 H1 V1 L1 I1 K1
mass1_ref = 30.000000003836668
mass2_ref = 30.000000004422315
minchirp = 26.116416902478655
maxchirp = 26.116616902478654
mincov = 47084047295.826996
maxcov = 4708404729582.699
