
[data]
trigger-time = 1642672946.1048532
injection-file = /work/shashwat.singh/Prospects-of-LGWs/unlens/injection.hdf

[global]
instruments = E1 E2 E3 C1 C2 H1 V1 L1 I1 K1
mass1_ref = 30.00000000598937
mass2_ref = 30.000000008559155
minchirp = 26.116416905216337
maxchirp = 26.116616905216336
mincov = 54201115221.02516
maxcov = 5420111522102.516
