
[data]
trigger-time = 1369951685.1189103
injection-file = /work/shashwat.singh/Prospects-of-LGWs/unlens/injection.hdf

[global]
instruments = E1 E2 E3 C1 C2 H1 V1 L1 I1 K1
mass1_ref = 30.000000000866393
mass2_ref = 30.00000000478711
minchirp = 26.116416901344554
maxchirp = 26.116616901344553
mincov = 91023223275.26248
maxcov = 9102322327526.248
