
[data]
trigger-time = 1544628356.4814968
injection-file = /work/shashwat.singh/Prospects-of-LGWs/unlens/injection.hdf

[global]
instruments = E1 E2 E3 C1 C2 H1 V1 L1 I1 K1
mass1_ref = 30.00000000059503
mass2_ref = 30.00000000183828
minchirp = 26.116416899942884
maxchirp = 26.116616899942883
mincov = 116451304882.72112
maxcov = 11645130488272.111
