
[data]
trigger-time = 1316331802.8799021
injection-file = /work/shashwat.singh/Prospects-of-LGWs/unlens/injection.hdf

[global]
instruments = E1 E2 E3 C1 C2 H1 V1 L1 I1 K1
mass1_ref = 30.000000002883002
mass2_ref = 30.00000000779017
minchirp = 26.116416903529494
maxchirp = 26.116616903529493
mincov = 156263762977.73465
maxcov = 15626376297773.465
