
[data]
trigger-time = 1817501127.6152472
injection-file = /work/shashwat.singh/Prospects-of-LGWs/unlens/injection.hdf

[global]
instruments = E1 E2 E3 C1 C2 H1 V1 L1 I1 K1
mass1_ref = 30.000000000216286
mass2_ref = 30.000000006957716
minchirp = 26.11641690200639
maxchirp = 26.11661690200639
mincov = 55785487796.71033
maxcov = 5578548779671.033
