
[data]
trigger-time = 1841085107.7522547
injection-file = /work/shashwat.singh/Prospects-of-LGWs/unlens/injection.hdf

[global]
instruments = E1 E2 E3 C1 C2 H1 V1 L1 I1 K1
mass1_ref = 30.00000000637503
mass2_ref = 30.000000006288516
minchirp = 26.116416904395855
maxchirp = 26.116616904395855
mincov = 178016334706.8688
maxcov = 17801633470686.88
