
[data]
trigger-time = 1225203660.4037967
injection-file = /work/shashwat.singh/Prospects-of-LGWs/unlens/injection.hdf

[global]
instruments = E1 E2 E3 C1 C2 H1 V1 L1 I1 K1
mass1_ref = 30.000000006416112
mass2_ref = 30.000000000321513
minchirp = 26.116416901816443
maxchirp = 26.116616901816442
mincov = 156779252070.9556
maxcov = 15677925207095.559
