
[data]
trigger-time = 1813174730.7845283
injection-file = /work/shashwat.singh/Prospects-of-LGWs/unlens/injection.hdf

[global]
instruments = E1 E2 E3 C1 C2 H1 V1 L1 I1 K1
mass1_ref = 30.000000006782777
mass2_ref = 30.00000000610475
minchirp = 26.116416904493345
maxchirp = 26.116616904493345
mincov = 77247079025.14351
maxcov = 7724707902514.351
