
[data]
trigger-time = 1857050558.3144476
injection-file = /work/shashwat.singh/Prospects-of-LGWs/unlens/injection.hdf

[global]
instruments = E1 E2 E3 C1 C2 H1 V1 L1 I1 K1
mass1_ref = 30.000000008577253
mass2_ref = 30.00000000379978
minchirp = 26.11641690427114
maxchirp = 26.11661690427114
mincov = 14397017486.327938
maxcov = 1439701748632.794
