
[data]
trigger-time = 1371598975.6837673
injection-file = /work/shashwat.singh/Prospects-of-LGWs/unlens/injection.hdf

[global]
instruments = E1 E2 E3 C1 C2 H1 V1 L1 I1 K1
mass1_ref = 30.000000000554063
mass2_ref = 30.00000000032722
minchirp = 26.116416899267325
maxchirp = 26.116616899267324
mincov = 105994486131.44107
maxcov = 10599448613144.107
