
[data]
trigger-time = 1186752748.3592002
injection-file = /work/shashwat.singh/Prospects-of-LGWs/unlens/injection.hdf

[global]
instruments = E1 E2 E3 C1 C2 H1 V1 L1 I1 K1
mass1_ref = 30.00000000577949
mass2_ref = 30.000000009839855
minchirp = 26.116416905682442
maxchirp = 26.11661690568244
mincov = 177219332382.37692
maxcov = 17721933238237.69
