
[data]
trigger-time = 1874403888.7573302
injection-file = /work/shashwat.singh/Prospects-of-LGWs/unlens/injection.hdf

[global]
instruments = E1 E2 E3 C1 C2 H1 V1 L1 I1 K1
mass1_ref = 30.0000000070979
mass2_ref = 30.000000000016477
minchirp = 26.116416901980436
maxchirp = 26.116616901980436
mincov = 159983258040.63843
maxcov = 15998325804063.844
