
[data]
trigger-time = 1446701867.2369945
injection-file = /work/shashwat.singh/Prospects-of-LGWs/unlens/injection.hdf

[global]
instruments = E1 E2 E3 C1 C2 H1 V1 L1 I1 K1
mass1_ref = 30.000000006686097
mass2_ref = 30.00000000964306
minchirp = 26.1164169059914
maxchirp = 26.1166169059914
mincov = 23432432803.546745
maxcov = 2343243280354.6743
