
[data]
trigger-time = 1198293717.1301234
injection-file = /work/shashwat.singh/Prospects-of-LGWs/unlens/injection.hdf

[global]
instruments = E1 E2 E3 C1 C2 H1 V1 L1 I1 K1
mass1_ref = 30.000000001285823
mass2_ref = 30.00000000406881
minchirp = 26.116416901214464
maxchirp = 26.116616901214464
mincov = 100551560182.86009
maxcov = 10055156018286.01
