
[data]
trigger-time = 1977845308.672921
injection-file = /work/shashwat.singh/Prospects-of-LGWs/unlens/injection.hdf

[global]
instruments = E1 E2 E3 C1 C2 H1 V1 L1 I1 K1
mass1_ref = 30.00000000930015
mass2_ref = 30.00000000605431
minchirp = 26.11641690556714
maxchirp = 26.116616905567138
mincov = 87190344915.08498
maxcov = 8719034491508.497
