
[data]
trigger-time = 1626262039.0449736
injection-file = /work/shashwat.singh/Prospects-of-LGWs/unlens/injection.hdf

[global]
instruments = E1 E2 E3 C1 C2 H1 V1 L1 I1 K1
mass1_ref = 30.000000006228543
mass2_ref = 30.000000009439436
minchirp = 26.11641690570361
maxchirp = 26.11661690570361
mincov = 21020237486.02064
maxcov = 2102023748602.0642
