
[data]
trigger-time = 1519900088.4761057
injection-file = /work/shashwat.singh/Prospects-of-LGWs/unlens/injection.hdf

[global]
instruments = E1 E2 E3 C1 C2 H1 V1 L1 I1 K1
mass1_ref = 30.000000005730428
mass2_ref = 30.00000000511752
minchirp = 26.116416903605568
maxchirp = 26.116616903605568
mincov = 33759519814.412514
maxcov = 3375951981441.251
