
[data]
trigger-time = 1531872545.1235414
injection-file = /work/shashwat.singh/Prospects-of-LGWs/unlens/injection.hdf

[global]
instruments = E1 E2 E3 C1 C2 H1 V1 L1 I1 K1
mass1_ref = 30.00000000999105
mass2_ref = 30.000000008895423
minchirp = 26.11641690710454
maxchirp = 26.11661690710454
mincov = 48910283084.65974
maxcov = 4891028308465.974
