
[data]
trigger-time = 1712467345.537662
injection-file = /work/shashwat.singh/Prospects-of-LGWs/unlens/injection.hdf

[global]
instruments = E1 E2 E3 C1 C2 H1 V1 L1 I1 K1
mass1_ref = 30.00000000742577
mass2_ref = 30.00000000714495
minchirp = 26.116416905226
maxchirp = 26.116616905226
mincov = 57323935035.02468
maxcov = 5732393503502.469
