
[data]
trigger-time = 1295979301.2498994
injection-file = /work/shashwat.singh/Prospects-of-LGWs/unlens/injection.hdf

[global]
instruments = E1 E2 E3 C1 C2 H1 V1 L1 I1 K1
mass1_ref = 30.000000006518018
mass2_ref = 30.000000003859313
minchirp = 26.116416903400722
maxchirp = 26.116616903400722
mincov = 58595996511.281204
maxcov = 5859599651128.12
