
[data]
trigger-time = 1070011556.6394954
injection-file = /work/shashwat.singh/Prospects-of-LGWs/unlens/injection.hdf

[global]
instruments = E1 E2 E3 C1 C2 H1 V1 L1 I1 K1
mass1_ref = 30.000000000848257
mass2_ref = 30.00000000203892
minchirp = 26.11641690014044
maxchirp = 26.11661690014044
mincov = 78968016354.0228
maxcov = 7896801635402.28
