
[data]
trigger-time = 1486508556.6195405
injection-file = /work/shashwat.singh/Prospects-of-LGWs/unlens/injection.hdf

[global]
instruments = E1 E2 E3 C1 C2 H1 V1 L1 I1 K1
mass1_ref = 30.000000007153293
mass2_ref = 30.000000000280515
minchirp = 26.11641690211948
maxchirp = 26.11661690211948
mincov = 160023352952.9798
maxcov = 16002335295297.979
