
[data]
trigger-time = 1206894657.4244034
injection-file = /work/shashwat.singh/Prospects-of-LGWs/unlens/injection.hdf

[global]
instruments = E1 E2 E3 C1 C2 H1 V1 L1 I1 K1
mass1_ref = 30.0000000000836
mass2_ref = 30.00000000592657
minchirp = 26.1164169014998
maxchirp = 26.1166169014998
mincov = 64772645667.6619
maxcov = 6477264566766.19
