
[data]
trigger-time = 1677596175.8016331
injection-file = /work/shashwat.singh/Prospects-of-LGWs/unlens/injection.hdf

[global]
instruments = E1 E2 E3 C1 C2 H1 V1 L1 I1 K1
mass1_ref = 30.000000002095327
mass2_ref = 30.000000002317485
minchirp = 26.116416900804513
maxchirp = 26.116616900804512
mincov = 36491356567.37709
maxcov = 3649135656737.7095
