
[data]
trigger-time = 1435634491.985902
injection-file = /work/shashwat.singh/Prospects-of-LGWs/unlens/injection.hdf

[global]
instruments = E1 E2 E3 C1 C2 H1 V1 L1 I1 K1
mass1_ref = 30.000000008625964
mass2_ref = 30.000000006290723
minchirp = 26.11641690537659
maxchirp = 26.11661690537659
mincov = 172319269162.2373
maxcov = 17231926916223.73
