
[data]
trigger-time = 1489166350.1378322
injection-file = /work/shashwat.singh/Prospects-of-LGWs/unlens/injection.hdf

[global]
instruments = E1 E2 E3 C1 C2 H1 V1 L1 I1 K1
mass1_ref = 30.000000008400487
mass2_ref = 30.000000002550212
minchirp = 26.116416903650293
maxchirp = 26.116616903650293
mincov = 129373415566.45016
maxcov = 12937341556645.018
