
[data]
trigger-time = 1656328198.4638424
injection-file = /work/shashwat.singh/Prospects-of-LGWs/unlens/injection.hdf

[global]
instruments = E1 E2 E3 C1 C2 H1 V1 L1 I1 K1
mass1_ref = 30.00000000331066
mass2_ref = 30.000000004952142
minchirp = 26.116416902480317
maxchirp = 26.116616902480317
mincov = 95004703997.98294
maxcov = 9500470399798.295
