
[data]
trigger-time = 1156224719.3181365
injection-file = /work/shashwat.singh/Prospects-of-LGWs/unlens/injection.hdf

[global]
instruments = E1 E2 E3 C1 C2 H1 V1 L1 I1 K1
mass1_ref = 30.0000000066008
mass2_ref = 30.00000000437476
minchirp = 26.116416903661115
maxchirp = 26.116616903661114
mincov = 103204798914.50461
maxcov = 10320479891450.46
