
[data]
trigger-time = 1574328136.9541442
injection-file = /work/shashwat.singh/Prospects-of-LGWs/unlens/injection.hdf

[global]
instruments = E1 E2 E3 C1 C2 H1 V1 L1 I1 K1
mass1_ref = 30.00000000527161
mass2_ref = 30.000000002308916
minchirp = 26.11641690218334
maxchirp = 26.11661690218334
mincov = 86736150469.89572
maxcov = 8673615046989.572
