
[data]
trigger-time = 1097792521.1771514
injection-file = /work/shashwat.singh/Prospects-of-LGWs/unlens/injection.hdf

[global]
instruments = E1 E2 E3 C1 C2 H1 V1 L1 I1 K1
mass1_ref = 30.000000006440075
mass2_ref = 30.000000006252915
minchirp = 26.11641690440867
maxchirp = 26.11661690440867
mincov = 127633802396.8696
maxcov = 12763380239686.96
