
[data]
trigger-time = 1626875863.419703
injection-file = /work/shashwat.singh/Prospects-of-LGWs/unlens/injection.hdf

[global]
instruments = E1 E2 E3 C1 C2 H1 V1 L1 I1 K1
mass1_ref = 30.000000007418873
mass2_ref = 30.000000009421775
minchirp = 26.116416906214045
maxchirp = 26.116616906214045
mincov = 118278313599.67899
maxcov = 11827831359967.898
