
[data]
trigger-time = 1113929758.2333362
injection-file = /work/shashwat.singh/Prospects-of-LGWs/unlens/injection.hdf

[global]
instruments = E1 E2 E3 C1 C2 H1 V1 L1 I1 K1
mass1_ref = 30.000000002588806
mass2_ref = 30.00000000060742
minchirp = 26.116416900274963
maxchirp = 26.116616900274963
mincov = 152550897285.51813
maxcov = 15255089728551.814
