
[data]
trigger-time = 1883029362.199943
injection-file = /work/shashwat.singh/Prospects-of-LGWs/unlens/injection.hdf

[global]
instruments = E1 E2 E3 C1 C2 H1 V1 L1 I1 K1
mass1_ref = 30.00000000863315
mass2_ref = 30.000000006215064
minchirp = 26.116416905346785
maxchirp = 26.116616905346785
mincov = 131821961907.6434
maxcov = 13182196190764.34
