
[data]
trigger-time = 1279633346.900705
injection-file = /work/shashwat.singh/Prospects-of-LGWs/unlens/injection.hdf

[global]
instruments = E1 E2 E3 C1 C2 H1 V1 L1 I1 K1
mass1_ref = 30.00000000863426
mass2_ref = 30.00000000637045
minchirp = 26.1164169054149
maxchirp = 26.1166169054149
mincov = 128437218506.49832
maxcov = 12843721850649.832
