
[data]
trigger-time = 1610499934.9663978
injection-file = /work/shashwat.singh/Prospects-of-LGWs/unlens/injection.hdf

[global]
instruments = E1 E2 E3 C1 C2 H1 V1 L1 I1 K1
mass1_ref = 30.000000009746337
mass2_ref = 30.000000002264237
minchirp = 26.11641690411163
maxchirp = 26.11661690411163
mincov = 113801631566.32724
maxcov = 11380163156632.725
