
[data]
trigger-time = 1750229037.130077
injection-file = /work/shashwat.singh/Prospects-of-LGWs/unlens/injection.hdf

[global]
instruments = E1 E2 E3 C1 C2 H1 V1 L1 I1 K1
mass1_ref = 30.00000000944452
mass2_ref = 30.000000001039634
minchirp = 26.11641690344722
maxchirp = 26.11661690344722
mincov = 24792989992.410484
maxcov = 2479298999241.049
