
[data]
trigger-time = 1966457592.4872978
injection-file = /work/shashwat.singh/Prospects-of-LGWs/unlens/injection.hdf

[global]
instruments = E1 E2 E3 C1 C2 H1 V1 L1 I1 K1
mass1_ref = 30.000000003732325
mass2_ref = 30.000000005220517
minchirp = 26.116416902780678
maxchirp = 26.116616902780677
mincov = 8201805728.351065
maxcov = 820180572835.1064
