
[data]
trigger-time = 1395831663.4123323
injection-file = /work/shashwat.singh/Prospects-of-LGWs/unlens/injection.hdf

[global]
instruments = E1 E2 E3 C1 C2 H1 V1 L1 I1 K1
mass1_ref = 30.00000000817763
mass2_ref = 30.000000009024664
minchirp = 26.11641690637146
maxchirp = 26.11661690637146
mincov = 143980889716.44714
maxcov = 14398088971644.715
