
[data]
trigger-time = 1579054565.9377718
injection-file = /work/shashwat.singh/Prospects-of-LGWs/unlens/injection.hdf

[global]
instruments = E1 E2 E3 C1 C2 H1 V1 L1 I1 K1
mass1_ref = 30.000000003310813
mass2_ref = 30.000000009276604
minchirp = 26.116416904362715
maxchirp = 26.116616904362715
mincov = 115131032782.03955
maxcov = 11513103278203.955
