
[data]
trigger-time = 1457566621.9951081
injection-file = /work/shashwat.singh/Prospects-of-LGWs/unlens/injection.hdf

[global]
instruments = E1 E2 E3 C1 C2 H1 V1 L1 I1 K1
mass1_ref = 30.000000006280676
mass2_ref = 30.000000002786425
minchirp = 26.11641690283041
maxchirp = 26.11661690283041
mincov = 177805771860.1568
maxcov = 17780577186015.68
