
[data]
trigger-time = 1996724742.2578228
injection-file = /work/shashwat.singh/Prospects-of-LGWs/unlens/injection.hdf

[global]
instruments = E1 E2 E3 C1 C2 H1 V1 L1 I1 K1
mass1_ref = 30.000000007711318
mass2_ref = 30.000000004381384
minchirp = 26.11641690414738
maxchirp = 26.116616904147378
mincov = 110770390651.8885
maxcov = 11077039065188.85
