
[data]
trigger-time = 1814802264.5936012
injection-file = /work/shashwat.singh/Prospects-of-LGWs/unlens/injection.hdf

[global]
instruments = E1 E2 E3 C1 C2 H1 V1 L1 I1 K1
mass1_ref = 30.00000000235635
mass2_ref = 30.000000007194945
minchirp = 26.11641690304117
maxchirp = 26.11661690304117
mincov = 163634653144.05936
maxcov = 16363465314405.936
