
[data]
trigger-time = 1976631426.2937112
injection-file = /work/shashwat.singh/Prospects-of-LGWs/unlens/injection.hdf

[global]
instruments = E1 E2 E3 C1 C2 H1 V1 L1 I1 K1
mass1_ref = 30.000000003643486
mass2_ref = 30.000000009195094
minchirp = 26.116416904472043
maxchirp = 26.116616904472043
mincov = 142728482900.50903
maxcov = 14272848290050.902
