
[data]
trigger-time = 1134969762.9947593
injection-file = /work/shashwat.singh/Prospects-of-LGWs/unlens/injection.hdf

[global]
instruments = E1 E2 E3 C1 C2 H1 V1 L1 I1 K1
mass1_ref = 30.000000003987562
mass2_ref = 30.000000004165905
minchirp = 26.11641690243273
maxchirp = 26.116616902432728
mincov = 11112711898.342813
maxcov = 1111271189834.2812
