
[data]
trigger-time = 1251491420.5347357
injection-file = /work/shashwat.singh/Prospects-of-LGWs/unlens/injection.hdf

[global]
instruments = E1 E2 E3 C1 C2 H1 V1 L1 I1 K1
mass1_ref = 30.000000006828273
mass2_ref = 30.000000002539466
minchirp = 26.11641690296127
maxchirp = 26.11661690296127
mincov = 10926550332.395184
maxcov = 1092655033239.5183
