
[data]
trigger-time = 1206034906.743369
injection-file = /work/shashwat.singh/Prospects-of-LGWs/unlens/injection.hdf

[global]
instruments = E1 E2 E3 C1 C2 H1 V1 L1 I1 K1
mass1_ref = 30.00000000474444
mass2_ref = 30.00000000954855
minchirp = 26.116416905105112
maxchirp = 26.11661690510511
mincov = 163866335772.63434
maxcov = 16386633577263.436
