
[data]
trigger-time = 1094816379.9459357
injection-file = /work/shashwat.singh/Prospects-of-LGWs/unlens/injection.hdf

[global]
instruments = E1 E2 E3 C1 C2 H1 V1 L1 I1 K1
mass1_ref = 30.000000006936133
mass2_ref = 30.00000000336077
minchirp = 26.116416903365714
maxchirp = 26.116616903365713
mincov = 94901797697.11775
maxcov = 9490179769711.775
