
[data]
trigger-time = 1493491227.2613177
injection-file = /work/shashwat.singh/Prospects-of-LGWs/unlens/injection.hdf

[global]
instruments = E1 E2 E3 C1 C2 H1 V1 L1 I1 K1
mass1_ref = 30.0000000040245
mass2_ref = 30.00000000338624
minchirp = 26.116416902109435
maxchirp = 26.116616902109435
mincov = 167631340448.33038
maxcov = 16763134044833.04
