
[data]
trigger-time = 1910684463.98169
injection-file = /work/shashwat.singh/Prospects-of-LGWs/unlens/injection.hdf

[global]
instruments = E1 E2 E3 C1 C2 H1 V1 L1 I1 K1
mass1_ref = 30.000000002203244
mass2_ref = 30.00000000474889
minchirp = 26.116416901909815
maxchirp = 26.116616901909815
mincov = 52762859839.48981
maxcov = 5276285983948.98
