
[data]
trigger-time = 1417671946.6454585
injection-file = /work/shashwat.singh/Prospects-of-LGWs/unlens/injection.hdf

[global]
instruments = E1 E2 E3 C1 C2 H1 V1 L1 I1 K1
mass1_ref = 30.0000000041177
mass2_ref = 30.000000002445407
minchirp = 26.116416901740486
maxchirp = 26.116616901740485
mincov = 96530780821.87915
maxcov = 9653078082187.914
