
[data]
trigger-time = 1634138241.7290761
injection-file = /work/shashwat.singh/Prospects-of-LGWs/unlens/injection.hdf

[global]
instruments = E1 E2 E3 C1 C2 H1 V1 L1 I1 K1
mass1_ref = 30.00000000752962
mass2_ref = 30.000000006411895
minchirp = 26.11641690495212
maxchirp = 26.11661690495212
mincov = 5798659006.508524
maxcov = 579865900650.8523
