
[data]
trigger-time = 1488216664.8801064
injection-file = /work/shashwat.singh/Prospects-of-LGWs/unlens/injection.hdf

[global]
instruments = E1 E2 E3 C1 C2 H1 V1 L1 I1 K1
mass1_ref = 30.00000000777187
mass2_ref = 30.00000000521386
minchirp = 26.11641690453609
maxchirp = 26.11661690453609
mincov = 90344113850.67609
maxcov = 9034411385067.61
