
[data]
trigger-time = 1114756756.5061579
injection-file = /work/shashwat.singh/Prospects-of-LGWs/unlens/injection.hdf

[global]
instruments = E1 E2 E3 C1 C2 H1 V1 L1 I1 K1
mass1_ref = 30.00000000579862
mass2_ref = 30.00000000704069
minchirp = 26.116416904472356
maxchirp = 26.116616904472355
mincov = 136111150116.83492
maxcov = 13611115011683.492
