
[data]
trigger-time = 1373581975.6148756
injection-file = /work/shashwat.singh/Prospects-of-LGWs/unlens/injection.hdf

[global]
instruments = E1 E2 E3 C1 C2 H1 V1 L1 I1 K1
mass1_ref = 30.000000005775053
mass2_ref = 30.000000007891238
minchirp = 26.116416904832324
maxchirp = 26.116616904832323
mincov = 31009158708.666466
maxcov = 3100915870866.6465
