
[data]
trigger-time = 1819290629.095222
injection-file = /work/shashwat.singh/Prospects-of-LGWs/unlens/injection.hdf

[global]
instruments = E1 E2 E3 C1 C2 H1 V1 L1 I1 K1
mass1_ref = 30.000000001104222
mass2_ref = 30.000000005721244
minchirp = 26.11641690185468
maxchirp = 26.11661690185468
mincov = 93749418096.89816
maxcov = 9374941809689.816
