
[data]
trigger-time = 1536655070.8087406
injection-file = /work/shashwat.singh/Prospects-of-LGWs/unlens/injection.hdf

[global]
instruments = E1 E2 E3 C1 C2 H1 V1 L1 I1 K1
mass1_ref = 30.000000007499317
mass2_ref = 30.000000009031304
minchirp = 26.116416906079095
maxchirp = 26.116616906079095
mincov = 130403700935.79651
maxcov = 13040370093579.65
