
[data]
trigger-time = 1054471319.6497918
injection-file = /work/shashwat.singh/Prospects-of-LGWs/unlens/injection.hdf

[global]
instruments = E1 E2 E3 C1 C2 H1 V1 L1 I1 K1
mass1_ref = 30.000000000005677
mass2_ref = 30.000000006784383
minchirp = 26.11641690183927
maxchirp = 26.11661690183927
mincov = 137664594314.4603
maxcov = 13766459431446.031
