
[data]
trigger-time = 1354311822.5392208
injection-file = /work/shashwat.singh/Prospects-of-LGWs/unlens/injection.hdf

[global]
instruments = E1 E2 E3 C1 C2 H1 V1 L1 I1 K1
mass1_ref = 30.00000000905788
mass2_ref = 30.000000002951023
minchirp = 26.116416904110903
maxchirp = 26.116616904110902
mincov = 50468704123.7573
maxcov = 5046870412375.73
