
[data]
trigger-time = 1297110371.2201657
injection-file = /work/shashwat.singh/Prospects-of-LGWs/unlens/injection.hdf

[global]
instruments = E1 E2 E3 C1 C2 H1 V1 L1 I1 K1
mass1_ref = 30.000000002123105
mass2_ref = 30.00000000020349
minchirp = 26.116416899896432
maxchirp = 26.11661689989643
mincov = 118519873024.0747
maxcov = 11851987302407.47
