
[data]
trigger-time = 1777613471.2517424
injection-file = /work/shashwat.singh/Prospects-of-LGWs/unlens/injection.hdf

[global]
instruments = E1 E2 E3 C1 C2 H1 V1 L1 I1 K1
mass1_ref = 30.00000000883977
mass2_ref = 30.000000004587672
minchirp = 26.11641690472836
maxchirp = 26.11661690472836
mincov = 174973774490.57132
maxcov = 17497377449057.13
