
[data]
trigger-time = 1634616872.9300632
injection-file = /work/shashwat.singh/Prospects-of-LGWs/unlens/injection.hdf

[global]
instruments = E1 E2 E3 C1 C2 H1 V1 L1 I1 K1
mass1_ref = 30.000000003493987
mass2_ref = 30.00000000082347
minchirp = 26.116416900763006
maxchirp = 26.116616900763006
mincov = 162789763693.87668
maxcov = 16278976369387.668
