
[data]
trigger-time = 1126537903.385038
injection-file = /work/shashwat.singh/Prospects-of-LGWs/unlens/injection.hdf

[global]
instruments = E1 E2 E3 C1 C2 H1 V1 L1 I1 K1
mass1_ref = 30.000000002462794
mass2_ref = 30.00000000137571
minchirp = 26.116416900554533
maxchirp = 26.116616900554533
mincov = 50622484251.48956
maxcov = 5062248425148.956
