
[data]
trigger-time = 1089198489.9834504
injection-file = /work/shashwat.singh/Prospects-of-LGWs/unlens/injection.hdf

[global]
instruments = E1 E2 E3 C1 C2 H1 V1 L1 I1 K1
mass1_ref = 30.000000006763525
mass2_ref = 30.000000009280452
minchirp = 26.116416905867272
maxchirp = 26.11661690586727
mincov = 144202414799.33124
maxcov = 14420241479933.123
