
[data]
trigger-time = 1394233734.6026702
injection-file = /work/shashwat.singh/Prospects-of-LGWs/unlens/injection.hdf

[global]
instruments = E1 E2 E3 C1 C2 H1 V1 L1 I1 K1
mass1_ref = 30.000000004943335
mass2_ref = 30.00000000102658
minchirp = 26.116416901482282
maxchirp = 26.11661690148228
mincov = 7401497379.379832
maxcov = 740149737937.9833
