
[data]
trigger-time = 1270800118.7956734
injection-file = /work/shashwat.singh/Prospects-of-LGWs/unlens/injection.hdf

[global]
instruments = E1 E2 E3 C1 C2 H1 V1 L1 I1 K1
mass1_ref = 30.000000004835936
mass2_ref = 30.000000001294747
minchirp = 26.11641690155226
maxchirp = 26.11661690155226
mincov = 107008194666.84082
maxcov = 10700819466684.082
