
[data]
trigger-time = 1870147108.3316627
injection-file = /work/shashwat.singh/Prospects-of-LGWs/unlens/injection.hdf

[global]
instruments = E1 E2 E3 C1 C2 H1 V1 L1 I1 K1
mass1_ref = 30.000000009373668
mass2_ref = 30.000000001056534
minchirp = 26.116416903423737
maxchirp = 26.116616903423736
mincov = 142257943702.10406
maxcov = 14225794370210.406
