
[data]
trigger-time = 1656872746.507091
injection-file = /work/shashwat.singh/Prospects-of-LGWs/unlens/injection.hdf

[global]
instruments = E1 E2 E3 C1 C2 H1 V1 L1 I1 K1
mass1_ref = 30.00000000144304
mass2_ref = 30.00000000271943
minchirp = 26.116416900695544
maxchirp = 26.116616900695544
mincov = 117379820.03409083
maxcov = 11737982003.409082
