
[data]
trigger-time = 1039405519.8866105
injection-file = /work/shashwat.singh/Prospects-of-LGWs/unlens/injection.hdf

[global]
instruments = E1 E2 E3 C1 C2 H1 V1 L1 I1 K1
mass1_ref = 30.00000000748673
mass2_ref = 30.000000006925323
minchirp = 26.116416905156935
maxchirp = 26.116616905156935
mincov = 137560852580.59467
maxcov = 13756085258059.469
