
[data]
trigger-time = 1850630806.8189409
injection-file = /work/shashwat.singh/Prospects-of-LGWs/unlens/injection.hdf

[global]
instruments = E1 E2 E3 C1 C2 H1 V1 L1 I1 K1
mass1_ref = 30.000000005272558
mass2_ref = 30.000000008764733
minchirp = 26.11641690499381
maxchirp = 26.11661690499381
mincov = 104377398692.2595
maxcov = 10437739869225.951
