
[data]
trigger-time = 1533795995.2620497
injection-file = /work/shashwat.singh/Prospects-of-LGWs/unlens/injection.hdf

[global]
instruments = E1 E2 E3 C1 C2 H1 V1 L1 I1 K1
mass1_ref = 30.00000000094658
mass2_ref = 30.00000000503891
minchirp = 26.11641690148906
maxchirp = 26.11661690148906
mincov = 15897420464.654165
maxcov = 1589742046465.4165
