
[data]
trigger-time = 1803881668.9576554
injection-file = /work/shashwat.singh/Prospects-of-LGWs/unlens/injection.hdf

[global]
instruments = E1 E2 E3 C1 C2 H1 V1 L1 I1 K1
mass1_ref = 30.000000004056464
mass2_ref = 30.00000000512463
minchirp = 26.116416902880026
maxchirp = 26.116616902880025
mincov = 71132318218.63722
maxcov = 7113231821863.722
