
[data]
trigger-time = 1592355377.1289601
injection-file = /work/shashwat.singh/Prospects-of-LGWs/unlens/injection.hdf

[global]
instruments = E1 E2 E3 C1 C2 H1 V1 L1 I1 K1
mass1_ref = 30.00000000680153
mass2_ref = 30.00000000981076
minchirp = 26.116416906114644
maxchirp = 26.116616906114643
mincov = 16305100787.368387
maxcov = 1630510078736.8386
