
[data]
trigger-time = 1917700789.716967
injection-file = /work/shashwat.singh/Prospects-of-LGWs/unlens/injection.hdf

[global]
instruments = E1 E2 E3 C1 C2 H1 V1 L1 I1 K1
mass1_ref = 30.000000005917066
mass2_ref = 30.000000002329266
minchirp = 26.116416902473148
maxchirp = 26.116616902473147
mincov = 140576105294.56546
maxcov = 14057610529456.545
