
[data]
trigger-time = 1154624244.6913786
injection-file = /work/shashwat.singh/Prospects-of-LGWs/unlens/injection.hdf

[global]
instruments = E1 E2 E3 C1 C2 H1 V1 L1 I1 K1
mass1_ref = 30.000000004794497
mass2_ref = 30.000000007522857
minchirp = 26.116416904245167
maxchirp = 26.116616904245166
mincov = 110239740885.60239
maxcov = 11023974088560.238
