
[data]
trigger-time = 1923196615.037682
injection-file = /work/shashwat.singh/Prospects-of-LGWs/unlens/injection.hdf

[global]
instruments = E1 E2 E3 C1 C2 H1 V1 L1 I1 K1
mass1_ref = 30.00000000000077
mass2_ref = 30.00000000821226
minchirp = 26.116416902458656
maxchirp = 26.116616902458656
mincov = 76909065708.88329
maxcov = 7690906570888.329
