
[data]
trigger-time = 1465864648.2856302
injection-file = /work/shashwat.singh/Prospects-of-LGWs/unlens/injection.hdf

[global]
instruments = E1 E2 E3 C1 C2 H1 V1 L1 I1 K1
mass1_ref = 30.000000005326736
mass2_ref = 30.000000002056137
minchirp = 26.116416902097306
maxchirp = 26.116616902097306
mincov = 97182534645.11473
maxcov = 9718253464511.473
