
[data]
trigger-time = 1160417399.7443855
injection-file = /work/shashwat.singh/Prospects-of-LGWs/unlens/injection.hdf

[global]
instruments = E1 E2 E3 C1 C2 H1 V1 L1 I1 K1
mass1_ref = 30.000000004083823
mass2_ref = 30.000000005645365
minchirp = 26.1164169031186
maxchirp = 26.1166169031186
mincov = 43078648322.32752
maxcov = 4307864832232.752
