
[data]
trigger-time = 1522531787.2315254
injection-file = /work/shashwat.singh/Prospects-of-LGWs/unlens/injection.hdf

[global]
instruments = E1 E2 E3 C1 C2 H1 V1 L1 I1 K1
mass1_ref = 30.00000000912671
mass2_ref = 30.000000000710887
minchirp = 26.11641690316579
maxchirp = 26.116616903165788
mincov = 124911682702.8934
maxcov = 12491168270289.34
