
[data]
trigger-time = 1451520423.9226549
injection-file = /work/shashwat.singh/Prospects-of-LGWs/unlens/injection.hdf

[global]
instruments = E1 E2 E3 C1 C2 H1 V1 L1 I1 K1
mass1_ref = 30.000000008939903
mass2_ref = 30.000000001519954
minchirp = 26.11641690343664
maxchirp = 26.11661690343664
mincov = 24311808.755374666
maxcov = 2431180875.5374665
