
[data]
trigger-time = 1909385088.835212
injection-file = /work/shashwat.singh/Prospects-of-LGWs/unlens/injection.hdf

[global]
instruments = E1 E2 E3 C1 C2 H1 V1 L1 I1 K1
mass1_ref = 30.000000004760935
mass2_ref = 30.0000000029365
minchirp = 26.116416902234228
maxchirp = 26.116616902234227
mincov = 103039501931.55605
maxcov = 10303950193155.604
