
[data]
trigger-time = 1506843950.7651727
injection-file = /work/shashwat.singh/Prospects-of-LGWs/unlens/injection.hdf

[global]
instruments = E1 E2 E3 C1 C2 H1 V1 L1 I1 K1
mass1_ref = 30.00000000681353
mass2_ref = 30.000000004589097
minchirp = 26.116416903847007
maxchirp = 26.116616903847007
mincov = 90918843629.38329
maxcov = 9091884362938.328
