
[data]
trigger-time = 1131644609.6085649
injection-file = /work/shashwat.singh/Prospects-of-LGWs/unlens/injection.hdf

[global]
instruments = E1 E2 E3 C1 C2 H1 V1 L1 I1 K1
mass1_ref = 30.00000000325958
mass2_ref = 30.000000000164114
minchirp = 26.116416900373974
maxchirp = 26.116616900373973
mincov = 169729606708.70856
maxcov = 16972960670870.857
