
[data]
trigger-time = 1165065910.1712928
injection-file = /work/shashwat.singh/Prospects-of-LGWs/unlens/injection.hdf

[global]
instruments = E1 E2 E3 C1 C2 H1 V1 L1 I1 K1
mass1_ref = 30.000000004463168
mass2_ref = 30.0000000090703
minchirp = 26.116416904774507
maxchirp = 26.116616904774506
mincov = 111766803769.98917
maxcov = 11176680376998.916
