
[data]
trigger-time = 1731168069.9999542
injection-file = /work/shashwat.singh/Prospects-of-LGWs/unlens/injection.hdf

[global]
instruments = E1 E2 E3 C1 C2 H1 V1 L1 I1 K1
mass1_ref = 30.000000006570495
mass2_ref = 30.000000007817547
minchirp = 26.116416905146483
maxchirp = 26.116616905146483
mincov = 92993206220.20822
maxcov = 9299320622020.822
