
[data]
trigger-time = 1248980120.9924462
injection-file = /work/shashwat.singh/Prospects-of-LGWs/unlens/injection.hdf

[global]
instruments = E1 E2 E3 C1 C2 H1 V1 L1 I1 K1
mass1_ref = 30.00000000431054
mass2_ref = 30.000000004825374
minchirp = 26.11641690286036
maxchirp = 26.11661690286036
mincov = 83743238459.26013
maxcov = 8374323845926.014
