
[data]
trigger-time = 1374412567.4493032
injection-file = /work/shashwat.singh/Prospects-of-LGWs/unlens/injection.hdf

[global]
instruments = E1 E2 E3 C1 C2 H1 V1 L1 I1 K1
mass1_ref = 30.000000008020542
mass2_ref = 30.000000001957485
minchirp = 26.116416903226913
maxchirp = 26.116616903226912
mincov = 94439902509.63954
maxcov = 9443990250963.953
