
[data]
trigger-time = 1764254639.6839874
injection-file = /work/shashwat.singh/Prospects-of-LGWs/unlens/injection.hdf

[global]
instruments = E1 E2 E3 C1 C2 H1 V1 L1 I1 K1
mass1_ref = 30.000000009400896
mass2_ref = 30.000000000001567
minchirp = 26.116416902976383
maxchirp = 26.116616902976382
mincov = 79199379154.80376
maxcov = 7919937915480.376
