
[data]
trigger-time = 1617465795.4476051
injection-file = /work/shashwat.singh/Prospects-of-LGWs/unlens/injection.hdf

[global]
instruments = E1 E2 E3 C1 C2 H1 V1 L1 I1 K1
mass1_ref = 30.000000001449706
mass2_ref = 30.000000008565255
minchirp = 26.116416903242992
maxchirp = 26.116616903242992
mincov = 113822259123.19266
maxcov = 11382225912319.266
