
[data]
trigger-time = 1318403038.52787
injection-file = /work/shashwat.singh/Prospects-of-LGWs/unlens/injection.hdf

[global]
instruments = E1 E2 E3 C1 C2 H1 V1 L1 I1 K1
mass1_ref = 30.000000006667833
mass2_ref = 30.000000001187274
minchirp = 26.11641690230286
maxchirp = 26.11661690230286
mincov = 110460297718.4314
maxcov = 11046029771843.14
