
[data]
trigger-time = 1330890153.9105127
injection-file = /work/shashwat.singh/Prospects-of-LGWs/unlens/injection.hdf

[global]
instruments = E1 E2 E3 C1 C2 H1 V1 L1 I1 K1
mass1_ref = 30.000000003530587
mass2_ref = 30.000000005985374
minchirp = 26.116416903025787
maxchirp = 26.116616903025786
mincov = 176308196410.5063
maxcov = 17630819641050.63
