
[data]
trigger-time = 1776817009.2668266
injection-file = /work/shashwat.singh/Prospects-of-LGWs/unlens/injection.hdf

[global]
instruments = E1 E2 E3 C1 C2 H1 V1 L1 I1 K1
mass1_ref = 30.000000001547605
mass2_ref = 30.000000006999255
minchirp = 26.116416902603962
maxchirp = 26.116616902603962
mincov = 60243432821.872154
maxcov = 6024343282187.216
