
[data]
trigger-time = 1492492444.0315874
injection-file = /work/shashwat.singh/Prospects-of-LGWs/unlens/injection.hdf

[global]
instruments = E1 E2 E3 C1 C2 H1 V1 L1 I1 K1
mass1_ref = 30.00000000221422
mass2_ref = 30.000000004311232
minchirp = 26.116416901724094
maxchirp = 26.116616901724093
mincov = 14495777559.39097
maxcov = 1449577755939.097
