
[data]
trigger-time = 1814958840.6766655
injection-file = /work/shashwat.singh/Prospects-of-LGWs/unlens/injection.hdf

[global]
instruments = E1 E2 E3 C1 C2 H1 V1 L1 I1 K1
mass1_ref = 30.00000000829797
mass2_ref = 30.000000005855792
minchirp = 26.116416905044506
maxchirp = 26.116616905044506
mincov = 49205816753.52556
maxcov = 4920581675352.556
