
[data]
trigger-time = 1117089984.9286478
injection-file = /work/shashwat.singh/Prospects-of-LGWs/unlens/injection.hdf

[global]
instruments = E1 E2 E3 C1 C2 H1 V1 L1 I1 K1
mass1_ref = 30.00000000644803
mass2_ref = 30.00000000099116
minchirp = 26.11641690212182
maxchirp = 26.11661690212182
mincov = 5230738502.922119
maxcov = 523073850292.2119
