
[data]
trigger-time = 1070256185.5576851
injection-file = /work/shashwat.singh/Prospects-of-LGWs/unlens/injection.hdf

[global]
instruments = E1 E2 E3 C1 C2 H1 V1 L1 I1 K1
mass1_ref = 30.000000009103978
mass2_ref = 30.00000000141061
minchirp = 26.11641690346046
maxchirp = 26.11661690346046
mincov = 158106363061.60272
maxcov = 15810636306160.273
