
[data]
trigger-time = 1974238922.595344
injection-file = /work/shashwat.singh/Prospects-of-LGWs/unlens/injection.hdf

[global]
instruments = E1 E2 E3 C1 C2 H1 V1 L1 I1 K1
mass1_ref = 30.000000006404317
mass2_ref = 30.00000000288025
minchirp = 26.116416902925067
maxchirp = 26.116616902925067
mincov = 126458700957.34006
maxcov = 12645870095734.006
