
[data]
trigger-time = 1407403536.1016877
injection-file = /work/shashwat.singh/Prospects-of-LGWs/unlens/injection.hdf

[global]
instruments = E1 E2 E3 C1 C2 H1 V1 L1 I1 K1
mass1_ref = 30.000000004058766
mass2_ref = 30.000000005281024
minchirp = 26.116416902949105
maxchirp = 26.116616902949104
mincov = 24972309383.883766
maxcov = 2497230938388.377
