
[data]
trigger-time = 1782315333.788889
injection-file = /work/shashwat.singh/Prospects-of-LGWs/unlens/injection.hdf

[global]
instruments = E1 E2 E3 C1 C2 H1 V1 L1 I1 K1
mass1_ref = 30.000000001047553
mass2_ref = 30.00000000460429
minchirp = 26.116416901343833
maxchirp = 26.116616901343832
mincov = 5986124340.407017
maxcov = 598612434040.7017
