
[data]
trigger-time = 1577706188.807622
injection-file = /work/shashwat.singh/Prospects-of-LGWs/unlens/injection.hdf

[global]
instruments = E1 E2 E3 C1 C2 H1 V1 L1 I1 K1
mass1_ref = 30.000000001909292
mass2_ref = 30.000000006497807
minchirp = 26.116416902543126
maxchirp = 26.116616902543125
mincov = 25379355504.041355
maxcov = 2537935550404.1353
