
[data]
trigger-time = 1150652717.278689
injection-file = /work/shashwat.singh/Prospects-of-LGWs/unlens/injection.hdf

[global]
instruments = E1 E2 E3 C1 C2 H1 V1 L1 I1 K1
mass1_ref = 30.000000008391044
mass2_ref = 30.00000000640393
minchirp = 26.11641690532361
maxchirp = 26.11661690532361
mincov = 16388204826.706112
maxcov = 1638820482670.6113
