
[data]
trigger-time = 1952000452.9007
injection-file = /work/shashwat.singh/Prospects-of-LGWs/unlens/injection.hdf

[global]
instruments = E1 E2 E3 C1 C2 H1 V1 L1 I1 K1
mass1_ref = 30.000000002196614
mass2_ref = 30.000000003005525
minchirp = 26.116416901148085
maxchirp = 26.116616901148085
mincov = 31176524425.920624
maxcov = 3117652442592.0625
