
[data]
trigger-time = 1286092477.4049191
injection-file = /work/shashwat.singh/Prospects-of-LGWs/unlens/injection.hdf

[global]
instruments = E1 E2 E3 C1 C2 H1 V1 L1 I1 K1
mass1_ref = 30.000000002516035
mass2_ref = 30.00000000077544
minchirp = 26.116416900316423
maxchirp = 26.116616900316423
mincov = 76899967158.99957
maxcov = 7689996715899.957
