
[data]
trigger-time = 1296715051.1778982
injection-file = /work/shashwat.singh/Prospects-of-LGWs/unlens/injection.hdf

[global]
instruments = E1 E2 E3 C1 C2 H1 V1 L1 I1 K1
mass1_ref = 30.000000000574403
mass2_ref = 30.000000003812076
minchirp = 26.11641690079305
maxchirp = 26.116616900793048
mincov = 109219976339.24786
maxcov = 10921997633924.787
