
[data]
trigger-time = 1353241010.7853084
injection-file = /work/shashwat.singh/Prospects-of-LGWs/unlens/injection.hdf

[global]
instruments = E1 E2 E3 C1 C2 H1 V1 L1 I1 K1
mass1_ref = 30.000000001731674
mass2_ref = 30.00000000597285
minchirp = 26.116416902237315
maxchirp = 26.116616902237315
mincov = 163428871836.74536
maxcov = 16342887183674.535
