
[data]
trigger-time = 1991199192.074484
injection-file = /work/shashwat.singh/Prospects-of-LGWs/unlens/injection.hdf

[global]
instruments = E1 E2 E3 C1 C2 H1 V1 L1 I1 K1
mass1_ref = 30.000000001933593
mass2_ref = 30.000000008038818
minchirp = 26.11641690322447
maxchirp = 26.116616903224468
mincov = 92662670827.46658
maxcov = 9266267082746.658
