
[data]
trigger-time = 1782026645.5877542
injection-file = /work/shashwat.singh/Prospects-of-LGWs/unlens/injection.hdf

[global]
instruments = E1 E2 E3 C1 C2 H1 V1 L1 I1 K1
mass1_ref = 30.000000009494517
mass2_ref = 30.000000003755627
minchirp = 26.116416904651185
maxchirp = 26.116616904651185
mincov = 61858114255.23872
maxcov = 6185811425523.872
