
[data]
trigger-time = 1885230817.739101
injection-file = /work/shashwat.singh/Prospects-of-LGWs/unlens/injection.hdf

[global]
instruments = E1 E2 E3 C1 C2 H1 V1 L1 I1 K1
mass1_ref = 30.000000008774204
mass2_ref = 30.000000009852197
minchirp = 26.116416906991336
maxchirp = 26.116616906991336
mincov = 118203476590.7168
maxcov = 11820347659071.68
