
[data]
trigger-time = 1524535855.0350356
injection-file = /work/shashwat.singh/Prospects-of-LGWs/unlens/injection.hdf

[global]
instruments = E1 E2 E3 C1 C2 H1 V1 L1 I1 K1
mass1_ref = 30.000000005454854
mass2_ref = 30.000000001741313
minchirp = 26.116416902016038
maxchirp = 26.116616902016037
mincov = 20057356518.82305
maxcov = 2005735651882.3052
