
[data]
trigger-time = 1862305667.4310434
injection-file = /work/shashwat.singh/Prospects-of-LGWs/unlens/injection.hdf

[global]
instruments = E1 E2 E3 C1 C2 H1 V1 L1 I1 K1
mass1_ref = 30.000000005678082
mass2_ref = 30.00000000770235
minchirp = 26.116416904707897
maxchirp = 26.116616904707897
mincov = 123357755869.65402
maxcov = 12335775586965.402
