
[data]
trigger-time = 1491195658.5915205
injection-file = /work/shashwat.singh/Prospects-of-LGWs/unlens/injection.hdf

[global]
instruments = E1 E2 E3 C1 C2 H1 V1 L1 I1 K1
mass1_ref = 30.00000000764808
mass2_ref = 30.000000000355563
minchirp = 26.11641690236751
maxchirp = 26.11661690236751
mincov = 176548346579.21027
maxcov = 17654834657921.023
