
[data]
trigger-time = 1127558329.432726
injection-file = /work/shashwat.singh/Prospects-of-LGWs/unlens/injection.hdf

[global]
instruments = E1 E2 E3 C1 C2 H1 V1 L1 I1 K1
mass1_ref = 30.00000000022927
mass2_ref = 30.000000008154412
minchirp = 26.116416902532936
maxchirp = 26.116616902532936
mincov = 127682520700.25662
maxcov = 12768252070025.662
