
[data]
trigger-time = 1566175557.563294
injection-file = /work/shashwat.singh/Prospects-of-LGWs/unlens/injection.hdf

[global]
instruments = E1 E2 E3 C1 C2 H1 V1 L1 I1 K1
mass1_ref = 30.000000002951754
mass2_ref = 30.000000005280505
minchirp = 26.116416902467023
maxchirp = 26.116616902467022
mincov = 71447845061.69518
maxcov = 7144784506169.518
