
[data]
trigger-time = 1580015630.0000925
injection-file = /work/shashwat.singh/Prospects-of-LGWs/unlens/injection.hdf

[global]
instruments = E1 E2 E3 C1 C2 H1 V1 L1 I1 K1
mass1_ref = 30.00000000429263
mass2_ref = 30.00000000654464
minchirp = 26.116416903600918
maxchirp = 26.116616903600917
mincov = 21805463543.56342
maxcov = 2180546354356.3418
