
[data]
trigger-time = 1765645294.358371
injection-file = /work/shashwat.singh/Prospects-of-LGWs/unlens/injection.hdf

[global]
instruments = E1 E2 E3 C1 C2 H1 V1 L1 I1 K1
mass1_ref = 30.000000000972076
mass2_ref = 30.000000001201826
minchirp = 26.11641689982997
maxchirp = 26.11661689982997
mincov = 44478841904.28762
maxcov = 4447884190428.762
