
[data]
trigger-time = 1788061110.3556988
injection-file = /work/shashwat.singh/Prospects-of-LGWs/unlens/injection.hdf

[global]
instruments = E1 E2 E3 C1 C2 H1 V1 L1 I1 K1
mass1_ref = 30.0000000052553
mass2_ref = 30.000000002813966
minchirp = 26.116416902396075
maxchirp = 26.116616902396075
mincov = 122395122357.56355
maxcov = 12239512235756.355
