
[data]
trigger-time = 1963654654.3091023
injection-file = /work/shashwat.singh/Prospects-of-LGWs/unlens/injection.hdf

[global]
instruments = E1 E2 E3 C1 C2 H1 V1 L1 I1 K1
mass1_ref = 30.00000000105986
mass2_ref = 30.000000003707118
minchirp = 26.11641690095867
maxchirp = 26.116616900958668
mincov = 3475641585.8581
maxcov = 347564158585.81
