
[data]
trigger-time = 1437314728.00699
injection-file = /work/shashwat.singh/Prospects-of-LGWs/unlens/injection.hdf

[global]
instruments = E1 E2 E3 C1 C2 H1 V1 L1 I1 K1
mass1_ref = 30.000000005911975
mass2_ref = 30.000000001666088
minchirp = 26.11641690218227
maxchirp = 26.11661690218227
mincov = 137013003711.57271
maxcov = 13701300371157.27
