
[data]
trigger-time = 1060270690.9903468
injection-file = /work/shashwat.singh/Prospects-of-LGWs/unlens/injection.hdf

[global]
instruments = E1 E2 E3 C1 C2 H1 V1 L1 I1 K1
mass1_ref = 30.000000002617437
mass2_ref = 30.0000000073038
minchirp = 26.116416903202193
maxchirp = 26.116616903202193
mincov = 34009554377.14983
maxcov = 3400955437714.983
