
[data]
trigger-time = 1333872330.8404136
injection-file = /work/shashwat.singh/Prospects-of-LGWs/unlens/injection.hdf

[global]
instruments = E1 E2 E3 C1 C2 H1 V1 L1 I1 K1
mass1_ref = 30.000000001912017
mass2_ref = 30.00000000260596
minchirp = 26.11641690085029
maxchirp = 26.11661690085029
mincov = 71179008929.09694
maxcov = 7117900892909.693
