
[data]
trigger-time = 1544112329.3040721
injection-file = /work/shashwat.singh/Prospects-of-LGWs/unlens/injection.hdf

[global]
instruments = E1 E2 E3 C1 C2 H1 V1 L1 I1 K1
mass1_ref = 30.000000007617025
mass2_ref = 30.000000002099334
minchirp = 26.116416903113016
maxchirp = 26.116616903113016
mincov = 98754192233.46346
maxcov = 9875419223346.346
