
[data]
trigger-time = 1920841460.35787
injection-file = /work/shashwat.singh/Prospects-of-LGWs/unlens/injection.hdf

[global]
instruments = E1 E2 E3 C1 C2 H1 V1 L1 I1 K1
mass1_ref = 30.000000002043233
mass2_ref = 30.000000002936233
minchirp = 26.116416901051164
maxchirp = 26.116616901051163
mincov = 54191360626.77135
maxcov = 5419136062677.135
