
[data]
trigger-time = 1935477640.0569725
injection-file = /work/shashwat.singh/Prospects-of-LGWs/unlens/injection.hdf

[global]
instruments = E1 E2 E3 C1 C2 H1 V1 L1 I1 K1
mass1_ref = 30.000000008800395
mass2_ref = 30.000000000194724
minchirp = 26.116416902799077
maxchirp = 26.116616902799077
mincov = 169438392595.9179
maxcov = 16943839259591.793
