
[data]
trigger-time = 1319442214.176368
injection-file = /work/shashwat.singh/Prospects-of-LGWs/unlens/injection.hdf

[global]
instruments = E1 E2 E3 C1 C2 H1 V1 L1 I1 K1
mass1_ref = 30.000000000021117
mass2_ref = 30.00000000794252
minchirp = 26.1164169023501
maxchirp = 26.1166169023501
mincov = 50335511.555385835
maxcov = 5033551155.538584
