
[data]
trigger-time = 1871519036.6954331
injection-file = /work/shashwat.singh/Prospects-of-LGWs/unlens/injection.hdf

[global]
instruments = E1 E2 E3 C1 C2 H1 V1 L1 I1 K1
mass1_ref = 30.000000001180858
mass2_ref = 30.000000009833883
minchirp = 26.116416903678168
maxchirp = 26.116616903678167
mincov = 98420841440.23811
maxcov = 9842084144023.81
