
[data]
trigger-time = 1741596131.6796117
injection-file = /work/shashwat.singh/Prospects-of-LGWs/unlens/injection.hdf

[global]
instruments = E1 E2 E3 C1 C2 H1 V1 L1 I1 K1
mass1_ref = 30.00000000956417
mass2_ref = 30.00000000985945
minchirp = 26.116416907338348
maxchirp = 26.116616907338347
mincov = 50812988623.93178
maxcov = 5081298862393.178
