
[data]
trigger-time = 1779406724.3505068
injection-file = /work/shashwat.singh/Prospects-of-LGWs/unlens/injection.hdf

[global]
instruments = E1 E2 E3 C1 C2 H1 V1 L1 I1 K1
mass1_ref = 30.000000005785633
mass2_ref = 30.00000000909954
minchirp = 26.116416905362872
maxchirp = 26.11661690536287
mincov = 109338870334.93784
maxcov = 10933887033493.785
