
[data]
trigger-time = 1406257661.3014135
injection-file = /work/shashwat.singh/Prospects-of-LGWs/unlens/injection.hdf

[global]
instruments = E1 E2 E3 C1 C2 H1 V1 L1 I1 K1
mass1_ref = 30.000000005342848
mass2_ref = 30.000000007910984
minchirp = 26.11641690465279
maxchirp = 26.11661690465279
mincov = 89332048862.38991
maxcov = 8933204886238.99
