
[data]
trigger-time = 1013241211.2327639
injection-file = /work/shashwat.singh/Prospects-of-LGWs/unlens/injection.hdf

[global]
instruments = E1 E2 E3 C1 C2 H1 V1 L1 I1 K1
mass1_ref = 30.00000000423184
mass2_ref = 30.00000000059963
minchirp = 26.116416900986742
maxchirp = 26.11661690098674
mincov = 150276258303.88507
maxcov = 15027625830388.508
