
[data]
trigger-time = 1820032648.6556225
injection-file = /work/shashwat.singh/Prospects-of-LGWs/unlens/injection.hdf

[global]
instruments = E1 E2 E3 C1 C2 H1 V1 L1 I1 K1
mass1_ref = 30.000000000546382
mass2_ref = 30.00000000664525
minchirp = 26.116416902014063
maxchirp = 26.116616902014062
mincov = 89118479130.13646
maxcov = 8911847913013.646
