
[data]
trigger-time = 1164801341.3619933
injection-file = /work/shashwat.singh/Prospects-of-LGWs/unlens/injection.hdf

[global]
instruments = E1 E2 E3 C1 C2 H1 V1 L1 I1 K1
mass1_ref = 30.000000007796046
mass2_ref = 30.00000000763677
minchirp = 26.11641690560125
maxchirp = 26.116616905601248
mincov = 54419999948.21918
maxcov = 5441999994821.918
