
[data]
trigger-time = 1111711791.9579222
injection-file = /work/shashwat.singh/Prospects-of-LGWs/unlens/injection.hdf

[global]
instruments = E1 E2 E3 C1 C2 H1 V1 L1 I1 K1
mass1_ref = 30.000000008766325
mass2_ref = 30.00000000582811
minchirp = 26.11641690523632
maxchirp = 26.11661690523632
mincov = 157014355650.34198
maxcov = 15701435565034.2
