
[data]
trigger-time = 1748865032.4729257
injection-file = /work/shashwat.singh/Prospects-of-LGWs/unlens/injection.hdf

[global]
instruments = E1 E2 E3 C1 C2 H1 V1 L1 I1 K1
mass1_ref = 30.000000000999943
mass2_ref = 30.000000001647404
minchirp = 26.11641690003605
maxchirp = 26.11661690003605
mincov = 314837409.63250566
maxcov = 31483740963.250565
