
[data]
trigger-time = 1565150561.3414803
injection-file = /work/shashwat.singh/Prospects-of-LGWs/unlens/injection.hdf

[global]
instruments = E1 E2 E3 C1 C2 H1 V1 L1 I1 K1
mass1_ref = 30.000000008915965
mass2_ref = 30.00000000293696
minchirp = 26.11641690404301
maxchirp = 26.11661690404301
mincov = 178203012286.96902
maxcov = 17820301228696.902
