
[data]
trigger-time = 1373178875.1225243
injection-file = /work/shashwat.singh/Prospects-of-LGWs/unlens/injection.hdf

[global]
instruments = E1 E2 E3 C1 C2 H1 V1 L1 I1 K1
mass1_ref = 30.000000009357215
mass2_ref = 30.0000000094328
minchirp = 26.116416907062554
maxchirp = 26.116616907062554
mincov = 56095720493.389626
maxcov = 5609572049338.963
