
[data]
trigger-time = 1949946144.7513967
injection-file = /work/shashwat.singh/Prospects-of-LGWs/unlens/injection.hdf

[global]
instruments = E1 E2 E3 C1 C2 H1 V1 L1 I1 K1
mass1_ref = 30.000000009708327
mass2_ref = 30.0000000034151
minchirp = 26.116416904596026
maxchirp = 26.116616904596025
mincov = 19503019035.169838
maxcov = 1950301903516.9836
