
[data]
trigger-time = 1200769554.863035
injection-file = /work/shashwat.singh/Prospects-of-LGWs/unlens/injection.hdf

[global]
instruments = E1 E2 E3 C1 C2 H1 V1 L1 I1 K1
mass1_ref = 30.000000005120494
mass2_ref = 30.000000003639293
minchirp = 26.116416902696646
maxchirp = 26.116616902696645
mincov = 65516219855.71338
maxcov = 6551621985571.338
