
[data]
trigger-time = 1745897946.331262
injection-file = /work/shashwat.singh/Prospects-of-LGWs/unlens/injection.hdf

[global]
instruments = E1 E2 E3 C1 C2 H1 V1 L1 I1 K1
mass1_ref = 30.000000009797297
mass2_ref = 30.000000000084768
minchirp = 26.116416903185144
maxchirp = 26.116616903185143
mincov = 19395230433.535572
maxcov = 1939523043353.5571
