
[data]
trigger-time = 1620061699.9564385
injection-file = /work/shashwat.singh/Prospects-of-LGWs/unlens/injection.hdf

[global]
instruments = E1 E2 E3 C1 C2 H1 V1 L1 I1 K1
mass1_ref = 30.00000000198726
mass2_ref = 30.000000004174527
minchirp = 26.1164169015658
maxchirp = 26.1166169015658
mincov = 164894270543.55865
maxcov = 16489427054355.867
