
[data]
trigger-time = 1616124588.3293295
injection-file = /work/shashwat.singh/Prospects-of-LGWs/unlens/injection.hdf

[global]
instruments = E1 E2 E3 C1 C2 H1 V1 L1 I1 K1
mass1_ref = 30.000000004329223
mass2_ref = 30.000000009430877
minchirp = 26.116416904873155
maxchirp = 26.116616904873155
mincov = 67091108608.846664
maxcov = 6709110860884.667
