
[data]
trigger-time = 1021134890.651469
injection-file = /work/shashwat.singh/Prospects-of-LGWs/unlens/injection.hdf

[global]
instruments = E1 E2 E3 C1 C2 H1 V1 L1 I1 K1
mass1_ref = 30.000000002372804
mass2_ref = 30.000000001139117
minchirp = 26.116416900412375
maxchirp = 26.116616900412374
mincov = 173304262464.24756
maxcov = 17330426246424.756
