
[data]
trigger-time = 1582519480.295988
injection-file = /work/shashwat.singh/Prospects-of-LGWs/unlens/injection.hdf

[global]
instruments = E1 E2 E3 C1 C2 H1 V1 L1 I1 K1
mass1_ref = 30.000000008591094
mass2_ref = 30.000000009532524
minchirp = 26.11641690677249
maxchirp = 26.11661690677249
mincov = 75696427746.18045
maxcov = 7569642774618.046
