
[data]
trigger-time = 1044214720.1805847
injection-file = /work/shashwat.singh/Prospects-of-LGWs/unlens/injection.hdf

[global]
instruments = E1 E2 E3 C1 C2 H1 V1 L1 I1 K1
mass1_ref = 30.00000000368845
mass2_ref = 30.000000002183683
minchirp = 26.116416901439717
maxchirp = 26.116616901439716
mincov = 158866840835.06906
maxcov = 15886684083506.906
