
[data]
trigger-time = 1853571302.5695467
injection-file = /work/shashwat.singh/Prospects-of-LGWs/unlens/injection.hdf

[global]
instruments = E1 E2 E3 C1 C2 H1 V1 L1 I1 K1
mass1_ref = 30.000000000142794
mass2_ref = 30.000000002498066
minchirp = 26.116416900033226
maxchirp = 26.116616900033225
mincov = 143752954558.32898
maxcov = 14375295455832.898
