
[data]
trigger-time = 1137381920.8903832
injection-file = /work/shashwat.singh/Prospects-of-LGWs/unlens/injection.hdf

[global]
instruments = E1 E2 E3 C1 C2 H1 V1 L1 I1 K1
mass1_ref = 30.000000005063274
mass2_ref = 30.000000002978457
minchirp = 26.116416902384092
maxchirp = 26.11661690238409
mincov = 155505791853.16852
maxcov = 15550579185316.854
