
[data]
trigger-time = 1131002606.4536963
injection-file = /work/shashwat.singh/Prospects-of-LGWs/unlens/injection.hdf

[global]
instruments = E1 E2 E3 C1 C2 H1 V1 L1 I1 K1
mass1_ref = 30.000000002804597
mass2_ref = 30.000000008099548
minchirp = 26.11641690363003
maxchirp = 26.116616903630028
mincov = 109504200552.8441
maxcov = 10950420055284.41
