
[data]
trigger-time = 1298818226.9574907
injection-file = /work/shashwat.singh/Prospects-of-LGWs/unlens/injection.hdf

[global]
instruments = E1 E2 E3 C1 C2 H1 V1 L1 I1 K1
mass1_ref = 30.000000001155524
mass2_ref = 30.000000002259792
minchirp = 26.116416900370325
maxchirp = 26.116616900370325
mincov = 147936126970.99503
maxcov = 14793612697099.502
