
[data]
trigger-time = 1701305329.1177773
injection-file = /work/shashwat.singh/Prospects-of-LGWs/unlens/injection.hdf

[global]
instruments = E1 E2 E3 C1 C2 H1 V1 L1 I1 K1
mass1_ref = 30.00000000906886
mass2_ref = 30.00000000554343
minchirp = 26.116416905244094
maxchirp = 26.116616905244094
mincov = 145923615379.65924
maxcov = 14592361537965.922
