
[data]
trigger-time = 1284511088.75908
injection-file = /work/shashwat.singh/Prospects-of-LGWs/unlens/injection.hdf

[global]
instruments = E1 E2 E3 C1 C2 H1 V1 L1 I1 K1
mass1_ref = 30.000000002321855
mass2_ref = 30.00000000545725
minchirp = 26.116416902269776
maxchirp = 26.116616902269776
mincov = 79695872459.95059
maxcov = 7969587245995.06
