
[data]
trigger-time = 1136279479.8411653
injection-file = /work/shashwat.singh/Prospects-of-LGWs/unlens/injection.hdf

[global]
instruments = E1 E2 E3 C1 C2 H1 V1 L1 I1 K1
mass1_ref = 30.00000000547186
mass2_ref = 30.00000000115308
minchirp = 26.116416901767398
maxchirp = 26.116616901767397
mincov = 112449616000.44534
maxcov = 11244961600044.533
