
[data]
trigger-time = 1182701125.9915938
injection-file = /work/shashwat.singh/Prospects-of-LGWs/unlens/injection.hdf

[global]
instruments = E1 E2 E3 C1 C2 H1 V1 L1 I1 K1
mass1_ref = 30.00000000868922
mass2_ref = 30.000000005723507
minchirp = 26.116416905157227
maxchirp = 26.116616905157226
mincov = 173544465349.87964
maxcov = 17354446534987.965
