
[data]
trigger-time = 1033496229.0915697
injection-file = /work/shashwat.singh/Prospects-of-LGWs/unlens/injection.hdf

[global]
instruments = E1 E2 E3 C1 C2 H1 V1 L1 I1 K1
mass1_ref = 30.000000001704382
mass2_ref = 30.000000002641958
minchirp = 26.11641690077558
maxchirp = 26.11661690077558
mincov = 64919926272.6534
maxcov = 6491992627265.34
