
[data]
trigger-time = 1792384538.932578
injection-file = /work/shashwat.singh/Prospects-of-LGWs/unlens/injection.hdf

[global]
instruments = E1 E2 E3 C1 C2 H1 V1 L1 I1 K1
mass1_ref = 30.000000003432625
mass2_ref = 30.000000009619892
minchirp = 26.116416904565163
maxchirp = 26.116616904565163
mincov = 161182669251.7917
maxcov = 16118266925179.17
