
[data]
trigger-time = 1016489245.1058764
injection-file = /work/shashwat.singh/Prospects-of-LGWs/unlens/injection.hdf

[global]
instruments = E1 E2 E3 C1 C2 H1 V1 L1 I1 K1
mass1_ref = 30.000000009351467
mass2_ref = 30.000000002872113
minchirp = 26.116416904204346
maxchirp = 26.116616904204346
mincov = 4634195159.591062
maxcov = 463419515959.10614
