
[data]
trigger-time = 1130193626.2846565
injection-file = /work/shashwat.singh/Prospects-of-LGWs/unlens/injection.hdf

[global]
instruments = E1 E2 E3 C1 C2 H1 V1 L1 I1 K1
mass1_ref = 30.000000009880797
mass2_ref = 30.000000004571625
minchirp = 26.116416905174507
maxchirp = 26.116616905174507
mincov = 59695423870.39697
maxcov = 5969542387039.697
