
[data]
trigger-time = 1829005663.0935085
injection-file = /work/shashwat.singh/Prospects-of-LGWs/unlens/injection.hdf

[global]
instruments = E1 E2 E3 C1 C2 H1 V1 L1 I1 K1
mass1_ref = 30.000000006963894
mass2_ref = 30.000000006701594
minchirp = 26.116416904831976
maxchirp = 26.116616904831975
mincov = 2573582311.6059847
maxcov = 257358231160.59848
