
[data]
trigger-time = 1629370044.495685
injection-file = /work/shashwat.singh/Prospects-of-LGWs/unlens/injection.hdf

[global]
instruments = E1 E2 E3 C1 C2 H1 V1 L1 I1 K1
mass1_ref = 30.00000000130966
mass2_ref = 30.000000005896005
minchirp = 26.116416902020173
maxchirp = 26.116616902020173
mincov = 33341861018.905926
maxcov = 3334186101890.593
