
[data]
trigger-time = 1760593325.517939
injection-file = /work/shashwat.singh/Prospects-of-LGWs/unlens/injection.hdf

[global]
instruments = E1 E2 E3 C1 C2 H1 V1 L1 I1 K1
mass1_ref = 30.00000000309072
mass2_ref = 30.000000006451295
minchirp = 26.116416903037127
maxchirp = 26.116616903037126
mincov = 179353695533.4363
maxcov = 17935369553343.63
