
[data]
trigger-time = 1589121452.2825298
injection-file = /work/shashwat.singh/Prospects-of-LGWs/unlens/injection.hdf

[global]
instruments = E1 E2 E3 C1 C2 H1 V1 L1 I1 K1
mass1_ref = 30.000000009523234
mass2_ref = 30.00000000897246
minchirp = 26.116416906934443
maxchirp = 26.116616906934443
mincov = 141523620742.622
maxcov = 14152362074262.203
