
[data]
trigger-time = 1842269844.5515113
injection-file = /work/shashwat.singh/Prospects-of-LGWs/unlens/injection.hdf

[global]
instruments = E1 E2 E3 C1 C2 H1 V1 L1 I1 K1
mass1_ref = 30.000000002273712
mass2_ref = 30.00000000164436
minchirp = 26.116416900589165
maxchirp = 26.116616900589165
mincov = 5237227312.019526
maxcov = 523722731201.9526
