
[data]
trigger-time = 1578366130.030208
injection-file = /work/shashwat.singh/Prospects-of-LGWs/unlens/injection.hdf

[global]
instruments = E1 E2 E3 C1 C2 H1 V1 L1 I1 K1
mass1_ref = 30.000000004053447
mass2_ref = 30.000000002333824
minchirp = 26.116416901663946
maxchirp = 26.116616901663946
mincov = 119630270576.89795
maxcov = 11963027057689.795
