
[data]
trigger-time = 1886079245.6303682
injection-file = /work/shashwat.singh/Prospects-of-LGWs/unlens/injection.hdf

[global]
instruments = E1 E2 E3 C1 C2 H1 V1 L1 I1 K1
mass1_ref = 30.00000000340382
mass2_ref = 30.00000000397768
minchirp = 26.11641690209671
maxchirp = 26.11661690209671
mincov = 121837413130.97795
maxcov = 12183741313097.795
