
[data]
trigger-time = 1491965971.358457
injection-file = /work/shashwat.singh/Prospects-of-LGWs/unlens/injection.hdf

[global]
instruments = E1 E2 E3 C1 C2 H1 V1 L1 I1 K1
mass1_ref = 30.00000000504511
mass2_ref = 30.000000003738357
minchirp = 26.11641690270695
maxchirp = 26.116616902706948
mincov = 50167177894.26023
maxcov = 5016717789426.023
