
[data]
trigger-time = 1985829884.5266376
injection-file = /work/shashwat.singh/Prospects-of-LGWs/unlens/injection.hdf

[global]
instruments = E1 E2 E3 C1 C2 H1 V1 L1 I1 K1
mass1_ref = 30.00000000069929
mass2_ref = 30.000000005538002
minchirp = 26.116416901598665
maxchirp = 26.116616901598665
mincov = 169132021240.7831
maxcov = 16913202124078.31
