
[data]
trigger-time = 1194851400.092436
injection-file = /work/shashwat.singh/Prospects-of-LGWs/unlens/injection.hdf

[global]
instruments = E1 E2 E3 C1 C2 H1 V1 L1 I1 K1
mass1_ref = 30.000000002972538
mass2_ref = 30.000000000658293
minchirp = 26.116416900464134
maxchirp = 26.116616900464134
mincov = 2179980631.5820336
maxcov = 217998063158.20337
