
[data]
trigger-time = 1923579691.5670912
injection-file = /work/shashwat.singh/Prospects-of-LGWs/unlens/injection.hdf

[global]
instruments = E1 E2 E3 C1 C2 H1 V1 L1 I1 K1
mass1_ref = 30.00000000828988
mass2_ref = 30.000000004724242
minchirp = 26.11641690454845
maxchirp = 26.11661690454845
mincov = 117624725634.00435
maxcov = 11762472563400.434
