
[data]
trigger-time = 1222586215.8240361
injection-file = /work/shashwat.singh/Prospects-of-LGWs/unlens/injection.hdf

[global]
instruments = E1 E2 E3 C1 C2 H1 V1 L1 I1 K1
mass1_ref = 30.000000009911112
mass2_ref = 30.0000000014226
minchirp = 26.116416903817008
maxchirp = 26.116616903817008
mincov = 25411575137.585526
maxcov = 2541157513758.5527
