
[data]
trigger-time = 1792221461.5814514
injection-file = /work/shashwat.singh/Prospects-of-LGWs/unlens/injection.hdf

[global]
instruments = E1 E2 E3 C1 C2 H1 V1 L1 I1 K1
mass1_ref = 30.000000004549207
mass2_ref = 30.00000000108717
minchirp = 26.1164169013371
maxchirp = 26.1166169013371
mincov = 108353763530.26616
maxcov = 10835376353026.617
