
[data]
trigger-time = 1996529140.8737807
injection-file = /work/shashwat.singh/Prospects-of-LGWs/unlens/injection.hdf

[global]
instruments = E1 E2 E3 C1 C2 H1 V1 L1 I1 K1
mass1_ref = 30.000000004817437
mass2_ref = 30.00000000099418
minchirp = 26.11641690141338
maxchirp = 26.11661690141338
mincov = 145768543293.8241
maxcov = 14576854329382.41
