
[data]
trigger-time = 1689264275.8095431
injection-file = /work/shashwat.singh/Prospects-of-LGWs/unlens/injection.hdf

[global]
instruments = E1 E2 E3 C1 C2 H1 V1 L1 I1 K1
mass1_ref = 30.000000008273567
mass2_ref = 30.00000000420596
minchirp = 26.116416904315752
maxchirp = 26.11661690431575
mincov = 133870215805.5732
maxcov = 13387021580557.32
