
[data]
trigger-time = 1248864424.568037
injection-file = /work/shashwat.singh/Prospects-of-LGWs/unlens/injection.hdf

[global]
instruments = E1 E2 E3 C1 C2 H1 V1 L1 I1 K1
mass1_ref = 30.000000006640693
mass2_ref = 30.00000000094902
minchirp = 26.11641690218734
maxchirp = 26.11661690218734
mincov = 79032548707.49243
maxcov = 7903254870749.243
