
[data]
trigger-time = 1291541469.528616
injection-file = /work/shashwat.singh/Prospects-of-LGWs/unlens/injection.hdf

[global]
instruments = E1 E2 E3 C1 C2 H1 V1 L1 I1 K1
mass1_ref = 30.000000001356604
mass2_ref = 30.000000009342017
minchirp = 26.116416903540568
maxchirp = 26.116616903540567
mincov = 43249157185.23443
maxcov = 4324915718523.443
