
[data]
trigger-time = 1461219745.193656
injection-file = /work/shashwat.singh/Prospects-of-LGWs/unlens/injection.hdf

[global]
instruments = E1 E2 E3 C1 C2 H1 V1 L1 I1 K1
mass1_ref = 30.00000000891566
mass2_ref = 30.000000002674867
minchirp = 26.116416903928794
maxchirp = 26.116616903928794
mincov = 109552508662.83296
maxcov = 10955250866283.297
