
[data]
trigger-time = 1378201149.3271399
injection-file = /work/shashwat.singh/Prospects-of-LGWs/unlens/injection.hdf

[global]
instruments = E1 E2 E3 C1 C2 H1 V1 L1 I1 K1
mass1_ref = 30.000000003005262
mass2_ref = 30.00000000871592
minchirp = 26.116416903985666
maxchirp = 26.116616903985665
mincov = 24055823477.71717
maxcov = 2405582347771.7173
