
[data]
trigger-time = 1858238049.3535519
injection-file = /work/shashwat.singh/Prospects-of-LGWs/unlens/injection.hdf

[global]
instruments = E1 E2 E3 C1 C2 H1 V1 L1 I1 K1
mass1_ref = 30.00000000712276
mass2_ref = 30.00000000583471
minchirp = 26.116416904523792
maxchirp = 26.11661690452379
mincov = 115563239143.91476
maxcov = 11556323914391.477
