
[data]
trigger-time = 1784643091.6360955
injection-file = /work/shashwat.singh/Prospects-of-LGWs/unlens/injection.hdf

[global]
instruments = E1 E2 E3 C1 C2 H1 V1 L1 I1 K1
mass1_ref = 30.00000000337065
mass2_ref = 30.000000003936616
minchirp = 26.116416902064397
maxchirp = 26.116616902064397
mincov = 36392557723.98662
maxcov = 3639255772398.6616
