
[data]
trigger-time = 1871149216.2043357
injection-file = /work/shashwat.singh/Prospects-of-LGWs/unlens/injection.hdf

[global]
instruments = E1 E2 E3 C1 C2 H1 V1 L1 I1 K1
mass1_ref = 30.000000009328673
mass2_ref = 30.000000002704255
minchirp = 26.11641690412136
maxchirp = 26.116616904121358
mincov = 31516172080.56059
maxcov = 3151617208056.059
