
[data]
trigger-time = 1171518545.2594779
injection-file = /work/shashwat.singh/Prospects-of-LGWs/unlens/injection.hdf

[global]
instruments = E1 E2 E3 C1 C2 H1 V1 L1 I1 K1
mass1_ref = 30.00000000686958
mass2_ref = 30.000000008414126
minchirp = 26.116416905536344
maxchirp = 26.116616905536343
mincov = 40770486538.670494
maxcov = 4077048653867.05
