
[data]
trigger-time = 1296039822.8118503
injection-file = /work/shashwat.singh/Prospects-of-LGWs/unlens/injection.hdf

[global]
instruments = E1 E2 E3 C1 C2 H1 V1 L1 I1 K1
mass1_ref = 30.000000006526573
mass2_ref = 30.000000002070774
minchirp = 26.116416902625936
maxchirp = 26.116616902625935
mincov = 147419583700.5479
maxcov = 14741958370054.79
