
[data]
trigger-time = 1089660750.5078325
injection-file = /work/shashwat.singh/Prospects-of-LGWs/unlens/injection.hdf

[global]
instruments = E1 E2 E3 C1 C2 H1 V1 L1 I1 K1
mass1_ref = 30.000000000843244
mass2_ref = 30.00000000846492
minchirp = 26.116416902935338
maxchirp = 26.116616902935338
mincov = 98140444254.3794
maxcov = 9814044425437.94
