
[data]
trigger-time = 1961019866.4906087
injection-file = /work/shashwat.singh/Prospects-of-LGWs/unlens/injection.hdf

[global]
instruments = E1 E2 E3 C1 C2 H1 V1 L1 I1 K1
mass1_ref = 30.000000002440682
mass2_ref = 30.000000007496507
minchirp = 26.116416903209135
maxchirp = 26.116616903209135
mincov = 97162868442.8824
maxcov = 9716286844288.24
