
[data]
trigger-time = 1230719502.9444864
injection-file = /work/shashwat.singh/Prospects-of-LGWs/unlens/injection.hdf

[global]
instruments = E1 E2 E3 C1 C2 H1 V1 L1 I1 K1
mass1_ref = 30.00000000933745
mass2_ref = 30.00000000378011
minchirp = 26.11641690459347
maxchirp = 26.11661690459347
mincov = 168157428430.3952
maxcov = 16815742843039.521
