
[data]
trigger-time = 1583516212.7145958
injection-file = /work/shashwat.singh/Prospects-of-LGWs/unlens/injection.hdf

[global]
instruments = E1 E2 E3 C1 C2 H1 V1 L1 I1 K1
mass1_ref = 30.00000000612946
mass2_ref = 30.000000006073456
minchirp = 26.116416904195354
maxchirp = 26.116616904195354
mincov = 27434737410.48956
maxcov = 2743473741048.956
