
[data]
trigger-time = 1113586480.2002115
injection-file = /work/shashwat.singh/Prospects-of-LGWs/unlens/injection.hdf

[global]
instruments = E1 E2 E3 C1 C2 H1 V1 L1 I1 K1
mass1_ref = 30.000000007405085
mass2_ref = 30.000000005069644
minchirp = 26.116416904313667
maxchirp = 26.116616904313666
mincov = 9859146284.455929
maxcov = 985914628445.593
