
[data]
trigger-time = 1368878887.1416137
injection-file = /work/shashwat.singh/Prospects-of-LGWs/unlens/injection.hdf

[global]
instruments = E1 E2 E3 C1 C2 H1 V1 L1 I1 K1
mass1_ref = 30.000000002335238
mass2_ref = 30.00000000529515
minchirp = 26.116416902205046
maxchirp = 26.116616902205045
mincov = 132687938657.38724
maxcov = 13268793865738.723
