
[data]
trigger-time = 1575978361.1249285
injection-file = /work/shashwat.singh/Prospects-of-LGWs/unlens/injection.hdf

[global]
instruments = E1 E2 E3 C1 C2 H1 V1 L1 I1 K1
mass1_ref = 30.00000000741615
mass2_ref = 30.000000000378495
minchirp = 26.11641690227654
maxchirp = 26.11661690227654
mincov = 4992829427.723679
maxcov = 499282942772.36786
