
[data]
trigger-time = 1846103161.274518
injection-file = /work/shashwat.singh/Prospects-of-LGWs/unlens/injection.hdf

[global]
instruments = E1 E2 E3 C1 C2 H1 V1 L1 I1 K1
mass1_ref = 30.000000007113993
mass2_ref = 30.000000004724775
minchirp = 26.11641690403685
maxchirp = 26.11661690403685
mincov = 163615183688.22748
maxcov = 16361518368822.746
