
[data]
trigger-time = 1489873997.0247903
injection-file = /work/shashwat.singh/Prospects-of-LGWs/unlens/injection.hdf

[global]
instruments = E1 E2 E3 C1 C2 H1 V1 L1 I1 K1
mass1_ref = 30.000000003762512
mass2_ref = 30.000000001012687
minchirp = 26.116416900962253
maxchirp = 26.116616900962253
mincov = 175629448717.03082
maxcov = 17562944871703.082
