
[data]
trigger-time = 1510575159.9532309
injection-file = /work/shashwat.singh/Prospects-of-LGWs/unlens/injection.hdf

[global]
instruments = E1 E2 E3 C1 C2 H1 V1 L1 I1 K1
mass1_ref = 30.00000000767849
mass2_ref = 30.000000001878114
minchirp = 26.116416903043476
maxchirp = 26.116616903043475
mincov = 165597201856.33627
maxcov = 16559720185633.629
