
[data]
trigger-time = 1686702263.5481715
injection-file = /work/shashwat.singh/Prospects-of-LGWs/unlens/injection.hdf

[global]
instruments = E1 E2 E3 C1 C2 H1 V1 L1 I1 K1
mass1_ref = 30.00000000898764
mass2_ref = 30.000000003759542
minchirp = 26.11641690443226
maxchirp = 26.11661690443226
mincov = 60114613869.11806
maxcov = 6011461386911.806
