
[data]
trigger-time = 1892658522.0423613
injection-file = /work/shashwat.singh/Prospects-of-LGWs/unlens/injection.hdf

[global]
instruments = E1 E2 E3 C1 C2 H1 V1 L1 I1 K1
mass1_ref = 30.000000008882346
mass2_ref = 30.000000000538748
minchirp = 26.116416902984493
maxchirp = 26.116616902984493
mincov = 32454510121.166878
maxcov = 3245451012116.6875
