
[data]
trigger-time = 1573020632.7188044
injection-file = /work/shashwat.singh/Prospects-of-LGWs/unlens/injection.hdf

[global]
instruments = E1 E2 E3 C1 C2 H1 V1 L1 I1 K1
mass1_ref = 30.000000007574236
mass2_ref = 30.000000006781423
minchirp = 26.11641690513239
maxchirp = 26.11661690513239
mincov = 108688642767.69589
maxcov = 10868864276769.59
