
[data]
trigger-time = 1239115101.3523948
injection-file = /work/shashwat.singh/Prospects-of-LGWs/unlens/injection.hdf

[global]
instruments = E1 E2 E3 C1 C2 H1 V1 L1 I1 K1
mass1_ref = 30.000000006475297
mass2_ref = 30.000000001361087
minchirp = 26.11641690229471
maxchirp = 26.11661690229471
mincov = 174855853767.26074
maxcov = 17485585376726.074
