
[data]
trigger-time = 1097832533.310853
injection-file = /work/shashwat.singh/Prospects-of-LGWs/unlens/injection.hdf

[global]
instruments = E1 E2 E3 C1 C2 H1 V1 L1 I1 K1
mass1_ref = 30.00000000978442
mass2_ref = 30.000000004600427
minchirp = 26.11641690514509
maxchirp = 26.11661690514509
mincov = 75338136958.25177
maxcov = 7533813695825.177
