
[data]
trigger-time = 1713011269.2358449
injection-file = /work/shashwat.singh/Prospects-of-LGWs/unlens/injection.hdf

[global]
instruments = E1 E2 E3 C1 C2 H1 V1 L1 I1 K1
mass1_ref = 30.000000008309875
mass2_ref = 30.000000003490197
minchirp = 26.116416904020006
maxchirp = 26.116616904020006
mincov = 27373737255.821564
maxcov = 2737373725582.1562
