
[data]
trigger-time = 1474428118.0431786
injection-file = /work/shashwat.singh/Prospects-of-LGWs/unlens/injection.hdf

[global]
instruments = E1 E2 E3 C1 C2 H1 V1 L1 I1 K1
mass1_ref = 30.00000000360811
mass2_ref = 30.000000001982876
minchirp = 26.116416901317344
maxchirp = 26.116616901317343
mincov = 91055423060.2471
maxcov = 9105542306024.709
