
[data]
trigger-time = 1981505454.826352
injection-file = /work/shashwat.singh/Prospects-of-LGWs/unlens/injection.hdf

[global]
instruments = E1 E2 E3 C1 C2 H1 V1 L1 I1 K1
mass1_ref = 30.000000005520725
mass2_ref = 30.000000008577306
minchirp = 26.11641690502025
maxchirp = 26.11661690502025
mincov = 43979722597.130066
maxcov = 4397972259713.007
