
[data]
trigger-time = 1393722083.7924604
injection-file = /work/shashwat.singh/Prospects-of-LGWs/unlens/injection.hdf

[global]
instruments = E1 E2 E3 C1 C2 H1 V1 L1 I1 K1
mass1_ref = 30.000000001336197
mass2_ref = 30.00000000418198
minchirp = 26.116416901285653
maxchirp = 26.116616901285653
mincov = 76406350022.4809
maxcov = 7640635002248.09
