
[data]
trigger-time = 1390822667.8020864
injection-file = /work/shashwat.singh/Prospects-of-LGWs/unlens/injection.hdf

[global]
instruments = E1 E2 E3 C1 C2 H1 V1 L1 I1 K1
mass1_ref = 30.000000007227055
mass2_ref = 30.000000001396707
minchirp = 26.116416902637436
maxchirp = 26.116616902637436
mincov = 29684961073.569836
maxcov = 2968496107356.9834
