
[data]
trigger-time = 1554751103.0190601
injection-file = /work/shashwat.singh/Prospects-of-LGWs/unlens/injection.hdf

[global]
instruments = E1 E2 E3 C1 C2 H1 V1 L1 I1 K1
mass1_ref = 30.000000007788955
mass2_ref = 30.000000007639482
minchirp = 26.116416905599344
maxchirp = 26.116616905599344
mincov = 44903925069.94166
maxcov = 4490392506994.166
