
[data]
trigger-time = 1471720630.5616436
injection-file = /work/shashwat.singh/Prospects-of-LGWs/unlens/injection.hdf

[global]
instruments = E1 E2 E3 C1 C2 H1 V1 L1 I1 K1
mass1_ref = 30.000000000525162
mass2_ref = 30.000000003714028
minchirp = 26.11641690072894
maxchirp = 26.11661690072894
mincov = 102850119250.87517
maxcov = 10285011925087.518
