
[data]
trigger-time = 1128958572.9249668
injection-file = /work/shashwat.singh/Prospects-of-LGWs/unlens/injection.hdf

[global]
instruments = E1 E2 E3 C1 C2 H1 V1 L1 I1 K1
mass1_ref = 30.000000007056606
mass2_ref = 30.000000000825327
minchirp = 26.116416902314537
maxchirp = 26.116616902314536
mincov = 108803011210.32916
maxcov = 10880301121032.916
