
[data]
trigger-time = 1653473369.3085628
injection-file = /work/shashwat.singh/Prospects-of-LGWs/unlens/injection.hdf

[global]
instruments = E1 E2 E3 C1 C2 H1 V1 L1 I1 K1
mass1_ref = 30.000000001386397
mass2_ref = 30.000000008739747
minchirp = 26.116416903291384
maxchirp = 26.116616903291384
mincov = 18499777035.022476
maxcov = 1849977703502.2476
