
[data]
trigger-time = 1840675468.745727
injection-file = /work/shashwat.singh/Prospects-of-LGWs/unlens/injection.hdf

[global]
instruments = E1 E2 E3 C1 C2 H1 V1 L1 I1 K1
mass1_ref = 30.00000000795861
mass2_ref = 30.000000004816407
minchirp = 26.116416904444375
maxchirp = 26.116616904444374
mincov = 156631518499.85876
maxcov = 15663151849985.877
