
[data]
trigger-time = 1345335577.8895323
injection-file = /work/shashwat.singh/Prospects-of-LGWs/unlens/injection.hdf

[global]
instruments = E1 E2 E3 C1 C2 H1 V1 L1 I1 K1
mass1_ref = 30.000000007909694
mass2_ref = 30.000000008521223
minchirp = 26.116416906035695
maxchirp = 26.116616906035695
mincov = 618071078.6777549
maxcov = 61807107867.77549
