
[data]
trigger-time = 1864062714.812245
injection-file = /work/shashwat.singh/Prospects-of-LGWs/unlens/injection.hdf

[global]
instruments = E1 E2 E3 C1 C2 H1 V1 L1 I1 K1
mass1_ref = 30.000000003612463
mass2_ref = 30.00000000826905
minchirp = 26.116416904055455
maxchirp = 26.116616904055455
mincov = 47384296228.066826
maxcov = 4738429622806.683
