
[data]
trigger-time = 1751644154.025411
injection-file = /work/shashwat.singh/Prospects-of-LGWs/unlens/injection.hdf

[global]
instruments = E1 E2 E3 C1 C2 H1 V1 L1 I1 K1
mass1_ref = 30.00000000806187
mass2_ref = 30.000000001882498
minchirp = 26.116416903212265
maxchirp = 26.116616903212265
mincov = 153722424666.29074
maxcov = 15372242466629.074
