
[data]
trigger-time = 1682210936.5850914
injection-file = /work/shashwat.singh/Prospects-of-LGWs/unlens/injection.hdf

[global]
instruments = E1 E2 E3 C1 C2 H1 V1 L1 I1 K1
mass1_ref = 30.00000000332017
mass2_ref = 30.00000000391208
minchirp = 26.116416902031744
maxchirp = 26.116616902031744
mincov = 98692203335.18422
maxcov = 9869220333518.422
