
[data]
trigger-time = 1019308027.9997619
injection-file = /work/shashwat.singh/Prospects-of-LGWs/unlens/injection.hdf

[global]
instruments = E1 E2 E3 C1 C2 H1 V1 L1 I1 K1
mass1_ref = 30.000000008891632
mass2_ref = 30.000000000927866
minchirp = 26.116416903157912
maxchirp = 26.11661690315791
mincov = 173765111128.20456
maxcov = 17376511112820.457
