
[data]
trigger-time = 1816299926.8970184
injection-file = /work/shashwat.singh/Prospects-of-LGWs/unlens/injection.hdf

[global]
instruments = E1 E2 E3 C1 C2 H1 V1 L1 I1 K1
mass1_ref = 30.00000000362299
mass2_ref = 30.000000004591726
minchirp = 26.116416902459388
maxchirp = 26.116616902459388
mincov = 158738759162.8966
maxcov = 15873875916289.66
