
[data]
trigger-time = 1863098899.0230036
injection-file = /work/shashwat.singh/Prospects-of-LGWs/unlens/injection.hdf

[global]
instruments = E1 E2 E3 C1 C2 H1 V1 L1 I1 K1
mass1_ref = 30.000000003194085
mass2_ref = 30.000000000357655
minchirp = 26.11641690042971
maxchirp = 26.116616900429708
mincov = 33920327468.439137
maxcov = 3392032746843.9136
