
[data]
trigger-time = 1838768796.6184952
injection-file = /work/shashwat.singh/Prospects-of-LGWs/unlens/injection.hdf

[global]
instruments = E1 E2 E3 C1 C2 H1 V1 L1 I1 K1
mass1_ref = 30.000000001498872
mass2_ref = 30.000000003175817
minchirp = 26.1164169009185
maxchirp = 26.1166169009185
mincov = 77139762622.19722
maxcov = 7713976262219.722
