
[data]
trigger-time = 1000127619.9175813
injection-file = /work/shashwat.singh/Prospects-of-LGWs/unlens/injection.hdf

[global]
instruments = E1 E2 E3 C1 C2 H1 V1 L1 I1 K1
mass1_ref = 30.00000000339627
mass2_ref = 30.000000004954835
minchirp = 26.116416902518754
maxchirp = 26.116616902518754
mincov = 49302340143.285805
maxcov = 4930234014328.58
