
[data]
trigger-time = 1132205655.7815042
injection-file = /work/shashwat.singh/Prospects-of-LGWs/unlens/injection.hdf

[global]
instruments = E1 E2 E3 C1 C2 H1 V1 L1 I1 K1
mass1_ref = 30.000000002397172
mass2_ref = 30.000000003874188
minchirp = 26.116416901613494
maxchirp = 26.116616901613494
mincov = 127955271922.36026
maxcov = 12795527192236.025
