
[data]
trigger-time = 1752945421.4442568
injection-file = /work/shashwat.singh/Prospects-of-LGWs/unlens/injection.hdf

[global]
instruments = E1 E2 E3 C1 C2 H1 V1 L1 I1 K1
mass1_ref = 30.000000004798892
mass2_ref = 30.000000008311176
minchirp = 26.116416904590213
maxchirp = 26.116616904590213
mincov = 131944842880.88065
maxcov = 13194484288088.064
