
[data]
trigger-time = 1106680347.221809
injection-file = /work/shashwat.singh/Prospects-of-LGWs/unlens/injection.hdf

[global]
instruments = E1 E2 E3 C1 C2 H1 V1 L1 I1 K1
mass1_ref = 30.00000000805377
mass2_ref = 30.00000000677466
minchirp = 26.116416905338173
maxchirp = 26.116616905338173
mincov = 18189469041.138283
maxcov = 1818946904113.8281
