
[data]
trigger-time = 1055319401.7638367
injection-file = /work/shashwat.singh/Prospects-of-LGWs/unlens/injection.hdf

[global]
instruments = E1 E2 E3 C1 C2 H1 V1 L1 I1 K1
mass1_ref = 30.000000008639045
mass2_ref = 30.000000009510934
minchirp = 26.116416906783964
maxchirp = 26.116616906783964
mincov = 163501105947.95932
maxcov = 16350110594795.934
