
[data]
trigger-time = 1790625602.634179
injection-file = /work/shashwat.singh/Prospects-of-LGWs/unlens/injection.hdf

[global]
instruments = E1 E2 E3 C1 C2 H1 V1 L1 I1 K1
mass1_ref = 30.000000007296748
mass2_ref = 30.000000004974705
minchirp = 26.116416904225186
maxchirp = 26.116616904225186
mincov = 177658383080.7175
maxcov = 17765838308071.75
