
[data]
trigger-time = 1412855528.0398312
injection-file = /work/shashwat.singh/Prospects-of-LGWs/unlens/injection.hdf

[global]
instruments = E1 E2 E3 C1 C2 H1 V1 L1 I1 K1
mass1_ref = 30.00000000288536
mass2_ref = 30.00000000093911
minchirp = 26.116416900548423
maxchirp = 26.116616900548422
mincov = 171950461265.32294
maxcov = 17195046126532.293
