
[data]
trigger-time = 1272283128.1823144
injection-file = /work/shashwat.singh/Prospects-of-LGWs/unlens/injection.hdf

[global]
instruments = E1 E2 E3 C1 C2 H1 V1 L1 I1 K1
mass1_ref = 30.00000000804354
mass2_ref = 30.000000002814467
minchirp = 26.11641690360995
maxchirp = 26.11661690360995
mincov = 82536054591.4006
maxcov = 8253605459140.061
