
[data]
trigger-time = 1933766002.1742702
injection-file = /work/shashwat.singh/Prospects-of-LGWs/unlens/injection.hdf

[global]
instruments = E1 E2 E3 C1 C2 H1 V1 L1 I1 K1
mass1_ref = 30.000000001721634
mass2_ref = 30.000000001929
minchirp = 26.116416900472753
maxchirp = 26.116616900472753
mincov = 80636438541.4407
maxcov = 8063643854144.071
