
[data]
trigger-time = 1309531724.2640638
injection-file = /work/shashwat.singh/Prospects-of-LGWs/unlens/injection.hdf

[global]
instruments = E1 E2 E3 C1 C2 H1 V1 L1 I1 K1
mass1_ref = 30.00000000601556
mass2_ref = 30.000000008657043
minchirp = 26.11641690527035
maxchirp = 26.116616905270348
mincov = 131411990333.74539
maxcov = 13141199033374.54
