
[data]
trigger-time = 1387372371.992156
injection-file = /work/shashwat.singh/Prospects-of-LGWs/unlens/injection.hdf

[global]
instruments = E1 E2 E3 C1 C2 H1 V1 L1 I1 K1
mass1_ref = 30.00000000117024
mass2_ref = 30.000000008387197
minchirp = 26.11641690304384
maxchirp = 26.11661690304384
mincov = 721361466.2874786
maxcov = 72136146628.74785
