
[data]
trigger-time = 1075694303.096383
injection-file = /work/shashwat.singh/Prospects-of-LGWs/unlens/injection.hdf

[global]
instruments = E1 E2 E3 C1 C2 H1 V1 L1 I1 K1
mass1_ref = 30.000000000407752
mass2_ref = 30.00000000754528
minchirp = 26.116416902345485
maxchirp = 26.116616902345484
mincov = 4630522439.669746
maxcov = 463052243966.9746
