
[data]
trigger-time = 1881283368.11982
injection-file = /work/shashwat.singh/Prospects-of-LGWs/unlens/injection.hdf

[global]
instruments = E1 E2 E3 C1 C2 H1 V1 L1 I1 K1
mass1_ref = 30.000000008142248
mass2_ref = 30.00000000686402
minchirp = 26.116416905415583
maxchirp = 26.116616905415583
mincov = 23043912914.02639
maxcov = 2304391291402.6387
