
[data]
trigger-time = 1562456102.7444015
injection-file = /work/shashwat.singh/Prospects-of-LGWs/unlens/injection.hdf

[global]
instruments = E1 E2 E3 C1 C2 H1 V1 L1 I1 K1
mass1_ref = 30.00000000792471
mass2_ref = 30.000000000293586
minchirp = 26.116416902460948
maxchirp = 26.116616902460947
mincov = 149615237895.9345
maxcov = 14961523789593.45
