
[data]
trigger-time = 1200205988.9000428
injection-file = /work/shashwat.singh/Prospects-of-LGWs/unlens/injection.hdf

[global]
instruments = E1 E2 E3 C1 C2 H1 V1 L1 I1 K1
mass1_ref = 30.000000002535998
mass2_ref = 30.000000002871893
minchirp = 26.116416901237645
maxchirp = 26.116616901237645
mincov = 84660156899.5636
maxcov = 8466015689956.359
