
[data]
trigger-time = 1346846672.360682
injection-file = /work/shashwat.singh/Prospects-of-LGWs/unlens/injection.hdf

[global]
instruments = E1 E2 E3 C1 C2 H1 V1 L1 I1 K1
mass1_ref = 30.000000003808687
mass2_ref = 30.000000001613948
minchirp = 26.11641690124406
maxchirp = 26.11661690124406
mincov = 134930689209.12773
maxcov = 13493068920912.773
