
[data]
trigger-time = 1153683125.0169244
injection-file = /work/shashwat.singh/Prospects-of-LGWs/unlens/injection.hdf

[global]
instruments = E1 E2 E3 C1 C2 H1 V1 L1 I1 K1
mass1_ref = 30.000000007317478
mass2_ref = 30.000000003642242
minchirp = 26.11641690365422
maxchirp = 26.11661690365422
mincov = 109557159463.8181
maxcov = 10955715946381.81
