
[data]
trigger-time = 1425887778.6813953
injection-file = /work/shashwat.singh/Prospects-of-LGWs/unlens/injection.hdf

[global]
instruments = E1 E2 E3 C1 C2 H1 V1 L1 I1 K1
mass1_ref = 30.000000007164825
mass2_ref = 30.00000000141695
minchirp = 26.11641690261916
maxchirp = 26.11661690261916
mincov = 60506194570.92969
maxcov = 6050619457092.969
