
[data]
trigger-time = 1306052807.6111174
injection-file = /work/shashwat.singh/Prospects-of-LGWs/unlens/injection.hdf

[global]
instruments = E1 E2 E3 C1 C2 H1 V1 L1 I1 K1
mass1_ref = 30.00000000236289
mass2_ref = 30.00000000675254
minchirp = 26.116416902851448
maxchirp = 26.116616902851447
mincov = 171940428298.13544
maxcov = 17194042829813.545
