
[data]
trigger-time = 1861947612.8417134
injection-file = /work/shashwat.singh/Prospects-of-LGWs/unlens/injection.hdf

[global]
instruments = E1 E2 E3 C1 C2 H1 V1 L1 I1 K1
mass1_ref = 30.00000000998439
mass2_ref = 30.000000006077297
minchirp = 26.11641690587498
maxchirp = 26.11661690587498
mincov = 69898483258.3387
maxcov = 6989848325833.869
