
[data]
trigger-time = 1366093452.0727644
injection-file = /work/shashwat.singh/Prospects-of-LGWs/unlens/injection.hdf

[global]
instruments = E1 E2 E3 C1 C2 H1 V1 L1 I1 K1
mass1_ref = 30.00000000591993
mass2_ref = 30.00000000298057
minchirp = 26.11641690275789
maxchirp = 26.11661690275789
mincov = 72599677723.52324
maxcov = 7259967772352.324
