
[data]
trigger-time = 1227509001.1049912
injection-file = /work/shashwat.singh/Prospects-of-LGWs/unlens/injection.hdf

[global]
instruments = E1 E2 E3 C1 C2 H1 V1 L1 I1 K1
mass1_ref = 30.000000004047155
mass2_ref = 30.000000005862436
minchirp = 26.116416903197123
maxchirp = 26.116616903197123
mincov = 176960689026.98047
maxcov = 17696068902698.047
