
[data]
trigger-time = 1929760581.5308986
injection-file = /work/shashwat.singh/Prospects-of-LGWs/unlens/injection.hdf

[global]
instruments = E1 E2 E3 C1 C2 H1 V1 L1 I1 K1
mass1_ref = 30.000000008833016
mass2_ref = 30.000000001358288
minchirp = 26.11641690331975
maxchirp = 26.11661690331975
mincov = 103681899239.62288
maxcov = 10368189923962.287
