
[data]
trigger-time = 1368154878.0344176
injection-file = /work/shashwat.singh/Prospects-of-LGWs/unlens/injection.hdf

[global]
instruments = E1 E2 E3 C1 C2 H1 V1 L1 I1 K1
mass1_ref = 30.000000004671982
mass2_ref = 30.000000004234213
minchirp = 26.11641690276037
maxchirp = 26.11661690276037
mincov = 105711602781.37253
maxcov = 10571160278137.254
