
[data]
trigger-time = 1262931229.7547905
injection-file = /work/shashwat.singh/Prospects-of-LGWs/unlens/injection.hdf

[global]
instruments = E1 E2 E3 C1 C2 H1 V1 L1 I1 K1
mass1_ref = 30.000000003002942
mass2_ref = 30.00000000248019
minchirp = 26.116416901270394
maxchirp = 26.116616901270394
mincov = 16504027399.885162
maxcov = 1650402739988.516
