
[data]
trigger-time = 1328594259.6452487
injection-file = /work/shashwat.singh/Prospects-of-LGWs/unlens/injection.hdf

[global]
instruments = E1 E2 E3 C1 C2 H1 V1 L1 I1 K1
mass1_ref = 30.000000004170246
mass2_ref = 30.000000000236614
minchirp = 26.116416900801923
maxchirp = 26.116616900801922
mincov = 102335030438.96338
maxcov = 10233503043896.338
