
[data]
trigger-time = 1827309198.116509
injection-file = /work/shashwat.singh/Prospects-of-LGWs/unlens/injection.hdf

[global]
instruments = E1 E2 E3 C1 C2 H1 V1 L1 I1 K1
mass1_ref = 30.000000002647546
mass2_ref = 30.000000000850978
minchirp = 26.116416900406545
maxchirp = 26.116616900406544
mincov = 10946109531.100218
maxcov = 1094610953110.0219
