
[data]
trigger-time = 1630823253.2478168
injection-file = /work/shashwat.singh/Prospects-of-LGWs/unlens/injection.hdf

[global]
instruments = E1 E2 E3 C1 C2 H1 V1 L1 I1 K1
mass1_ref = 30.000000002128672
mass2_ref = 30.0000000002711
minchirp = 26.116416899928286
maxchirp = 26.116616899928285
mincov = 115370110541.12402
maxcov = 11537011054112.402
