
[data]
trigger-time = 1341687228.292491
injection-file = /work/shashwat.singh/Prospects-of-LGWs/unlens/injection.hdf

[global]
instruments = E1 E2 E3 C1 C2 H1 V1 L1 I1 K1
mass1_ref = 30.0000000043171
mass2_ref = 30.000000002847845
minchirp = 26.11641690200245
maxchirp = 26.11661690200245
mincov = 39096907022.75878
maxcov = 3909690702275.8784
