
[data]
trigger-time = 1133423996.0653014
injection-file = /work/shashwat.singh/Prospects-of-LGWs/unlens/injection.hdf

[global]
instruments = E1 E2 E3 C1 C2 H1 V1 L1 I1 K1
mass1_ref = 30.00000000971404
mass2_ref = 30.00000000843959
minchirp = 26.11641690678555
maxchirp = 26.11661690678555
mincov = 152040804149.7184
maxcov = 15204080414971.84
