
[data]
trigger-time = 1471589108.4351006
injection-file = /work/shashwat.singh/Prospects-of-LGWs/unlens/injection.hdf

[global]
instruments = E1 E2 E3 C1 C2 H1 V1 L1 I1 K1
mass1_ref = 30.00000000424333
mass2_ref = 30.000000007923152
minchirp = 26.11641690417949
maxchirp = 26.11661690417949
mincov = 27825678898.395863
maxcov = 2782567889839.586
