
[data]
trigger-time = 1261588903.4719152
injection-file = /work/shashwat.singh/Prospects-of-LGWs/unlens/injection.hdf

[global]
instruments = E1 E2 E3 C1 C2 H1 V1 L1 I1 K1
mass1_ref = 30.00000000535383
mass2_ref = 30.00000000405875
minchirp = 26.116416902980788
maxchirp = 26.116616902980788
mincov = 52900603611.97354
maxcov = 5290060361197.3545
