
[data]
trigger-time = 1029012130.8616246
injection-file = /work/shashwat.singh/Prospects-of-LGWs/unlens/injection.hdf

[global]
instruments = E1 E2 E3 C1 C2 H1 V1 L1 I1 K1
mass1_ref = 30.000000001581466
mass2_ref = 30.000000004248484
minchirp = 26.116416901421356
maxchirp = 26.116616901421356
mincov = 106564104324.4095
maxcov = 10656410432440.95
