
[data]
trigger-time = 1162210939.9562838
injection-file = /work/shashwat.singh/Prospects-of-LGWs/unlens/injection.hdf

[global]
instruments = E1 E2 E3 C1 C2 H1 V1 L1 I1 K1
mass1_ref = 30.000000005971035
mass2_ref = 30.00000000060104
minchirp = 26.116416901744387
maxchirp = 26.116616901744386
mincov = 90355175465.28432
maxcov = 9035517546528.432
