
[data]
trigger-time = 1593741698.8437533
injection-file = /work/shashwat.singh/Prospects-of-LGWs/unlens/injection.hdf

[global]
instruments = E1 E2 E3 C1 C2 H1 V1 L1 I1 K1
mass1_ref = 30.000000008928687
mass2_ref = 30.00000000592041
minchirp = 26.11641690534717
maxchirp = 26.11661690534717
mincov = 57783699630.12925
maxcov = 5778369963012.925
