
[data]
trigger-time = 1547629732.1183653
injection-file = /work/shashwat.singh/Prospects-of-LGWs/unlens/injection.hdf

[global]
instruments = E1 E2 E3 C1 C2 H1 V1 L1 I1 K1
mass1_ref = 30.000000001429267
mass2_ref = 30.0000000051865
minchirp = 26.116416901763404
maxchirp = 26.116616901763404
mincov = 77969618904.09329
maxcov = 7796961890409.33
