
[data]
trigger-time = 1871988193.7250605
injection-file = /work/shashwat.singh/Prospects-of-LGWs/unlens/injection.hdf

[global]
instruments = E1 E2 E3 C1 C2 H1 V1 L1 I1 K1
mass1_ref = 30.000000000486317
mass2_ref = 30.00000000198329
minchirp = 26.116416899958686
maxchirp = 26.116616899958686
mincov = 43570843696.516945
maxcov = 4357084369651.6943
