
[data]
trigger-time = 1965716484.268724
injection-file = /work/shashwat.singh/Prospects-of-LGWs/unlens/injection.hdf

[global]
instruments = E1 E2 E3 C1 C2 H1 V1 L1 I1 K1
mass1_ref = 30.000000002586464
mass2_ref = 30.000000008221882
minchirp = 26.11641690358833
maxchirp = 26.11661690358833
mincov = 151015123262.19846
maxcov = 15101512326219.846
