
[data]
trigger-time = 1240899890.659316
injection-file = /work/shashwat.singh/Prospects-of-LGWs/unlens/injection.hdf

[global]
instruments = E1 E2 E3 C1 C2 H1 V1 L1 I1 K1
mass1_ref = 30.00000000628809
mass2_ref = 30.000000008390643
minchirp = 26.116416905273013
maxchirp = 26.116616905273013
mincov = 32518875625.755524
maxcov = 3251887562575.5522
