
[data]
trigger-time = 1598137240.859971
injection-file = /work/shashwat.singh/Prospects-of-LGWs/unlens/injection.hdf

[global]
instruments = E1 E2 E3 C1 C2 H1 V1 L1 I1 K1
mass1_ref = 30.000000008365422
mass2_ref = 30.000000002661313
minchirp = 26.11641690368339
maxchirp = 26.11661690368339
mincov = 163641735420.09305
maxcov = 16364173542009.305
