
[data]
trigger-time = 1932194052.2949476
injection-file = /work/shashwat.singh/Prospects-of-LGWs/unlens/injection.hdf

[global]
instruments = E1 E2 E3 C1 C2 H1 V1 L1 I1 K1
mass1_ref = 30.000000004236778
mass2_ref = 30.000000002044665
minchirp = 26.11641690161788
maxchirp = 26.11661690161788
mincov = 163046866859.55756
maxcov = 16304686685955.758
