
[data]
trigger-time = 1015648455.1529572
injection-file = /work/shashwat.singh/Prospects-of-LGWs/unlens/injection.hdf

[global]
instruments = E1 E2 E3 C1 C2 H1 V1 L1 I1 K1
mass1_ref = 30.000000000583825
mass2_ref = 30.00000000430917
minchirp = 26.116416901013523
maxchirp = 26.116616901013522
mincov = 68798133946.40347
maxcov = 6879813394640.347
