
[data]
trigger-time = 1217586025.9623678
injection-file = /work/shashwat.singh/Prospects-of-LGWs/unlens/injection.hdf

[global]
instruments = E1 E2 E3 C1 C2 H1 V1 L1 I1 K1
mass1_ref = 30.000000005576634
mass2_ref = 30.00000000310951
minchirp = 26.116416902664586
maxchirp = 26.116616902664585
mincov = 20793590488.44062
maxcov = 2079359048844.0623
