
[data]
trigger-time = 1603204790.1996694
injection-file = /work/shashwat.singh/Prospects-of-LGWs/unlens/injection.hdf

[global]
instruments = E1 E2 E3 C1 C2 H1 V1 L1 I1 K1
mass1_ref = 30.000000004772783
mass2_ref = 30.000000004738318
minchirp = 26.116416903023673
maxchirp = 26.116616903023672
mincov = 63865256354.39565
maxcov = 6386525635439.565
