
[data]
trigger-time = 1605126918.0942998
injection-file = /work/shashwat.singh/Prospects-of-LGWs/unlens/injection.hdf

[global]
instruments = E1 E2 E3 C1 C2 H1 V1 L1 I1 K1
mass1_ref = 30.000000002583466
mass2_ref = 30.00000000663152
minchirp = 26.11641690289478
maxchirp = 26.11661690289478
mincov = 135057970869.16507
maxcov = 13505797086916.506
