
[data]
trigger-time = 1450414756.552866
injection-file = /work/shashwat.singh/Prospects-of-LGWs/unlens/injection.hdf

[global]
instruments = E1 E2 E3 C1 C2 H1 V1 L1 I1 K1
mass1_ref = 30.000000003898077
mass2_ref = 30.00000000700057
minchirp = 26.116416903627634
maxchirp = 26.116616903627634
mincov = 39863024000.960236
maxcov = 3986302400096.0234
