
[data]
trigger-time = 1047113624.5188305
injection-file = /work/shashwat.singh/Prospects-of-LGWs/unlens/injection.hdf

[global]
instruments = E1 E2 E3 C1 C2 H1 V1 L1 I1 K1
mass1_ref = 30.000000004773216
mass2_ref = 30.00000000243392
minchirp = 26.116416902020816
maxchirp = 26.116616902020816
mincov = 119919718038.90515
maxcov = 11991971803890.516
