
[data]
trigger-time = 1094267519.471137
injection-file = /work/shashwat.singh/Prospects-of-LGWs/unlens/injection.hdf

[global]
instruments = E1 E2 E3 C1 C2 H1 V1 L1 I1 K1
mass1_ref = 30.000000009299175
mass2_ref = 30.00000000555953
minchirp = 26.11641690535135
maxchirp = 26.11661690535135
mincov = 81733757857.18796
maxcov = 8173375785718.797
