
[data]
trigger-time = 1059044845.2498875
injection-file = /work/shashwat.singh/Prospects-of-LGWs/unlens/injection.hdf

[global]
instruments = E1 E2 E3 C1 C2 H1 V1 L1 I1 K1
mass1_ref = 30.000000001360483
mass2_ref = 30.000000004471094
minchirp = 26.116416901422067
maxchirp = 26.116616901422066
mincov = 150468686071.327
maxcov = 15046868607132.7
