
[data]
trigger-time = 1734979549.4401646
injection-file = /work/shashwat.singh/Prospects-of-LGWs/unlens/injection.hdf

[global]
instruments = E1 E2 E3 C1 C2 H1 V1 L1 I1 K1
mass1_ref = 30.00000000433946
mass2_ref = 30.000000000949086
minchirp = 26.116416901185698
maxchirp = 26.116616901185697
mincov = 140639401846.79764
maxcov = 14063940184679.764
