
[data]
trigger-time = 1685130869.2730618
injection-file = /work/shashwat.singh/Prospects-of-LGWs/unlens/injection.hdf

[global]
instruments = E1 E2 E3 C1 C2 H1 V1 L1 I1 K1
mass1_ref = 30.000000004166615
mass2_ref = 30.00000000609074
minchirp = 26.1164169033485
maxchirp = 26.1166169033485
mincov = 98459247108.37155
maxcov = 9845924710837.154
