
[data]
trigger-time = 1214928260.0666926
injection-file = /work/shashwat.singh/Prospects-of-LGWs/unlens/injection.hdf

[global]
instruments = E1 E2 E3 C1 C2 H1 V1 L1 I1 K1
mass1_ref = 30.000000009862955
mass2_ref = 30.000000007589655
minchirp = 26.116416906480413
maxchirp = 26.116616906480413
mincov = 152590884662.7389
maxcov = 15259088466273.889
