
[data]
trigger-time = 1650728882.6556497
injection-file = /work/shashwat.singh/Prospects-of-LGWs/unlens/injection.hdf

[global]
instruments = E1 E2 E3 C1 C2 H1 V1 L1 I1 K1
mass1_ref = 30.00000000281482
mass2_ref = 30.000000009886314
minchirp = 26.116416904412215
maxchirp = 26.116616904412215
mincov = 88322236760.69858
maxcov = 8832223676069.86
