
[data]
trigger-time = 1329390889.7793217
injection-file = /work/shashwat.singh/Prospects-of-LGWs/unlens/injection.hdf

[global]
instruments = E1 E2 E3 C1 C2 H1 V1 L1 I1 K1
mass1_ref = 30.000000000711097
mass2_ref = 30.000000006628532
minchirp = 26.116416902078484
maxchirp = 26.116616902078484
mincov = 149435896290.41156
maxcov = 14943589629041.154
