
[data]
trigger-time = 1804665501.2362967
injection-file = /work/shashwat.singh/Prospects-of-LGWs/unlens/injection.hdf

[global]
instruments = E1 E2 E3 C1 C2 H1 V1 L1 I1 K1
mass1_ref = 30.000000003861512
mass2_ref = 30.000000004735398
minchirp = 26.116416902625748
maxchirp = 26.116616902625747
mincov = 56611038572.28046
maxcov = 5661103857228.046
