
[data]
trigger-time = 1311406939.3659754
injection-file = /work/shashwat.singh/Prospects-of-LGWs/unlens/injection.hdf

[global]
instruments = E1 E2 E3 C1 C2 H1 V1 L1 I1 K1
mass1_ref = 30.000000004772513
mass2_ref = 30.000000000282725
minchirp = 26.116416901084147
maxchirp = 26.116616901084146
mincov = 89428460654.37506
maxcov = 8942846065437.506
