
[data]
trigger-time = 1280309029.5079174
injection-file = /work/shashwat.singh/Prospects-of-LGWs/unlens/injection.hdf

[global]
instruments = E1 E2 E3 C1 C2 H1 V1 L1 I1 K1
mass1_ref = 30.000000009219292
mass2_ref = 30.000000001233516
minchirp = 26.116416903433574
maxchirp = 26.116616903433574
mincov = 56813569754.34625
maxcov = 5681356975434.625
