
[data]
trigger-time = 1143171921.701254
injection-file = /work/shashwat.singh/Prospects-of-LGWs/unlens/injection.hdf

[global]
instruments = E1 E2 E3 C1 C2 H1 V1 L1 I1 K1
mass1_ref = 30.0000000097882
mass2_ref = 30.000000000250623
minchirp = 26.116416903253377
maxchirp = 26.116616903253377
mincov = 18040802289.05979
maxcov = 1804080228905.979
