
[data]
trigger-time = 1801199027.5015292
injection-file = /work/shashwat.singh/Prospects-of-LGWs/unlens/injection.hdf

[global]
instruments = E1 E2 E3 C1 C2 H1 V1 L1 I1 K1
mass1_ref = 30.000000005596895
mass2_ref = 30.00000000239423
minchirp = 26.116416902362065
maxchirp = 26.116616902362065
mincov = 154013493560.45996
maxcov = 15401349356045.996
