
[data]
trigger-time = 1402293858.5779698
injection-file = /work/shashwat.singh/Prospects-of-LGWs/unlens/injection.hdf

[global]
instruments = E1 E2 E3 C1 C2 H1 V1 L1 I1 K1
mass1_ref = 30.000000003630692
mass2_ref = 30.000000002134907
minchirp = 26.116416901393347
maxchirp = 26.116616901393346
mincov = 110502500867.75945
maxcov = 11050250086775.945
