
[data]
trigger-time = 1511784577.0991774
injection-file = /work/shashwat.singh/Prospects-of-LGWs/unlens/injection.hdf

[global]
instruments = E1 E2 E3 C1 C2 H1 V1 L1 I1 K1
mass1_ref = 30.000000004802367
mass2_ref = 30.000000005645127
minchirp = 26.11641690343126
maxchirp = 26.11661690343126
mincov = 170208610110.88092
maxcov = 17020861011088.09
