
[data]
trigger-time = 1481335065.1273568
injection-file = /work/shashwat.singh/Prospects-of-LGWs/unlens/injection.hdf

[global]
instruments = E1 E2 E3 C1 C2 H1 V1 L1 I1 K1
mass1_ref = 30.000000004270774
mass2_ref = 30.000000009157784
minchirp = 26.116416904728844
maxchirp = 26.116616904728843
mincov = 170313056964.74487
maxcov = 17031305696474.488
