
[data]
trigger-time = 1286154390.7603745
injection-file = /work/shashwat.singh/Prospects-of-LGWs/unlens/injection.hdf

[global]
instruments = E1 E2 E3 C1 C2 H1 V1 L1 I1 K1
mass1_ref = 30.0000000055436
mass2_ref = 30.000000002799315
minchirp = 26.11641690251519
maxchirp = 26.11661690251519
mincov = 19648640131.466885
maxcov = 1964864013146.6885
