
[data]
trigger-time = 1856579860.2233157
injection-file = /work/shashwat.singh/Prospects-of-LGWs/unlens/injection.hdf

[global]
instruments = E1 E2 E3 C1 C2 H1 V1 L1 I1 K1
mass1_ref = 30.000000001597297
mass2_ref = 30.000000005749385
minchirp = 26.116416902081554
maxchirp = 26.116616902081553
mincov = 171556737269.63364
maxcov = 17155673726963.363
