
[data]
trigger-time = 1244443363.7426858
injection-file = /work/shashwat.singh/Prospects-of-LGWs/unlens/injection.hdf

[global]
instruments = E1 E2 E3 C1 C2 H1 V1 L1 I1 K1
mass1_ref = 30.000000000079226
mass2_ref = 30.000000004551254
minchirp = 26.116416900899257
maxchirp = 26.116616900899256
mincov = 61791921482.852615
maxcov = 6179192148285.262
