
[data]
trigger-time = 1207968219.4737353
injection-file = /work/shashwat.singh/Prospects-of-LGWs/unlens/injection.hdf

[global]
instruments = E1 E2 E3 C1 C2 H1 V1 L1 I1 K1
mass1_ref = 30.00000000241254
mass2_ref = 30.000000004290946
minchirp = 26.116416901801585
maxchirp = 26.116616901801585
mincov = 134777702513.71509
maxcov = 13477770251371.508
