
[data]
trigger-time = 1413028395.5518718
injection-file = /work/shashwat.singh/Prospects-of-LGWs/unlens/injection.hdf

[global]
instruments = E1 E2 E3 C1 C2 H1 V1 L1 I1 K1
mass1_ref = 30.00000000374972
mass2_ref = 30.000000004496147
minchirp = 26.11641690247295
maxchirp = 26.11661690247295
mincov = 33462234607.98654
maxcov = 3346223460798.6543
