
[data]
trigger-time = 1261161080.9718642
injection-file = /work/shashwat.singh/Prospects-of-LGWs/unlens/injection.hdf

[global]
instruments = E1 E2 E3 C1 C2 H1 V1 L1 I1 K1
mass1_ref = 30.00000000328443
mass2_ref = 30.000000004588866
minchirp = 26.116416902310775
maxchirp = 26.116616902310774
mincov = 82887578717.7778
maxcov = 8288757871777.779
