
[data]
trigger-time = 1188783761.1284204
injection-file = /work/shashwat.singh/Prospects-of-LGWs/unlens/injection.hdf

[global]
instruments = E1 E2 E3 C1 C2 H1 V1 L1 I1 K1
mass1_ref = 30.000000007580976
mass2_ref = 30.000000002661608
minchirp = 26.11641690334207
maxchirp = 26.11661690334207
mincov = 88112133287.50752
maxcov = 8811213328750.752
