
[data]
trigger-time = 1438575909.7650516
injection-file = /work/shashwat.singh/Prospects-of-LGWs/unlens/injection.hdf

[global]
instruments = E1 E2 E3 C1 C2 H1 V1 L1 I1 K1
mass1_ref = 30.000000008579626
mass2_ref = 30.00000000355507
minchirp = 26.116416904165657
maxchirp = 26.116616904165657
mincov = 51893963659.39631
maxcov = 5189396365939.631
