
[data]
trigger-time = 1746799130.4491224
injection-file = /work/shashwat.singh/Prospects-of-LGWs/unlens/injection.hdf

[global]
instruments = E1 E2 E3 C1 C2 H1 V1 L1 I1 K1
mass1_ref = 30.00000000543815
mass2_ref = 30.000000008926783
minchirp = 26.116416905136422
maxchirp = 26.11661690513642
mincov = 147601749824.23334
maxcov = 14760174982423.332
