
[data]
trigger-time = 1211982184.2068138
injection-file = /work/shashwat.singh/Prospects-of-LGWs/unlens/injection.hdf

[global]
instruments = E1 E2 E3 C1 C2 H1 V1 L1 I1 K1
mass1_ref = 30.000000000107764
mass2_ref = 30.00000000738567
minchirp = 26.11641690214543
maxchirp = 26.11661690214543
mincov = 372543274.1515604
maxcov = 37254327415.15604
