
[data]
trigger-time = 1824341324.3637953
injection-file = /work/shashwat.singh/Prospects-of-LGWs/unlens/injection.hdf

[global]
instruments = E1 E2 E3 C1 C2 H1 V1 L1 I1 K1
mass1_ref = 30.000000003925553
mass2_ref = 30.000000005401862
minchirp = 26.11641690294372
maxchirp = 26.11661690294372
mincov = 151872677801.05307
maxcov = 15187267780105.309
