
[data]
trigger-time = 1594115331.5689626
injection-file = /work/shashwat.singh/Prospects-of-LGWs/unlens/injection.hdf

[global]
instruments = E1 E2 E3 C1 C2 H1 V1 L1 I1 K1
mass1_ref = 30.000000003574574
mass2_ref = 30.000000007315435
minchirp = 26.11641690362388
maxchirp = 26.11661690362388
mincov = 151078410563.38812
maxcov = 15107841056338.812
