
[data]
trigger-time = 1481301967.1501036
injection-file = /work/shashwat.singh/Prospects-of-LGWs/unlens/injection.hdf

[global]
instruments = E1 E2 E3 C1 C2 H1 V1 L1 I1 K1
mass1_ref = 30.000000000299195
mass2_ref = 30.000000001035556
minchirp = 26.11641689946471
maxchirp = 26.11661689946471
mincov = 178091118461.38553
maxcov = 17809111846138.55
