
[data]
trigger-time = 1021607179.6258637
injection-file = /work/shashwat.singh/Prospects-of-LGWs/unlens/injection.hdf

[global]
instruments = E1 E2 E3 C1 C2 H1 V1 L1 I1 K1
mass1_ref = 30.000000006928264
mass2_ref = 30.000000008718178
minchirp = 26.116416905694233
maxchirp = 26.116616905694233
mincov = 4626928665.358995
maxcov = 462692866535.89954
