
[data]
trigger-time = 1716521170.63906
injection-file = /work/shashwat.singh/Prospects-of-LGWs/unlens/injection.hdf

[global]
instruments = E1 E2 E3 C1 C2 H1 V1 L1 I1 K1
mass1_ref = 30.000000002561855
mass2_ref = 30.000000000639368
minchirp = 26.116416900277137
maxchirp = 26.116616900277137
mincov = 3030225228.5033684
maxcov = 303022522850.33685
