
[data]
trigger-time = 1198844970.9058604
injection-file = /work/shashwat.singh/Prospects-of-LGWs/unlens/injection.hdf

[global]
instruments = E1 E2 E3 C1 C2 H1 V1 L1 I1 K1
mass1_ref = 30.00000000471741
mass2_ref = 30.000000003586983
minchirp = 26.116416902498422
maxchirp = 26.11661690249842
mincov = 47729332609.680984
maxcov = 4772933260968.098
