
[data]
trigger-time = 1525313906.797142
injection-file = /work/shashwat.singh/Prospects-of-LGWs/unlens/injection.hdf

[global]
instruments = E1 E2 E3 C1 C2 H1 V1 L1 I1 K1
mass1_ref = 30.00000000416762
mass2_ref = 30.000000008726325
minchirp = 26.11641690449614
maxchirp = 26.11661690449614
mincov = 112537963821.61963
maxcov = 11253796382161.963
