
[data]
trigger-time = 1971348271.0187216
injection-file = /work/shashwat.singh/Prospects-of-LGWs/unlens/injection.hdf

[global]
instruments = E1 E2 E3 C1 C2 H1 V1 L1 I1 K1
mass1_ref = 30.00000000310637
mass2_ref = 30.00000000824019
minchirp = 26.1164169038226
maxchirp = 26.1166169038226
mincov = 149225808776.1231
maxcov = 14922580877612.309
