
[data]
trigger-time = 1258017984.6727476
injection-file = /work/shashwat.singh/Prospects-of-LGWs/unlens/injection.hdf

[global]
instruments = E1 E2 E3 C1 C2 H1 V1 L1 I1 K1
mass1_ref = 30.000000001846434
mass2_ref = 30.000000000065345
minchirp = 26.116416899715873
maxchirp = 26.116616899715872
mincov = 35952755576.36062
maxcov = 3595275557636.062
