
[data]
trigger-time = 1361121855.4167936
injection-file = /work/shashwat.singh/Prospects-of-LGWs/unlens/injection.hdf

[global]
instruments = E1 E2 E3 C1 C2 H1 V1 L1 I1 K1
mass1_ref = 30.000000003127237
mass2_ref = 30.000000006999887
minchirp = 26.11641690329181
maxchirp = 26.11661690329181
mincov = 73656447820.97157
maxcov = 7365644782097.157
