
[data]
trigger-time = 1404512444.6254244
injection-file = /work/shashwat.singh/Prospects-of-LGWs/unlens/injection.hdf

[global]
instruments = E1 E2 E3 C1 C2 H1 V1 L1 I1 K1
mass1_ref = 30.000000008471773
mass2_ref = 30.000000002209113
minchirp = 26.116416903532848
maxchirp = 26.116616903532847
mincov = 21148561805.535927
maxcov = 2114856180553.5928
