
[data]
trigger-time = 1716631393.300581
injection-file = /work/shashwat.singh/Prospects-of-LGWs/unlens/injection.hdf

[global]
instruments = E1 E2 E3 C1 C2 H1 V1 L1 I1 K1
mass1_ref = 30.000000002808193
mass2_ref = 30.000000002708163
minchirp = 26.116416901284857
maxchirp = 26.116616901284857
mincov = 161856799293.12204
maxcov = 16185679929312.205
