
[data]
trigger-time = 1058281203.2608349
injection-file = /work/shashwat.singh/Prospects-of-LGWs/unlens/injection.hdf

[global]
instruments = E1 E2 E3 C1 C2 H1 V1 L1 I1 K1
mass1_ref = 30.000000006145044
mass2_ref = 30.000000006566818
minchirp = 26.116416904416884
maxchirp = 26.116616904416883
mincov = 10809414994.560108
maxcov = 1080941499456.0109
