
[data]
trigger-time = 1822732309.3513224
injection-file = /work/shashwat.singh/Prospects-of-LGWs/unlens/injection.hdf

[global]
instruments = E1 E2 E3 C1 C2 H1 V1 L1 I1 K1
mass1_ref = 30.00000000744677
mass2_ref = 30.000000000235392
minchirp = 26.116416902227577
maxchirp = 26.116616902227577
mincov = 113532325789.47185
maxcov = 11353232578947.186
