
[data]
trigger-time = 1810823272.7334843
injection-file = /work/shashwat.singh/Prospects-of-LGWs/unlens/injection.hdf

[global]
instruments = E1 E2 E3 C1 C2 H1 V1 L1 I1 K1
mass1_ref = 30.000000008878327
mass2_ref = 30.00000000792878
minchirp = 26.116416906199444
maxchirp = 26.116616906199443
mincov = 3567768183.884607
maxcov = 356776818388.4607
