
[data]
trigger-time = 1842287725.7323399
injection-file = /work/shashwat.singh/Prospects-of-LGWs/unlens/injection.hdf

[global]
instruments = E1 E2 E3 C1 C2 H1 V1 L1 I1 K1
mass1_ref = 30.000000005496098
mass2_ref = 30.000000009129447
minchirp = 26.116416905249864
maxchirp = 26.116616905249863
mincov = 39239464600.906685
maxcov = 3923946460090.6685
