
[data]
trigger-time = 1341000581.011379
injection-file = /work/shashwat.singh/Prospects-of-LGWs/unlens/injection.hdf

[global]
instruments = E1 E2 E3 C1 C2 H1 V1 L1 I1 K1
mass1_ref = 30.000000009537736
mass2_ref = 30.000000000769518
minchirp = 26.116416903370215
maxchirp = 26.116616903370215
mincov = 62804683202.97862
maxcov = 6280468320297.862
