
[data]
trigger-time = 1430568242.7019901
injection-file = /work/shashwat.singh/Prospects-of-LGWs/unlens/injection.hdf

[global]
instruments = E1 E2 E3 C1 C2 H1 V1 L1 I1 K1
mass1_ref = 30.000000001990784
mass2_ref = 30.00000000345341
minchirp = 26.116416901253448
maxchirp = 26.116616901253447
mincov = 144957562597.7261
maxcov = 14495756259772.61
