
[data]
trigger-time = 1661809010.628604
injection-file = /work/shashwat.singh/Prospects-of-LGWs/unlens/injection.hdf

[global]
instruments = E1 E2 E3 C1 C2 H1 V1 L1 I1 K1
mass1_ref = 30.000000003818947
mass2_ref = 30.000000004413593
minchirp = 26.116416902467144
maxchirp = 26.116616902467143
mincov = 62834201413.37721
maxcov = 6283420141337.721
