
[data]
trigger-time = 1931347090.7883768
injection-file = /work/shashwat.singh/Prospects-of-LGWs/unlens/injection.hdf

[global]
instruments = E1 E2 E3 C1 C2 H1 V1 L1 I1 K1
mass1_ref = 30.000000005081397
mass2_ref = 30.000000004631744
minchirp = 26.116416903111613
maxchirp = 26.116616903111613
mincov = 136849571563.11076
maxcov = 13684957156311.076
