
[data]
trigger-time = 1384848602.8934932
injection-file = /work/shashwat.singh/Prospects-of-LGWs/unlens/injection.hdf

[global]
instruments = E1 E2 E3 C1 C2 H1 V1 L1 I1 K1
mass1_ref = 30.00000000875677
mass2_ref = 30.000000009762257
minchirp = 26.1164169069446
maxchirp = 26.1166169069446
mincov = 18750797764.02039
maxcov = 1875079776402.0388
