
[data]
trigger-time = 1911895176.8458982
injection-file = /work/shashwat.singh/Prospects-of-LGWs/unlens/injection.hdf

[global]
instruments = E1 E2 E3 C1 C2 H1 V1 L1 I1 K1
mass1_ref = 30.00000000723715
mass2_ref = 30.000000005157577
minchirp = 26.116416904278843
maxchirp = 26.116616904278843
mincov = 10449129212.770428
maxcov = 1044912921277.0427
