
[data]
trigger-time = 1720383852.4689198
injection-file = /work/shashwat.singh/Prospects-of-LGWs/unlens/injection.hdf

[global]
instruments = E1 E2 E3 C1 C2 H1 V1 L1 I1 K1
mass1_ref = 30.000000001623633
mass2_ref = 30.00000000619736
minchirp = 26.11641690228801
maxchirp = 26.11661690228801
mincov = 5532253807.953363
maxcov = 553225380795.3364
