
[data]
trigger-time = 1897063105.3386068
injection-file = /work/shashwat.singh/Prospects-of-LGWs/unlens/injection.hdf

[global]
instruments = E1 E2 E3 C1 C2 H1 V1 L1 I1 K1
mass1_ref = 30.000000007042665
mass2_ref = 30.00000000201886
minchirp = 26.116416902827986
maxchirp = 26.116616902827985
mincov = 90897429934.90398
maxcov = 9089742993490.398
