
[data]
trigger-time = 1529760003.766726
injection-file = /work/shashwat.singh/Prospects-of-LGWs/unlens/injection.hdf

[global]
instruments = E1 E2 E3 C1 C2 H1 V1 L1 I1 K1
mass1_ref = 30.000000002004736
mass2_ref = 30.000000006340613
minchirp = 26.11641690251625
maxchirp = 26.11661690251625
mincov = 147026554598.39142
maxcov = 14702655459839.14
