
[data]
trigger-time = 1688699686.3976655
injection-file = /work/shashwat.singh/Prospects-of-LGWs/unlens/injection.hdf

[global]
instruments = E1 E2 E3 C1 C2 H1 V1 L1 I1 K1
mass1_ref = 30.00000000544525
mass2_ref = 30.00000000879708
minchirp = 26.11641690508306
maxchirp = 26.11661690508306
mincov = 315721899.610112
maxcov = 31572189961.0112
