
[data]
trigger-time = 1240953636.5612152
injection-file = /work/shashwat.singh/Prospects-of-LGWs/unlens/injection.hdf

[global]
instruments = E1 E2 E3 C1 C2 H1 V1 L1 I1 K1
mass1_ref = 30.0000000075249
mass2_ref = 30.000000007157247
minchirp = 26.1164169052745
maxchirp = 26.1166169052745
mincov = 84835281653.99315
maxcov = 8483528165399.315
