
[data]
trigger-time = 1445334414.199582
injection-file = /work/shashwat.singh/Prospects-of-LGWs/unlens/injection.hdf

[global]
instruments = E1 E2 E3 C1 C2 H1 V1 L1 I1 K1
mass1_ref = 30.000000008033915
mass2_ref = 30.000000006213348
minchirp = 26.116416905085206
maxchirp = 26.116616905085206
mincov = 76529076520.6404
maxcov = 7652907652064.039
