
[data]
trigger-time = 1676345040.4122896
injection-file = /work/shashwat.singh/Prospects-of-LGWs/unlens/injection.hdf

[global]
instruments = E1 E2 E3 C1 C2 H1 V1 L1 I1 K1
mass1_ref = 30.00000000640583
mass2_ref = 30.00000000909211
minchirp = 26.116416905629595
maxchirp = 26.116616905629595
mincov = 97176163237.02895
maxcov = 9717616323702.895
