
[data]
trigger-time = 1927438456.3055048
injection-file = /work/shashwat.singh/Prospects-of-LGWs/unlens/injection.hdf

[global]
instruments = E1 E2 E3 C1 C2 H1 V1 L1 I1 K1
mass1_ref = 30.00000000887661
mass2_ref = 30.00000000661538
minchirp = 26.116416905627005
maxchirp = 26.116616905627005
mincov = 83446867015.78299
maxcov = 8344686701578.3
