
[data]
trigger-time = 1488899532.5719042
injection-file = /work/shashwat.singh/Prospects-of-LGWs/unlens/injection.hdf

[global]
instruments = E1 E2 E3 C1 C2 H1 V1 L1 I1 K1
mass1_ref = 30.000000009837258
mass2_ref = 30.000000002144038
minchirp = 26.116416904098887
maxchirp = 26.116616904098887
mincov = 42616727883.14752
maxcov = 4261672788314.752
