
[data]
trigger-time = 1903015597.9189186
injection-file = /work/shashwat.singh/Prospects-of-LGWs/unlens/injection.hdf

[global]
instruments = E1 E2 E3 C1 C2 H1 V1 L1 I1 K1
mass1_ref = 30.000000004216677
mass2_ref = 30.000000006305587
minchirp = 26.116416903463804
maxchirp = 26.116616903463804
mincov = 164230892026.1928
maxcov = 16423089202619.28
