
[data]
trigger-time = 1906954492.5384088
injection-file = /work/shashwat.singh/Prospects-of-LGWs/unlens/injection.hdf

[global]
instruments = E1 E2 E3 C1 C2 H1 V1 L1 I1 K1
mass1_ref = 30.000000007940404
mass2_ref = 30.000000004325276
minchirp = 26.11641690422267
maxchirp = 26.11661690422267
mincov = 29119897865.268658
maxcov = 2911989786526.8657
