
[data]
trigger-time = 1047114631.287636
injection-file = /work/shashwat.singh/Prospects-of-LGWs/unlens/injection.hdf

[global]
instruments = E1 E2 E3 C1 C2 H1 V1 L1 I1 K1
mass1_ref = 30.00000000089335
mass2_ref = 30.00000000413056
minchirp = 26.116416901070508
maxchirp = 26.116616901070508
mincov = 7118525779.459131
maxcov = 711852577945.9131
