
[data]
trigger-time = 1912052094.2757416
injection-file = /work/shashwat.singh/Prospects-of-LGWs/unlens/injection.hdf

[global]
instruments = E1 E2 E3 C1 C2 H1 V1 L1 I1 K1
mass1_ref = 30.00000000114813
mass2_ref = 30.000000005814016
minchirp = 26.116416901914175
maxchirp = 26.116616901914174
mincov = 117829183393.7345
maxcov = 11782918339373.45
