
[data]
trigger-time = 1683765905.1522937
injection-file = /work/shashwat.singh/Prospects-of-LGWs/unlens/injection.hdf

[global]
instruments = E1 E2 E3 C1 C2 H1 V1 L1 I1 K1
mass1_ref = 30.00000000852287
mass2_ref = 30.000000005442878
minchirp = 26.116416904962673
maxchirp = 26.116616904962672
mincov = 350132.98513472336
maxcov = 35013298.51347233
