
[data]
trigger-time = 1494018179.8951416
injection-file = /work/shashwat.singh/Prospects-of-LGWs/unlens/injection.hdf

[global]
instruments = E1 E2 E3 C1 C2 H1 V1 L1 I1 K1
mass1_ref = 30.000000000442228
mass2_ref = 30.000000008280196
minchirp = 26.116416902680378
maxchirp = 26.116616902680377
mincov = 89866428144.56017
maxcov = 8986642814456.018
