
[data]
trigger-time = 1795038023.8668113
injection-file = /work/shashwat.singh/Prospects-of-LGWs/unlens/injection.hdf

[global]
instruments = E1 E2 E3 C1 C2 H1 V1 L1 I1 K1
mass1_ref = 30.000000002542226
mass2_ref = 30.00000000573604
minchirp = 26.11641690248705
maxchirp = 26.11661690248705
mincov = 29435470025.77246
maxcov = 2943547002577.246
