
[data]
trigger-time = 1364313692.9680898
injection-file = /work/shashwat.singh/Prospects-of-LGWs/unlens/injection.hdf

[global]
instruments = E1 E2 E3 C1 C2 H1 V1 L1 I1 K1
mass1_ref = 30.000000007438743
mass2_ref = 30.000000000787484
minchirp = 26.116416902464398
maxchirp = 26.116616902464397
mincov = 35261577539.5533
maxcov = 3526157753955.3296
