
[data]
trigger-time = 1893115418.0902696
injection-file = /work/shashwat.singh/Prospects-of-LGWs/unlens/injection.hdf

[global]
instruments = E1 E2 E3 C1 C2 H1 V1 L1 I1 K1
mass1_ref = 30.000000004687493
mass2_ref = 30.000000004258027
minchirp = 26.116416902777488
maxchirp = 26.116616902777487
mincov = 12571508606.499249
maxcov = 1257150860649.9248
