
[data]
trigger-time = 1670971757.1334403
injection-file = /work/shashwat.singh/Prospects-of-LGWs/unlens/injection.hdf

[global]
instruments = E1 E2 E3 C1 C2 H1 V1 L1 I1 K1
mass1_ref = 30.00000000530034
mass2_ref = 30.00000000898708
minchirp = 26.116416905102685
maxchirp = 26.116616905102685
mincov = 165523773694.10593
maxcov = 16552377369410.594
