
[data]
trigger-time = 1915072627.8860412
injection-file = /work/shashwat.singh/Prospects-of-LGWs/unlens/injection.hdf

[global]
instruments = E1 E2 E3 C1 C2 H1 V1 L1 I1 K1
mass1_ref = 30.000000006724942
mass2_ref = 30.000000007473428
minchirp = 26.116416905063925
maxchirp = 26.116616905063925
mincov = 9191358770.774933
maxcov = 919135877077.4933
