
[data]
trigger-time = 1010873569.7909468
injection-file = /work/shashwat.singh/Prospects-of-LGWs/unlens/injection.hdf

[global]
instruments = E1 E2 E3 C1 C2 H1 V1 L1 I1 K1
mass1_ref = 30.00000000589505
mass2_ref = 30.000000003444047
minchirp = 26.116416902948803
maxchirp = 26.116616902948802
mincov = 69765894810.99016
maxcov = 6976589481099.016
