
[data]
trigger-time = 1249750894.6648905
injection-file = /work/shashwat.singh/Prospects-of-LGWs/unlens/injection.hdf

[global]
instruments = E1 E2 E3 C1 C2 H1 V1 L1 I1 K1
mass1_ref = 30.000000005500794
mass2_ref = 30.00000000476339
minchirp = 26.11641690335147
maxchirp = 26.11661690335147
mincov = 125971116288.8873
maxcov = 12597111628888.73
