
[data]
trigger-time = 1221475001.4478025
injection-file = /work/shashwat.singh/Prospects-of-LGWs/unlens/injection.hdf

[global]
instruments = E1 E2 E3 C1 C2 H1 V1 L1 I1 K1
mass1_ref = 30.000000008342173
mass2_ref = 30.000000008811895
minchirp = 26.116416906350466
maxchirp = 26.116616906350465
mincov = 177518031918.40695
maxcov = 17751803191840.695
