
[data]
trigger-time = 1698143149.5217066
injection-file = /work/shashwat.singh/Prospects-of-LGWs/unlens/injection.hdf

[global]
instruments = E1 E2 E3 C1 C2 H1 V1 L1 I1 K1
mass1_ref = 30.000000004237645
mass2_ref = 30.000000006349236
minchirp = 26.11641690349193
maxchirp = 26.11661690349193
mincov = 153464759494.78632
maxcov = 15346475949478.63
