
[data]
trigger-time = 1781027236.6434097
injection-file = /work/shashwat.singh/Prospects-of-LGWs/unlens/injection.hdf

[global]
instruments = E1 E2 E3 C1 C2 H1 V1 L1 I1 K1
mass1_ref = 30.00000000562299
mass2_ref = 30.00000000219646
minchirp = 26.116416902287337
maxchirp = 26.116616902287337
mincov = 68394462165.19749
maxcov = 6839446216519.748
