
[data]
trigger-time = 1723954064.271615
injection-file = /work/shashwat.singh/Prospects-of-LGWs/unlens/injection.hdf

[global]
instruments = E1 E2 E3 C1 C2 H1 V1 L1 I1 K1
mass1_ref = 30.00000000679472
mass2_ref = 30.00000000587449
minchirp = 26.116416904398317
maxchirp = 26.116616904398317
mincov = 90924031634.96495
maxcov = 9092403163496.496
