
[data]
trigger-time = 1548858749.0262816
injection-file = /work/shashwat.singh/Prospects-of-LGWs/unlens/injection.hdf

[global]
instruments = E1 E2 E3 C1 C2 H1 V1 L1 I1 K1
mass1_ref = 30.000000009252368
mass2_ref = 30.000000003278668
minchirp = 26.116416904338177
maxchirp = 26.116616904338176
mincov = 63441867090.53318
maxcov = 6344186709053.318
