
[data]
trigger-time = 1689299850.3338642
injection-file = /work/shashwat.singh/Prospects-of-LGWs/unlens/injection.hdf

[global]
instruments = E1 E2 E3 C1 C2 H1 V1 L1 I1 K1
mass1_ref = 30.000000004422525
mass2_ref = 30.000000000101316
minchirp = 26.11641690085284
maxchirp = 26.11661690085284
mincov = 120977090063.63264
maxcov = 12097709006363.264
