
[data]
trigger-time = 1943523430.5072508
injection-file = /work/shashwat.singh/Prospects-of-LGWs/unlens/injection.hdf

[global]
instruments = E1 E2 E3 C1 C2 H1 V1 L1 I1 K1
mass1_ref = 30.000000001468052
mass2_ref = 30.000000002014684
minchirp = 26.116416900399674
maxchirp = 26.116616900399674
mincov = 146959581901.26263
maxcov = 14695958190126.266
