
[data]
trigger-time = 1221343941.5766916
injection-file = /work/shashwat.singh/Prospects-of-LGWs/unlens/injection.hdf

[global]
instruments = E1 E2 E3 C1 C2 H1 V1 L1 I1 K1
mass1_ref = 30.000000008486445
mass2_ref = 30.000000006478967
minchirp = 26.1164169053978
maxchirp = 26.116616905397798
mincov = 156329517516.59174
maxcov = 15632951751659.176
