
[data]
trigger-time = 1843261255.2661867
injection-file = /work/shashwat.singh/Prospects-of-LGWs/unlens/injection.hdf

[global]
instruments = E1 E2 E3 C1 C2 H1 V1 L1 I1 K1
mass1_ref = 30.000000002045294
mass2_ref = 30.000000000303853
minchirp = 26.11641689990625
maxchirp = 26.116616899906248
mincov = 65736075482.57118
maxcov = 6573607548257.118
