
[data]
trigger-time = 1865410923.0295186
injection-file = /work/shashwat.singh/Prospects-of-LGWs/unlens/injection.hdf

[global]
instruments = E1 E2 E3 C1 C2 H1 V1 L1 I1 K1
mass1_ref = 30.000000008554007
mass2_ref = 30.000000002815845
minchirp = 26.11641690383274
maxchirp = 26.11661690383274
mincov = 179522154525.25122
maxcov = 17952215452525.12
