
[data]
trigger-time = 1751293027.4354908
injection-file = /work/shashwat.singh/Prospects-of-LGWs/unlens/injection.hdf

[global]
instruments = E1 E2 E3 C1 C2 H1 V1 L1 I1 K1
mass1_ref = 30.000000001584493
mass2_ref = 30.000000004462077
minchirp = 26.116416901515645
maxchirp = 26.116616901515645
mincov = 27995911727.158913
maxcov = 2799591172715.891
