
[data]
trigger-time = 1874192009.2863588
injection-file = /work/shashwat.singh/Prospects-of-LGWs/unlens/injection.hdf

[global]
instruments = E1 E2 E3 C1 C2 H1 V1 L1 I1 K1
mass1_ref = 30.000000004130385
mass2_ref = 30.000000003757766
minchirp = 26.116416902317244
maxchirp = 26.116616902317244
mincov = 175182662059.672
maxcov = 17518266205967.2
