
[data]
trigger-time = 1806622870.9788852
injection-file = /work/shashwat.singh/Prospects-of-LGWs/unlens/injection.hdf

[global]
instruments = E1 E2 E3 C1 C2 H1 V1 L1 I1 K1
mass1_ref = 30.00000000432201
mass2_ref = 30.000000008561702
minchirp = 26.116416904491686
maxchirp = 26.116616904491686
mincov = 89300512423.12003
maxcov = 8930051242312.002
