
[data]
trigger-time = 1837563782.179462
injection-file = /work/shashwat.singh/Prospects-of-LGWs/unlens/injection.hdf

[global]
instruments = E1 E2 E3 C1 C2 H1 V1 L1 I1 K1
mass1_ref = 30.000000009354686
mass2_ref = 30.000000001070063
minchirp = 26.11641690342136
maxchirp = 26.11661690342136
mincov = 17611530916.005104
maxcov = 1761153091600.5105
