
[data]
trigger-time = 1504463564.632216
injection-file = /work/shashwat.singh/Prospects-of-LGWs/unlens/injection.hdf

[global]
instruments = E1 E2 E3 C1 C2 H1 V1 L1 I1 K1
mass1_ref = 30.000000001273243
mass2_ref = 30.000000002375508
minchirp = 26.116416900471936
maxchirp = 26.116616900471936
mincov = 65224320632.31444
maxcov = 6522432063231.444
