
[data]
trigger-time = 1168152246.4259582
injection-file = /work/shashwat.singh/Prospects-of-LGWs/unlens/injection.hdf

[global]
instruments = E1 E2 E3 C1 C2 H1 V1 L1 I1 K1
mass1_ref = 30.000000008443674
mass2_ref = 30.000000001771227
minchirp = 26.11641690333002
maxchirp = 26.11661690333002
mincov = 62840248827.75059
maxcov = 6284024882775.059
