
[data]
trigger-time = 1805411234.415036
injection-file = /work/shashwat.singh/Prospects-of-LGWs/unlens/injection.hdf

[global]
instruments = E1 E2 E3 C1 C2 H1 V1 L1 I1 K1
mass1_ref = 30.00000000662866
mass2_ref = 30.00000000104128
minchirp = 26.11641690222226
maxchirp = 26.11661690222226
mincov = 51776436026.76097
maxcov = 5177643602676.098
