
[data]
trigger-time = 1582869585.5593538
injection-file = /work/shashwat.singh/Prospects-of-LGWs/unlens/injection.hdf

[global]
instruments = E1 E2 E3 C1 C2 H1 V1 L1 I1 K1
mass1_ref = 30.000000002938478
mass2_ref = 30.000000002952156
minchirp = 26.11641690144777
maxchirp = 26.11661690144777
mincov = 12646685597.37646
maxcov = 1264668559737.646
