
[data]
trigger-time = 1006678579.1212221
injection-file = /work/shashwat.singh/Prospects-of-LGWs/unlens/injection.hdf

[global]
instruments = E1 E2 E3 C1 C2 H1 V1 L1 I1 K1
mass1_ref = 30.00000000387886
mass2_ref = 30.000000000685798
minchirp = 26.116416900870608
maxchirp = 26.116616900870607
mincov = 104253171000.39209
maxcov = 10425317100039.209
