
[data]
trigger-time = 1663647947.2263877
injection-file = /work/shashwat.singh/Prospects-of-LGWs/unlens/injection.hdf

[global]
instruments = E1 E2 E3 C1 C2 H1 V1 L1 I1 K1
mass1_ref = 30.000000003389548
mass2_ref = 30.000000009494855
minchirp = 26.116416904491988
maxchirp = 26.116616904491988
mincov = 176019440507.28076
maxcov = 17601944050728.08
