
[data]
trigger-time = 1511649658.7162247
injection-file = /work/shashwat.singh/Prospects-of-LGWs/unlens/injection.hdf

[global]
instruments = E1 E2 E3 C1 C2 H1 V1 L1 I1 K1
mass1_ref = 30.00000000188224
mass2_ref = 30.000000000081837
minchirp = 26.11641689973864
maxchirp = 26.116616899738638
mincov = 109873834275.02759
maxcov = 10987383427502.758
