
[data]
trigger-time = 1457444268.3659
injection-file = /work/shashwat.singh/Prospects-of-LGWs/unlens/injection.hdf

[global]
instruments = E1 E2 E3 C1 C2 H1 V1 L1 I1 K1
mass1_ref = 30.00000000616642
mass2_ref = 30.000000005878725
minchirp = 26.11641690412668
maxchirp = 26.11661690412668
mincov = 92124875848.06213
maxcov = 9212487584806.213
