
[data]
trigger-time = 1684799100.4503796
injection-file = /work/shashwat.singh/Prospects-of-LGWs/unlens/injection.hdf

[global]
instruments = E1 E2 E3 C1 C2 H1 V1 L1 I1 K1
mass1_ref = 30.00000000309715
mass2_ref = 30.00000000566392
minchirp = 26.1164169026972
maxchirp = 26.1166169026972
mincov = 169931818184.39273
maxcov = 16993181818439.273
