
[data]
trigger-time = 1485490354.009675
injection-file = /work/shashwat.singh/Prospects-of-LGWs/unlens/injection.hdf

[global]
instruments = E1 E2 E3 C1 C2 H1 V1 L1 I1 K1
mass1_ref = 30.00000000608953
mass2_ref = 30.00000000335461
minchirp = 26.116416902994526
maxchirp = 26.116616902994526
mincov = 143524177675.25494
maxcov = 14352417767525.492
