
[data]
trigger-time = 1475438315.3142872
injection-file = /work/shashwat.singh/Prospects-of-LGWs/unlens/injection.hdf

[global]
instruments = E1 E2 E3 C1 C2 H1 V1 L1 I1 K1
mass1_ref = 30.000000002079073
mass2_ref = 30.000000001932435
minchirp = 26.116416900629837
maxchirp = 26.116616900629836
mincov = 14313481514.994696
maxcov = 1431348151499.4697
