
[data]
trigger-time = 1994308622.6770468
injection-file = /work/shashwat.singh/Prospects-of-LGWs/unlens/injection.hdf

[global]
instruments = E1 E2 E3 C1 C2 H1 V1 L1 I1 K1
mass1_ref = 30.000000009374837
mass2_ref = 30.00000000848745
minchirp = 26.11641690665874
maxchirp = 26.116616906658738
mincov = 19985493214.619404
maxcov = 1998549321461.9404
