
[data]
trigger-time = 1684655883.4895983
injection-file = /work/shashwat.singh/Prospects-of-LGWs/unlens/injection.hdf

[global]
instruments = E1 E2 E3 C1 C2 H1 V1 L1 I1 K1
mass1_ref = 30.000000000199215
mass2_ref = 30.000000006878004
minchirp = 26.11641690196426
maxchirp = 26.11661690196426
mincov = 121501822638.926
maxcov = 12150182263892.6
