
[data]
trigger-time = 1509893137.521751
injection-file = /work/shashwat.singh/Prospects-of-LGWs/unlens/injection.hdf

[global]
instruments = E1 E2 E3 C1 C2 H1 V1 L1 I1 K1
mass1_ref = 30.0000000000678
mass2_ref = 30.0000000079269
minchirp = 26.116416902363618
maxchirp = 26.116616902363617
mincov = 14125748859.054815
maxcov = 1412574885905.4814
