
[data]
trigger-time = 1292415741.6883645
injection-file = /work/shashwat.singh/Prospects-of-LGWs/unlens/injection.hdf

[global]
instruments = E1 E2 E3 C1 C2 H1 V1 L1 I1 K1
mass1_ref = 30.000000001399588
mass2_ref = 30.00000000726833
minchirp = 26.116416902656656
maxchirp = 26.116616902656656
mincov = 162264123218.14853
maxcov = 16226412321814.854
