
[data]
trigger-time = 1411882987.438949
injection-file = /work/shashwat.singh/Prospects-of-LGWs/unlens/injection.hdf

[global]
instruments = E1 E2 E3 C1 C2 H1 V1 L1 I1 K1
mass1_ref = 30.00000000211557
mass2_ref = 30.000000003823704
minchirp = 26.116416901468945
maxchirp = 26.116616901468944
mincov = 849478546.3482804
maxcov = 84947854634.82805
