
[data]
trigger-time = 1598453488.3265238
injection-file = /work/shashwat.singh/Prospects-of-LGWs/unlens/injection.hdf

[global]
instruments = E1 E2 E3 C1 C2 H1 V1 L1 I1 K1
mass1_ref = 30.00000000400176
mass2_ref = 30.000000005895423
minchirp = 26.116416903191723
maxchirp = 26.116616903191723
mincov = 17516466415.70515
maxcov = 1751646641570.5151
