
[data]
trigger-time = 1351246751.5315971
injection-file = /work/shashwat.singh/Prospects-of-LGWs/unlens/injection.hdf

[global]
instruments = E1 E2 E3 C1 C2 H1 V1 L1 I1 K1
mass1_ref = 30.00000000375386
mass2_ref = 30.000000009738514
minchirp = 26.116416904756623
maxchirp = 26.116616904756622
mincov = 52149279832.28825
maxcov = 5214927983228.826
