
[data]
trigger-time = 1423578405.7238865
injection-file = /work/shashwat.singh/Prospects-of-LGWs/unlens/injection.hdf

[global]
instruments = E1 E2 E3 C1 C2 H1 V1 L1 I1 K1
mass1_ref = 30.000000005161027
mass2_ref = 30.000000001283425
minchirp = 26.116416901688833
maxchirp = 26.116616901688833
mincov = 91371257062.8909
maxcov = 9137125706289.09
