
[data]
trigger-time = 1564843943.0732436
injection-file = /work/shashwat.singh/Prospects-of-LGWs/unlens/injection.hdf

[global]
instruments = E1 E2 E3 C1 C2 H1 V1 L1 I1 K1
mass1_ref = 30.000000000779657
mass2_ref = 30.000000001353264
minchirp = 26.116416899812133
maxchirp = 26.116616899812133
mincov = 95420888643.45877
maxcov = 9542088864345.877
