
[data]
trigger-time = 1273087618.895163
injection-file = /work/shashwat.singh/Prospects-of-LGWs/unlens/injection.hdf

[global]
instruments = E1 E2 E3 C1 C2 H1 V1 L1 I1 K1
mass1_ref = 30.00000000176479
mass2_ref = 30.00000000457879
minchirp = 26.11641690164493
maxchirp = 26.116616901644928
mincov = 48975435898.75669
maxcov = 4897543589875.669
