
[data]
trigger-time = 1773868025.0171504
injection-file = /work/shashwat.singh/Prospects-of-LGWs/unlens/injection.hdf

[global]
instruments = E1 E2 E3 C1 C2 H1 V1 L1 I1 K1
mass1_ref = 30.000000006511083
mass2_ref = 30.000000005942262
minchirp = 26.116416904304355
maxchirp = 26.116616904304355
mincov = 101088895694.61003
maxcov = 10108889569461.004
