
[data]
trigger-time = 1792311736.3998437
injection-file = /work/shashwat.singh/Prospects-of-LGWs/unlens/injection.hdf

[global]
instruments = E1 E2 E3 C1 C2 H1 V1 L1 I1 K1
mass1_ref = 30.00000000926908
mass2_ref = 30.000000005596416
minchirp = 26.116416905354306
maxchirp = 26.116616905354306
mincov = 94265215860.26308
maxcov = 9426521586026.307
