
[data]
trigger-time = 1559766368.1171374
injection-file = /work/shashwat.singh/Prospects-of-LGWs/unlens/injection.hdf

[global]
instruments = E1 E2 E3 C1 C2 H1 V1 L1 I1 K1
mass1_ref = 30.000000003287983
mass2_ref = 30.00000000941241
minchirp = 26.116416904411892
maxchirp = 26.11661690441189
mincov = 110441271320.1803
maxcov = 11044127132018.03
