
[data]
trigger-time = 1802435193.4568791
injection-file = /work/shashwat.singh/Prospects-of-LGWs/unlens/injection.hdf

[global]
instruments = E1 E2 E3 C1 C2 H1 V1 L1 I1 K1
mass1_ref = 30.00000000749409
mass2_ref = 30.000000001145313
minchirp = 26.116416902644243
maxchirp = 26.116616902644243
mincov = 128714227448.70203
maxcov = 12871422744870.203
