
[data]
trigger-time = 1389039389.4865422
injection-file = /work/shashwat.singh/Prospects-of-LGWs/unlens/injection.hdf

[global]
instruments = E1 E2 E3 C1 C2 H1 V1 L1 I1 K1
mass1_ref = 30.000000007453444
mass2_ref = 30.000000006855686
minchirp = 26.116416905112136
maxchirp = 26.116616905112135
mincov = 119257768605.64297
maxcov = 11925776860564.297
