
[data]
trigger-time = 1649443682.2485719
injection-file = /work/shashwat.singh/Prospects-of-LGWs/unlens/injection.hdf

[global]
instruments = E1 E2 E3 C1 C2 H1 V1 L1 I1 K1
mass1_ref = 30.000000005727777
mass2_ref = 30.00000000315122
minchirp = 26.116416902748533
maxchirp = 26.116616902748532
mincov = 1141869340.0611606
maxcov = 114186934006.11604
