
[data]
trigger-time = 1333791868.3513236
injection-file = /work/shashwat.singh/Prospects-of-LGWs/unlens/injection.hdf

[global]
instruments = E1 E2 E3 C1 C2 H1 V1 L1 I1 K1
mass1_ref = 30.00000000324702
mass2_ref = 30.00000000555182
minchirp = 26.11641690271364
maxchirp = 26.11661690271364
mincov = 25767181110.512108
maxcov = 2576718111051.211
