
[data]
trigger-time = 1149281237.3363829
injection-file = /work/shashwat.singh/Prospects-of-LGWs/unlens/injection.hdf

[global]
instruments = E1 E2 E3 C1 C2 H1 V1 L1 I1 K1
mass1_ref = 30.00000000539239
mass2_ref = 30.000000008308202
minchirp = 26.116416904847252
maxchirp = 26.116616904847252
mincov = 22844070991.653816
maxcov = 2284407099165.3813
