
[data]
trigger-time = 1124554930.844313
injection-file = /work/shashwat.singh/Prospects-of-LGWs/unlens/injection.hdf

[global]
instruments = E1 E2 E3 C1 C2 H1 V1 L1 I1 K1
mass1_ref = 30.00000000088165
mass2_ref = 30.00000000670494
minchirp = 26.116416902185982
maxchirp = 26.11661690218598
mincov = 3973095349.925068
maxcov = 397309534992.5068
