
[data]
trigger-time = 1082729490.8361611
injection-file = /work/shashwat.singh/Prospects-of-LGWs/unlens/injection.hdf

[global]
instruments = E1 E2 E3 C1 C2 H1 V1 L1 I1 K1
mass1_ref = 30.000000006486687
mass2_ref = 30.00000000184292
minchirp = 26.116416902509396
maxchirp = 26.116616902509396
mincov = 90448179689.93222
maxcov = 9044817968993.223
