
[data]
trigger-time = 1573560679.8584487
injection-file = /work/shashwat.singh/Prospects-of-LGWs/unlens/injection.hdf

[global]
instruments = E1 E2 E3 C1 C2 H1 V1 L1 I1 K1
mass1_ref = 30.00000000264426
mass2_ref = 30.000000002934147
minchirp = 26.116416901311865
maxchirp = 26.116616901311865
mincov = 16427175849.504227
maxcov = 1642717584950.4226
