
[data]
trigger-time = 1563377761.5122328
injection-file = /work/shashwat.singh/Prospects-of-LGWs/unlens/injection.hdf

[global]
instruments = E1 E2 E3 C1 C2 H1 V1 L1 I1 K1
mass1_ref = 30.000000008999216
mass2_ref = 30.000000006854854
minchirp = 26.116416905784607
maxchirp = 26.116616905784607
mincov = 5817176557.80288
maxcov = 581717655780.288
