
[data]
trigger-time = 1158750522.3081295
injection-file = /work/shashwat.singh/Prospects-of-LGWs/unlens/injection.hdf

[global]
instruments = E1 E2 E3 C1 C2 H1 V1 L1 I1 K1
mass1_ref = 30.000000002028525
mass2_ref = 30.00000000202987
minchirp = 26.116416900650247
maxchirp = 26.116616900650246
mincov = 17977224185.160522
maxcov = 1797722418516.0522
