
[data]
trigger-time = 1914146748.9222958
injection-file = /work/shashwat.singh/Prospects-of-LGWs/unlens/injection.hdf

[global]
instruments = E1 E2 E3 C1 C2 H1 V1 L1 I1 K1
mass1_ref = 30.00000000814866
mass2_ref = 30.000000002447223
minchirp = 26.11641690349585
maxchirp = 26.11661690349585
mincov = 137440751390.88443
maxcov = 13744075139088.441
