
[data]
trigger-time = 1748647200.9648874
injection-file = /work/shashwat.singh/Prospects-of-LGWs/unlens/injection.hdf

[global]
instruments = E1 E2 E3 C1 C2 H1 V1 L1 I1 K1
mass1_ref = 30.000000004505747
mass2_ref = 30.000000001585605
minchirp = 26.11641690153514
maxchirp = 26.11661690153514
mincov = 151760366346.63077
maxcov = 15176036634663.076
