
[data]
trigger-time = 1363746670.3280814
injection-file = /work/shashwat.singh/Prospects-of-LGWs/unlens/injection.hdf

[global]
instruments = E1 E2 E3 C1 C2 H1 V1 L1 I1 K1
mass1_ref = 30.00000000160027
mass2_ref = 30.00000000557703
minchirp = 26.116416902007824
maxchirp = 26.116616902007824
mincov = 169136540413.69965
maxcov = 16913654041369.963
