
[data]
trigger-time = 1296633871.261846
injection-file = /work/shashwat.singh/Prospects-of-LGWs/unlens/injection.hdf

[global]
instruments = E1 E2 E3 C1 C2 H1 V1 L1 I1 K1
mass1_ref = 30.000000007462145
mass2_ref = 30.000000005688594
minchirp = 26.116416904607917
maxchirp = 26.116616904607916
mincov = 144094638702.05606
maxcov = 14409463870205.605
