
[data]
trigger-time = 1791915235.2504463
injection-file = /work/shashwat.singh/Prospects-of-LGWs/unlens/injection.hdf

[global]
instruments = E1 E2 E3 C1 C2 H1 V1 L1 I1 K1
mass1_ref = 30.000000004276586
mass2_ref = 30.000000002166168
minchirp = 26.116416901688094
maxchirp = 26.116616901688094
mincov = 4780466027.569428
maxcov = 478046602756.9428
