
[data]
trigger-time = 1329794199.3705041
injection-file = /work/shashwat.singh/Prospects-of-LGWs/unlens/injection.hdf

[global]
instruments = E1 E2 E3 C1 C2 H1 V1 L1 I1 K1
mass1_ref = 30.000000003116796
mass2_ref = 30.000000005498308
minchirp = 26.116416902633667
maxchirp = 26.116616902633666
mincov = 136504319923.31589
maxcov = 13650431992331.59
