
[data]
trigger-time = 1455987665.309607
injection-file = /work/shashwat.singh/Prospects-of-LGWs/unlens/injection.hdf

[global]
instruments = E1 E2 E3 C1 C2 H1 V1 L1 I1 K1
mass1_ref = 30.000000001077233
mass2_ref = 30.000000005708355
minchirp = 26.116416901837326
maxchirp = 26.116616901837325
mincov = 142889861210.96198
maxcov = 14288986121096.195
