
[data]
trigger-time = 1951667190.0857134
injection-file = /work/shashwat.singh/Prospects-of-LGWs/unlens/injection.hdf

[global]
instruments = E1 E2 E3 C1 C2 H1 V1 L1 I1 K1
mass1_ref = 30.00000000667532
mass2_ref = 30.00000000003545
minchirp = 26.116416901804758
maxchirp = 26.116616901804758
mincov = 170584983167.98288
maxcov = 17058498316798.29
