
[data]
trigger-time = 1145538012.1194396
injection-file = /work/shashwat.singh/Prospects-of-LGWs/unlens/injection.hdf

[global]
instruments = E1 E2 E3 C1 C2 H1 V1 L1 I1 K1
mass1_ref = 30.000000000982105
mass2_ref = 30.000000005492947
minchirp = 26.116416901702156
maxchirp = 26.116616901702155
mincov = 147902564254.32544
maxcov = 14790256425432.543
