
[data]
trigger-time = 1522654841.8733869
injection-file = /work/shashwat.singh/Prospects-of-LGWs/unlens/injection.hdf

[global]
instruments = E1 E2 E3 C1 C2 H1 V1 L1 I1 K1
mass1_ref = 30.000000009952185
mass2_ref = 30.00000000102095
minchirp = 26.11641690366006
maxchirp = 26.11661690366006
mincov = 6271031579.637017
maxcov = 627103157963.7017
