
[data]
trigger-time = 1866231057.0351908
injection-file = /work/shashwat.singh/Prospects-of-LGWs/unlens/injection.hdf

[global]
instruments = E1 E2 E3 C1 C2 H1 V1 L1 I1 K1
mass1_ref = 30.00000000104899
mass2_ref = 30.000000005942972
minchirp = 26.116416901927153
maxchirp = 26.116616901927152
mincov = 105684880274.714
maxcov = 10568488027471.4
