
[data]
trigger-time = 1580761547.4067376
injection-file = /work/shashwat.singh/Prospects-of-LGWs/unlens/injection.hdf

[global]
instruments = E1 E2 E3 C1 C2 H1 V1 L1 I1 K1
mass1_ref = 30.000000004766516
mass2_ref = 30.00000000089804
minchirp = 26.116416901349368
maxchirp = 26.116616901349367
mincov = 214749713.7005424
maxcov = 21474971370.05424
