
[data]
trigger-time = 1131340993.040342
injection-file = /work/shashwat.singh/Prospects-of-LGWs/unlens/injection.hdf

[global]
instruments = E1 E2 E3 C1 C2 H1 V1 L1 I1 K1
mass1_ref = 30.000000003908553
mass2_ref = 30.000000007995748
minchirp = 26.116416904065375
maxchirp = 26.116616904065374
mincov = 99127650170.99867
maxcov = 9912765017099.867
