
[data]
trigger-time = 1595135435.2344031
injection-file = /work/shashwat.singh/Prospects-of-LGWs/unlens/injection.hdf

[global]
instruments = E1 E2 E3 C1 C2 H1 V1 L1 I1 K1
mass1_ref = 30.00000000587868
mass2_ref = 30.000000008529234
minchirp = 26.116416905155134
maxchirp = 26.116616905155134
mincov = 163033241916.60275
maxcov = 16303324191660.275
