
[data]
trigger-time = 1493904785.8552163
injection-file = /work/shashwat.singh/Prospects-of-LGWs/unlens/injection.hdf

[global]
instruments = E1 E2 E3 C1 C2 H1 V1 L1 I1 K1
mass1_ref = 30.00000000298282
mass2_ref = 30.000000007949378
minchirp = 26.11641690364224
maxchirp = 26.11661690364224
mincov = 76490666455.28519
maxcov = 7649066645528.52
