
[data]
trigger-time = 1425926540.776972
injection-file = /work/shashwat.singh/Prospects-of-LGWs/unlens/injection.hdf

[global]
instruments = E1 E2 E3 C1 C2 H1 V1 L1 I1 K1
mass1_ref = 30.000000004484278
mass2_ref = 30.00000000655471
minchirp = 26.116416903688723
maxchirp = 26.116616903688723
mincov = 52430914758.50401
maxcov = 5243091475850.401
