
[data]
trigger-time = 1708502280.0566812
injection-file = /work/shashwat.singh/Prospects-of-LGWs/unlens/injection.hdf

[global]
instruments = E1 E2 E3 C1 C2 H1 V1 L1 I1 K1
mass1_ref = 30.000000000527326
mass2_ref = 30.000000003540556
minchirp = 26.116416900654375
maxchirp = 26.116616900654375
mincov = 158566707924.92508
maxcov = 15856670792492.508
