
[data]
trigger-time = 1960014794.2407293
injection-file = /work/shashwat.singh/Prospects-of-LGWs/unlens/injection.hdf

[global]
instruments = E1 E2 E3 C1 C2 H1 V1 L1 I1 K1
mass1_ref = 30.000000004478103
mass2_ref = 30.00000000305812
minchirp = 26.116416902164055
maxchirp = 26.116616902164054
mincov = 156944301411.3882
maxcov = 15694430141138.82
