
[data]
trigger-time = 1414234761.530612
injection-file = /work/shashwat.singh/Prospects-of-LGWs/unlens/injection.hdf

[global]
instruments = E1 E2 E3 C1 C2 H1 V1 L1 I1 K1
mass1_ref = 30.000000003100237
mass2_ref = 30.000000006875087
minchirp = 26.116416903225737
maxchirp = 26.116616903225736
mincov = 110281487569.26506
maxcov = 11028148756926.506
