
[data]
trigger-time = 1369846392.851057
injection-file = /work/shashwat.singh/Prospects-of-LGWs/unlens/injection.hdf

[global]
instruments = E1 E2 E3 C1 C2 H1 V1 L1 I1 K1
mass1_ref = 30.00000000273172
mass2_ref = 30.000000007521813
minchirp = 26.116416903346835
maxchirp = 26.116616903346834
mincov = 94037427935.61765
maxcov = 9403742793561.764
