
[data]
trigger-time = 1966219547.5178246
injection-file = /work/shashwat.singh/Prospects-of-LGWs/unlens/injection.hdf

[global]
instruments = E1 E2 E3 C1 C2 H1 V1 L1 I1 K1
mass1_ref = 30.000000001157144
mass2_ref = 30.000000005520548
minchirp = 26.11641690179036
maxchirp = 26.11661690179036
mincov = 3328493097.1740923
maxcov = 332849309717.4092
