
[data]
trigger-time = 1387883590.756104
injection-file = /work/shashwat.singh/Prospects-of-LGWs/unlens/injection.hdf

[global]
instruments = E1 E2 E3 C1 C2 H1 V1 L1 I1 K1
mass1_ref = 30.000000009608414
mass2_ref = 30.000000005237084
minchirp = 26.116416905345602
maxchirp = 26.1166169053456
mincov = 289272239.54807264
maxcov = 28927223954.807262
