
[data]
trigger-time = 1381391360.8955612
injection-file = /work/shashwat.singh/Prospects-of-LGWs/unlens/injection.hdf

[global]
instruments = E1 E2 E3 C1 C2 H1 V1 L1 I1 K1
mass1_ref = 30.00000000240387
mass2_ref = 30.000000000930513
minchirp = 26.1164169003351
maxchirp = 26.1166169003351
mincov = 11973910454.539684
maxcov = 1197391045453.9685
