
[data]
trigger-time = 1883782087.1351058
injection-file = /work/shashwat.singh/Prospects-of-LGWs/unlens/injection.hdf

[global]
instruments = E1 E2 E3 C1 C2 H1 V1 L1 I1 K1
mass1_ref = 30.00000000922479
mass2_ref = 30.000000009663253
minchirp = 26.116416907105222
maxchirp = 26.11661690710522
mincov = 123336670768.89055
maxcov = 12333667076889.055
