
[data]
trigger-time = 1205624284.17003
injection-file = /work/shashwat.singh/Prospects-of-LGWs/unlens/injection.hdf

[global]
instruments = E1 E2 E3 C1 C2 H1 V1 L1 I1 K1
mass1_ref = 30.000000003776965
mass2_ref = 30.000000007359706
minchirp = 26.116416903731242
maxchirp = 26.11661690373124
mincov = 118064927364.34818
maxcov = 11806492736434.816
