
[data]
trigger-time = 1286308517.229621
injection-file = /work/shashwat.singh/Prospects-of-LGWs/unlens/injection.hdf

[global]
instruments = E1 E2 E3 C1 C2 H1 V1 L1 I1 K1
mass1_ref = 30.000000001838785
mass2_ref = 30.00000000284153
minchirp = 26.11641690092095
maxchirp = 26.11661690092095
mincov = 60509112726.09453
maxcov = 6050911272609.453
