
[data]
trigger-time = 1265492420.8828664
injection-file = /work/shashwat.singh/Prospects-of-LGWs/unlens/injection.hdf

[global]
instruments = E1 E2 E3 C1 C2 H1 V1 L1 I1 K1
mass1_ref = 30.00000000511854
mass2_ref = 30.00000000076181
minchirp = 26.116416901443294
maxchirp = 26.116616901443294
mincov = 173023107409.79807
maxcov = 17302310740979.807
