
[data]
trigger-time = 1607174168.0325556
injection-file = /work/shashwat.singh/Prospects-of-LGWs/unlens/injection.hdf

[global]
instruments = E1 E2 E3 C1 C2 H1 V1 L1 I1 K1
mass1_ref = 30.000000005452062
mass2_ref = 30.000000000166835
minchirp = 26.116416901329494
maxchirp = 26.116616901329493
mincov = 46252419719.22651
maxcov = 4625241971922.65
