
[data]
trigger-time = 1404778769.493281
injection-file = /work/shashwat.singh/Prospects-of-LGWs/unlens/injection.hdf

[global]
instruments = E1 E2 E3 C1 C2 H1 V1 L1 I1 K1
mass1_ref = 30.00000000625581
mass2_ref = 30.00000000446137
minchirp = 26.116416903548647
maxchirp = 26.116616903548646
mincov = 15616284926.730505
maxcov = 1561628492673.0505
