
[data]
trigger-time = 1563461246.0538135
injection-file = /work/shashwat.singh/Prospects-of-LGWs/unlens/injection.hdf

[global]
instruments = E1 E2 E3 C1 C2 H1 V1 L1 I1 K1
mass1_ref = 30.000000009975107
mass2_ref = 30.000000007667524
minchirp = 26.116416906563128
maxchirp = 26.116616906563127
mincov = 128445154692.19914
maxcov = 12844515469219.914
