
[data]
trigger-time = 1658849042.9581137
injection-file = /work/shashwat.singh/Prospects-of-LGWs/unlens/injection.hdf

[global]
instruments = E1 E2 E3 C1 C2 H1 V1 L1 I1 K1
mass1_ref = 30.000000008366616
mass2_ref = 30.00000000152075
minchirp = 26.11641690318745
maxchirp = 26.11661690318745
mincov = 2080933225.606128
maxcov = 208093322560.6128
