
[data]
trigger-time = 1253919735.3127794
injection-file = /work/shashwat.singh/Prospects-of-LGWs/unlens/injection.hdf

[global]
instruments = E1 E2 E3 C1 C2 H1 V1 L1 I1 K1
mass1_ref = 30.000000006783544
mass2_ref = 30.00000000020218
minchirp = 26.11641690192444
maxchirp = 26.116616901924438
mincov = 46971321169.89118
maxcov = 4697132116989.118
