
[data]
trigger-time = 1335579018.482461
injection-file = /work/shashwat.singh/Prospects-of-LGWs/unlens/injection.hdf

[global]
instruments = E1 E2 E3 C1 C2 H1 V1 L1 I1 K1
mass1_ref = 30.000000002879414
mass2_ref = 30.000000009455313
minchirp = 26.116416904252727
maxchirp = 26.116616904252727
mincov = 168638451355.22333
maxcov = 16863845135522.332
