
[data]
trigger-time = 1878364793.51739
injection-file = /work/shashwat.singh/Prospects-of-LGWs/unlens/injection.hdf

[global]
instruments = E1 E2 E3 C1 C2 H1 V1 L1 I1 K1
mass1_ref = 30.000000005947022
mass2_ref = 30.000000006906472
minchirp = 26.116416904478534
maxchirp = 26.116616904478533
mincov = 100130067681.93002
maxcov = 10013006768193.002
