
[data]
trigger-time = 1965343569.7036538
injection-file = /work/shashwat.singh/Prospects-of-LGWs/unlens/injection.hdf

[global]
instruments = E1 E2 E3 C1 C2 H1 V1 L1 I1 K1
mass1_ref = 30.000000006679404
mass2_ref = 30.000000008025886
minchirp = 26.116416905284574
maxchirp = 26.116616905284573
mincov = 23433570953.856205
maxcov = 2343357095385.6206
