
[data]
trigger-time = 1860805024.0197947
injection-file = /work/shashwat.singh/Prospects-of-LGWs/unlens/injection.hdf

[global]
instruments = E1 E2 E3 C1 C2 H1 V1 L1 I1 K1
mass1_ref = 30.000000004020855
mass2_ref = 30.000000006871204
minchirp = 26.116416903624767
maxchirp = 26.116616903624767
mincov = 178276339767.17242
maxcov = 17827633976717.242
