
[data]
trigger-time = 1366200598.1284325
injection-file = /work/shashwat.singh/Prospects-of-LGWs/unlens/injection.hdf

[global]
instruments = E1 E2 E3 C1 C2 H1 V1 L1 I1 K1
mass1_ref = 30.00000000213755
mass2_ref = 30.00000000948404
minchirp = 26.116416903942316
maxchirp = 26.116616903942315
mincov = 172606672114.12573
maxcov = 17260667211412.574
