
[data]
trigger-time = 1538147517.1399584
injection-file = /work/shashwat.singh/Prospects-of-LGWs/unlens/injection_100.hdf

[global]
instruments = H1 V1 L1 I1 K1
mass1_ref = 30.000000001174723
mass2_ref = 30.000000004313936
minchirp = 26.1164169012728
maxchirp = 26.1166169012728
mincov = 13527204484.190134
maxcov = 1352720448419.0134
