
[data]
trigger-time = 1707296309.3414373
injection-file = /work/shashwat.singh/Prospects-of-LGWs/unlens/injection_100.hdf

[global]
instruments = H1 V1 L1 I1 K1
mass1_ref = 30.000000003492957
mass2_ref = 30.00000000770318
minchirp = 26.116416903757123
maxchirp = 26.116616903757123
mincov = 33900042080.829456
maxcov = 3390004208082.9453
