
[data]
trigger-time = 1355772342.8236632
injection-file = /work/shashwat.singh/Prospects-of-LGWs/unlens/injection_100.hdf

[global]
instruments = H1 V1 L1 I1 K1
mass1_ref = 30.000000001075122
mass2_ref = 30.000000004572712
minchirp = 26.116416901342088
maxchirp = 26.116616901342088
mincov = 909212.6986544253
maxcov = 90921269.86544253
