
[data]
trigger-time = 1046739227.161395
injection-file = /work/shashwat.singh/Prospects-of-LGWs/unlens/injection_100.hdf

[global]
instruments = H1 V1 L1 I1 K1
mass1_ref = 30.000000008966985
mass2_ref = 30.0000000070739
minchirp = 26.116416905865925
maxchirp = 26.116616905865925
mincov = 9038539464.103935
maxcov = 903853946410.3936
