
[data]
trigger-time = 1840247316.0883906
injection-file = /work/shashwat.singh/Prospects-of-LGWs/unlens/injection_100.hdf

[global]
instruments = H1 V1 L1 I1 K1
mass1_ref = 30.00000000889733
mass2_ref = 30.0000000037521
minchirp = 26.11641690438971
maxchirp = 26.11661690438971
mincov = 10919261867.982594
maxcov = 1091926186798.2594
