
[data]
trigger-time = 1403469840.4806662
injection-file = /work/shashwat.singh/Prospects-of-LGWs/unlens/injection_100.hdf

[global]
instruments = H1 V1 L1 I1 K1
mass1_ref = 30.000000006809497
mass2_ref = 30.00000000322351
minchirp = 26.116416903250844
maxchirp = 26.116616903250844
mincov = 4576401601.812241
maxcov = 457640160181.22406
