
[data]
trigger-time = 1784866718.276947
injection-file = /work/shashwat.singh/Prospects-of-LGWs/unlens/injection_100.hdf

[global]
instruments = H1 V1 L1 I1 K1
mass1_ref = 30.000000009246826
mass2_ref = 30.000000004203205
minchirp = 26.11641690473819
maxchirp = 26.11661690473819
mincov = 79125108508.18916
maxcov = 7912510850818.916
