
[data]
trigger-time = 1377641918.5740802
injection-file = /work/shashwat.singh/Prospects-of-LGWs/unlens/injection_100.hdf

[global]
instruments = H1 V1 L1 I1 K1
mass1_ref = 30.000000009044793
mass2_ref = 30.000000000802945
minchirp = 26.1164169031702
maxchirp = 26.1166169031702
mincov = 31686745625.852264
maxcov = 3168674562585.2266
