
[data]
trigger-time = 1228782333.2019653
injection-file = /work/shashwat.singh/Prospects-of-LGWs/unlens/injection_100.hdf

[global]
instruments = H1 V1 L1 I1 K1
mass1_ref = 30.000000001125976
mass2_ref = 30.000000007730506
minchirp = 26.11641690273873
maxchirp = 26.11661690273873
mincov = 55270455075.93153
maxcov = 5527045507593.153
