
[data]
trigger-time = 1600954207.2456765
injection-file = /work/shashwat.singh/Prospects-of-LGWs/unlens/injection_100.hdf

[global]
instruments = H1 V1 L1 I1 K1
mass1_ref = 30.000000000186745
mass2_ref = 30.000000006957542
minchirp = 26.116416901993457
maxchirp = 26.116616901993456
mincov = 2717952457.909981
maxcov = 271795245790.99808
