
[data]
trigger-time = 1768144179.6997142
injection-file = /work/shashwat.singh/Prospects-of-LGWs/unlens/injection.hdf

[global]
instruments = H1 V1 L1 I1 K1
mass1_ref = 30.000000004709698
mass2_ref = 30.00000000593967
minchirp = 26.11641690351913
maxchirp = 26.11661690351913
mincov = 109157627.54538763
maxcov = 10915762754.538763
