
[data]
trigger-time = 1969050262.4068196
injection-file = /work/shashwat.singh/Prospects-of-LGWs/unlens/injection.hdf

[global]
instruments = H1 V1 L1 I1 K1
mass1_ref = 30.000000004042146
mass2_ref = 30.000000001042746
minchirp = 26.11641690109705
maxchirp = 26.11661690109705
mincov = 221360.69952823588
maxcov = 22136069.95282359
