
[data]
trigger-time = 1428430887.6650834
injection-file = /work/shashwat.singh/Prospects-of-LGWs/unlens/injection.hdf

[global]
instruments = H1 V1 L1 I1 K1
mass1_ref = 30.000000002848026
mass2_ref = 30.00000000459439
minchirp = 26.116416902123223
maxchirp = 26.116616902123223
mincov = 10372825428.354399
maxcov = 1037282542835.44
