
[data]
trigger-time = 1656348667.5208628
injection-file = /work/shashwat.singh/Prospects-of-LGWs/unlens/injection.hdf

[global]
instruments = H1 V1 L1 I1 K1
mass1_ref = 30.000000001474
mass2_ref = 30.00000000036399
minchirp = 26.116416899683756
maxchirp = 26.116616899683756
mincov = 55463534960.108925
maxcov = 5546353496010.893
