
[data]
trigger-time = 1658662142.9561086
injection-file = /work/shashwat.singh/Prospects-of-LGWs/unlens/injection.hdf

[global]
instruments = H1 V1 L1 I1 K1
mass1_ref = 30.000000005000217
mass2_ref = 30.00000000340562
minchirp = 26.11641690254258
maxchirp = 26.116616902542578
mincov = 28013548055.33429
maxcov = 2801354805533.4287
