
[data]
trigger-time = 1512811552.3029506
injection-file = /work/shashwat.singh/Prospects-of-LGWs/unlens/injection.hdf

[global]
instruments = H1 V1 L1 I1 K1
mass1_ref = 30.000000003019355
mass2_ref = 30.000000001040327
minchirp = 26.116416900650805
maxchirp = 26.116616900650804
mincov = 50194722816.81157
maxcov = 5019472281681.156
