
[data]
trigger-time = 1127787244.8916829
injection-file = /work/shashwat.singh/Prospects-of-LGWs/unlens/injection.hdf

[global]
instruments = H1 V1 L1 I1 K1
mass1_ref = 30.000000006779075
mass2_ref = 30.00000000301809
minchirp = 26.116416903148185
maxchirp = 26.116616903148184
mincov = 35484518511.89609
maxcov = 3548451851189.609
