
[data]
trigger-time = 1512822501.0498822
injection-file = /work/shashwat.singh/Prospects-of-LGWs/unlens/injection.hdf

[global]
instruments = H1 V1 L1 I1 K1
mass1_ref = 30.000000004578496
mass2_ref = 30.00000000725302
minchirp = 26.11641690403369
maxchirp = 26.11661690403369
mincov = 30478542847.687004
maxcov = 3047854284768.7007
