
[data]
trigger-time = 1699833291.5714903
injection-file = /work/shashwat.singh/Prospects-of-LGWs/unlens/injection.hdf

[global]
instruments = H1 V1 L1 I1 K1
mass1_ref = 30.000000009880306
mass2_ref = 30.00000000899116
minchirp = 26.116416907098007
maxchirp = 26.116616907098006
mincov = 830858929.7500794
maxcov = 83085892975.00795
