
[data]
trigger-time = 1087040441.2537017
injection-file = /work/shashwat.singh/Prospects-of-LGWs/unlens/injection.hdf

[global]
instruments = H1 V1 L1 I1 K1
mass1_ref = 30.000000002720068
mass2_ref = 30.000000008407437
minchirp = 26.116416903727252
maxchirp = 26.11661690372725
mincov = 49452755.67552875
maxcov = 4945275567.5528755
