
[data]
trigger-time = 1994118957.5555158
injection-file = /work/shashwat.singh/Prospects-of-LGWs/unlens/injection.hdf

[global]
instruments = H1 V1 L1 I1 K1
mass1_ref = 30.00000000811221
mass2_ref = 30.000000004337362
minchirp = 26.116416904302717
maxchirp = 26.116616904302717
mincov = 47068015592.15828
maxcov = 4706801559215.828
