
[data]
trigger-time = 1118059158.2457237
injection-file = /work/shashwat.singh/Prospects-of-LGWs/unlens/injection.hdf

[global]
instruments = H1 V1 L1 I1 K1
mass1_ref = 30.000000003511005
mass2_ref = 30.000000008495967
minchirp = 26.11641690411006
maxchirp = 26.11661690411006
mincov = 11475525.820762314
maxcov = 1147552582.0762315
