
[data]
trigger-time = 1147454391.7059731
injection-file = /work/shashwat.singh/Prospects-of-LGWs/unlens/injection.hdf

[global]
instruments = H1 V1 L1 I1 K1
mass1_ref = 30.0000000034285
mass2_ref = 30.000000008814524
minchirp = 26.11641690421281
maxchirp = 26.11661690421281
mincov = 526427010.41462356
maxcov = 52642701041.46236
