
[data]
trigger-time = 1818932953.7244484
injection-file = /work/shashwat.singh/Prospects-of-LGWs/unlens/injection.hdf

[global]
instruments = H1 V1 L1 I1 K1
mass1_ref = 30.000000007662738
mass2_ref = 30.00000000004364
minchirp = 26.11641690223812
maxchirp = 26.11661690223812
mincov = 11732189.189816397
maxcov = 1173218918.9816399
