
[data]
trigger-time = 1938551517.6969957
injection-file = /work/shashwat.singh/Prospects-of-LGWs/unlens/injection.hdf

[global]
instruments = H1 V1 L1 I1 K1
mass1_ref = 30.000000001982205
mass2_ref = 30.000000009511133
minchirp = 26.116416903886492
maxchirp = 26.11661690388649
mincov = 1910870103.1983159
maxcov = 191087010319.83157
