
[data]
trigger-time = 1673211625.8002925
injection-file = /work/shashwat.singh/Prospects-of-LGWs/unlens/injection.hdf

[global]
instruments = H1 V1 L1 I1 K1
mass1_ref = 30.000000003116195
mass2_ref = 30.000000001681045
minchirp = 26.116416900971846
maxchirp = 26.116616900971845
mincov = 38712154833.91641
maxcov = 3871215483391.641
