
[data]
trigger-time = 1737776232.183221
injection-file = /work/shashwat.singh/Prospects-of-LGWs/unlens/injection.hdf

[global]
instruments = H1 V1 L1 I1 K1
mass1_ref = 30.000000000929436
mass2_ref = 30.000000000434913
minchirp = 26.116416899477592
maxchirp = 26.11661689947759
mincov = 69513791036.25635
maxcov = 6951379103625.635
