
[data]
trigger-time = 1158405683.278045
injection-file = /work/shashwat.singh/Prospects-of-LGWs/unlens/injection.hdf

[global]
instruments = H1 V1 L1 I1 K1
mass1_ref = 30.000000000936026
mass2_ref = 30.00000000918121
minchirp = 26.116416903287508
maxchirp = 26.116616903287508
mincov = 19370600304.300735
maxcov = 1937060030430.0735
