
[data]
trigger-time = 1590187813.0212746
injection-file = /work/shashwat.singh/Prospects-of-LGWs/unlens/injection.hdf

[global]
instruments = H1 V1 L1 I1 K1
mass1_ref = 30.000000001333078
mass2_ref = 30.000000001102414
minchirp = 26.116416899943832
maxchirp = 26.116616899943832
mincov = 50058127372.37469
maxcov = 5005812737237.469
