
[data]
trigger-time = 1950476161.4137006
injection-file = /work/shashwat.singh/Prospects-of-LGWs/unlens/injection.hdf

[global]
instruments = H1 V1 L1 I1 K1
mass1_ref = 30.00000000443838
mass2_ref = 30.00000000125087
minchirp = 26.116416901360115
maxchirp = 26.116616901360114
mincov = 15215943632.401785
maxcov = 1521594363240.1785
