
[data]
trigger-time = 1378028251.4794972
injection-file = /work/shashwat.singh/Prospects-of-LGWs/unlens/injection.hdf

[global]
instruments = H1 V1 L1 I1 K1
mass1_ref = 30.000000009091735
mass2_ref = 30.00000000652212
minchirp = 26.11641690568005
maxchirp = 26.11661690568005
mincov = 10679580315.84586
maxcov = 1067958031584.586
