
[data]
trigger-time = 1066681655.6590362
injection-file = /work/shashwat.singh/Prospects-of-LGWs/unlens/injection.hdf

[global]
instruments = H1 V1 L1 I1 K1
mass1_ref = 30.000000008297814
mass2_ref = 30.000000003677677
minchirp = 26.11641690409636
maxchirp = 26.11661690409636
mincov = 14109300845.722193
maxcov = 1410930084572.2192
