
[data]
trigger-time = 1385300654.0492065
injection-file = /work/shashwat.singh/Prospects-of-LGWs/unlens/injection.hdf

[global]
instruments = H1 V1 L1 I1 K1
mass1_ref = 30.000000007757965
mass2_ref = 30.00000000886129
minchirp = 26.116416906117674
maxchirp = 26.116616906117674
mincov = 1089222061.5958743
maxcov = 108922206159.58743
