
[data]
trigger-time = 1626572573.1209178
injection-file = /work/shashwat.singh/Prospects-of-LGWs/unlens/injection.hdf

[global]
instruments = H1 V1 L1 I1 K1
mass1_ref = 30.000000005878885
mass2_ref = 30.00000000098019
minchirp = 26.11641690186931
maxchirp = 26.11661690186931
mincov = 355903407.38026106
maxcov = 35590340738.02611
