
[data]
trigger-time = 1050050791.5707117
injection-file = /work/shashwat.singh/Prospects-of-LGWs/unlens/injection.hdf

[global]
instruments = H1 V1 L1 I1 K1
mass1_ref = 30.000000001082146
mass2_ref = 30.000000008940106
minchirp = 26.116416903246165
maxchirp = 26.116616903246165
mincov = 163941234.4026899
maxcov = 16394123440.268991
