
[data]
trigger-time = 1679899856.6845274
injection-file = /work/shashwat.singh/Prospects-of-LGWs/unlens/injection.hdf

[global]
instruments = H1 V1 L1 I1 K1
mass1_ref = 30.00000000503521
mass2_ref = 30.000000005039627
minchirp = 26.116416903269055
maxchirp = 26.116616903269055
mincov = 90314106211.96033
maxcov = 9031410621196.033
