
[data]
trigger-time = 1086670655.6192594
injection-file = /work/shashwat.singh/Prospects-of-LGWs/unlens/injection.hdf

[global]
instruments = H1 V1 L1 I1 K1
mass1_ref = 30.000000001937398
mass2_ref = 30.0000000069307
minchirp = 26.11641690274379
maxchirp = 26.11661690274379
mincov = 40828044109.18029
maxcov = 4082804410918.0293
