
[data]
trigger-time = 1065047379.1516724
injection-file = /work/shashwat.singh/Prospects-of-LGWs/unlens/injection.hdf

[global]
instruments = H1 V1 L1 I1 K1
mass1_ref = 30.00000000713128
mass2_ref = 30.000000001966278
minchirp = 26.116416902843667
maxchirp = 26.116616902843667
mincov = 19719873006.53213
maxcov = 1971987300653.2131
