
[data]
trigger-time = 1049814714.3094741
injection-file = /work/shashwat.singh/Prospects-of-LGWs/unlens/injection.hdf

[global]
instruments = H1 V1 L1 I1 K1
mass1_ref = 30.000000006945815
mass2_ref = 30.000000008994483
minchirp = 26.116416905822142
maxchirp = 26.11661690582214
mincov = 38040335804.473854
maxcov = 3804033580447.3853
