
[data]
trigger-time = 1908519846.4796557
injection-file = /work/shashwat.singh/Prospects-of-LGWs/unlens/injection.hdf

[global]
instruments = H1 V1 L1 I1 K1
mass1_ref = 30.00000000728573
mass2_ref = 30.000000001884786
minchirp = 26.116416902875425
maxchirp = 26.116616902875425
mincov = 37995353801.058586
maxcov = 3799535380105.859
