
[data]
trigger-time = 1502214341.6134067
injection-file = /work/shashwat.singh/Prospects-of-LGWs/unlens/injection.hdf

[global]
instruments = H1 V1 L1 I1 K1
mass1_ref = 30.000000007335906
mass2_ref = 30.00000000335002
minchirp = 26.116416903535047
maxchirp = 26.116616903535046
mincov = 4159455187.59498
maxcov = 415945518759.498
