
[data]
trigger-time = 1834508467.2699819
injection-file = /work/shashwat.singh/Prospects-of-LGWs/unlens/injection.hdf

[global]
instruments = H1 V1 L1 I1 K1
mass1_ref = 30.000000000845116
mass2_ref = 30.000000003955527
minchirp = 26.116416900973327
maxchirp = 26.116616900973327
mincov = 50748018084.03534
maxcov = 5074801808403.534
