
[data]
trigger-time = 1045022025.4678994
injection-file = /work/shashwat.singh/Prospects-of-LGWs/unlens/injection.hdf

[global]
instruments = H1 V1 L1 I1 K1
mass1_ref = 30.000000007685625
mass2_ref = 30.000000004597048
minchirp = 26.116416904230068
maxchirp = 26.116616904230067
mincov = 21362284936.265873
maxcov = 2136228493626.5872
