
[data]
trigger-time = 1675319133.5327249
injection-file = /work/shashwat.singh/Prospects-of-LGWs/unlens/injection.hdf

[global]
instruments = H1 V1 L1 I1 K1
mass1_ref = 30.000000000614012
mass2_ref = 30.000000004150696
minchirp = 26.116416900957685
maxchirp = 26.116616900957684
mincov = 60300201164.69293
maxcov = 6030020116469.293
