
[data]
trigger-time = 1388823356.6211004
injection-file = /work/shashwat.singh/Prospects-of-LGWs/unlens/injection.hdf

[global]
instruments = H1 V1 L1 I1 K1
mass1_ref = 30.0000000085758
mass2_ref = 30.000000002164715
minchirp = 26.116416903558804
maxchirp = 26.116616903558803
mincov = 52490921958.07565
maxcov = 5249092195807.565
