
[data]
trigger-time = 1125685805.1053445
injection-file = /work/shashwat.singh/Prospects-of-LGWs/unlens/injection.hdf

[global]
instruments = H1 V1 L1 I1 K1
mass1_ref = 30.00000000939242
mass2_ref = 30.000000002311367
minchirp = 26.116416903978095
maxchirp = 26.116616903978095
mincov = 68248029685.28377
maxcov = 6824802968528.377
