
[data]
trigger-time = 1815215195.7514527
injection-file = /work/shashwat.singh/Prospects-of-LGWs/unlens/injection.hdf

[global]
instruments = H1 V1 L1 I1 K1
mass1_ref = 30.000000009144674
mass2_ref = 30.00000000923608
minchirp = 26.11641690688441
maxchirp = 26.11661690688441
mincov = 52353209338.315414
maxcov = 5235320933831.542
