
[data]
trigger-time = 1738621316.1022916
injection-file = /work/shashwat.singh/Prospects-of-LGWs/unlens/injection.hdf

[global]
instruments = H1 V1 L1 I1 K1
mass1_ref = 30.00000000047433
mass2_ref = 30.000000007260525
minchirp = 26.116416902250513
maxchirp = 26.116616902250513
mincov = 24902201251.438698
maxcov = 2490220125143.8696
