
[data]
trigger-time = 1374151327.826595
injection-file = /work/shashwat.singh/Prospects-of-LGWs/unlens/injection.hdf

[global]
instruments = H1 V1 L1 I1 K1
mass1_ref = 30.00000000598089
mass2_ref = 30.000000002211156
minchirp = 26.11641690244952
maxchirp = 26.11661690244952
mincov = 18111341758.454933
maxcov = 1811134175845.4932
