
[data]
trigger-time = 1639090089.9894388
injection-file = /work/shashwat.singh/Prospects-of-LGWs/unlens/injection.hdf

[global]
instruments = H1 V1 L1 I1 K1
mass1_ref = 30.000000008290673
mass2_ref = 30.000000003686182
minchirp = 26.116416904096955
maxchirp = 26.116616904096954
mincov = 20310474769.792698
maxcov = 2031047476979.2698
