
[data]
trigger-time = 1058398841.7490102
injection-file = /work/shashwat.singh/Prospects-of-LGWs/unlens/injection.hdf

[global]
instruments = H1 V1 L1 I1 K1
mass1_ref = 30.000000002832095
mass2_ref = 30.000000006806818
minchirp = 26.116416903079305
maxchirp = 26.116616903079304
mincov = 3699889480.700513
maxcov = 369988948070.0513
