
[data]
trigger-time = 1464468238.9877615
injection-file = /work/shashwat.singh/Prospects-of-LGWs/unlens/injection.hdf

[global]
instruments = H1 V1 L1 I1 K1
mass1_ref = 30.000000007216826
mass2_ref = 30.000000002590898
minchirp = 26.116416903152786
maxchirp = 26.116616903152785
mincov = 41229738671.54928
maxcov = 4122973867154.9277
