
[data]
trigger-time = 1847881673.4689085
injection-file = /work/shashwat.singh/Prospects-of-LGWs/unlens/injection.hdf

[global]
instruments = H1 V1 L1 I1 K1
mass1_ref = 30.000000005348895
mass2_ref = 30.000000000263093
minchirp = 26.116416901326485
maxchirp = 26.116616901326484
mincov = 3828915096.2291236
maxcov = 382891509622.91235
