
[data]
trigger-time = 1959954195.152575
injection-file = /work/shashwat.singh/Prospects-of-LGWs/unlens/injection.hdf

[global]
instruments = H1 V1 L1 I1 K1
mass1_ref = 30.00000000791572
mass2_ref = 30.000000003142574
minchirp = 26.116416903697125
maxchirp = 26.116616903697125
mincov = 63168517709.156334
maxcov = 6316851770915.634
