
[data]
trigger-time = 1636351473.7265627
injection-file = /work/shashwat.singh/Prospects-of-LGWs/unlens/injection.hdf

[global]
instruments = H1 V1 L1 I1 K1
mass1_ref = 30.0000000091719
mass2_ref = 30.00000000515687
minchirp = 26.116416905120683
maxchirp = 26.116616905120683
mincov = 11180504299.713844
maxcov = 1118050429971.3845
