
[data]
trigger-time = 1396484254.5808666
injection-file = /work/shashwat.singh/Prospects-of-LGWs/unlens/injection.hdf

[global]
instruments = H1 V1 L1 I1 K1
mass1_ref = 30.000000009327525
mass2_ref = 30.000000000355662
minchirp = 26.116416903098578
maxchirp = 26.116616903098578
mincov = 94515199256.56332
maxcov = 9451519925656.332
