
[data]
trigger-time = 1865018136.2616425
injection-file = /work/shashwat.singh/Prospects-of-LGWs/unlens/injection.hdf

[global]
instruments = H1 V1 L1 I1 K1
mass1_ref = 30.000000007222205
mass2_ref = 30.000000002651756
minchirp = 26.116416903181612
maxchirp = 26.11661690318161
mincov = 48132013020.49214
maxcov = 4813201302049.215
