
[data]
trigger-time = 1728831592.0693078
injection-file = /work/shashwat.singh/Prospects-of-LGWs/unlens/injection.hdf

[global]
instruments = H1 V1 L1 I1 K1
mass1_ref = 30.0000000026472
mass2_ref = 30.00000000427108
minchirp = 26.116416901895082
maxchirp = 26.116616901895082
mincov = 3806585435.9724793
maxcov = 380658543597.2479
