
[data]
trigger-time = 1016448108.1525644
injection-file = /work/shashwat.singh/Prospects-of-LGWs/unlens/injection.hdf

[global]
instruments = H1 V1 L1 I1 K1
mass1_ref = 30.000000000000483
mass2_ref = 30.00000000349355
minchirp = 26.11641690040459
maxchirp = 26.11661690040459
mincov = 34951175718.99366
maxcov = 3495117571899.3657
