
[data]
trigger-time = 1067421923.4389296
injection-file = /work/shashwat.singh/Prospects-of-LGWs/unlens/injection.hdf

[global]
instruments = H1 V1 L1 I1 K1
mass1_ref = 30.000000007410087
mass2_ref = 30.000000008516853
minchirp = 26.11641690581633
maxchirp = 26.11661690581633
mincov = 50132947147.0827
maxcov = 5013294714708.2705
