
[data]
trigger-time = 1063227672.51188
injection-file = /work/shashwat.singh/Prospects-of-LGWs/unlens/injection.hdf

[global]
instruments = H1 V1 L1 I1 K1
mass1_ref = 30.000000000603205
mass2_ref = 30.000000004913222
minchirp = 26.11641690128489
maxchirp = 26.11661690128489
mincov = 22520437820.7241
maxcov = 2252043782072.41
