
[data]
trigger-time = 1785403450.3109818
injection-file = /work/shashwat.singh/Prospects-of-LGWs/unlens/injection.hdf

[global]
instruments = H1 V1 L1 I1 K1
mass1_ref = 30.000000001426596
mass2_ref = 30.00000000794082
minchirp = 26.11641690296113
maxchirp = 26.11661690296113
mincov = 74143204890.92166
maxcov = 7414320489092.167
