
[data]
trigger-time = 1001389873.2229972
injection-file = /work/shashwat.singh/Prospects-of-LGWs/unlens/injection.hdf

[global]
instruments = H1 V1 L1 I1 K1
mass1_ref = 30.00000000149887
mass2_ref = 30.000000000515335
minchirp = 26.116416899760456
maxchirp = 26.116616899760455
mincov = 22042520877.0381
maxcov = 2204252087703.81
