
[data]
trigger-time = 1603169457.7534032
injection-file = /work/shashwat.singh/Prospects-of-LGWs/unlens/injection.hdf

[global]
instruments = H1 V1 L1 I1 K1
mass1_ref = 30.00000000388487
mass2_ref = 30.000000004788934
minchirp = 26.116416902659218
maxchirp = 26.116616902659217
mincov = 43530938842.53487
maxcov = 4353093884253.487
