
[data]
trigger-time = 1565458299.950169
injection-file = /work/shashwat.singh/Prospects-of-LGWs/unlens/injection.hdf

[global]
instruments = H1 V1 L1 I1 K1
mass1_ref = 30.000000009834057
mass2_ref = 30.00000000822026
minchirp = 26.11641690674232
maxchirp = 26.11661690674232
mincov = 44731851707.75824
maxcov = 4473185170775.824
