
[data]
trigger-time = 1807541021.556776
injection-file = /work/shashwat.singh/Prospects-of-LGWs/unlens/injection.hdf

[global]
instruments = H1 V1 L1 I1 K1
mass1_ref = 30.000000007297277
mass2_ref = 30.000000003925766
minchirp = 26.116416903768837
maxchirp = 26.116616903768836
mincov = 619975277.4048576
maxcov = 61997527740.48576
