
[data]
trigger-time = 1846602188.819704
injection-file = /work/shashwat.singh/Prospects-of-LGWs/unlens/injection.hdf

[global]
instruments = H1 V1 L1 I1 K1
mass1_ref = 30.00000000803583
mass2_ref = 30.000000002744873
minchirp = 26.116416903576297
maxchirp = 26.116616903576297
mincov = 29137254781.467518
maxcov = 2913725478146.752
