
[data]
trigger-time = 1577507722.5332184
injection-file = /work/shashwat.singh/Prospects-of-LGWs/unlens/injection.hdf

[global]
instruments = H1 V1 L1 I1 K1
mass1_ref = 30.000000004281606
mass2_ref = 30.00000000769729
minchirp = 26.116416904097843
maxchirp = 26.116616904097842
mincov = 95627467976.50244
maxcov = 9562746797650.244
