
[data]
trigger-time = 1634521740.371596
injection-file = /work/shashwat.singh/Prospects-of-LGWs/unlens/injection.hdf

[global]
instruments = H1 V1 L1 I1 K1
mass1_ref = 30.00000000347961
mass2_ref = 30.000000008117855
minchirp = 26.116416903931814
maxchirp = 26.116616903931813
mincov = 1205342820.1322575
maxcov = 120534282013.22574
