
[data]
trigger-time = 1648562022.5980544
injection-file = /work/shashwat.singh/Prospects-of-LGWs/unlens/injection.hdf

[global]
instruments = H1 V1 L1 I1 K1
mass1_ref = 30.000000000522487
mass2_ref = 30.000000003326658
minchirp = 26.116416900559162
maxchirp = 26.116616900559162
mincov = 33936074026.722343
maxcov = 3393607402672.2344
