
[data]
trigger-time = 1336096390.3492417
injection-file = /work/shashwat.singh/Prospects-of-LGWs/unlens/injection.hdf

[global]
instruments = H1 V1 L1 I1 K1
mass1_ref = 30.00000000894025
mass2_ref = 30.00000000748459
minchirp = 26.116416906033052
maxchirp = 26.11661690603305
mincov = 145980515.4998253
maxcov = 14598051549.98253
