
[data]
trigger-time = 1922650468.9417276
injection-file = /work/shashwat.singh/Prospects-of-LGWs/unlens/injection.hdf

[global]
instruments = H1 V1 L1 I1 K1
mass1_ref = 30.00000000610342
mass2_ref = 30.000000008692354
minchirp = 26.11641690532396
maxchirp = 26.11661690532396
mincov = 84220916267.23184
maxcov = 8422091626723.184
