
[data]
trigger-time = 1074707431.6265192
injection-file = /work/shashwat.singh/Prospects-of-LGWs/unlens/injection.hdf

[global]
instruments = H1 V1 L1 I1 K1
mass1_ref = 30.000000008402665
mass2_ref = 30.0000000077718
minchirp = 26.11641690592407
maxchirp = 26.11661690592407
mincov = 62071805111.44316
maxcov = 6207180511144.316
