
[data]
trigger-time = 1681974520.728926
injection-file = /work/shashwat.singh/Prospects-of-LGWs/unlens/injection.hdf

[global]
instruments = H1 V1 L1 I1 K1
mass1_ref = 30.000000003740016
mass2_ref = 30.00000000779808
minchirp = 26.116416903905975
maxchirp = 26.116616903905975
mincov = 58298986907.65355
maxcov = 5829898690765.355
