
[data]
trigger-time = 1156978489.4012327
injection-file = /work/shashwat.singh/Prospects-of-LGWs/unlens/injection.hdf

[global]
instruments = H1 V1 L1 I1 K1
mass1_ref = 30.000000001220712
mass2_ref = 30.000000003140123
minchirp = 26.11641690078189
maxchirp = 26.11661690078189
mincov = 6425159589.603791
maxcov = 642515958960.3792
