
[data]
trigger-time = 1437226683.6043544
injection-file = /work/shashwat.singh/Prospects-of-LGWs/unlens/injection.hdf

[global]
instruments = H1 V1 L1 I1 K1
mass1_ref = 30.00000000794206
mass2_ref = 30.000000007716466
minchirp = 26.116416905699495
maxchirp = 26.116616905699495
mincov = 48357885707.108025
maxcov = 4835788570710.803
