
[data]
trigger-time = 1283437796.5644093
injection-file = /work/shashwat.singh/Prospects-of-LGWs/unlens/injection.hdf

[global]
instruments = H1 V1 L1 I1 K1
mass1_ref = 30.000000008487845
mass2_ref = 30.00000000688005
minchirp = 26.11641690557299
maxchirp = 26.11661690557299
mincov = 47341539602.73304
maxcov = 4734153960273.304
