
[data]
trigger-time = 1127218405.3018131
injection-file = /work/shashwat.singh/Prospects-of-LGWs/unlens/injection.hdf

[global]
instruments = H1 V1 L1 I1 K1
mass1_ref = 30.000000007229513
mass2_ref = 30.000000008705005
minchirp = 26.116416905819626
maxchirp = 26.116616905819626
mincov = 18118801640.354637
maxcov = 1811880164035.4639
