
[data]
trigger-time = 1724662607.9173121
injection-file = /work/shashwat.singh/Prospects-of-LGWs/unlens/injection.hdf

[global]
instruments = H1 V1 L1 I1 K1
mass1_ref = 30.000000001034145
mass2_ref = 30.00000000002962
minchirp = 26.116416899346756
maxchirp = 26.116616899346756
mincov = 95845674030.08072
maxcov = 9584567403008.072
