
[data]
trigger-time = 1419063176.699196
injection-file = /work/shashwat.singh/Prospects-of-LGWs/unlens/injection.hdf

[global]
instruments = H1 V1 L1 I1 K1
mass1_ref = 30.000000007629893
mass2_ref = 30.000000004441485
minchirp = 26.1164169041381
maxchirp = 26.116616904138098
mincov = 50162749481.179306
maxcov = 5016274948117.931
