
[data]
trigger-time = 1825347168.8415666
injection-file = /work/shashwat.singh/Prospects-of-LGWs/unlens/injection.hdf

[global]
instruments = H1 V1 L1 I1 K1
mass1_ref = 30.000000008859953
mass2_ref = 30.000000006846193
minchirp = 26.11641690572022
maxchirp = 26.11661690572022
mincov = 8227158709.33127
maxcov = 822715870933.127
