
[data]
trigger-time = 1916672514.6518373
injection-file = /work/shashwat.singh/Prospects-of-LGWs/unlens/injection.hdf

[global]
instruments = H1 V1 L1 I1 K1
mass1_ref = 30.00000000535035
mass2_ref = 30.000000001605773
minchirp = 26.116416901911556
maxchirp = 26.116616901911556
mincov = 8354177369.772717
maxcov = 835417736977.2717
