
[data]
trigger-time = 1418733904.8472059
injection-file = /work/shashwat.singh/Prospects-of-LGWs/unlens/injection.hdf

[global]
instruments = H1 V1 L1 I1 K1
mass1_ref = 30.00000000033216
mass2_ref = 30.000000009120036
minchirp = 26.116416902998033
maxchirp = 26.116616902998032
mincov = 6743851748.173054
maxcov = 674385174817.3054
