
[data]
trigger-time = 1344200739.257815
injection-file = /work/shashwat.singh/Prospects-of-LGWs/unlens/injection.hdf

[global]
instruments = H1 V1 L1 I1 K1
mass1_ref = 30.00000000801403
mass2_ref = 30.000000001376527
minchirp = 26.116416902971203
maxchirp = 26.116616902971202
mincov = 4007898574.139103
maxcov = 400789857413.9103
