
[data]
trigger-time = 1659539084.916534
injection-file = /work/shashwat.singh/Prospects-of-LGWs/unlens/injection.hdf

[global]
instruments = H1 V1 L1 I1 K1
mass1_ref = 30.000000006505594
mass2_ref = 30.000000009355084
minchirp = 26.116416905787485
maxchirp = 26.116616905787485
mincov = 45728541057.1783
maxcov = 4572854105717.83
