
[data]
trigger-time = 1226911596.8164577
injection-file = /work/shashwat.singh/Prospects-of-LGWs/unlens/injection.hdf

[global]
instruments = H1 V1 L1 I1 K1
mass1_ref = 30.00000000951883
mass2_ref = 30.000000000417575
minchirp = 26.116416903208798
maxchirp = 26.116616903208797
mincov = 25525699149.282352
maxcov = 2552569914928.2354
