
[data]
trigger-time = 1293881436.585858
injection-file = /work/shashwat.singh/Prospects-of-LGWs/unlens/injection.hdf

[global]
instruments = H1 V1 L1 I1 K1
mass1_ref = 30.00000000745578
mass2_ref = 30.000000007901093
minchirp = 26.11641690556819
maxchirp = 26.11661690556819
mincov = 9168674031.734219
maxcov = 916867403173.4219
