
[data]
trigger-time = 1845461455.3984208
injection-file = /work/shashwat.singh/Prospects-of-LGWs/unlens/injection.hdf

[global]
instruments = H1 V1 L1 I1 K1
mass1_ref = 30.000000000238085
mass2_ref = 30.000000004067907
minchirp = 26.11641690075802
maxchirp = 26.116616900758018
mincov = 56003636231.1885
maxcov = 5600363623118.85
