
[data]
trigger-time = 1477908534.3125079
injection-file = /work/shashwat.singh/Prospects-of-LGWs/unlens/injection.hdf

[global]
instruments = H1 V1 L1 I1 K1
mass1_ref = 30.00000000018731
mass2_ref = 30.000000000212513
minchirp = 26.116416899057757
maxchirp = 26.116616899057757
mincov = 1745725813.9284084
maxcov = 174572581392.84085
