
[data]
trigger-time = 1078604564.2584186
injection-file = /work/shashwat.singh/Prospects-of-LGWs/unlens/injection.hdf

[global]
instruments = H1 V1 L1 I1 K1
mass1_ref = 30.000000005540613
mass2_ref = 30.000000006045312
minchirp = 26.11641690392679
maxchirp = 26.11661690392679
mincov = 11689814647.412958
maxcov = 1168981464741.296
