
[data]
trigger-time = 1863907334.1638021
injection-file = /work/shashwat.singh/Prospects-of-LGWs/unlens/injection.hdf

[global]
instruments = H1 V1 L1 I1 K1
mass1_ref = 30.000000004420283
mass2_ref = 30.0000000090149
minchirp = 26.11641690473173
maxchirp = 26.11661690473173
mincov = 7308237970.302432
maxcov = 730823797030.2432
