
[data]
trigger-time = 1441059766.868244
injection-file = /work/shashwat.singh/Prospects-of-LGWs/unlens/injection.hdf

[global]
instruments = H1 V1 L1 I1 K1
mass1_ref = 30.000000008840317
mass2_ref = 30.000000004294613
minchirp = 26.116416904601035
maxchirp = 26.116616904601035
mincov = 47872138.79522769
maxcov = 4787213879.522769
