
[data]
trigger-time = 1680928294.9025965
injection-file = /work/shashwat.singh/Prospects-of-LGWs/unlens/injection.hdf

[global]
instruments = H1 V1 L1 I1 K1
mass1_ref = 30.000000004035968
mass2_ref = 30.00000000852251
minchirp = 26.11641690435012
maxchirp = 26.11661690435012
mincov = 1328001854.740613
maxcov = 132800185474.0613
