
[data]
trigger-time = 1906934512.0759244
injection-file = /work/shashwat.singh/Prospects-of-LGWs/unlens/injection.hdf

[global]
instruments = H1 V1 L1 I1 K1
mass1_ref = 30.000000002173383
mass2_ref = 30.00000000118947
minchirp = 26.11641690034749
maxchirp = 26.11661690034749
mincov = 44074662384.506966
maxcov = 4407466238450.696
