
[data]
trigger-time = 1534430630.9842732
injection-file = /work/shashwat.singh/Prospects-of-LGWs/unlens/injection.hdf

[global]
instruments = H1 V1 L1 I1 K1
mass1_ref = 30.00000000130021
mass2_ref = 30.000000005808598
minchirp = 26.116416901978013
maxchirp = 26.116616901978013
mincov = 17315622539.878616
maxcov = 1731562253987.8616
