
[data]
trigger-time = 1541158170.4332314
injection-file = /work/shashwat.singh/Prospects-of-LGWs/unlens/injection.hdf

[global]
instruments = H1 V1 L1 I1 K1
mass1_ref = 30.000000009113858
mass2_ref = 30.000000003071694
minchirp = 26.116416904187794
maxchirp = 26.116616904187794
mincov = 41393058858.900635
maxcov = 4139305885890.0635
