
[data]
trigger-time = 1305680344.6169412
injection-file = /work/shashwat.singh/Prospects-of-LGWs/unlens/injection.hdf

[global]
instruments = H1 V1 L1 I1 K1
mass1_ref = 30.000000003817423
mass2_ref = 30.000000000602633
minchirp = 26.116416900807668
maxchirp = 26.116616900807667
mincov = 24220452973.212196
maxcov = 2422045297321.2197
