
[data]
trigger-time = 1654247484.428777
injection-file = /work/shashwat.singh/Prospects-of-LGWs/unlens/injection.hdf

[global]
instruments = H1 V1 L1 I1 K1
mass1_ref = 30.000000006792057
mass2_ref = 30.000000005456542
minchirp = 26.116416904215235
maxchirp = 26.116616904215235
mincov = 11542169847.125813
maxcov = 1154216984712.581
