
[data]
trigger-time = 1803783915.1850338
injection-file = /work/shashwat.singh/Prospects-of-LGWs/unlens/injection.hdf

[global]
instruments = H1 V1 L1 I1 K1
mass1_ref = 30.000000009100894
mass2_ref = 30.000000006742493
minchirp = 26.11641690577996
maxchirp = 26.11661690577996
mincov = 54754888074.84175
maxcov = 5475488807484.175
