
[data]
trigger-time = 1947105826.527913
injection-file = /work/shashwat.singh/Prospects-of-LGWs/unlens/injection.hdf

[global]
instruments = H1 V1 L1 I1 K1
mass1_ref = 30.00000000871383
mass2_ref = 30.000000004098407
minchirp = 26.116416904460575
maxchirp = 26.116616904460574
mincov = 13808594631.64709
maxcov = 1380859463164.7092
