
[data]
trigger-time = 1954223743.9144964
injection-file = /work/shashwat.singh/Prospects-of-LGWs/unlens/injection.hdf

[global]
instruments = H1 V1 L1 I1 K1
mass1_ref = 30.00000000178667
mass2_ref = 30.000000009174677
minchirp = 26.11641690365493
maxchirp = 26.11661690365493
mincov = 6102443080.377038
maxcov = 610244308037.7037
