
[data]
trigger-time = 1675321934.3022935
injection-file = /work/shashwat.singh/Prospects-of-LGWs/unlens/injection.hdf

[global]
instruments = H1 V1 L1 I1 K1
mass1_ref = 30.000000001213973
mass2_ref = 30.00000000150032
minchirp = 26.11641690006519
maxchirp = 26.11661690006519
mincov = 49918995657.80624
maxcov = 4991899565780.624
