
[data]
trigger-time = 1057746599.3208046
injection-file = /work/shashwat.singh/Prospects-of-LGWs/unlens/injection.hdf

[global]
instruments = H1 V1 L1 I1 K1
mass1_ref = 30.00000000396632
mass2_ref = 30.000000001153776
minchirp = 26.116416901112377
maxchirp = 26.116616901112376
mincov = 82915679545.34622
maxcov = 8291567954534.623
