
[data]
trigger-time = 1343853851.6017349
injection-file = /work/shashwat.singh/Prospects-of-LGWs/unlens/injection.hdf

[global]
instruments = H1 V1 L1 I1 K1
mass1_ref = 30.00000000546991
mass2_ref = 30.000000009729234
minchirp = 26.116416905499538
maxchirp = 26.116616905499537
mincov = 24526691121.14887
maxcov = 2452669112114.8867
