
[data]
trigger-time = 1771048524.7429605
injection-file = /work/shashwat.singh/Prospects-of-LGWs/unlens/injection.hdf

[global]
instruments = H1 V1 L1 I1 K1
mass1_ref = 30.00000000079575
mass2_ref = 30.000000001802547
minchirp = 26.1164169000147
maxchirp = 26.116616900014698
mincov = 4111713044.7330093
maxcov = 411171304473.3009
