
[data]
trigger-time = 1653970422.0996695
injection-file = /work/shashwat.singh/Prospects-of-LGWs/unlens/injection.hdf

[global]
instruments = H1 V1 L1 I1 K1
mass1_ref = 30.000000006772478
mass2_ref = 30.00000000195501
minchirp = 26.11641690268258
maxchirp = 26.11661690268258
mincov = 66406771549.26432
maxcov = 6640677154926.432
