
[data]
trigger-time = 1114370235.5886593
injection-file = /work/shashwat.singh/Prospects-of-LGWs/unlens/injection.hdf

[global]
instruments = H1 V1 L1 I1 K1
mass1_ref = 30.000000000397186
mass2_ref = 30.000000003573298
minchirp = 26.116416900611977
maxchirp = 26.116616900611977
mincov = 1590614382.444854
maxcov = 159061438244.4854
