
[data]
trigger-time = 1624471427.4589784
injection-file = /work/shashwat.singh/Prospects-of-LGWs/unlens/injection.hdf

[global]
instruments = H1 V1 L1 I1 K1
mass1_ref = 30.00000000395289
mass2_ref = 30.000000006129174
minchirp = 26.116416903272196
maxchirp = 26.116616903272195
mincov = 382855550.17884785
maxcov = 38285555017.88478
