
[data]
trigger-time = 1807658286.732153
injection-file = /work/shashwat.singh/Prospects-of-LGWs/unlens/injection.hdf

[global]
instruments = H1 V1 L1 I1 K1
mass1_ref = 30.000000005437716
mass2_ref = 30.000000009667346
minchirp = 26.116416905458586
maxchirp = 26.116616905458585
mincov = 42832900494.65094
maxcov = 4283290049465.0938
