
[data]
trigger-time = 1761387184.3786635
injection-file = /work/shashwat.singh/Prospects-of-LGWs/unlens/injection.hdf

[global]
instruments = H1 V1 L1 I1 K1
mass1_ref = 30.00000000056773
mass2_ref = 30.00000000627724
minchirp = 26.11641690186317
maxchirp = 26.11661690186317
mincov = 70459325150.88516
maxcov = 7045932515088.516
