
[data]
trigger-time = 1679466327.5676785
injection-file = /work/shashwat.singh/Prospects-of-LGWs/unlens/injection.hdf

[global]
instruments = H1 V1 L1 I1 K1
mass1_ref = 30.000000006332815
mass2_ref = 30.000000002084334
minchirp = 26.116416902547503
maxchirp = 26.116616902547502
mincov = 3125046855.4777594
maxcov = 312504685547.77594
