
[data]
trigger-time = 1330911702.3865716
injection-file = /work/shashwat.singh/Prospects-of-LGWs/unlens/injection.hdf

[global]
instruments = H1 V1 L1 I1 K1
mass1_ref = 30.000000005433016
mass2_ref = 30.000000005618265
minchirp = 26.116416903694073
maxchirp = 26.116616903694073
mincov = 74809612593.0066
maxcov = 7480961259300.66
