
[data]
trigger-time = 1196438706.464847
injection-file = /work/shashwat.singh/Prospects-of-LGWs/unlens/injection.hdf

[global]
instruments = H1 V1 L1 I1 K1
mass1_ref = 30.000000008031776
mass2_ref = 30.000000001388685
minchirp = 26.116416902984216
maxchirp = 26.116616902984216
mincov = 37976581297.064735
maxcov = 3797658129706.4736
