
[data]
trigger-time = 1067128878.5726045
injection-file = /work/shashwat.singh/Prospects-of-LGWs/unlens/injection.hdf

[global]
instruments = H1 V1 L1 I1 K1
mass1_ref = 30.00000000256747
mass2_ref = 30.000000002061913
minchirp = 26.11641690089878
maxchirp = 26.11661690089878
mincov = 48374863508.15018
maxcov = 4837486350815.018
