
[data]
trigger-time = 1636692415.4562945
injection-file = /work/shashwat.singh/Prospects-of-LGWs/unlens/injection.hdf

[global]
instruments = H1 V1 L1 I1 K1
mass1_ref = 30.000000002337764
mass2_ref = 30.00000000949473
minchirp = 26.116416904034118
maxchirp = 26.116616904034117
mincov = 28303026008.4356
maxcov = 2830302600843.56
