
[data]
trigger-time = 1294036498.1973891
injection-file = /work/shashwat.singh/Prospects-of-LGWs/unlens/injection.hdf

[global]
instruments = H1 V1 L1 I1 K1
mass1_ref = 30.000000006010453
mass2_ref = 30.000000003891998
minchirp = 26.116416903194015
maxchirp = 26.116616903194014
mincov = 23657837874.087402
maxcov = 2365783787408.74
