
[data]
trigger-time = 1622962253.1127386
injection-file = /work/shashwat.singh/Prospects-of-LGWs/unlens/injection.hdf

[global]
instruments = H1 V1 L1 I1 K1
mass1_ref = 30.000000002838235
mass2_ref = 30.000000007940876
minchirp = 26.116416903575605
maxchirp = 26.116616903575604
mincov = 39196919368.61918
maxcov = 3919691936861.918
