
[data]
trigger-time = 1427008976.4380035
injection-file = /work/shashwat.singh/Prospects-of-LGWs/unlens/injection.hdf

[global]
instruments = H1 V1 L1 I1 K1
mass1_ref = 30.000000008885003
mass2_ref = 30.00000000416234
minchirp = 26.11641690456291
maxchirp = 26.11661690456291
mincov = 67016679369.01698
maxcov = 6701667936901.698
