
[data]
trigger-time = 1120568864.9713192
injection-file = /work/shashwat.singh/Prospects-of-LGWs/unlens/injection.hdf

[global]
instruments = H1 V1 L1 I1 K1
mass1_ref = 30.000000001507328
mass2_ref = 30.000000000315666
minchirp = 26.11641689967723
maxchirp = 26.11661689967723
mincov = 14539520805.779148
maxcov = 1453952080577.9148
