
[data]
trigger-time = 1370730802.9404764
injection-file = /work/shashwat.singh/Prospects-of-LGWs/unlens/injection.hdf

[global]
instruments = H1 V1 L1 I1 K1
mass1_ref = 30.000000003059075
mass2_ref = 30.00000000273447
minchirp = 26.11641690140551
maxchirp = 26.11661690140551
mincov = 574289.9408425576
maxcov = 57428994.08425576
