
[data]
trigger-time = 1358401999.9805946
injection-file = /work/shashwat.singh/Prospects-of-LGWs/unlens/injection.hdf

[global]
instruments = H1 V1 L1 I1 K1
mass1_ref = 30.000000000547665
mass2_ref = 30.000000007612687
minchirp = 26.116416902435724
maxchirp = 26.116616902435723
mincov = 10732999625.223986
maxcov = 1073299962522.3986
