
[data]
trigger-time = 1355881957.5406845
injection-file = /work/shashwat.singh/Prospects-of-LGWs/unlens/injection.hdf

[global]
instruments = H1 V1 L1 I1 K1
mass1_ref = 30.00000000815695
mass2_ref = 30.000000002030568
minchirp = 26.1164169033181
maxchirp = 26.1166169033181
mincov = 30719860800.14396
maxcov = 3071986080014.3955
