
[data]
trigger-time = 1269802214.5122664
injection-file = /work/shashwat.singh/Prospects-of-LGWs/unlens/injection.hdf

[global]
instruments = H1 V1 L1 I1 K1
mass1_ref = 30.000000001837016
mass2_ref = 30.00000000620304
minchirp = 26.116416902383364
maxchirp = 26.116616902383363
mincov = 57101136816.52504
maxcov = 5710113681652.504
