
[data]
trigger-time = 1584284510.851184
injection-file = /work/shashwat.singh/Prospects-of-LGWs/unlens/injection.hdf

[global]
instruments = H1 V1 L1 I1 K1
mass1_ref = 30.000000006466667
mass2_ref = 30.000000003665992
minchirp = 26.11641690329422
maxchirp = 26.11661690329422
mincov = 29372002867.28643
maxcov = 2937200286728.643
