
[data]
trigger-time = 1081328542.383271
injection-file = /work/shashwat.singh/Prospects-of-LGWs/unlens/injection.hdf

[global]
instruments = H1 V1 L1 I1 K1
mass1_ref = 30.000000008173128
mass2_ref = 30.000000007368307
minchirp = 26.116416905648528
maxchirp = 26.116616905648527
mincov = 592339935.886611
maxcov = 59233993588.6611
