
[data]
trigger-time = 1406493706.4404101
injection-file = /work/shashwat.singh/Prospects-of-LGWs/unlens/injection.hdf

[global]
instruments = H1 V1 L1 I1 K1
mass1_ref = 30.000000002567127
mass2_ref = 30.000000004898702
minchirp = 26.116416902133416
maxchirp = 26.116616902133416
mincov = 29153534393.340954
maxcov = 2915353439334.0957
