
[data]
trigger-time = 1280774392.2837067
injection-file = /work/shashwat.singh/Prospects-of-LGWs/unlens/injection.hdf

[global]
instruments = H1 V1 L1 I1 K1
mass1_ref = 30.000000007002342
mass2_ref = 30.000000003224763
minchirp = 26.11641690333533
maxchirp = 26.11661690333533
mincov = 17307101945.383247
maxcov = 1730710194538.325
