
[data]
trigger-time = 1993890456.697957
injection-file = /work/shashwat.singh/Prospects-of-LGWs/unlens/injection.hdf

[global]
instruments = H1 V1 L1 I1 K1
mass1_ref = 30.000000007201553
mass2_ref = 30.00000000736987
minchirp = 26.116416905226306
maxchirp = 26.116616905226305
mincov = 96643463821.5756
maxcov = 9664346382157.56
