
[data]
trigger-time = 1644872788.0744262
injection-file = /work/shashwat.singh/Prospects-of-LGWs/unlens/injection.hdf

[global]
instruments = H1 V1 L1 I1 K1
mass1_ref = 30.0000000050139
mass2_ref = 30.000000007760356
minchirp = 26.116416904444044
maxchirp = 26.116616904444044
mincov = 12485632154.119026
maxcov = 1248563215411.9026
