
[data]
trigger-time = 1783490860.8557568
injection-file = /work/shashwat.singh/Prospects-of-LGWs/unlens/injection.hdf

[global]
instruments = H1 V1 L1 I1 K1
mass1_ref = 30.000000001251482
mass2_ref = 30.0000000062387
minchirp = 26.116416902144017
maxchirp = 26.116616902144017
mincov = 342012643.2857189
maxcov = 34201264328.57189
