
[data]
trigger-time = 1196643354.9563391
injection-file = /work/shashwat.singh/Prospects-of-LGWs/unlens/injection.hdf

[global]
instruments = H1 V1 L1 I1 K1
mass1_ref = 30.000000006785502
mass2_ref = 30.000000000816936
minchirp = 26.116416902192878
maxchirp = 26.116616902192877
mincov = 994485088.8301811
maxcov = 99448508883.01811
