
[data]
trigger-time = 1454276784.8761053
injection-file = /work/shashwat.singh/Prospects-of-LGWs/unlens/injection.hdf

[global]
instruments = H1 V1 L1 I1 K1
mass1_ref = 30.000000002925923
mass2_ref = 30.00000000732334
minchirp = 26.116416903344977
maxchirp = 26.116616903344976
mincov = 34325587071.796715
maxcov = 3432558707179.672
