
[data]
trigger-time = 1618842349.6841779
injection-file = /work/shashwat.singh/Prospects-of-LGWs/unlens/injection.hdf

[global]
instruments = H1 V1 L1 I1 K1
mass1_ref = 30.00000000709297
mass2_ref = 30.00000000747512
minchirp = 26.116416905224852
maxchirp = 26.116616905224852
mincov = 3164160870.723266
maxcov = 316416087072.3266
