
[data]
trigger-time = 1029178759.2934247
injection-file = /work/shashwat.singh/Prospects-of-LGWs/unlens/injection.hdf

[global]
instruments = H1 V1 L1 I1 K1
mass1_ref = 30.000000008837056
mass2_ref = 30.00000000104453
minchirp = 26.116416903184934
maxchirp = 26.116616903184934
mincov = 24844889229.004128
maxcov = 2484488922900.4126
