
[data]
trigger-time = 1404097196.2208364
injection-file = /work/shashwat.singh/Prospects-of-LGWs/unlens/injection.hdf

[global]
instruments = H1 V1 L1 I1 K1
mass1_ref = 30.000000006485838
mass2_ref = 30.000000002803937
minchirp = 26.116416902927334
maxchirp = 26.116616902927333
mincov = 2234356147.1769085
maxcov = 223435614717.69086
