
[data]
trigger-time = 1805001501.7496352
injection-file = /work/shashwat.singh/Prospects-of-LGWs/unlens/injection.hdf

[global]
instruments = H1 V1 L1 I1 K1
mass1_ref = 30.00000000782261
mass2_ref = 30.00000000662609
minchirp = 26.116416905172887
maxchirp = 26.116616905172886
mincov = 20863648128.38993
maxcov = 2086364812838.993
