
[data]
trigger-time = 1798614287.5550487
injection-file = /work/shashwat.singh/Prospects-of-LGWs/unlens/injection.hdf

[global]
instruments = H1 V1 L1 I1 K1
mass1_ref = 30.000000003294836
mass2_ref = 30.00000000677651
minchirp = 26.11641690326753
maxchirp = 26.11661690326753
mincov = 43936643505.597824
maxcov = 4393664350559.782
