
[data]
trigger-time = 1828199665.2172
injection-file = /work/shashwat.singh/Prospects-of-LGWs/unlens/injection.hdf

[global]
instruments = H1 V1 L1 I1 K1
mass1_ref = 30.000000008534396
mass2_ref = 30.000000002438043
minchirp = 26.116416903659758
maxchirp = 26.116616903659757
mincov = 11310718922.87429
maxcov = 1131071892287.429
