
[data]
trigger-time = 1055898412.1988238
injection-file = /work/shashwat.singh/Prospects-of-LGWs/unlens/injection.hdf

[global]
instruments = H1 V1 L1 I1 K1
mass1_ref = 30.00000000582969
mass2_ref = 30.000000008436572
minchirp = 26.116416905093477
maxchirp = 26.116616905093476
mincov = 41612825049.86635
maxcov = 4161282504986.635
