
[data]
trigger-time = 1509951973.7321527
injection-file = /work/shashwat.singh/Prospects-of-LGWs/unlens/injection.hdf

[global]
instruments = H1 V1 L1 I1 K1
mass1_ref = 30.0000000008737
mass2_ref = 30.00000000471753
minchirp = 26.11641690131745
maxchirp = 26.11661690131745
mincov = 175405174.74949497
maxcov = 17540517474.949497
