
[data]
trigger-time = 1521198979.7590642
injection-file = /work/shashwat.singh/Prospects-of-LGWs/unlens/injection.hdf

[global]
instruments = H1 V1 L1 I1 K1
mass1_ref = 30.000000002921748
mass2_ref = 30.00000000203875
minchirp = 26.116416901042907
maxchirp = 26.116616901042907
mincov = 44477104391.31142
maxcov = 4447710439131.142
