
[data]
trigger-time = 1739742298.8626084
injection-file = /work/shashwat.singh/Prospects-of-LGWs/unlens/injection.hdf

[global]
instruments = H1 V1 L1 I1 K1
mass1_ref = 30.000000005053174
mass2_ref = 30.000000005563646
minchirp = 26.116416903504966
maxchirp = 26.116616903504966
mincov = 197343530.56347963
maxcov = 19734353056.347965
