
[data]
trigger-time = 1903723844.975727
injection-file = /work/shashwat.singh/Prospects-of-LGWs/unlens/injection.hdf

[global]
instruments = H1 V1 L1 I1 K1
mass1_ref = 30.000000006937437
mass2_ref = 30.000000006933835
minchirp = 26.116416904921547
maxchirp = 26.116616904921546
mincov = 5853518450.242847
maxcov = 585351845024.2848
