
[data]
trigger-time = 1385315494.930547
injection-file = /work/shashwat.singh/Prospects-of-LGWs/unlens/injection.hdf

[global]
instruments = H1 V1 L1 I1 K1
mass1_ref = 30.000000004427235
mass2_ref = 30.000000000845308
minchirp = 26.11641690117873
maxchirp = 26.11661690117873
mincov = 14284695211.168741
maxcov = 1428469521116.874
