
[data]
trigger-time = 1786380315.7080524
injection-file = /work/shashwat.singh/Prospects-of-LGWs/unlens/injection.hdf

[global]
instruments = H1 V1 L1 I1 K1
mass1_ref = 30.0000000038339
mass2_ref = 30.00000000524299
minchirp = 26.116416902834672
maxchirp = 26.11661690283467
mincov = 918210013.8448719
maxcov = 91821001384.48718
