
[data]
trigger-time = 1392126996.3802488
injection-file = /work/shashwat.singh/Prospects-of-LGWs/unlens/injection.hdf

[global]
instruments = H1 V1 L1 I1 K1
mass1_ref = 30.000000000231253
mass2_ref = 30.000000000816282
minchirp = 26.116416899339693
maxchirp = 26.116616899339693
mincov = 73011311.65069017
maxcov = 7301131165.069017
