
[data]
trigger-time = 1450331069.097471
injection-file = /work/shashwat.singh/Prospects-of-LGWs/unlens/injection.hdf

[global]
instruments = H1 V1 L1 I1 K1
mass1_ref = 30.000000003129568
mass2_ref = 30.000000006011557
minchirp = 26.11641690286263
maxchirp = 26.116616902862628
mincov = 2225674312.3331923
maxcov = 222567431233.31924
