
[data]
trigger-time = 1225177856.4849925
injection-file = /work/shashwat.singh/Prospects-of-LGWs/unlens/injection.hdf

[global]
instruments = H1 V1 L1 I1 K1
mass1_ref = 30.000000002950767
mass2_ref = 30.000000000145256
minchirp = 26.116416900231346
maxchirp = 26.116616900231346
mincov = 19650755326.863102
maxcov = 1965075532686.31
