
[data]
trigger-time = 1848685236.068159
injection-file = /work/shashwat.singh/Prospects-of-LGWs/unlens/injection.hdf

[global]
instruments = H1 V1 L1 I1 K1
mass1_ref = 30.000000001060315
mass2_ref = 30.000000002361
minchirp = 26.116416900372936
maxchirp = 26.116616900372936
mincov = 32276820128.65401
maxcov = 3227682012865.401
