
[data]
trigger-time = 1792741044.4188046
injection-file = /work/shashwat.singh/Prospects-of-LGWs/unlens/injection.hdf

[global]
instruments = H1 V1 L1 I1 K1
mass1_ref = 30.000000002675296
mass2_ref = 30.000000003287298
minchirp = 26.116416901479095
maxchirp = 26.116616901479095
mincov = 50867026698.33803
maxcov = 5086702669833.803
