
[data]
trigger-time = 1787315337.9424782
injection-file = /work/shashwat.singh/Prospects-of-LGWs/unlens/injection.hdf

[global]
instruments = H1 V1 L1 I1 K1
mass1_ref = 30.00000000320657
mass2_ref = 30.000000002903683
minchirp = 26.116416901543367
maxchirp = 26.116616901543367
mincov = 56274179142.54126
maxcov = 5627417914254.126
