
[data]
trigger-time = 1629984241.1837
injection-file = /work/shashwat.singh/Prospects-of-LGWs/unlens/injection.hdf

[global]
instruments = H1 V1 L1 I1 K1
mass1_ref = 30.000000000475996
mass2_ref = 30.000000001666265
minchirp = 26.116416899816198
maxchirp = 26.116616899816197
mincov = 16596362673.348837
maxcov = 1659636267334.8838
