
[data]
trigger-time = 1702480896.735588
injection-file = /work/shashwat.singh/Prospects-of-LGWs/unlens/injection.hdf

[global]
instruments = H1 V1 L1 I1 K1
mass1_ref = 30.000000002496314
mass2_ref = 30.00000000712013
minchirp = 26.116416903069524
maxchirp = 26.116616903069524
mincov = 26906749835.510075
maxcov = 2690674983551.0073
