
[data]
trigger-time = 1165805690.3294926
injection-file = /work/shashwat.singh/Prospects-of-LGWs/unlens/injection.hdf

[global]
instruments = H1 V1 L1 I1 K1
mass1_ref = 30.000000002123386
mass2_ref = 30.000000008639315
minchirp = 26.116416903568464
maxchirp = 26.116616903568463
mincov = 12051554745.790012
maxcov = 1205155474579.0012
