
[data]
trigger-time = 1181117765.0425136
injection-file = /work/shashwat.singh/Prospects-of-LGWs/unlens/injection.hdf

[global]
instruments = H1 V1 L1 I1 K1
mass1_ref = 30.000000009279265
mass2_ref = 30.000000002895128
minchirp = 26.116416904182937
maxchirp = 26.116616904182937
mincov = 17099375941.640106
maxcov = 1709937594164.0107
