
[data]
trigger-time = 1411606374.5712636
injection-file = /work/shashwat.singh/Prospects-of-LGWs/unlens/injection.hdf

[global]
instruments = H1 V1 L1 I1 K1
mass1_ref = 30.000000009040534
mass2_ref = 30.000000002414442
minchirp = 26.116416903869794
maxchirp = 26.116616903869794
mincov = 5374970043.088839
maxcov = 537497004308.8839
