
[data]
trigger-time = 1478191113.4815733
injection-file = /work/shashwat.singh/Prospects-of-LGWs/unlens/injection.hdf

[global]
instruments = H1 V1 L1 I1 K1
mass1_ref = 30.00000000239815
mass2_ref = 30.00000000819728
minchirp = 26.11641690349565
maxchirp = 26.11661690349565
mincov = 25847500728.67324
maxcov = 2584750072867.3237
