
[data]
trigger-time = 1564691472.8212209
injection-file = /work/shashwat.singh/Prospects-of-LGWs/unlens/injection.hdf

[global]
instruments = H1 V1 L1 I1 K1
mass1_ref = 30.00000000845639
mass2_ref = 30.000000006222933
minchirp = 26.11641690527327
maxchirp = 26.11661690527327
mincov = 20587242452.530113
maxcov = 2058724245253.0112
