
[data]
trigger-time = 1253117106.3816147
injection-file = /work/shashwat.singh/Prospects-of-LGWs/unlens/injection.hdf

[global]
instruments = H1 V1 L1 I1 K1
mass1_ref = 30.000000005229214
mass2_ref = 30.000000003691213
minchirp = 26.116416902766566
maxchirp = 26.116616902766566
mincov = 22555049833.39481
maxcov = 2255504983339.481
