
[data]
trigger-time = 1539435395.7205765
injection-file = /work/shashwat.singh/Prospects-of-LGWs/unlens/injection.hdf

[global]
instruments = H1 V1 L1 I1 K1
mass1_ref = 30.000000005548756
mass2_ref = 30.000000009078743
minchirp = 26.116416905250713
maxchirp = 26.116616905250712
mincov = 1603123603.5416296
maxcov = 160312360354.16296
