
[data]
trigger-time = 1829810649.6768107
injection-file = /work/shashwat.singh/Prospects-of-LGWs/unlens/injection.hdf

[global]
instruments = H1 V1 L1 I1 K1
mass1_ref = 30.000000009465154
mass2_ref = 30.000000000417373
minchirp = 26.116416903185343
maxchirp = 26.116616903185342
mincov = 967282150.9276949
maxcov = 96728215092.76949
