
[data]
trigger-time = 1011721284.22683
injection-file = /work/shashwat.singh/Prospects-of-LGWs/unlens/injection.hdf

[global]
instruments = H1 V1 L1 I1 K1
mass1_ref = 30.000000009483234
mass2_ref = 30.00000000077602
minchirp = 26.116416903349325
maxchirp = 26.116616903349325
mincov = 58748372605.01272
maxcov = 5874837260501.271
