
[data]
trigger-time = 1302924903.5441427
injection-file = /work/shashwat.singh/Prospects-of-LGWs/unlens/injection.hdf

[global]
instruments = H1 V1 L1 I1 K1
mass1_ref = 30.000000002442704
mass2_ref = 30.000000005937718
minchirp = 26.116416902531515
maxchirp = 26.116616902531515
mincov = 2140108886.1409607
maxcov = 214010888614.09607
