
[data]
trigger-time = 1234197137.5751307
injection-file = /work/shashwat.singh/Prospects-of-LGWs/unlens/injection.hdf

[global]
instruments = H1 V1 L1 I1 K1
mass1_ref = 30.000000009376436
mass2_ref = 30.000000007543544
minchirp = 26.116416906248574
maxchirp = 26.116616906248574
mincov = 39720123319.744354
maxcov = 3972012331974.4355
