
[data]
trigger-time = 1656737487.1199706
injection-file = /work/shashwat.singh/Prospects-of-LGWs/unlens/injection.hdf

[global]
instruments = H1 V1 L1 I1 K1
mass1_ref = 30.000000005129433
mass2_ref = 30.00000000490565
minchirp = 26.11641690325175
maxchirp = 26.11661690325175
mincov = 827648148.6611807
maxcov = 82764814866.11807
