
[data]
trigger-time = 1002682049.4458495
injection-file = /work/shashwat.singh/Prospects-of-LGWs/unlens/injection.hdf

[global]
instruments = H1 V1 L1 I1 K1
mass1_ref = 30.000000004684196
mass2_ref = 30.000000002184333
minchirp = 26.116416901873425
maxchirp = 26.116616901873424
mincov = 1181085947.3169105
maxcov = 118108594731.69106
