
[data]
trigger-time = 1547488136.7765
injection-file = /work/shashwat.singh/Prospects-of-LGWs/unlens/injection.hdf

[global]
instruments = H1 V1 L1 I1 K1
mass1_ref = 30.000000004269094
mass2_ref = 30.000000009660656
minchirp = 26.116416904947
maxchirp = 26.116616904946998
mincov = 1378001458.5659707
maxcov = 137800145856.59705
