
[data]
trigger-time = 1389146832.155365
injection-file = /work/shashwat.singh/Prospects-of-LGWs/unlens/injection.hdf

[global]
instruments = H1 V1 L1 I1 K1
mass1_ref = 30.000000009968677
mass2_ref = 30.0000000092111
minchirp = 26.116416907232207
maxchirp = 26.116616907232206
mincov = 16709566784.884064
maxcov = 1670956678488.4062
