
[data]
trigger-time = 1803985237.4303327
injection-file = /work/shashwat.singh/Prospects-of-LGWs/unlens/injection.hdf

[global]
instruments = H1 V1 L1 I1 K1
mass1_ref = 30.000000001770985
mass2_ref = 30.00000000455896
minchirp = 26.116416901638992
maxchirp = 26.11661690163899
mincov = 112478860923.58525
maxcov = 11247886092358.525
