
[data]
trigger-time = 1085513860.9497054
injection-file = /work/shashwat.singh/Prospects-of-LGWs/unlens/injection.hdf

[global]
instruments = H1 V1 L1 I1 K1
mass1_ref = 30.00000000991387
mass2_ref = 30.00000000873888
minchirp = 26.116416907002804
maxchirp = 26.116616907002804
mincov = 27297866936.587566
maxcov = 2729786693658.757
