
[data]
trigger-time = 1681986551.6269207
injection-file = /work/shashwat.singh/Prospects-of-LGWs/unlens/injection.hdf

[global]
instruments = H1 V1 L1 I1 K1
mass1_ref = 30.000000000111278
mass2_ref = 30.000000002962796
minchirp = 26.116416900221793
maxchirp = 26.116616900221793
mincov = 368570843.0655121
maxcov = 36857084306.551216
