
[data]
trigger-time = 1751861650.0366416
injection-file = /work/shashwat.singh/Prospects-of-LGWs/unlens/injection.hdf

[global]
instruments = H1 V1 L1 I1 K1
mass1_ref = 30.000000002152618
mass2_ref = 30.000000005264425
minchirp = 26.116416902112178
maxchirp = 26.116616902112177
mincov = 75523287496.23811
maxcov = 7552328749623.811
