
[data]
trigger-time = 1834575523.7989013
injection-file = /work/shashwat.singh/Prospects-of-LGWs/unlens/injection.hdf

[global]
instruments = H1 V1 L1 I1 K1
mass1_ref = 30.000000002987566
mass2_ref = 30.00000000944982
minchirp = 26.116416904297413
maxchirp = 26.116616904297413
mincov = 4913756746.721071
maxcov = 491375674672.1072
