
[data]
trigger-time = 1280781107.9580233
injection-file = /work/shashwat.singh/Prospects-of-LGWs/unlens/injection.hdf

[global]
instruments = H1 V1 L1 I1 K1
mass1_ref = 30.000000004927156
mass2_ref = 30.00000000053106
minchirp = 26.11641690125955
maxchirp = 26.11661690125955
mincov = 54326213965.126434
maxcov = 5432621396512.644
