
[data]
trigger-time = 1750760843.1871657
injection-file = /work/shashwat.singh/Prospects-of-LGWs/unlens/injection.hdf

[global]
instruments = H1 V1 L1 I1 K1
mass1_ref = 30.000000009777388
mass2_ref = 30.000000004940016
minchirp = 26.11641690528985
maxchirp = 26.11661690528985
mincov = 29205396138.542255
maxcov = 2920539613854.2256
