
[data]
trigger-time = 1455812846.4018507
injection-file = /work/shashwat.singh/Prospects-of-LGWs/unlens/injection.hdf

[global]
instruments = H1 V1 L1 I1 K1
mass1_ref = 30.000000005634156
mass2_ref = 30.000000008214833
minchirp = 26.116416904911848
maxchirp = 26.116616904911847
mincov = 239359815.83208212
maxcov = 23935981583.208214
