
[data]
trigger-time = 1326835579.0153
injection-file = /work/shashwat.singh/Prospects-of-LGWs/unlens/injection.hdf

[global]
instruments = H1 V1 L1 I1 K1
mass1_ref = 30.000000008104134
mass2_ref = 30.000000000591836
minchirp = 26.116416902668863
maxchirp = 26.116616902668863
mincov = 24012829.44674533
maxcov = 2401282944.674533
