
[data]
trigger-time = 1400679547.9399123
injection-file = /work/shashwat.singh/Prospects-of-LGWs/unlens/injection.hdf

[global]
instruments = H1 V1 L1 I1 K1
mass1_ref = 30.00000000105423
mass2_ref = 30.000000001050857
minchirp = 26.11641689980002
maxchirp = 26.116616899800018
mincov = 37004947538.61766
maxcov = 3700494753861.7656
