
[data]
trigger-time = 1194562745.4207015
injection-file = /work/shashwat.singh/Prospects-of-LGWs/unlens/injection.hdf

[global]
instruments = H1 V1 L1 I1 K1
mass1_ref = 30.00000000539958
mass2_ref = 30.00000000005088
minchirp = 26.116416901256173
maxchirp = 26.116616901256172
mincov = 15899063157.450897
maxcov = 1589906315745.0898
