
[data]
trigger-time = 1455389468.457097
injection-file = /work/shashwat.singh/Prospects-of-LGWs/unlens/injection.hdf

[global]
instruments = H1 V1 L1 I1 K1
mass1_ref = 30.000000001901274
mass2_ref = 30.00000000648326
minchirp = 26.116416902533302
maxchirp = 26.116616902533302
mincov = 2866242808.9345956
maxcov = 286624280893.45953
