
[data]
trigger-time = 1710360349.1519928
injection-file = /work/shashwat.singh/Prospects-of-LGWs/unlens/injection.hdf

[global]
instruments = H1 V1 L1 I1 K1
mass1_ref = 30.000000003013866
mass2_ref = 30.000000008632917
minchirp = 26.11641690395328
maxchirp = 26.11661690395328
mincov = 288217690.78387874
maxcov = 28821769078.387875
