
[data]
trigger-time = 1164961807.2027917
injection-file = /work/shashwat.singh/Prospects-of-LGWs/unlens/injection.hdf

[global]
instruments = H1 V1 L1 I1 K1
mass1_ref = 30.000000003382397
mass2_ref = 30.000000009348835
minchirp = 26.116416904425314
maxchirp = 26.116616904425314
mincov = 25139539626.378155
maxcov = 2513953962637.8154
