
[data]
trigger-time = 1703673301.1118383
injection-file = /work/shashwat.singh/Prospects-of-LGWs/unlens/injection.hdf

[global]
instruments = H1 V1 L1 I1 K1
mass1_ref = 30.000000000841272
mass2_ref = 30.000000008316185
minchirp = 26.11641690286974
maxchirp = 26.11661690286974
mincov = 11987713949.815506
maxcov = 1198771394981.5505
