
[data]
trigger-time = 1992593958.3874555
injection-file = /work/shashwat.singh/Prospects-of-LGWs/unlens/injection.hdf

[global]
instruments = H1 V1 L1 I1 K1
mass1_ref = 30.00000000129511
mass2_ref = 30.000000004998313
minchirp = 26.116416901623097
maxchirp = 26.116616901623097
mincov = 25215309689.524784
maxcov = 2521530968952.4785
