
[data]
trigger-time = 1417125017.0582647
injection-file = /work/shashwat.singh/Prospects-of-LGWs/unlens/injection.hdf

[global]
instruments = H1 V1 L1 I1 K1
mass1_ref = 30.000000001014275
mass2_ref = 30.000000000537998
minchirp = 26.11641689955939
maxchirp = 26.11661689955939
mincov = 34104577234.097374
maxcov = 3410457723409.7373
