
[data]
trigger-time = 1329493352.904779
injection-file = /work/shashwat.singh/Prospects-of-LGWs/unlens/injection.hdf

[global]
instruments = H1 V1 L1 I1 K1
mass1_ref = 30.00000000095884
mass2_ref = 30.000000008045383
minchirp = 26.116416902803042
maxchirp = 26.11661690280304
mincov = 23174624828.32185
maxcov = 2317462482832.185
