
[data]
trigger-time = 1857612798.9485724
injection-file = /work/shashwat.singh/Prospects-of-LGWs/unlens/injection.hdf

[global]
instruments = H1 V1 L1 I1 K1
mass1_ref = 30.000000000949807
mass2_ref = 30.000000001370655
minchirp = 26.116416899893764
maxchirp = 26.116616899893764
mincov = 4686368653.214379
maxcov = 468636865321.4379
