
[data]
trigger-time = 1722544771.4039469
injection-file = /work/shashwat.singh/Prospects-of-LGWs/unlens/injection.hdf

[global]
instruments = H1 V1 L1 I1 K1
mass1_ref = 30.00000000923404
mass2_ref = 30.000000007503793
minchirp = 26.11641690616929
maxchirp = 26.11661690616929
mincov = 14191599596.15211
maxcov = 1419159959615.211
