
[data]
trigger-time = 1956900123.792869
injection-file = /work/shashwat.singh/Prospects-of-LGWs/unlens/injection.hdf

[global]
instruments = H1 V1 L1 I1 K1
mass1_ref = 30.0000000065524
mass2_ref = 30.000000000828937
minchirp = 26.11641690209664
maxchirp = 26.116616902096638
mincov = 19561758684.49465
maxcov = 1956175868449.465
