
[data]
trigger-time = 1990975242.197537
injection-file = /work/shashwat.singh/Prospects-of-LGWs/unlens/injection.hdf

[global]
instruments = H1 V1 L1 I1 K1
mass1_ref = 30.00000000955202
mass2_ref = 30.000000001453632
minchirp = 26.116416903674214
maxchirp = 26.116616903674213
mincov = 2432224030.5531497
maxcov = 243222403055.31497
