
[data]
trigger-time = 1099672805.932571
injection-file = /work/shashwat.singh/Prospects-of-LGWs/unlens/injection.hdf

[global]
instruments = H1 V1 L1 I1 K1
mass1_ref = 30.000000001165553
mass2_ref = 30.000000004094705
minchirp = 26.116416901173388
maxchirp = 26.116616901173387
mincov = 10914115171.90269
maxcov = 1091411517190.2692
