
[data]
trigger-time = 1592866269.9547672
injection-file = /work/shashwat.singh/Prospects-of-LGWs/unlens/injection.hdf

[global]
instruments = H1 V1 L1 I1 K1
mass1_ref = 30.0000000057938
mass2_ref = 30.0000000094688
minchirp = 26.116416905527156
maxchirp = 26.116616905527156
mincov = 5262197788.976874
maxcov = 526219778897.68744
