
[data]
trigger-time = 1408784663.3726633
injection-file = /work/shashwat.singh/Prospects-of-LGWs/unlens/injection.hdf

[global]
instruments = H1 V1 L1 I1 K1
mass1_ref = 30.0000000046696
mass2_ref = 30.000000008130147
minchirp = 26.116416904455136
maxchirp = 26.116616904455135
mincov = 23822062145.943527
maxcov = 2382206214594.3525
