
[data]
trigger-time = 1242034528.8283424
injection-file = /work/shashwat.singh/Prospects-of-LGWs/unlens/injection.hdf

[global]
instruments = H1 V1 L1 I1 K1
mass1_ref = 30.000000007197198
mass2_ref = 30.00000000058477
minchirp = 26.116416902271023
maxchirp = 26.116616902271023
mincov = 4403050713.292349
maxcov = 440305071329.23486
