
[data]
trigger-time = 1199921183.132624
injection-file = /work/shashwat.singh/Prospects-of-LGWs/unlens/injection.hdf

[global]
instruments = H1 V1 L1 I1 K1
mass1_ref = 30.000000001990728
mass2_ref = 30.00000000286507
minchirp = 26.116416900997333
maxchirp = 26.116616900997332
mincov = 6991152184.132673
maxcov = 699115218413.2673
