
[data]
trigger-time = 1612362137.348463
injection-file = /work/shashwat.singh/Prospects-of-LGWs/unlens/injection.hdf

[global]
instruments = H1 V1 L1 I1 K1
mass1_ref = 30.000000007676203
mass2_ref = 30.000000005834305
minchirp = 26.116416904764513
maxchirp = 26.116616904764513
mincov = 25744847179.848335
maxcov = 2574484717984.8335
