
[data]
trigger-time = 1052096874.84091
injection-file = /work/shashwat.singh/Prospects-of-LGWs/unlens/injection.hdf

[global]
instruments = H1 V1 L1 I1 K1
mass1_ref = 30.000000000792063
mass2_ref = 30.000000000231232
minchirp = 26.11641689932914
maxchirp = 26.116616899329138
mincov = 83050654935.70078
maxcov = 8305065493570.078
