
[data]
trigger-time = 1358921574.692407
injection-file = /work/shashwat.singh/Prospects-of-LGWs/unlens/injection.hdf

[global]
instruments = H1 V1 L1 I1 K1
mass1_ref = 30.000000005399905
mass2_ref = 30.000000006828085
minchirp = 26.116416904206268
maxchirp = 26.116616904206268
mincov = 34421204962.23217
maxcov = 3442120496223.2173
