
[data]
trigger-time = 1531495252.2455847
injection-file = /work/shashwat.singh/Prospects-of-LGWs/unlens/injection.hdf

[global]
instruments = H1 V1 L1 I1 K1
mass1_ref = 30.000000003053064
mass2_ref = 30.000000009550607
minchirp = 26.11641690436979
maxchirp = 26.11661690436979
mincov = 13447807597.43532
maxcov = 1344780759743.532
