
[data]
trigger-time = 1771037021.3856373
injection-file = /work/shashwat.singh/Prospects-of-LGWs/unlens/injection.hdf

[global]
instruments = H1 V1 L1 I1 K1
mass1_ref = 30.00000000003737
mass2_ref = 30.000000009659182
minchirp = 26.11641690310439
maxchirp = 26.11661690310439
mincov = 14330703.206925547
maxcov = 1433070320.6925547
