
[data]
trigger-time = 1861581969.2445812
injection-file = /work/shashwat.singh/Prospects-of-LGWs/unlens/injection.hdf

[global]
instruments = H1 V1 L1 I1 K1
mass1_ref = 30.000000008138752
mass2_ref = 30.000000000136403
minchirp = 26.116416902485696
maxchirp = 26.116616902485696
mincov = 149952479.73746628
maxcov = 14995247973.746628
