
[data]
trigger-time = 1137320732.7956862
injection-file = /work/shashwat.singh/Prospects-of-LGWs/unlens/injection.hdf

[global]
instruments = H1 V1 L1 I1 K1
mass1_ref = 30.0000000004829
mass2_ref = 30.000000005506507
minchirp = 26.116416901490766
maxchirp = 26.116616901490765
mincov = 1436869607.559113
maxcov = 143686960755.9113
