
[data]
trigger-time = 1572616518.5078082
injection-file = /work/shashwat.singh/Prospects-of-LGWs/unlens/injection.hdf

[global]
instruments = H1 V1 L1 I1 K1
mass1_ref = 30.00000000046494
mass2_ref = 30.00000000076071
minchirp = 26.11641689941722
maxchirp = 26.11661689941722
mincov = 3510550404.0753746
maxcov = 351055040407.5375
