
[data]
trigger-time = 1650604649.8286457
injection-file = /work/shashwat.singh/Prospects-of-LGWs/unlens/injection.hdf

[global]
instruments = H1 V1 L1 I1 K1
mass1_ref = 30.00000000291601
mass2_ref = 30.000000004729873
minchirp = 26.11641690221179
maxchirp = 26.11661690221179
mincov = 43002509803.39843
maxcov = 4300250980339.8433
