
[data]
trigger-time = 1578473036.7452435
injection-file = /work/shashwat.singh/Prospects-of-LGWs/unlens/injection.hdf

[global]
instruments = H1 V1 L1 I1 K1
mass1_ref = 30.000000003820457
mass2_ref = 30.00000000586292
minchirp = 26.116416903098656
maxchirp = 26.116616903098656
mincov = 44425059750.53058
maxcov = 4442505975053.058
