
[data]
trigger-time = 1855476068.5722585
injection-file = /work/shashwat.singh/Prospects-of-LGWs/unlens/injection.hdf

[global]
instruments = H1 V1 L1 I1 K1
mass1_ref = 30.00000000903182
mass2_ref = 30.000000004351318
minchirp = 26.116416904709073
maxchirp = 26.116616904709073
mincov = 139771995.04450932
maxcov = 13977199504.450932
