
[data]
trigger-time = 1770015597.1098764
injection-file = /work/shashwat.singh/Prospects-of-LGWs/unlens/injection.hdf

[global]
instruments = H1 V1 L1 I1 K1
mass1_ref = 30.000000000634625
mass2_ref = 30.00000000229198
minchirp = 26.116416900157603
maxchirp = 26.116616900157602
mincov = 71903531758.42505
maxcov = 7190353175842.505
