
[data]
trigger-time = 1505450812.9896398
injection-file = /work/shashwat.singh/Prospects-of-LGWs/unlens/injection.hdf

[global]
instruments = H1 V1 L1 I1 K1
mass1_ref = 30.000000002971795
mass2_ref = 30.000000003045603
minchirp = 26.11641690150295
maxchirp = 26.11661690150295
mincov = 6991625108.480249
maxcov = 699162510848.0249
