
[data]
trigger-time = 1335657448.257158
injection-file = /work/shashwat.singh/Prospects-of-LGWs/unlens/injection.hdf

[global]
instruments = H1 V1 L1 I1 K1
mass1_ref = 30.00000000102281
mass2_ref = 30.00000000896833
minchirp = 26.116416903232622
maxchirp = 26.11661690323262
mincov = 33100742283.34613
maxcov = 3310074228334.6133
