
[data]
trigger-time = 1676704940.5261712
injection-file = /work/shashwat.singh/Prospects-of-LGWs/unlens/injection.hdf

[global]
instruments = H1 V1 L1 I1 K1
mass1_ref = 30.000000005144113
mass2_ref = 30.000000009782212
minchirp = 26.116416905380785
maxchirp = 26.116616905380784
mincov = 7762403464.3990345
maxcov = 776240346439.9034
