
[data]
trigger-time = 1316704712.3100774
injection-file = /work/shashwat.singh/Prospects-of-LGWs/unlens/injection.hdf

[global]
instruments = H1 V1 L1 I1 K1
mass1_ref = 30.00000000532342
mass2_ref = 30.000000008534755
minchirp = 26.116416904915845
maxchirp = 26.116616904915844
mincov = 209360727.2194024
maxcov = 20936072721.94024
