
[data]
trigger-time = 1427045742.0685453
injection-file = /work/shashwat.singh/Prospects-of-LGWs/unlens/injection.hdf

[global]
instruments = H1 V1 L1 I1 K1
mass1_ref = 30.000000006157677
mass2_ref = 30.000000006138045
minchirp = 26.11641690423575
maxchirp = 26.116616904235748
mincov = 39884463684.263535
maxcov = 3988446368426.353
