
[data]
trigger-time = 1570397144.0951653
injection-file = /work/shashwat.singh/Prospects-of-LGWs/unlens/injection.hdf

[global]
instruments = H1 V1 L1 I1 K1
mass1_ref = 30.000000008277638
mass2_ref = 30.000000007496464
minchirp = 26.1164169057498
maxchirp = 26.1166169057498
mincov = 304170514.09281063
maxcov = 30417051409.281063
