
[data]
trigger-time = 1223505858.2232516
injection-file = /work/shashwat.singh/Prospects-of-LGWs/unlens/injection.hdf

[global]
instruments = H1 V1 L1 I1 K1
mass1_ref = 30.000000006997574
mass2_ref = 30.000000008367298
minchirp = 26.116416905571675
maxchirp = 26.116616905571675
mincov = 45359511231.161896
maxcov = 4535951123116.189
