
[data]
trigger-time = 1660593807.4993706
injection-file = /work/shashwat.singh/Prospects-of-LGWs/unlens/injection.hdf

[global]
instruments = H1 V1 L1 I1 K1
mass1_ref = 30.000000007388202
mass2_ref = 30.000000003881954
minchirp = 26.116416903789347
maxchirp = 26.116616903789346
mincov = 5980424896.534356
maxcov = 598042489653.4355
