
[data]
trigger-time = 1941059045.6853898
injection-file = /work/shashwat.singh/Prospects-of-LGWs/unlens/injection.hdf

[global]
instruments = H1 V1 L1 I1 K1
mass1_ref = 30.00000000229634
mass2_ref = 30.000000006857626
minchirp = 26.11641690286822
maxchirp = 26.11661690286822
mincov = 33327550095.341637
maxcov = 3332755009534.164
