
[data]
trigger-time = 1695627732.4216847
injection-file = /work/shashwat.singh/Prospects-of-LGWs/unlens/injection.hdf

[global]
instruments = H1 V1 L1 I1 K1
mass1_ref = 30.000000003072333
mass2_ref = 30.000000001203773
minchirp = 26.11641690074501
maxchirp = 26.116616900745008
mincov = 15366312781.210794
maxcov = 1536631278121.0793
