
[data]
trigger-time = 1072163571.3814528
injection-file = /work/shashwat.singh/Prospects-of-LGWs/unlens/injection.hdf

[global]
instruments = H1 V1 L1 I1 K1
mass1_ref = 30.000000004456226
mass2_ref = 30.000000001408694
minchirp = 26.11641690143658
maxchirp = 26.11661690143658
mincov = 2239460247.729802
maxcov = 223946024772.9802
