
[data]
trigger-time = 1115753713.0349162
injection-file = /work/shashwat.singh/Prospects-of-LGWs/unlens/injection.hdf

[global]
instruments = H1 V1 L1 I1 K1
mass1_ref = 30.000000000887763
mass2_ref = 30.00000000407476
minchirp = 26.116416901043788
maxchirp = 26.116616901043788
mincov = 16766330029.054922
maxcov = 1676633002905.4922
