
[data]
trigger-time = 1335353746.982266
injection-file = /work/shashwat.singh/Prospects-of-LGWs/unlens/injection.hdf

[global]
instruments = H1 V1 L1 I1 K1
mass1_ref = 30.000000003615597
mass2_ref = 30.000000006273634
minchirp = 26.116416903188263
maxchirp = 26.116616903188262
mincov = 50538713874.849464
maxcov = 5053871387484.946
