
[data]
trigger-time = 1206599349.859712
injection-file = /work/shashwat.singh/Prospects-of-LGWs/unlens/injection.hdf

[global]
instruments = H1 V1 L1 I1 K1
mass1_ref = 30.000000000898293
mass2_ref = 30.00000000128504
minchirp = 26.116416899834075
maxchirp = 26.116616899834074
mincov = 479338254.7149665
maxcov = 47933825471.49665
