
[data]
trigger-time = 1998992856.7067919
injection-file = /work/shashwat.singh/Prospects-of-LGWs/unlens/injection.hdf

[global]
instruments = H1 V1 L1 I1 K1
mass1_ref = 30.000000009887664
mass2_ref = 30.000000003908944
minchirp = 26.116416904889046
maxchirp = 26.116616904889046
mincov = 21658728794.85277
maxcov = 2165872879485.277
