
[data]
trigger-time = 1609104283.5290139
injection-file = /work/shashwat.singh/Prospects-of-LGWs/unlens/injection.hdf

[global]
instruments = H1 V1 L1 I1 K1
mass1_ref = 30.00000000146572
mass2_ref = 30.000000002375725
minchirp = 26.116416900555812
maxchirp = 26.11661690055581
mincov = 52400118371.36455
maxcov = 5240011837136.454
