
[data]
trigger-time = 1644270041.1335244
injection-file = /work/shashwat.singh/Prospects-of-LGWs/unlens/injection.hdf

[global]
instruments = H1 V1 L1 I1 K1
mass1_ref = 30.000000007562676
mass2_ref = 30.000000000884622
minchirp = 26.116416902560626
maxchirp = 26.116616902560626
mincov = 68936638577.71297
maxcov = 6893663857771.297
