
[data]
trigger-time = 1913458679.4842966
injection-file = /work/shashwat.singh/Prospects-of-LGWs/unlens/injection.hdf

[global]
instruments = H1 V1 L1 I1 K1
mass1_ref = 30.000000003791634
mass2_ref = 30.00000000894831
minchirp = 26.11641690442911
maxchirp = 26.116616904429108
mincov = 66134830643.28416
maxcov = 6613483064328.416
