
[data]
trigger-time = 1848687519.265501
injection-file = /work/shashwat.singh/Prospects-of-LGWs/unlens/injection.hdf

[global]
instruments = H1 V1 L1 I1 K1
mass1_ref = 30.00000000009454
mass2_ref = 30.000000006159134
minchirp = 26.116416901605795
maxchirp = 26.116616901605795
mincov = 9407740399.820797
maxcov = 940774039982.0796
