
[data]
trigger-time = 1318745626.0978036
injection-file = /work/shashwat.singh/Prospects-of-LGWs/unlens/injection.hdf

[global]
instruments = H1 V1 L1 I1 K1
mass1_ref = 30.000000008506444
mass2_ref = 30.000000004240853
minchirp = 26.11641690443231
maxchirp = 26.11661690443231
mincov = 284968978.82642967
maxcov = 28496897882.642967
