
[data]
trigger-time = 1089861780.8408976
injection-file = /work/shashwat.singh/Prospects-of-LGWs/unlens/injection.hdf

[global]
instruments = H1 V1 L1 I1 K1
mass1_ref = 30.00000000398722
mass2_ref = 30.000000009045593
minchirp = 26.116416904556587
maxchirp = 26.116616904556587
mincov = 17330352730.11039
maxcov = 1733035273011.0388
