
[data]
trigger-time = 1627110122.6500356
injection-file = /work/shashwat.singh/Prospects-of-LGWs/unlens/injection.hdf

[global]
instruments = H1 V1 L1 I1 K1
mass1_ref = 30.000000002080842
mass2_ref = 30.00000000839352
minchirp = 26.116416903442957
maxchirp = 26.116616903442956
mincov = 7712184675.660736
maxcov = 771218467566.0736
