
[data]
trigger-time = 1162439307.2415392
injection-file = /work/shashwat.singh/Prospects-of-LGWs/unlens/injection.hdf

[global]
instruments = H1 V1 L1 I1 K1
mass1_ref = 30.000000002063004
mass2_ref = 30.000000007416755
minchirp = 26.11641690301003
maxchirp = 26.11661690301003
mincov = 68546073032.96265
maxcov = 6854607303296.265
