
[data]
trigger-time = 1452874313.5456738
injection-file = /work/shashwat.singh/Prospects-of-LGWs/unlens/injection.hdf

[global]
instruments = H1 V1 L1 I1 K1
mass1_ref = 30.000000008698816
mass2_ref = 30.000000004172865
minchirp = 26.11641690448645
maxchirp = 26.11661690448645
mincov = 32127091580.756813
maxcov = 3212709158075.681
