
[data]
trigger-time = 1715264085.8669755
injection-file = /work/shashwat.singh/Prospects-of-LGWs/unlens/injection.hdf

[global]
instruments = H1 V1 L1 I1 K1
mass1_ref = 30.000000006804022
mass2_ref = 30.0000000062576
minchirp = 26.116416904569125
maxchirp = 26.116616904569124
mincov = 30953056164.320915
maxcov = 3095305616432.092
