
[data]
trigger-time = 1842069797.064441
injection-file = /work/shashwat.singh/Prospects-of-LGWs/unlens/injection.hdf

[global]
instruments = H1 V1 L1 I1 K1
mass1_ref = 30.00000000036758
mass2_ref = 30.000000001575184
minchirp = 26.116416899729362
maxchirp = 26.11661689972936
mincov = 67970782294.44692
maxcov = 6797078229444.692
