
[data]
trigger-time = 1584517994.4761753
injection-file = /work/shashwat.singh/Prospects-of-LGWs/unlens/injection.hdf

[global]
instruments = H1 V1 L1 I1 K1
mass1_ref = 30.000000008553457
mass2_ref = 30.000000002632078
minchirp = 26.116416903752512
maxchirp = 26.11661690375251
mincov = 998871.5429486148
maxcov = 99887154.29486148
