
[data]
trigger-time = 1663597284.0867445
injection-file = /work/shashwat.singh/Prospects-of-LGWs/unlens/injection.hdf

[global]
instruments = H1 V1 L1 I1 K1
mass1_ref = 30.00000000857491
mass2_ref = 30.00000000395409
minchirp = 26.11641690433729
maxchirp = 26.116616904337288
mincov = 7038522871.030276
maxcov = 703852287103.0276
