
[data]
trigger-time = 1224411554.233637
injection-file = /work/shashwat.singh/Prospects-of-LGWs/unlens/injection.hdf

[global]
instruments = H1 V1 L1 I1 K1
mass1_ref = 30.00000000032062
mass2_ref = 30.000000002985157
minchirp = 26.116416900322648
maxchirp = 26.116616900322647
mincov = 39758741052.7455
maxcov = 3975874105274.55
