
[data]
trigger-time = 1679890625.6337676
injection-file = /work/shashwat.singh/Prospects-of-LGWs/unlens/injection.hdf

[global]
instruments = H1 V1 L1 I1 K1
mass1_ref = 30.000000000209667
mass2_ref = 30.00000000184465
minchirp = 26.11641689977792
maxchirp = 26.11661689977792
mincov = 64315679757.30211
maxcov = 6431567975730.211
