
[data]
trigger-time = 1946353789.8192835
injection-file = /work/shashwat.singh/Prospects-of-LGWs/unlens/injection.hdf

[global]
instruments = H1 V1 L1 I1 K1
mass1_ref = 30.00000000444519
mass2_ref = 30.00000000808567
minchirp = 26.1164169043381
maxchirp = 26.1166169043381
mincov = 132407235.229093
maxcov = 13240723522.9093
