
[data]
trigger-time = 1153258746.245141
injection-file = /work/shashwat.singh/Prospects-of-LGWs/unlens/injection.hdf

[global]
instruments = H1 V1 L1 I1 K1
mass1_ref = 30.000000000812822
mass2_ref = 30.00000000412409
minchirp = 26.11641690103264
maxchirp = 26.11661690103264
mincov = 99172687727.3154
maxcov = 9917268772731.54
