
[data]
trigger-time = 1713042159.241815
injection-file = /work/shashwat.singh/Prospects-of-LGWs/unlens/injection.hdf

[global]
instruments = H1 V1 L1 I1 K1
mass1_ref = 30.000000006516782
mass2_ref = 30.000000004565223
minchirp = 26.11641690370745
maxchirp = 26.11661690370745
mincov = 101914480735.59401
maxcov = 10191448073559.4
