
[data]
trigger-time = 1909811703.7829711
injection-file = /work/shashwat.singh/Prospects-of-LGWs/unlens/injection.hdf

[global]
instruments = H1 V1 L1 I1 K1
mass1_ref = 30.000000008824937
mass2_ref = 30.00000000087023
minchirp = 26.116416903103794
maxchirp = 26.116616903103793
mincov = 15351523469.73223
maxcov = 1535152346973.223
