
[data]
trigger-time = 1825324842.4636126
injection-file = /work/shashwat.singh/Prospects-of-LGWs/unlens/injection.hdf

[global]
instruments = H1 V1 L1 I1 K1
mass1_ref = 30.00000000346819
mass2_ref = 30.00000000898303
minchirp = 26.116416904303435
maxchirp = 26.116616904303434
mincov = 72252323819.44174
maxcov = 7225232381944.174
