
[data]
trigger-time = 1008850091.6493049
injection-file = /work/shashwat.singh/Prospects-of-LGWs/unlens/injection.hdf

[global]
instruments = H1 V1 L1 I1 K1
mass1_ref = 30.000000004802132
mass2_ref = 30.00000000836105
minchirp = 26.11641690461333
maxchirp = 26.11661690461333
mincov = 1955237750.181107
maxcov = 195523775018.1107
