
[data]
trigger-time = 1422854603.174038
injection-file = /work/shashwat.singh/Prospects-of-LGWs/unlens/injection.hdf

[global]
instruments = H1 V1 L1 I1 K1
mass1_ref = 30.000000004453035
mass2_ref = 30.000000001283137
minchirp = 26.11641690138054
maxchirp = 26.11661690138054
mincov = 82939271065.32185
maxcov = 8293927106532.186
