
[data]
trigger-time = 1922932111.998108
injection-file = /work/shashwat.singh/Prospects-of-LGWs/unlens/injection.hdf

[global]
instruments = H1 V1 L1 I1 K1
mass1_ref = 30.00000000845431
mass2_ref = 30.000000002329195
minchirp = 26.11641690357752
maxchirp = 26.11661690357752
mincov = 82651017.06541385
maxcov = 8265101706.541385
