
[data]
trigger-time = 1507717413.7658632
injection-file = /work/shashwat.singh/Prospects-of-LGWs/unlens/injection.hdf

[global]
instruments = H1 V1 L1 I1 K1
mass1_ref = 30.000000006512078
mass2_ref = 30.00000000270941
minchirp = 26.11641690289761
maxchirp = 26.116616902897608
mincov = 76599115391.32681
maxcov = 7659911539132.682
