
[data]
trigger-time = 1855133760.0742853
injection-file = /work/shashwat.singh/Prospects-of-LGWs/unlens/injection.hdf

[global]
instruments = H1 V1 L1 I1 K1
mass1_ref = 30.000000009087035
mass2_ref = 30.000000000337028
minchirp = 26.116416902985787
maxchirp = 26.116616902985786
mincov = 73265868801.52972
maxcov = 7326586880152.973
