
[data]
trigger-time = 1400221487.893886
injection-file = /work/shashwat.singh/Prospects-of-LGWs/unlens/injection.hdf

[global]
instruments = H1 V1 L1 I1 K1
mass1_ref = 30.000000003955325
mass2_ref = 30.000000004412563
minchirp = 26.116416902526062
maxchirp = 26.11661690252606
mincov = 81950993580.55038
maxcov = 8195099358055.039
