
[data]
trigger-time = 1733310351.2524781
injection-file = /work/shashwat.singh/Prospects-of-LGWs/unlens/injection.hdf

[global]
instruments = H1 V1 L1 I1 K1
mass1_ref = 30.000000000923116
mass2_ref = 30.000000006992217
minchirp = 26.11641690232907
maxchirp = 26.11661690232907
mincov = 14893615549.482403
maxcov = 1489361554948.2402
