
[data]
trigger-time = 1429392905.710873
injection-file = /work/shashwat.singh/Prospects-of-LGWs/unlens/injection.hdf

[global]
instruments = H1 V1 L1 I1 K1
mass1_ref = 30.000000005287315
mass2_ref = 30.00000000507079
minchirp = 26.116416903392352
maxchirp = 26.11661690339235
mincov = 701227344.3547822
maxcov = 70122734435.47823
