
[data]
trigger-time = 1021293185.354467
injection-file = /work/shashwat.singh/Prospects-of-LGWs/unlens/injection.hdf

[global]
instruments = H1 V1 L1 I1 K1
mass1_ref = 30.00000000297937
mass2_ref = 30.000000006783694
minchirp = 26.116416903133345
maxchirp = 26.116616903133345
mincov = 4100317953.60925
maxcov = 410031795360.925
