
[data]
trigger-time = 1869590783.830618
injection-file = /work/shashwat.singh/Prospects-of-LGWs/unlens/injection.hdf

[global]
instruments = H1 V1 L1 I1 K1
mass1_ref = 30.000000005299164
mass2_ref = 30.000000004709953
minchirp = 26.116416903240445
maxchirp = 26.116616903240445
mincov = 2757168371.6805983
maxcov = 275716837168.0598
