
[data]
trigger-time = 1745417418.4645188
injection-file = /work/shashwat.singh/Prospects-of-LGWs/unlens/injection.hdf

[global]
instruments = H1 V1 L1 I1 K1
mass1_ref = 30.000000005581995
mass2_ref = 30.000000002987253
minchirp = 26.116416902613707
maxchirp = 26.116616902613707
mincov = 11406596311.607098
maxcov = 1140659631160.71
