
[data]
trigger-time = 1091829796.878825
injection-file = /work/shashwat.singh/Prospects-of-LGWs/unlens/injection.hdf

[global]
instruments = H1 V1 L1 I1 K1
mass1_ref = 30.000000008009327
mass2_ref = 30.000000007250755
minchirp = 26.116416905526062
maxchirp = 26.11661690552606
mincov = 20468297748.888054
maxcov = 2046829774888.8052
