
[data]
trigger-time = 1118847668.519442
injection-file = /work/shashwat.singh/Prospects-of-LGWs/unlens/injection.hdf

[global]
instruments = H1 V1 L1 I1 K1
mass1_ref = 30.00000000577558
mass2_ref = 30.00000000512054
minchirp = 26.116416903626533
maxchirp = 26.116616903626532
mincov = 88171272055.9994
maxcov = 8817127205599.94
