
[data]
trigger-time = 1611907216.0601974
injection-file = /work/shashwat.singh/Prospects-of-LGWs/unlens/injection.hdf

[global]
instruments = H1 V1 L1 I1 K1
mass1_ref = 30.000000006305427
mass2_ref = 30.000000004280867
minchirp = 26.11641690349168
maxchirp = 26.11661690349168
mincov = 65568535966.73729
maxcov = 6556853596673.7295
