
[data]
trigger-time = 1358278205.579815
injection-file = /work/shashwat.singh/Prospects-of-LGWs/unlens/injection.hdf

[global]
instruments = H1 V1 L1 I1 K1
mass1_ref = 30.000000000515595
mass2_ref = 30.000000002141434
minchirp = 26.116416900040264
maxchirp = 26.116616900040263
mincov = 63121483219.89895
maxcov = 6312148321989.895
