
[data]
trigger-time = 1041310720.5107402
injection-file = /work/shashwat.singh/Prospects-of-LGWs/unlens/injection.hdf

[global]
instruments = H1 V1 L1 I1 K1
mass1_ref = 30.0000000034513
mass2_ref = 30.000000002909385
minchirp = 26.116416901652375
maxchirp = 26.116616901652375
mincov = 3524775480.5476356
maxcov = 352477548054.76355
