
[data]
trigger-time = 1029153539.0218178
injection-file = /work/shashwat.singh/Prospects-of-LGWs/unlens/injection.hdf

[global]
instruments = H1 V1 L1 I1 K1
mass1_ref = 30.00000000471923
mass2_ref = 30.000000002116266
minchirp = 26.116416901859047
maxchirp = 26.116616901859047
mincov = 14876771467.449429
maxcov = 1487677146744.9429
