
[data]
trigger-time = 1973611168.0941682
injection-file = /work/shashwat.singh/Prospects-of-LGWs/unlens/injection.hdf

[global]
instruments = H1 V1 L1 I1 K1
mass1_ref = 30.000000001929156
mass2_ref = 30.00000000755637
minchirp = 26.11641690301254
maxchirp = 26.116616903012538
mincov = 64195150759.60111
maxcov = 6419515075960.111
