
[data]
trigger-time = 1654100414.2466016
injection-file = /work/shashwat.singh/Prospects-of-LGWs/unlens/injection.hdf

[global]
instruments = H1 V1 L1 I1 K1
mass1_ref = 30.00000000705354
mass2_ref = 30.000000006287266
minchirp = 26.11641690469065
maxchirp = 26.11661690469065
mincov = 32708698579.465363
maxcov = 3270869857946.536
