
[data]
trigger-time = 1056047024.4787546
injection-file = /work/shashwat.singh/Prospects-of-LGWs/unlens/injection.hdf

[global]
instruments = H1 V1 L1 I1 K1
mass1_ref = 30.000000003456798
mass2_ref = 30.00000000432043
minchirp = 26.11641690226896
maxchirp = 26.11661690226896
mincov = 55935439.826989576
maxcov = 5593543982.698957
