
[data]
trigger-time = 1493394419.584099
injection-file = /work/shashwat.singh/Prospects-of-LGWs/unlens/injection.hdf

[global]
instruments = H1 V1 L1 I1 K1
mass1_ref = 30.000000001535486
mass2_ref = 30.000000003096222
minchirp = 26.116416900899793
maxchirp = 26.116616900899793
mincov = 1181187373.4929657
maxcov = 118118737349.29657
