
[data]
trigger-time = 1376458210.879558
injection-file = /work/shashwat.singh/Prospects-of-LGWs/unlens/injection.hdf

[global]
instruments = H1 V1 L1 I1 K1
mass1_ref = 30.000000006283354
mass2_ref = 30.000000009909098
minchirp = 26.1164169059319
maxchirp = 26.1166169059319
mincov = 7673692673.400644
maxcov = 767369267340.0645
