
[data]
trigger-time = 1163780496.40397
injection-file = /work/shashwat.singh/Prospects-of-LGWs/unlens/injection.hdf

[global]
instruments = H1 V1 L1 I1 K1
mass1_ref = 30.000000001628447
mass2_ref = 30.00000000228999
minchirp = 26.11641690058932
maxchirp = 26.11661690058932
mincov = 7221654359.998324
maxcov = 722165435999.8325
