
[data]
trigger-time = 1260856467.263182
injection-file = /work/shashwat.singh/Prospects-of-LGWs/unlens/injection.hdf

[global]
instruments = H1 V1 L1 I1 K1
mass1_ref = 30.00000000265643
mass2_ref = 30.000000000869317
minchirp = 26.116416900418397
maxchirp = 26.116616900418396
mincov = 76630126556.67056
maxcov = 7663012655667.057
