
[data]
trigger-time = 1914908874.7547073
injection-file = /work/shashwat.singh/Prospects-of-LGWs/unlens/injection.hdf

[global]
instruments = H1 V1 L1 I1 K1
mass1_ref = 30.00000000987269
mass2_ref = 30.000000002582613
minchirp = 26.116416904305208
maxchirp = 26.116616904305207
mincov = 30558249197.170643
maxcov = 3055824919717.0645
