
[data]
trigger-time = 1792665584.3259254
injection-file = /work/shashwat.singh/Prospects-of-LGWs/unlens/injection.hdf

[global]
instruments = H1 V1 L1 I1 K1
mass1_ref = 30.000000006667133
mass2_ref = 30.00000000174935
minchirp = 26.11641690254721
maxchirp = 26.11661690254721
mincov = 39770085592.21559
maxcov = 3977008559221.5596
