
[data]
trigger-time = 1713868735.722794
injection-file = /work/shashwat.singh/Prospects-of-LGWs/unlens/injection.hdf

[global]
instruments = H1 V1 L1 I1 K1
mass1_ref = 30.000000005699903
mass2_ref = 30.000000002825374
minchirp = 26.116416902594565
maxchirp = 26.116616902594565
mincov = 18949993942.17762
maxcov = 1894999394217.7617
