
[data]
trigger-time = 1477608137.393598
injection-file = /work/shashwat.singh/Prospects-of-LGWs/unlens/injection.hdf

[global]
instruments = H1 V1 L1 I1 K1
mass1_ref = 30.00000000345002
mass2_ref = 30.000000008115805
minchirp = 26.11641690391804
maxchirp = 26.11661690391804
mincov = 116222258124.45671
maxcov = 11622225812445.672
