
[data]
trigger-time = 1245823084.4874883
injection-file = /work/shashwat.singh/Prospects-of-LGWs/unlens/injection.hdf

[global]
instruments = H1 V1 L1 I1 K1
mass1_ref = 30.00000000711415
mass2_ref = 30.00000000256268
minchirp = 26.116416903095807
maxchirp = 26.116616903095807
mincov = 120330389.19195902
maxcov = 12033038919.195902
