
[data]
trigger-time = 1031964718.6800518
injection-file = /work/shashwat.singh/Prospects-of-LGWs/unlens/injection.hdf

[global]
instruments = H1 V1 L1 I1 K1
mass1_ref = 30.0000000003287
mass2_ref = 30.00000000506942
minchirp = 26.116416901233393
maxchirp = 26.116616901233392
mincov = 28682456941.483715
maxcov = 2868245694148.3716
