
[data]
trigger-time = 1153740300.037238
injection-file = /work/shashwat.singh/Prospects-of-LGWs/unlens/injection.hdf

[global]
instruments = H1 V1 L1 I1 K1
mass1_ref = 30.000000009561035
mass2_ref = 30.000000006584056
minchirp = 26.116416905911283
maxchirp = 26.116616905911282
mincov = 5530998374.939911
maxcov = 553099837493.9911
