
[data]
trigger-time = 1264821957.8334076
injection-file = /work/shashwat.singh/Prospects-of-LGWs/unlens/injection.hdf

[global]
instruments = H1 V1 L1 I1 K1
mass1_ref = 30.000000001927013
mass2_ref = 30.000000002728402
minchirp = 26.116416900910114
maxchirp = 26.116616900910113
mincov = 674175143.7466108
maxcov = 67417514374.66107
