
[data]
trigger-time = 1772451685.661092
injection-file = /work/shashwat.singh/Prospects-of-LGWs/unlens/injection.hdf

[global]
instruments = H1 V1 L1 I1 K1
mass1_ref = 30.000000007098535
mass2_ref = 30.000000002000604
minchirp = 26.116416902844353
maxchirp = 26.116616902844353
mincov = 91997723388.21767
maxcov = 9199772338821.766
