
[data]
trigger-time = 1002380790.7765007
injection-file = /work/shashwat.singh/Prospects-of-LGWs/unlens/injection.hdf

[global]
instruments = H1 V1 L1 I1 K1
mass1_ref = 30.000000008059434
mass2_ref = 30.000000004756785
minchirp = 26.11641690446231
maxchirp = 26.116616904462308
mincov = 29374852747.150005
maxcov = 2937485274715.0005
