
[data]
trigger-time = 1244017678.9362488
injection-file = /work/shashwat.singh/Prospects-of-LGWs/unlens/injection.hdf

[global]
instruments = H1 V1 L1 I1 K1
mass1_ref = 30.00000000079402
mass2_ref = 30.000000004104425
minchirp = 26.116416901015896
maxchirp = 26.116616901015895
mincov = 66483581840.18739
maxcov = 6648358184018.739
