
[data]
trigger-time = 1409482288.8257003
injection-file = /work/shashwat.singh/Prospects-of-LGWs/unlens/injection.hdf

[global]
instruments = H1 V1 L1 I1 K1
mass1_ref = 30.000000001344393
mass2_ref = 30.000000003413334
minchirp = 26.116416900954647
maxchirp = 26.116616900954646
mincov = 31466439180.397697
maxcov = 3146643918039.77
