
[data]
trigger-time = 1881454372.0071073
injection-file = /work/shashwat.singh/Prospects-of-LGWs/unlens/injection.hdf

[global]
instruments = H1 V1 L1 I1 K1
mass1_ref = 30.000000003367344
mass2_ref = 30.000000002934122
minchirp = 26.116416901626597
maxchirp = 26.116616901626596
mincov = 975085878.0762936
maxcov = 97508587807.62936
