
[data]
trigger-time = 1302280950.9734943
injection-file = /work/shashwat.singh/Prospects-of-LGWs/unlens/injection.hdf

[global]
instruments = H1 V1 L1 I1 K1
mass1_ref = 30.000000003705626
mass2_ref = 30.000000009631645
minchirp = 26.116416904689107
maxchirp = 26.116616904689106
mincov = 2106686527.2282963
maxcov = 210668652722.82962
