
[data]
trigger-time = 1777396956.6814532
injection-file = /work/shashwat.singh/Prospects-of-LGWs/unlens/injection.hdf

[global]
instruments = H1 V1 L1 I1 K1
mass1_ref = 30.0000000026079
mass2_ref = 30.00000000538511
minchirp = 26.116416902362882
maxchirp = 26.116616902362882
mincov = 856636166.0127554
maxcov = 85663616601.27554
