
[data]
trigger-time = 1584931321.7198253
injection-file = /work/shashwat.singh/Prospects-of-LGWs/unlens/injection.hdf

[global]
instruments = H1 V1 L1 I1 K1
mass1_ref = 30.000000002317147
mass2_ref = 30.000000009799496
minchirp = 26.1164169041578
maxchirp = 26.116616904157798
mincov = 4972376374.2863655
maxcov = 497237637428.63654
