
[data]
trigger-time = 1333171129.2200131
injection-file = /work/shashwat.singh/Prospects-of-LGWs/unlens/injection.hdf

[global]
instruments = H1 V1 L1 I1 K1
mass1_ref = 30.000000001226798
mass2_ref = 30.0000000074868
minchirp = 26.116416902676537
maxchirp = 26.116616902676537
mincov = 184731238.7760253
maxcov = 18473123877.60253
