
[data]
trigger-time = 1075978840.5590572
injection-file = /work/shashwat.singh/Prospects-of-LGWs/unlens/injection.hdf

[global]
instruments = H1 V1 L1 I1 K1
mass1_ref = 30.000000006806562
mass2_ref = 30.000000005856375
minchirp = 26.11641690439559
maxchirp = 26.11661690439559
mincov = 87568359186.01169
maxcov = 8756835918601.168
