
[data]
trigger-time = 1617931293.8391273
injection-file = /work/shashwat.singh/Prospects-of-LGWs/unlens/injection.hdf

[global]
instruments = H1 V1 L1 I1 K1
mass1_ref = 30.00000000152832
mass2_ref = 30.000000001181558
minchirp = 26.116416900063268
maxchirp = 26.116616900063267
mincov = 36224781540.02539
maxcov = 3622478154002.539
