
[data]
trigger-time = 1927581842.304141
injection-file = /work/shashwat.singh/Prospects-of-LGWs/unlens/injection.hdf

[global]
instruments = H1 V1 L1 I1 K1
mass1_ref = 30.00000000367961
mass2_ref = 30.000000009970858
minchirp = 26.116416904825435
maxchirp = 26.116616904825435
mincov = 11826677921.409128
maxcov = 1182667792140.9128
