
[data]
trigger-time = 1922192523.922707
injection-file = /work/shashwat.singh/Prospects-of-LGWs/unlens/injection.hdf

[global]
instruments = H1 V1 L1 I1 K1
mass1_ref = 30.00000000656255
mass2_ref = 30.00000000609642
minchirp = 26.116416904393862
maxchirp = 26.11661690439386
mincov = 296710147.15188223
maxcov = 29671014715.18822
