
[data]
trigger-time = 1174952801.6436434
injection-file = /work/shashwat.singh/Prospects-of-LGWs/unlens/injection.hdf

[global]
instruments = H1 V1 L1 I1 K1
mass1_ref = 30.000000005539768
mass2_ref = 30.000000005799073
minchirp = 26.116416903819243
maxchirp = 26.116616903819242
mincov = 13033158156.960615
maxcov = 1303315815696.0615
