
[data]
trigger-time = 1779667586.229025
injection-file = /work/shashwat.singh/Prospects-of-LGWs/unlens/injection.hdf

[global]
instruments = H1 V1 L1 I1 K1
mass1_ref = 30.000000007517095
mass2_ref = 30.000000004405987
minchirp = 26.11641690407355
maxchirp = 26.11661690407355
mincov = 63956374965.71547
maxcov = 6395637496571.547
