
[data]
trigger-time = 1521335652.418361
injection-file = /work/shashwat.singh/Prospects-of-LGWs/unlens/injection.hdf

[global]
instruments = H1 V1 L1 I1 K1
mass1_ref = 30.000000000572875
mass2_ref = 30.00000000976217
minchirp = 26.116416903382316
maxchirp = 26.116616903382315
mincov = 14969938551.151468
maxcov = 1496993855115.1467
