
[data]
trigger-time = 1312004161.9624715
injection-file = /work/shashwat.singh/Prospects-of-LGWs/unlens/injection.hdf

[global]
instruments = H1 V1 L1 I1 K1
mass1_ref = 30.000000004028998
mass2_ref = 30.000000008378148
minchirp = 26.11641690428425
maxchirp = 26.11661690428425
mincov = 63771839822.97467
maxcov = 6377183982297.467
