
[data]
trigger-time = 1213495042.1371536
injection-file = /work/shashwat.singh/Prospects-of-LGWs/unlens/injection.hdf

[global]
instruments = H1 V1 L1 I1 K1
mass1_ref = 30.000000006101043
mass2_ref = 30.000000004851145
minchirp = 26.116416903650943
maxchirp = 26.116616903650943
mincov = 56261779453.61294
maxcov = 5626177945361.294
