
[data]
trigger-time = 1330154137.9764788
injection-file = /work/shashwat.singh/Prospects-of-LGWs/unlens/injection.hdf

[global]
instruments = H1 V1 L1 I1 K1
mass1_ref = 30.00000000699415
mass2_ref = 30.000000005428344
minchirp = 26.11641690429093
maxchirp = 26.11661690429093
mincov = 56064529829.666115
maxcov = 5606452982966.611
