
[data]
trigger-time = 1061832256.5032158
injection-file = /work/shashwat.singh/Prospects-of-LGWs/unlens/injection.hdf

[global]
instruments = H1 V1 L1 I1 K1
mass1_ref = 30.000000009149204
mass2_ref = 30.000000004048125
minchirp = 26.116416904628196
maxchirp = 26.116616904628195
mincov = 42409290325.59519
maxcov = 4240929032559.519
