
[data]
trigger-time = 1744880364.396226
injection-file = /work/shashwat.singh/Prospects-of-LGWs/unlens/injection.hdf

[global]
instruments = H1 V1 L1 I1 K1
mass1_ref = 30.00000000363737
mass2_ref = 30.0000000027848
minchirp = 26.116416901679138
maxchirp = 26.116616901679137
mincov = 2844043433.9455485
maxcov = 284404343394.5549
