
[data]
trigger-time = 1404283164.0984964
injection-file = /work/shashwat.singh/Prospects-of-LGWs/unlens/injection.hdf

[global]
instruments = H1 V1 L1 I1 K1
mass1_ref = 30.00000000630173
mass2_ref = 30.000000003675538
minchirp = 26.116416903226582
maxchirp = 26.116616903226582
mincov = 33228260339.317894
maxcov = 3322826033931.7896
