
[data]
trigger-time = 1660022875.1907077
injection-file = /work/shashwat.singh/Prospects-of-LGWs/unlens/injection.hdf

[global]
instruments = H1 V1 L1 I1 K1
mass1_ref = 30.00000000397313
mass2_ref = 30.00000000021834
minchirp = 26.116416900708167
maxchirp = 26.116616900708166
mincov = 59982177266.58866
maxcov = 5998217726658.866
