
[data]
trigger-time = 1404543152.4823842
injection-file = /work/shashwat.singh/Prospects-of-LGWs/unlens/injection.hdf

[global]
instruments = H1 V1 L1 I1 K1
mass1_ref = 30.00000000568117
mass2_ref = 30.00000000803814
minchirp = 26.1164169048554
maxchirp = 26.116616904855398
mincov = 42858326632.85347
maxcov = 4285832663285.347
