
[data]
trigger-time = 1622301581.1987433
injection-file = /work/shashwat.singh/Prospects-of-LGWs/unlens/injection.hdf

[global]
instruments = H1 V1 L1 I1 K1
mass1_ref = 30.000000009345708
mass2_ref = 30.000000000822535
minchirp = 26.11641690330971
maxchirp = 26.11661690330971
mincov = 2793869766.549893
maxcov = 279386976654.98926
