
[data]
trigger-time = 1027670779.0065554
injection-file = /work/shashwat.singh/Prospects-of-LGWs/unlens/injection.hdf

[global]
instruments = H1 V1 L1 I1 K1
mass1_ref = 30.000000006518167
mass2_ref = 30.00000000023885
minchirp = 26.116416901824888
maxchirp = 26.116616901824887
mincov = 6408513492.138501
maxcov = 640851349213.8501
