
[data]
trigger-time = 1812728021.3153086
injection-file = /work/shashwat.singh/Prospects-of-LGWs/unlens/injection.hdf

[global]
instruments = H1 V1 L1 I1 K1
mass1_ref = 30.000000006862795
mass2_ref = 30.00000000865808
minchirp = 26.11641690563958
maxchirp = 26.116616905639578
mincov = 3553109477.365814
maxcov = 355310947736.5814
