
[data]
trigger-time = 1977097870.5422502
injection-file = /work/shashwat.singh/Prospects-of-LGWs/unlens/injection.hdf

[global]
instruments = H1 V1 L1 I1 K1
mass1_ref = 30.0000000080984
mass2_ref = 30.00000000149974
minchirp = 26.116416903061555
maxchirp = 26.116616903061555
mincov = 30392186793.534492
maxcov = 3039218679353.449
