
[data]
trigger-time = 1536485879.5137086
injection-file = /work/shashwat.singh/Prospects-of-LGWs/unlens/injection.hdf

[global]
instruments = H1 V1 L1 I1 K1
mass1_ref = 30.000000007153478
mass2_ref = 30.0000000055731
minchirp = 26.11641690442329
maxchirp = 26.11661690442329
mincov = 68249719838.50913
maxcov = 6824971983850.913
