
[data]
trigger-time = 1173911091.2732778
injection-file = /work/shashwat.singh/Prospects-of-LGWs/unlens/injection.hdf

[global]
instruments = H1 V1 L1 I1 K1
mass1_ref = 30.000000005062635
mass2_ref = 30.000000004738457
minchirp = 26.116416903149897
maxchirp = 26.116616903149897
mincov = 33229620970.66803
maxcov = 3322962097066.8027
