
[data]
trigger-time = 1221029486.5535057
injection-file = /work/shashwat.singh/Prospects-of-LGWs/unlens/injection.hdf

[global]
instruments = H1 V1 L1 I1 K1
mass1_ref = 30.000000008176194
mass2_ref = 30.00000000440795
minchirp = 26.11641690436129
maxchirp = 26.11661690436129
mincov = 16712998615.935322
maxcov = 1671299861593.5322
