
[data]
trigger-time = 1743592775.6920629
injection-file = /work/shashwat.singh/Prospects-of-LGWs/unlens/injection.hdf

[global]
instruments = H1 V1 L1 I1 K1
mass1_ref = 30.00000000975152
mass2_ref = 30.000000004424873
minchirp = 26.116416905054358
maxchirp = 26.116616905054357
mincov = 18411755048.494907
maxcov = 1841175504849.4907
