
[data]
trigger-time = 1730279856.4102125
injection-file = /work/shashwat.singh/Prospects-of-LGWs/unlens/injection.hdf

[global]
instruments = H1 V1 L1 I1 K1
mass1_ref = 30.000000003953605
mass2_ref = 30.000000002277485
minchirp = 26.116416901595965
maxchirp = 26.116616901595965
mincov = 11823269554.351215
maxcov = 1182326955435.1216
