
[data]
trigger-time = 1504313175.2135642
injection-file = /work/shashwat.singh/Prospects-of-LGWs/unlens/injection.hdf

[global]
instruments = H1 V1 L1 I1 K1
mass1_ref = 30.00000000848653
mass2_ref = 30.00000000146938
minchirp = 26.116416903217285
maxchirp = 26.116616903217285
mincov = 560118145.2808039
maxcov = 56011814528.0804
