
[data]
trigger-time = 1899763017.2458353
injection-file = /work/shashwat.singh/Prospects-of-LGWs/unlens/injection.hdf

[global]
instruments = H1 V1 L1 I1 K1
mass1_ref = 30.00000000159543
mass2_ref = 30.000000003232593
minchirp = 26.116416900985243
maxchirp = 26.116616900985242
mincov = 18116701896.147484
maxcov = 1811670189614.7483
