
[data]
trigger-time = 1704297632.270183
injection-file = /work/shashwat.singh/Prospects-of-LGWs/unlens/injection.hdf

[global]
instruments = H1 V1 L1 I1 K1
mass1_ref = 30.00000000831069
mass2_ref = 30.000000007364704
minchirp = 26.11641690570684
maxchirp = 26.116616905706838
mincov = 19870469639.29655
maxcov = 1987046963929.6553
