
[data]
trigger-time = 1362635287.4445417
injection-file = /work/shashwat.singh/Prospects-of-LGWs/unlens/injection.hdf

[global]
instruments = H1 V1 L1 I1 K1
mass1_ref = 30.00000000275433
mass2_ref = 30.00000000761146
minchirp = 26.1164169033957
maxchirp = 26.1166169033957
mincov = 23934462657.401497
maxcov = 2393446265740.1494
