
[data]
trigger-time = 1773741248.111681
injection-file = /work/shashwat.singh/Prospects-of-LGWs/unlens/injection.hdf

[global]
instruments = H1 V1 L1 I1 K1
mass1_ref = 30.000000009125344
mass2_ref = 30.0000000010646
minchirp = 26.116416903319156
maxchirp = 26.116616903319155
mincov = 15595222705.864035
maxcov = 1559522270586.4036
