
[data]
trigger-time = 1897244341.0186229
injection-file = /work/shashwat.singh/Prospects-of-LGWs/unlens/injection.hdf

[global]
instruments = H1 V1 L1 I1 K1
mass1_ref = 30.000000004737423
mass2_ref = 30.00000000981097
minchirp = 26.116416905216283
maxchirp = 26.116616905216283
mincov = 12264840050.646284
maxcov = 1226484005064.6284
