
[data]
trigger-time = 1532772883.8980155
injection-file = /work/shashwat.singh/Prospects-of-LGWs/unlens/injection.hdf

[global]
instruments = H1 V1 L1 I1 K1
mass1_ref = 30.000000005581704
mass2_ref = 30.00000000816047
minchirp = 26.116416904865353
maxchirp = 26.116616904865353
mincov = 44221317239.583084
maxcov = 4422131723958.309
