
[data]
trigger-time = 1691860178.2278962
injection-file = /work/shashwat.singh/Prospects-of-LGWs/unlens/injection.hdf

[global]
instruments = H1 V1 L1 I1 K1
mass1_ref = 30.00000000772963
mass2_ref = 30.00000000620526
minchirp = 26.116416904949237
maxchirp = 26.116616904949236
mincov = 79324085207.26735
maxcov = 7932408520726.734
