
[data]
trigger-time = 1811594927.589324
injection-file = /work/shashwat.singh/Prospects-of-LGWs/unlens/injection.hdf

[global]
instruments = H1 V1 L1 I1 K1
mass1_ref = 30.00000000115972
mass2_ref = 30.000000002154543
minchirp = 26.11641690032634
maxchirp = 26.11661690032634
mincov = 18617955.391425695
maxcov = 1861795539.1425695
