
[data]
trigger-time = 1947505354.6756592
injection-file = /work/shashwat.singh/Prospects-of-LGWs/unlens/injection.hdf

[global]
instruments = H1 V1 L1 I1 K1
mass1_ref = 30.000000002351378
mass2_ref = 30.000000008511293
minchirp = 26.116416903611977
maxchirp = 26.116616903611977
mincov = 3515766104.3605165
maxcov = 351576610436.05164
