
[data]
trigger-time = 1625909731.4569764
injection-file = /work/shashwat.singh/Prospects-of-LGWs/unlens/injection.hdf

[global]
instruments = H1 V1 L1 I1 K1
mass1_ref = 30.000000006808982
mass2_ref = 30.00000000240486
minchirp = 26.116416902894283
maxchirp = 26.116616902894283
mincov = 8204004652.649531
maxcov = 820400465264.9531
