
[data]
trigger-time = 1454980401.319054
injection-file = /work/shashwat.singh/Prospects-of-LGWs/unlens/injection.hdf

[global]
instruments = H1 V1 L1 I1 K1
mass1_ref = 30.000000000149633
mass2_ref = 30.000000003149495
minchirp = 26.116416900319752
maxchirp = 26.11661690031975
mincov = 471941082.733926
maxcov = 47194108273.3926
