
[data]
trigger-time = 1333098399.8622994
injection-file = /work/shashwat.singh/Prospects-of-LGWs/unlens/injection.hdf

[global]
instruments = H1 V1 L1 I1 K1
mass1_ref = 30.000000006261146
mass2_ref = 30.00000000379398
minchirp = 26.116416903260472
maxchirp = 26.11661690326047
mincov = 49267901292.69348
maxcov = 4926790129269.348
