
[data]
trigger-time = 1872539177.6077626
injection-file = /work/shashwat.singh/Prospects-of-LGWs/unlens/injection.hdf

[global]
instruments = H1 V1 L1 I1 K1
mass1_ref = 30.000000004519475
mass2_ref = 30.000000009317937
minchirp = 26.11641690490681
maxchirp = 26.11661690490681
mincov = 61518008945.16807
maxcov = 6151800894516.807
