
[data]
trigger-time = 1898939991.661131
injection-file = /work/shashwat.singh/Prospects-of-LGWs/unlens/injection.hdf

[global]
instruments = H1 V1 L1 I1 K1
mass1_ref = 30.000000000751303
mass2_ref = 30.00000000577014
minchirp = 26.11641690172235
maxchirp = 26.11661690172235
mincov = 20572304404.294712
maxcov = 2057230440429.4712
