
[data]
trigger-time = 1788098446.0430355
injection-file = /work/shashwat.singh/Prospects-of-LGWs/unlens/injection.hdf

[global]
instruments = H1 V1 L1 I1 K1
mass1_ref = 30.000000002191182
mass2_ref = 30.000000008254524
minchirp = 26.116416903430483
maxchirp = 26.116616903430483
mincov = 54716449500.05714
maxcov = 5471644950005.714
