
[data]
trigger-time = 1048449363.7103837
injection-file = /work/shashwat.singh/Prospects-of-LGWs/unlens/injection.hdf

[global]
instruments = H1 V1 L1 I1 K1
mass1_ref = 30.000000003356146
mass2_ref = 30.000000003398025
minchirp = 26.116416901823648
maxchirp = 26.116616901823647
mincov = 2831773.58609344
maxcov = 283177358.609344
