
[data]
trigger-time = 1944913289.829286
injection-file = /work/shashwat.singh/Prospects-of-LGWs/unlens/injection.hdf

[global]
instruments = H1 V1 L1 I1 K1
mass1_ref = 30.000000006048015
mass2_ref = 30.00000000560351
minchirp = 26.116416903955347
maxchirp = 26.116616903955347
mincov = 41653404146.81669
maxcov = 4165340414681.669
