
[data]
trigger-time = 1457286538.6473505
injection-file = /work/shashwat.singh/Prospects-of-LGWs/unlens/injection.hdf

[global]
instruments = H1 V1 L1 I1 K1
mass1_ref = 30.000000004622443
mass2_ref = 30.000000009236384
minchirp = 26.116416904916132
maxchirp = 26.116616904916132
mincov = 10767188763.455727
maxcov = 1076718876345.5726
