
[data]
trigger-time = 1295719330.1973643
injection-file = /work/shashwat.singh/Prospects-of-LGWs/unlens/injection.hdf

[global]
instruments = H1 V1 L1 I1 K1
mass1_ref = 30.0000000053721
mass2_ref = 30.000000004944074
minchirp = 26.116416903374102
maxchirp = 26.1166169033741
mincov = 959109995.8191245
maxcov = 95910999581.91245
