
[data]
trigger-time = 1273454369.2960413
injection-file = /work/shashwat.singh/Prospects-of-LGWs/unlens/injection.hdf

[global]
instruments = H1 V1 L1 I1 K1
mass1_ref = 30.00000000735183
mass2_ref = 30.000000009558928
minchirp = 26.11641690624456
maxchirp = 26.11661690624456
mincov = 2341904141.5872126
maxcov = 234190414158.72125
