
[data]
trigger-time = 1296351744.218775
injection-file = /work/shashwat.singh/Prospects-of-LGWs/unlens/injection.hdf

[global]
instruments = H1 V1 L1 I1 K1
mass1_ref = 30.000000001044704
mass2_ref = 30.000000005364868
minchirp = 26.116416901673652
maxchirp = 26.116616901673652
mincov = 519261792.8849866
maxcov = 51926179288.49866
