
[data]
trigger-time = 1300183386.9767306
injection-file = /work/shashwat.singh/Prospects-of-LGWs/unlens/injection.hdf

[global]
instruments = H1 V1 L1 I1 K1
mass1_ref = 30.000000000932037
mass2_ref = 30.00000000332472
minchirp = 26.116416900736585
maxchirp = 26.116616900736584
mincov = 24887102038.324093
maxcov = 2488710203832.409
