
[data]
trigger-time = 1850570267.656838
injection-file = /work/shashwat.singh/Prospects-of-LGWs/unlens/injection.hdf

[global]
instruments = H1 V1 L1 I1 K1
mass1_ref = 30.000000005035425
mass2_ref = 30.000000003095305
minchirp = 26.11641690242283
maxchirp = 26.11661690242283
mincov = 5675984208.948526
maxcov = 567598420894.8527
