
[data]
trigger-time = 1476593810.7677212
injection-file = /work/shashwat.singh/Prospects-of-LGWs/unlens/injection.hdf

[global]
instruments = H1 V1 L1 I1 K1
mass1_ref = 30.000000007086577
mass2_ref = 30.00000000815567
minchirp = 26.1164169055183
maxchirp = 26.1166169055183
mincov = 56500107865.41283
maxcov = 5650010786541.283
