
[data]
trigger-time = 1223493534.8897593
injection-file = /work/shashwat.singh/Prospects-of-LGWs/unlens/injection.hdf

[global]
instruments = H1 V1 L1 I1 K1
mass1_ref = 30.000000004060173
mass2_ref = 30.00000000066537
minchirp = 26.116416900940635
maxchirp = 26.116616900940635
mincov = 64697242030.596634
maxcov = 6469724203059.663
