
[data]
trigger-time = 1231559210.9618058
injection-file = /work/shashwat.singh/Prospects-of-LGWs/unlens/injection.hdf

[global]
instruments = H1 V1 L1 I1 K1
mass1_ref = 30.00000000558398
mass2_ref = 30.000000002012133
minchirp = 26.116416902190124
maxchirp = 26.116616902190124
mincov = 16981945072.505299
maxcov = 1698194507250.5298
