
[data]
trigger-time = 1668257679.9413984
injection-file = /work/shashwat.singh/Prospects-of-LGWs/unlens/injection.hdf

[global]
instruments = H1 V1 L1 I1 K1
mass1_ref = 30.000000009120324
mass2_ref = 30.000000006416407
minchirp = 26.11641690564648
maxchirp = 26.11661690564648
mincov = 26395463464.20748
maxcov = 2639546346420.748
