
[data]
trigger-time = 1524637614.315689
injection-file = /work/shashwat.singh/Prospects-of-LGWs/unlens/injection.hdf

[global]
instruments = H1 V1 L1 I1 K1
mass1_ref = 30.000000004721
mass2_ref = 30.000000008831606
minchirp = 26.116416904782838
maxchirp = 26.116616904782838
mincov = 55185871866.16005
maxcov = 5518587186616.005
