
[data]
trigger-time = 1936159712.8585334
injection-file = /work/shashwat.singh/Prospects-of-LGWs/unlens/injection.hdf

[global]
instruments = H1 V1 L1 I1 K1
mass1_ref = 30.000000001057302
mass2_ref = 30.000000004904145
minchirp = 26.116416901478594
maxchirp = 26.116616901478594
mincov = 8250237387.399098
maxcov = 825023738739.9098
