
[data]
trigger-time = 1092547687.5308082
injection-file = /work/shashwat.singh/Prospects-of-LGWs/unlens/injection.hdf

[global]
instruments = H1 V1 L1 I1 K1
mass1_ref = 30.00000000091688
mass2_ref = 30.000000000776023
minchirp = 26.116416899620603
maxchirp = 26.116616899620603
mincov = 4020310765.5012617
maxcov = 402031076550.1262
