
[data]
trigger-time = 1919454560.7716162
injection-file = /work/shashwat.singh/Prospects-of-LGWs/unlens/injection.hdf

[global]
instruments = H1 V1 L1 I1 K1
mass1_ref = 30.00000000234869
mass2_ref = 30.000000000833413
minchirp = 26.116416900268813
maxchirp = 26.116616900268813
mincov = 3142681666.765295
maxcov = 314268166676.5295
