
[data]
trigger-time = 1964330190.3766804
injection-file = /work/shashwat.singh/Prospects-of-LGWs/unlens/injection.hdf

[global]
instruments = H1 V1 L1 I1 K1
mass1_ref = 30.0000000013639
mass2_ref = 30.00000000392633
minchirp = 26.11641690118643
maxchirp = 26.11661690118643
mincov = 50807330548.628006
maxcov = 5080733054862.801
