
[data]
trigger-time = 1428511368.693338
injection-file = /work/shashwat.singh/Prospects-of-LGWs/unlens/injection.hdf

[global]
instruments = H1 V1 L1 I1 K1
mass1_ref = 30.000000003332687
mass2_ref = 30.000000007900397
minchirp = 26.116416903773207
maxchirp = 26.116616903773206
mincov = 30325469675.9168
maxcov = 3032546967591.68
