
[data]
trigger-time = 1076804531.284822
injection-file = /work/shashwat.singh/Prospects-of-LGWs/unlens/injection.hdf

[global]
instruments = H1 V1 L1 I1 K1
mass1_ref = 30.000000004940322
mass2_ref = 30.00000000634325
minchirp = 26.116416903795184
maxchirp = 26.116616903795183
mincov = 98933941309.91084
maxcov = 9893394130991.084
