
[data]
trigger-time = 1176370302.032266
injection-file = /work/shashwat.singh/Prospects-of-LGWs/unlens/injection.hdf

[global]
instruments = H1 V1 L1 I1 K1
mass1_ref = 30.000000001556685
mass2_ref = 30.000000005021445
minchirp = 26.116416901747023
maxchirp = 26.116616901747022
mincov = 4494116365.026094
maxcov = 449411636502.6095
