
[data]
trigger-time = 1886572415.6025512
injection-file = /work/shashwat.singh/Prospects-of-LGWs/unlens/injection.hdf

[global]
instruments = H1 V1 L1 I1 K1
mass1_ref = 30.000000003923557
mass2_ref = 30.000000003960853
minchirp = 26.116416902315613
maxchirp = 26.116616902315613
mincov = 25060542840.689304
maxcov = 2506054284068.93
