
[data]
trigger-time = 1995372968.3174415
injection-file = /work/shashwat.singh/Prospects-of-LGWs/unlens/injection.hdf

[global]
instruments = H1 V1 L1 I1 K1
mass1_ref = 30.000000007917997
mass2_ref = 30.00000000235003
minchirp = 26.116416903353144
maxchirp = 26.116616903353144
mincov = 3704804697.5372076
maxcov = 370480469753.72076
