
[data]
trigger-time = 1399005233.464935
injection-file = /work/shashwat.singh/Prospects-of-LGWs/unlens/injection.hdf

[global]
instruments = H1 V1 L1 I1 K1
mass1_ref = 30.00000000410406
mass2_ref = 30.000000004181782
minchirp = 26.116416902490347
maxchirp = 26.116616902490346
mincov = 92067564406.31155
maxcov = 9206756440631.154
