
[data]
trigger-time = 1444355540.2073457
injection-file = /work/shashwat.singh/Prospects-of-LGWs/unlens/injection.hdf

[global]
instruments = H1 V1 L1 I1 K1
mass1_ref = 30.000000005478512
mass2_ref = 30.000000003013454
minchirp = 26.116416902580067
maxchirp = 26.116616902580066
mincov = 36104786908.15219
maxcov = 3610478690815.219
