
[data]
trigger-time = 1381751106.837815
injection-file = /work/shashwat.singh/Prospects-of-LGWs/unlens/injection.hdf

[global]
instruments = H1 V1 L1 I1 K1
mass1_ref = 30.00000000289581
mass2_ref = 30.000000002557066
minchirp = 26.116416901257224
maxchirp = 26.116616901257224
mincov = 94154899444.64804
maxcov = 9415489944464.803
