
[data]
trigger-time = 1348056418.3168902
injection-file = /work/shashwat.singh/Prospects-of-LGWs/unlens/injection.hdf

[global]
instruments = H1 V1 L1 I1 K1
mass1_ref = 30.000000006000967
mass2_ref = 30.00000000564528
minchirp = 26.11641690395305
maxchirp = 26.116616903953048
mincov = 37351116544.265396
maxcov = 3735111654426.54
