
[data]
trigger-time = 1483948589.4160273
injection-file = /work/shashwat.singh/Prospects-of-LGWs/unlens/injection.hdf

[global]
instruments = H1 V1 L1 I1 K1
mass1_ref = 30.000000001626354
mass2_ref = 30.000000002785427
minchirp = 26.11641690080406
maxchirp = 26.11661690080406
mincov = 790693350.0785596
maxcov = 79069335007.85597
