
[data]
trigger-time = 1936347527.78378
injection-file = /work/shashwat.singh/Prospects-of-LGWs/unlens/injection.hdf

[global]
instruments = H1 V1 L1 I1 K1
mass1_ref = 30.000000007313993
mass2_ref = 30.000000002201364
minchirp = 26.116416903025524
maxchirp = 26.116616903025523
mincov = 38507044701.355095
maxcov = 3850704470135.51
