
[data]
trigger-time = 1331904931.8679147
injection-file = /work/shashwat.singh/Prospects-of-LGWs/unlens/injection.hdf

[global]
instruments = H1 V1 L1 I1 K1
mass1_ref = 30.000000000154746
mass2_ref = 30.000000000031807
minchirp = 26.116416898964925
maxchirp = 26.116616898964924
mincov = 19536008141.232727
maxcov = 1953600814123.2727
