
[data]
trigger-time = 1034230658.0091931
injection-file = /work/shashwat.singh/Prospects-of-LGWs/unlens/injection.hdf

[global]
instruments = H1 V1 L1 I1 K1
mass1_ref = 30.00000000299849
mass2_ref = 30.0000000094478
minchirp = 26.11641690430129
maxchirp = 26.11661690430129
mincov = 30141815908.733864
maxcov = 3014181590873.386
