
[data]
trigger-time = 1497979347.7018013
injection-file = /work/shashwat.singh/Prospects-of-LGWs/unlens/injection.hdf

[global]
instruments = H1 V1 L1 I1 K1
mass1_ref = 30.00000000436831
mass2_ref = 30.000000003781782
minchirp = 26.116416902431258
maxchirp = 26.116616902431257
mincov = 24214439804.229736
maxcov = 2421443980422.9736
