
[data]
trigger-time = 1998604059.1300702
injection-file = /work/shashwat.singh/Prospects-of-LGWs/unlens/injection.hdf

[global]
instruments = H1 V1 L1 I1 K1
mass1_ref = 30.000000002347974
mass2_ref = 30.00000000548897
minchirp = 26.11641690229495
maxchirp = 26.11661690229495
mincov = 19107370706.84617
maxcov = 1910737070684.617
