
[data]
trigger-time = 1890771657.1700556
injection-file = /work/shashwat.singh/Prospects-of-LGWs/unlens/injection.hdf

[global]
instruments = H1 V1 L1 I1 K1
mass1_ref = 30.000000005910472
mass2_ref = 30.00000000380579
minchirp = 26.116416903112974
maxchirp = 26.116616903112973
mincov = 90276635.12019469
maxcov = 9027663512.019468
