
[data]
trigger-time = 1615186998.1312122
injection-file = /work/shashwat.singh/Prospects-of-LGWs/unlens/injection.hdf

[global]
instruments = H1 V1 L1 I1 K1
mass1_ref = 30.000000001693433
mass2_ref = 30.00000000497845
minchirp = 26.11641690178783
maxchirp = 26.11661690178783
mincov = 4213717056.8942556
maxcov = 421371705689.4256
