
[data]
trigger-time = 1527277158.442984
injection-file = /work/shashwat.singh/Prospects-of-LGWs/unlens/injection.hdf

[global]
instruments = H1 V1 L1 I1 K1
mass1_ref = 30.000000005850662
mass2_ref = 30.00000000548683
minchirp = 26.116416903818653
maxchirp = 26.116616903818652
mincov = 29863502805.566803
maxcov = 2986350280556.68
