
[data]
trigger-time = 1880368299.8408573
injection-file = /work/shashwat.singh/Prospects-of-LGWs/unlens/injection.hdf

[global]
instruments = H1 V1 L1 I1 K1
mass1_ref = 30.00000000665026
mass2_ref = 30.00000000279593
minchirp = 26.116416902995418
maxchirp = 26.116616902995418
mincov = 131079432.4715749
maxcov = 13107943247.15749
