
[data]
trigger-time = 1467916603.2539854
injection-file = /work/shashwat.singh/Prospects-of-LGWs/unlens/injection.hdf

[global]
instruments = H1 V1 L1 I1 K1
mass1_ref = 30.00000000064305
mass2_ref = 30.000000004669104
minchirp = 26.116416901195972
maxchirp = 26.11661690119597
mincov = 3968107328.323497
maxcov = 396810732832.34973
