
[data]
trigger-time = 1807728947.199143
injection-file = /work/shashwat.singh/Prospects-of-LGWs/unlens/injection.hdf

[global]
instruments = H1 V1 L1 I1 K1
mass1_ref = 30.000000002033534
mass2_ref = 30.000000005778215
minchirp = 26.116416902283987
maxchirp = 26.116616902283987
mincov = 28412859594.970245
maxcov = 2841285959497.0244
