
[data]
trigger-time = 1481059118.7358034
injection-file = /work/shashwat.singh/Prospects-of-LGWs/unlens/injection.hdf

[global]
instruments = H1 V1 L1 I1 K1
mass1_ref = 30.000000003866006
mass2_ref = 30.00000000245918
minchirp = 26.11641690163692
maxchirp = 26.11661690163692
mincov = 89007006464.32234
maxcov = 8900700646432.234
