
[data]
trigger-time = 1504884533.8225026
injection-file = /work/shashwat.singh/Prospects-of-LGWs/unlens/injection.hdf

[global]
instruments = H1 V1 L1 I1 K1
mass1_ref = 30.000000000616733
mass2_ref = 30.00000000478699
minchirp = 26.116416901235834
maxchirp = 26.116616901235833
mincov = 660469407.1216242
maxcov = 66046940712.162415
