
[data]
trigger-time = 1946228922.378327
injection-file = /work/shashwat.singh/Prospects-of-LGWs/unlens/injection.hdf

[global]
instruments = H1 V1 L1 I1 K1
mass1_ref = 30.000000004916938
mass2_ref = 30.000000003357112
minchirp = 26.116416902485213
maxchirp = 26.116616902485212
mincov = 52782318195.39161
maxcov = 5278231819539.161
