
[data]
trigger-time = 1266468657.4558945
injection-file = /work/shashwat.singh/Prospects-of-LGWs/unlens/injection.hdf

[global]
instruments = H1 V1 L1 I1 K1
mass1_ref = 30.000000008032128
mass2_ref = 30.000000000734524
minchirp = 26.11641690269963
maxchirp = 26.11661690269963
mincov = 57626072978.76837
maxcov = 5762607297876.837
