
[data]
trigger-time = 1612776296.8749695
injection-file = /work/shashwat.singh/Prospects-of-LGWs/unlens/injection.hdf

[global]
instruments = H1 V1 L1 I1 K1
mass1_ref = 30.000000008747403
mass2_ref = 30.00000000729063
minchirp = 26.116416905864686
maxchirp = 26.116616905864685
mincov = 56713059614.51658
maxcov = 5671305961451.658
