
[data]
trigger-time = 1636623533.2707403
injection-file = /work/shashwat.singh/Prospects-of-LGWs/unlens/injection.hdf

[global]
instruments = H1 V1 L1 I1 K1
mass1_ref = 30.000000008564083
mass2_ref = 30.000000008957795
minchirp = 26.116416906510565
maxchirp = 26.116616906510565
mincov = 17104828498.684061
maxcov = 1710482849868.406
