
[data]
trigger-time = 1048674154.0091252
injection-file = /work/shashwat.singh/Prospects-of-LGWs/unlens/injection.hdf

[global]
instruments = H1 V1 L1 I1 K1
mass1_ref = 30.000000004889827
mass2_ref = 30.000000001490783
minchirp = 26.116416901661047
maxchirp = 26.116616901661047
mincov = 49859011101.09638
maxcov = 4985901110109.638
