
[data]
trigger-time = 1838647206.326712
injection-file = /work/shashwat.singh/Prospects-of-LGWs/unlens/injection.hdf

[global]
instruments = H1 V1 L1 I1 K1
mass1_ref = 30.000000009391307
mass2_ref = 30.000000006195517
minchirp = 26.116416905668284
maxchirp = 26.116616905668284
mincov = 5441123730.622179
maxcov = 544112373062.2179
