
[data]
trigger-time = 1151289829.9993742
injection-file = /work/shashwat.singh/Prospects-of-LGWs/unlens/injection.hdf

[global]
instruments = H1 V1 L1 I1 K1
mass1_ref = 30.00000000917161
mass2_ref = 30.00000000995283
minchirp = 26.11641690720812
maxchirp = 26.11661690720812
mincov = 42449477213.677315
maxcov = 4244947721367.7314
