
[data]
trigger-time = 1322409894.8427825
injection-file = /work/shashwat.singh/Prospects-of-LGWs/unlens/injection.hdf

[global]
instruments = H1 V1 L1 I1 K1
mass1_ref = 30.000000002615053
mass2_ref = 30.00000000360634
minchirp = 26.11641690159174
maxchirp = 26.11661690159174
mincov = 21114192557.288067
maxcov = 2111419255728.8066
