
[data]
trigger-time = 1320544674.675212
injection-file = /work/shashwat.singh/Prospects-of-LGWs/unlens/injection.hdf

[global]
instruments = H1 V1 L1 I1 K1
mass1_ref = 30.00000000657092
mass2_ref = 30.0000000029234
minchirp = 26.11641690301637
maxchirp = 26.116616903016368
mincov = 7390507567.938833
maxcov = 739050756793.8833
