
[data]
trigger-time = 1523370120.1720417
injection-file = /work/shashwat.singh/Prospects-of-LGWs/unlens/injection.hdf

[global]
instruments = H1 V1 L1 I1 K1
mass1_ref = 30.000000003388884
mass2_ref = 30.000000009655903
minchirp = 26.1164169045618
maxchirp = 26.1166169045618
mincov = 139758398.09191746
maxcov = 13975839809.191744
