
[data]
trigger-time = 1750467568.0864508
injection-file = /work/shashwat.singh/Prospects-of-LGWs/unlens/injection.hdf

[global]
instruments = H1 V1 L1 I1 K1
mass1_ref = 30.000000001955016
mass2_ref = 30.000000004912454
minchirp = 26.116416901872967
maxchirp = 26.116616901872966
mincov = 30263237473.834503
maxcov = 3026323747383.45
