
[data]
trigger-time = 1383711073.936189
injection-file = /work/shashwat.singh/Prospects-of-LGWs/unlens/injection.hdf

[global]
instruments = H1 V1 L1 I1 K1
mass1_ref = 30.000000008054872
mass2_ref = 30.000000008564694
minchirp = 26.11641690611781
maxchirp = 26.11661690611781
mincov = 318041213.89390874
maxcov = 31804121389.390873
