
[data]
trigger-time = 1616444409.2940583
injection-file = /work/shashwat.singh/Prospects-of-LGWs/unlens/injection.hdf

[global]
instruments = H1 V1 L1 I1 K1
mass1_ref = 30.000000007034267
mass2_ref = 30.00000000345794
minchirp = 26.116416903450723
maxchirp = 26.116616903450723
mincov = 43313994622.53967
maxcov = 4331399462253.9673
