
[data]
trigger-time = 1864649012.0493705
injection-file = /work/shashwat.singh/Prospects-of-LGWs/unlens/injection.hdf

[global]
instruments = H1 V1 L1 I1 K1
mass1_ref = 30.00000000559358
mass2_ref = 30.00000000569791
minchirp = 26.11641690379863
maxchirp = 26.11661690379863
mincov = 55016982333.55186
maxcov = 5501698233355.186
