
[data]
trigger-time = 1271335863.5113063
injection-file = /work/shashwat.singh/Prospects-of-LGWs/unlens/injection.hdf

[global]
instruments = H1 V1 L1 I1 K1
mass1_ref = 30.000000009273638
mass2_ref = 30.0000000052312
minchirp = 26.116416905197323
maxchirp = 26.116616905197322
mincov = 24403279893.70707
maxcov = 2440327989370.707
