
[data]
trigger-time = 1140334441.2815487
injection-file = /work/shashwat.singh/Prospects-of-LGWs/unlens/injection.hdf

[global]
instruments = H1 V1 L1 I1 K1
mass1_ref = 30.000000001198835
mass2_ref = 30.000000003875762
minchirp = 26.11641690109257
maxchirp = 26.11661690109257
mincov = 6320502.862746887
maxcov = 632050286.2746887
