
[data]
trigger-time = 1932818762.4935253
injection-file = /work/shashwat.singh/Prospects-of-LGWs/unlens/injection.hdf

[global]
instruments = H1 V1 L1 I1 K1
mass1_ref = 30.00000000611252
mass2_ref = 30.00000000447639
minchirp = 26.116416903492816
maxchirp = 26.116616903492815
mincov = 39802925843.49697
maxcov = 3980292584349.6973
