
[data]
trigger-time = 1106808539.0621312
injection-file = /work/shashwat.singh/Prospects-of-LGWs/unlens/injection.hdf

[global]
instruments = H1 V1 L1 I1 K1
mass1_ref = 30.000000009880967
mass2_ref = 30.00000000546237
minchirp = 26.1164169055623
maxchirp = 26.1166169055623
mincov = 30384066637.045124
maxcov = 3038406663704.512
