
[data]
trigger-time = 1137920240.6381388
injection-file = /work/shashwat.singh/Prospects-of-LGWs/unlens/injection.hdf

[global]
instruments = H1 V1 L1 I1 K1
mass1_ref = 30.000000006630383
mass2_ref = 30.000000001670635
minchirp = 26.116416902496955
maxchirp = 26.116616902496954
mincov = 41795251579.29297
maxcov = 4179525157929.297
