
[data]
trigger-time = 1311942011.7890193
injection-file = /work/shashwat.singh/Prospects-of-LGWs/unlens/injection.hdf

[global]
instruments = H1 V1 L1 I1 K1
mass1_ref = 30.00000000981753
mass2_ref = 30.000000005616588
minchirp = 26.116416905601813
maxchirp = 26.116616905601813
mincov = 22961394.225493982
maxcov = 2296139422.5493984
