
[data]
trigger-time = 1770159182.328292
injection-file = /work/shashwat.singh/Prospects-of-LGWs/unlens/injection.hdf

[global]
instruments = H1 V1 L1 I1 K1
mass1_ref = 30.00000000554431
mass2_ref = 30.000000003438714
minchirp = 26.116416902793816
maxchirp = 26.116616902793815
mincov = 26084297288.24338
maxcov = 2608429728824.338
