
[data]
trigger-time = 1108472086.211861
injection-file = /work/shashwat.singh/Prospects-of-LGWs/unlens/injection.hdf

[global]
instruments = H1 V1 L1 I1 K1
mass1_ref = 30.000000008609586
mass2_ref = 30.000000001783082
minchirp = 26.116416903407394
maxchirp = 26.116616903407394
mincov = 2060606419.0089123
maxcov = 206060641900.89124
