
[data]
trigger-time = 1162505288.3584585
injection-file = /work/shashwat.singh/Prospects-of-LGWs/unlens/injection.hdf

[global]
instruments = H1 V1 L1 I1 K1
mass1_ref = 30.000000005220397
mass2_ref = 30.000000002937195
minchirp = 26.116416902434523
maxchirp = 26.116616902434522
mincov = 60488766306.10364
maxcov = 6048876630610.363
