
[data]
trigger-time = 1638035081.3446267
injection-file = /work/shashwat.singh/Prospects-of-LGWs/unlens/injection_100.hdf

[global]
instruments = C1 C2
mass1_ref = 30.000000001071655
mass2_ref = 30.000000008531014
minchirp = 26.11641690306353
maxchirp = 26.11661690306353
mincov = 6662986702.6259575
maxcov = 666298670262.5957
