
[data]
trigger-time = 1193253732.286461
injection-file = /work/shashwat.singh/Prospects-of-LGWs/unlens/injection_100.hdf

[global]
instruments = C1 C2
mass1_ref = 30.000000009669744
mass2_ref = 30.000000004819
minchirp = 26.116416905190317
maxchirp = 26.116616905190316
mincov = 13240973305.249714
maxcov = 1324097330524.9714
