
[data]
trigger-time = 1783964286.9589877
injection-file = /work/shashwat.singh/Prospects-of-LGWs/unlens/injection_100.hdf

[global]
instruments = C1 C2
mass1_ref = 30.000000008135828
mass2_ref = 30.000000002956448
minchirp = 26.11641690371192
maxchirp = 26.11661690371192
mincov = 60361306569.086624
maxcov = 6036130656908.662
