
[data]
trigger-time = 1009221101.6698788
injection-file = /work/shashwat.singh/Prospects-of-LGWs/unlens/injection_100.hdf

[global]
instruments = C1 C2
mass1_ref = 30.0000000016125
mass2_ref = 30.00000000344121
minchirp = 26.116416901083483
maxchirp = 26.116616901083482
mincov = 25548716303.940243
maxcov = 2554871630394.0244
