
[data]
trigger-time = 1821216476.1982603
injection-file = /work/shashwat.singh/Prospects-of-LGWs/unlens/injection_100.hdf

[global]
instruments = C1 C2
mass1_ref = 30.000000001582368
mass2_ref = 30.00000000873585
minchirp = 26.11641690337499
maxchirp = 26.11661690337499
mincov = 162674062642.19476
maxcov = 16267406264219.475
