
[data]
trigger-time = 1858649015.4684267
injection-file = /work/shashwat.singh/Prospects-of-LGWs/unlens/injection_100.hdf

[global]
instruments = C1 C2
mass1_ref = 30.000000006482793
mass2_ref = 30.000000000249393
minchirp = 26.116416901814077
maxchirp = 26.116616901814076
mincov = 33028515542.237476
maxcov = 3302851554223.7476
