
[data]
trigger-time = 1113960308.7546923
injection-file = /work/shashwat.singh/Prospects-of-LGWs/unlens/injection_100.hdf

[global]
instruments = C1 C2
mass1_ref = 30.000000008115983
mass2_ref = 30.000000009886303
minchirp = 26.11641690671967
maxchirp = 26.11661690671967
mincov = 164450673.9881462
maxcov = 16445067398.81462
