
[data]
trigger-time = 1913581731.5706744
injection-file = /work/shashwat.singh/Prospects-of-LGWs/unlens/injection_100.hdf

[global]
instruments = C1 C2
mass1_ref = 30.000000004485248
mass2_ref = 30.000000003127756
minchirp = 26.116416902197475
maxchirp = 26.116616902197475
mincov = 48530099444.606255
maxcov = 4853009944460.626
