
[data]
trigger-time = 1809891665.4001787
injection-file = /work/shashwat.singh/Prospects-of-LGWs/unlens/injection_100.hdf

[global]
instruments = C1 C2
mass1_ref = 30.000000009909368
mass2_ref = 30.00000000759239
minchirp = 26.116416906501808
maxchirp = 26.116616906501807
mincov = 152057700906.13428
maxcov = 15205770090613.428
