
[data]
trigger-time = 1384121849.1535695
injection-file = /work/shashwat.singh/Prospects-of-LGWs/unlens/injection_100.hdf

[global]
instruments = C1 C2
mass1_ref = 30.000000009182965
mass2_ref = 30.00000000468989
minchirp = 26.116416904922236
maxchirp = 26.116616904922235
mincov = 151734857543.3916
maxcov = 15173485754339.16
