
[data]
trigger-time = 1213186565.378648
injection-file = /work/shashwat.singh/Prospects-of-LGWs/unlens/injection_100.hdf

[global]
instruments = C1 C2
mass1_ref = 30.000000002228635
mass2_ref = 30.000000006499366
minchirp = 26.116416902682808
maxchirp = 26.116616902682807
mincov = 70765171350.25632
maxcov = 7076517135025.631
