
[data]
trigger-time = 1130175540.6309123
injection-file = /work/shashwat.singh/Prospects-of-LGWs/unlens/injection_100.hdf

[global]
instruments = C1 C2
mass1_ref = 30.00000000076559
mass2_ref = 30.00000000339976
minchirp = 26.116416900696795
maxchirp = 26.116616900696794
mincov = 59234388647.64402
maxcov = 5923438864764.402
