
[data]
trigger-time = 1940707038.4832232
injection-file = /work/shashwat.singh/Prospects-of-LGWs/unlens/injection_100.hdf

[global]
instruments = C1 C2
mass1_ref = 30.000000008057174
mass2_ref = 30.000000006171053
minchirp = 26.11641690507692
maxchirp = 26.11661690507692
mincov = 131329205043.74167
maxcov = 13132920504374.168
