
[data]
trigger-time = 1274795131.5927687
injection-file = /work/shashwat.singh/Prospects-of-LGWs/unlens/injection_100.hdf

[global]
instruments = C1 C2
mass1_ref = 30.000000004287102
mass2_ref = 30.000000003292307
minchirp = 26.116416902182852
maxchirp = 26.11661690218285
mincov = 77859750540.1665
maxcov = 7785975054016.65
