
[data]
trigger-time = 1952643936.770624
injection-file = /work/shashwat.singh/Prospects-of-LGWs/unlens/injection_100.hdf

[global]
instruments = C1 C2
mass1_ref = 30.000000003732755
mass2_ref = 30.00000000639373
minchirp = 26.116416903291533
maxchirp = 26.116616903291533
mincov = 79792206218.74648
maxcov = 7979220621874.647
