
[data]
trigger-time = 1086969408.9246175
injection-file = /work/shashwat.singh/Prospects-of-LGWs/unlens/injection_100.hdf

[global]
instruments = C1 C2
mass1_ref = 30.000000009011416
mass2_ref = 30.000000001557623
minchirp = 26.116416903484165
maxchirp = 26.116616903484164
mincov = 62857727555.2444
maxcov = 6285772755524.439
