
[data]
trigger-time = 1300210611.5940132
injection-file = /work/shashwat.singh/Prospects-of-LGWs/unlens/injection_100.hdf

[global]
instruments = C1 C2
mass1_ref = 30.000000004559105
mass2_ref = 30.00000000603592
minchirp = 26.116416903495477
maxchirp = 26.116616903495476
mincov = 35677522247.203545
maxcov = 3567752224720.3545
