
[data]
trigger-time = 1288253138.7922163
injection-file = /work/shashwat.singh/Prospects-of-LGWs/unlens/injection_100.hdf

[global]
instruments = C1 C2
mass1_ref = 30.000000002760558
mass2_ref = 30.00000000646726
minchirp = 26.116416902900365
maxchirp = 26.116616902900365
mincov = 163817198396.86285
maxcov = 16381719839686.285
