
[data]
trigger-time = 1891762569.9356942
injection-file = /work/shashwat.singh/Prospects-of-LGWs/unlens/injection_100.hdf

[global]
instruments = C1 C2
mass1_ref = 30.000000007170385
mass2_ref = 30.000000005615362
minchirp = 26.116416904449043
maxchirp = 26.116616904449042
mincov = 40210371594.96589
maxcov = 4021037159496.589
