
[data]
trigger-time = 1865552618.227283
injection-file = /work/shashwat.singh/Prospects-of-LGWs/unlens/injection_100.hdf

[global]
instruments = C1 C2
mass1_ref = 30.000000003032792
mass2_ref = 30.00000000227994
minchirp = 26.116416901196224
maxchirp = 26.116616901196224
mincov = 8002272186.039713
maxcov = 800227218603.9712
