
[data]
trigger-time = 1766560126.5709066
injection-file = /work/shashwat.singh/Prospects-of-LGWs/unlens/injection_100.hdf

[global]
instruments = C1 C2
mass1_ref = 30.0000000088508
mass2_ref = 30.000000001990777
minchirp = 26.116416903602797
maxchirp = 26.116616903602797
mincov = 78458841177.5154
maxcov = 7845884117751.539
