
[data]
trigger-time = 1644326615.0414171
injection-file = /work/shashwat.singh/Prospects-of-LGWs/unlens/injection_100.hdf

[global]
instruments = C1 C2
mass1_ref = 30.000000005475975
mass2_ref = 30.000000007041866
minchirp = 26.116416904332432
maxchirp = 26.11661690433243
mincov = 83478466178.89331
maxcov = 8347846617889.331
