
[data]
trigger-time = 1024432644.9831641
injection-file = /work/shashwat.singh/Prospects-of-LGWs/unlens/injection_100.hdf

[global]
instruments = C1 C2
mass1_ref = 30.000000001891582
mass2_ref = 30.000000005020222
minchirp = 26.11641690189226
maxchirp = 26.11661690189226
mincov = 52512315267.87728
maxcov = 5251231526787.729
