
[data]
trigger-time = 1263403164.9567575
injection-file = /home/ss/Prospects-of-LGWs/config/injection.hdf

[global]
instruments = E1 E2 E3
mass1_ref = 47.75761742010095
mass2_ref = 47.757617428061046
minchirp = 41.5753207502145
maxchirp = 41.57552075021451
mincov = 4746411550.653656
maxcov = 474641155065.3656
