
[data]
trigger-time = 1543465038.474916
injection-file = /home/ss/Prospects-of-LGWs/config/injection.hdf

[global]
instruments = E1 E2 E3
mass1_ref = 61.982142436485816
mass2_ref = 61.98214243616051
minchirp = 53.95848901224173
maxchirp = 53.958689012241734
mincov = 18854011750.595547
maxcov = 1885401175059.5547
