
[data]
trigger-time = 1952643936.770624
injection-file = /home/ss/Prospects-of-LGWs/config/injection.hdf

[global]
instruments = E1 E2 E3
mass1_ref = 52.540048205031304
mass2_ref = 52.54004820969156
minchirp = 45.73866856252401
maxchirp = 45.73886856252402
mincov = 8514856100.961897
maxcov = 851485610096.1897
