
[data]
trigger-time = 1864479193.8019533
injection-file = /home/ss/Prospects-of-LGWs/config/injection.hdf

[global]
instruments = E1 E2 E3
mass1_ref = 54.61754926401117
mass2_ref = 54.6175492793635
minchirp = 47.547238284321224
maxchirp = 47.54743828432123
mincov = 10481647204.227924
maxcov = 1048164720422.7925
