
[data]
trigger-time = 1130211789.479595
injection-file = /home/ss/Prospects-of-LGWs/config/injection.hdf

[global]
instruments = E1 E2 E3
mass1_ref = 57.30848235477724
mass2_ref = 57.30848236547866
minchirp = 49.88983160025538
maxchirp = 49.890031600255384
mincov = 13301317574.56742
maxcov = 1330131757456.742
