
[data]
trigger-time = 1457849511.9744105
injection-file = /home/ss/Prospects-of-LGWs/config/injection.hdf

[global]
instruments = E1 E2 E3
mass1_ref = 65.72970878320879
mass2_ref = 65.72970878388678
minchirp = 57.22093500680772
maxchirp = 57.22113500680773
mincov = 23825397934.935146
maxcov = 2382539793493.5146
