
[data]
trigger-time = 1056628202.8381062
injection-file = /home/ss/Prospects-of-LGWs/config/injection.hdf

[global]
instruments = E1 E2 E3
mass1_ref = 63.72816501222629
mass2_ref = 63.728165019661404
minchirp = 55.47848995245827
maxchirp = 55.478689952458275
mincov = 21117930904.215927
maxcov = 2111793090421.5928
