
[data]
trigger-time = 1511208646.2854652
injection-file = /home/ss/Prospects-of-LGWs/config/injection.hdf

[global]
instruments = E1 E2 E3
mass1_ref = 47.159483322348194
mass2_ref = 47.15948333410965
minchirp = 41.05461477614386
maxchirp = 41.054814776143864
mincov = 4353492421.993971
maxcov = 435349242199.3971
