
[data]
trigger-time = 1317001562.305788
injection-file = /home/ss/Prospects-of-LGWs/config/injection.hdf

[global]
instruments = E1 E2 E3
mass1_ref = 35.65478796400723
mass2_ref = 35.6547879594883
minchirp = 31.03919574430338
maxchirp = 31.03939574430338
mincov = 211817262.93892333
maxcov = 21181726293.892334
