
[data]
trigger-time = 1821216476.1982603
injection-file = /home/ss/Prospects-of-LGWs/config/injection.hdf

[global]
instruments = E1 E2 E3
mass1_ref = 67.7179120230053
mass2_ref = 67.7179120391526
minchirp = 58.95176646389315
maxchirp = 58.95196646389316
mincov = 26623422890.340862
maxcov = 2662342289034.0864
