
[data]
trigger-time = 1297484096.9759219
injection-file = /home/ss/Prospects-of-LGWs/config/injection.hdf

[global]
instruments = E1 E2 E3
mass1_ref = 52.59277575100209
mass2_ref = 52.592775768058615
minchirp = 45.784570562765886
maxchirp = 45.78477056276589
mincov = 8562400528.60921
maxcov = 856240052860.921
