
[data]
trigger-time = 1880792060.6135406
injection-file = /home/ss/Prospects-of-LGWs/config/injection.hdf

[global]
instruments = E1 E2 E3
mass1_ref = 70.72226849526008
mass2_ref = 70.72226851656492
minchirp = 61.56721068540187
maxchirp = 61.567410685401875
mincov = 31034694557.94876
maxcov = 3103469455794.876
