
[data]
trigger-time = 1337754646.8851836
injection-file = /home/ss/Prospects-of-LGWs/config/injection.hdf

[global]
instruments = E1 E2 E3
mass1_ref = 61.21047098893203
mass2_ref = 61.21047099339857
minchirp = 53.286710000980015
maxchirp = 53.28691000098002
mincov = 17884525098.065525
maxcov = 1788452509806.5525
