
[data]
trigger-time = 1895708948.703558
injection-file = /home/ss/Prospects-of-LGWs/config/injection.hdf

[global]
instruments = E1 E2 E3
mass1_ref = 46.656812993510975
mass2_ref = 46.656813001950894
minchirp = 40.61701483677658
maxchirp = 40.61721483677659
mincov = 4037151989.7440863
maxcov = 403715198974.4086
