
[data]
trigger-time = 1965946251.5078151
injection-file = /home/ss/Prospects-of-LGWs/config/injection.hdf

[global]
instruments = E1 E2 E3
mass1_ref = 57.2654705645434
mass2_ref = 57.26547056945537
minchirp = 49.852387659518925
maxchirp = 49.85258765951893
mincov = 13253953656.947897
maxcov = 1325395365694.7898
