
[data]
trigger-time = 1009221101.6698788
injection-file = /home/ss/Prospects-of-LGWs/config/injection.hdf

[global]
instruments = E1 E2 E3
mass1_ref = 41.80703859660243
mass2_ref = 41.807038599150864
minchirp = 36.39504100112432
maxchirp = 36.395241001124326
mincov = 1640373249.4607232
maxcov = 164037324946.07233
