
[data]
trigger-time = 1069033341.617254
injection-file = /home/ss/Prospects-of-LGWs/config/injection.hdf

[global]
instruments = E1 E2 E3
mass1_ref = 61.39142875831819
mass2_ref = 61.39142874309004
minchirp = 53.44424288047934
maxchirp = 53.44444288047934
mincov = 18110103153.60755
maxcov = 1811010315360.7554
