
[data]
trigger-time = 1766560126.5709066
injection-file = /home/ss/Prospects-of-LGWs/config/injection.hdf

[global]
instruments = E1 E2 E3
mass1_ref = 52.297996621060186
mass2_ref = 52.29799660910134
minchirp = 45.52795041251735
maxchirp = 45.528150412517356
mincov = 8298218219.813314
maxcov = 829821821981.3315
