
[data]
trigger-time = 1122509981.43742
injection-file = /home/ss/Prospects-of-LGWs/config/injection.hdf

[global]
instruments = E1 E2 E3
mass1_ref = 69.29416247275175
mass2_ref = 69.29416245046144
minchirp = 60.323972164084765
maxchirp = 60.32417216408477
mincov = 28911960044.749317
maxcov = 2891196004474.9316
