
[data]
trigger-time = 1829401919.827236
injection-file = /home/ss/Prospects-of-LGWs/config/injection.hdf

[global]
instruments = E1 E2 E3
mass1_ref = 69.1327983436729
mass2_ref = 69.13279833078121
minchirp = 60.183496534710365
maxchirp = 60.18369653471037
mincov = 28674982671.48755
maxcov = 2867498267148.755
