
[data]
trigger-time = 1428747329.1290426
injection-file = /home/ss/Prospects-of-LGWs/config/injection.hdf

[global]
instruments = E1 E2 E3
mass1_ref = 38.868094116565246
mass2_ref = 38.86809411371742
minchirp = 33.83654122618305
maxchirp = 33.83674122618306
mincov = 751643226.3783612
maxcov = 75164322637.83612
