
[data]
trigger-time = 1709105964.0719905
injection-file = /home/ss/Prospects-of-LGWs/config/injection.hdf

[global]
instruments = E1 E2 E3
mass1_ref = 42.8201105715567
mass2_ref = 42.82011057229943
minchirp = 37.27697137879429
maxchirp = 37.2771713787943
mincov = 2043292830.1990051
maxcov = 204329283019.9005
