
[data]
trigger-time = 1601051891.1325102
injection-file = /home/ss/Prospects-of-LGWs/config/injection.hdf

[global]
instruments = E1 E2 E3
mass1_ref = 65.3319065819977
mass2_ref = 65.33190657659752
minchirp = 56.87462807381729
maxchirp = 56.8748280738173
mincov = 23278228702.584805
maxcov = 2327822870258.4805
