
[data]
trigger-time = 1384121849.1535695
injection-file = /home/ss/Prospects-of-LGWs/config/injection.hdf

[global]
instruments = E1 E2 E3
mass1_ref = 65.64173777348118
mass2_ref = 65.64173776365008
minchirp = 57.144351790161274
maxchirp = 57.14455179016128
mincov = 23704019649.068428
maxcov = 2370401964906.843
