
[data]
trigger-time = 1600954207.2456765
injection-file = /home/ss/Prospects-of-LGWs/config/injection.hdf

[global]
instruments = E1 E2 E3
mass1_ref = 34.23100291309709
mass2_ref = 34.2310029208228
minchirp = 29.799718871550752
maxchirp = 29.79991887155075
mincov = 91970012.9865962
maxcov = 9197001298.65962
