
[data]
trigger-time = 1304573355.34662
injection-file = /home/ss/Prospects-of-LGWs/config/injection.hdf

[global]
instruments = E1 E2 E3
mass1_ref = 40.30499901340095
mass2_ref = 40.30499901821321
minchirp = 35.08743959686058
maxchirp = 35.08763959686058
mincov = 1135346808.2702389
maxcov = 113534680827.0239
