
[data]
trigger-time = 1405379288.429569
injection-file = /home/ss/Prospects-of-LGWs/config/injection.hdf

[global]
instruments = E1 E2 E3
mass1_ref = 39.74787980092943
mass2_ref = 39.7478797975947
minchirp = 34.60243914907422
maxchirp = 34.60263914907423
mincov = 975322905.7125766
maxcov = 97532290571.25766
