
[data]
trigger-time = 1538147517.1399584
injection-file = /home/ss/Prospects-of-LGWs/config/injection.hdf

[global]
instruments = E1 E2 E3
mass1_ref = 38.631564124099135
mass2_ref = 38.63156412814156
minchirp = 33.63062991100441
maxchirp = 33.63082991100442
mincov = 697417641.4989835
maxcov = 69741764149.89835
