
[data]
trigger-time = 1412276077.3534007
injection-file = /home/ss/Prospects-of-LGWs/config/injection.hdf

[global]
instruments = E1 E2 E3
mass1_ref = 30.425659744738763
mass2_ref = 30.425659746526435
minchirp = 26.486975230216668
maxchirp = 26.487175230216668
mincov = 102691.73397473455
maxcov = 10269173.397473454
