
[data]
trigger-time = 1898024308.8495154
injection-file = /home/ss/Prospects-of-LGWs/config/injection.hdf

[global]
instruments = E1 E2 E3
mass1_ref = 69.72757439883257
mass2_ref = 69.727574406313
minchirp = 60.70127917343214
maxchirp = 60.70147917343215
mincov = 29551402401.44222
maxcov = 2955140240144.2217
