
[data]
trigger-time = 1865552618.227283
injection-file = /home/ss/Prospects-of-LGWs/config/injection.hdf

[global]
instruments = E1 E2 E3
mass1_ref = 36.76797702832763
mass2_ref = 36.76797702740494
minchirp = 32.00828311286794
maxchirp = 32.00848311286795
mincov = 352932332.6496459
maxcov = 35293233264.96459
