
[data]
trigger-time = 1930915835.8477516
injection-file = /home/ss/Prospects-of-LGWs/config/injection.hdf

[global]
instruments = E1 E2 E3
mass1_ref = 70.92607923837673
mass2_ref = 70.9260792334569
minchirp = 61.74463823121292
maxchirp = 61.744838231212924
mincov = 31341249375.07595
maxcov = 3134124937507.595
