
[data]
trigger-time = 1858649015.4684267
injection-file = /home/ss/Prospects-of-LGWs/config/injection.hdf

[global]
instruments = E1 E2 E3
mass1_ref = 43.502270734621774
mass2_ref = 43.502270725582875
minchirp = 37.87082628875107
maxchirp = 37.871026288751075
mincov = 2343444089.6723795
maxcov = 234344408967.2379
