
[data]
trigger-time = 1827903175.7485712
injection-file = /home/ss/Prospects-of-LGWs/config/injection.hdf

[global]
instruments = E1 E2 E3
mass1_ref = 69.2591245791577
mass2_ref = 69.25912459050771
minchirp = 60.29346992072254
maxchirp = 60.29366992072255
mincov = 28860452974.04552
maxcov = 2886045297404.552
