
[data]
trigger-time = 1049195157.7737286
injection-file = /home/ss/Prospects-of-LGWs/config/injection.hdf

[global]
instruments = E1 E2 E3
mass1_ref = 48.67281417075467
mass2_ref = 48.67281416941013
minchirp = 42.372045792972806
maxchirp = 42.37224579297281
mincov = 5382061315.03631
maxcov = 538206131503.631
