
[data]
trigger-time = 1368026680.8354595
injection-file = /home/ss/Prospects-of-LGWs/config/injection.hdf

[global]
instruments = E1 E2 E3
mass1_ref = 62.81522608828898
mass2_ref = 62.81522609112312
minchirp = 54.683730455966995
maxchirp = 54.683930455967
mincov = 19922317653.038387
maxcov = 1992231765303.8389
