
[data]
trigger-time = 1913581731.5706744
injection-file = /home/ss/Prospects-of-LGWs/config/injection.hdf

[global]
instruments = E1 E2 E3
mass1_ref = 46.69163041458061
mass2_ref = 46.69163041246782
minchirp = 40.64732515770795
maxchirp = 40.64752515770795
mincov = 4058653689.7189355
maxcov = 405865368971.89355
