
[data]
trigger-time = 1680574374.4444447
injection-file = /home/ss/Prospects-of-LGWs/config/injection.hdf

[global]
instruments = E1 E2 E3
mass1_ref = 41.87723711989414
mass2_ref = 41.877237117298876
minchirp = 36.45615236287955
maxchirp = 36.45635236287956
mincov = 1666655779.5684423
maxcov = 166665577956.84424
