
[data]
trigger-time = 1046739227.161395
injection-file = /home/ss/Prospects-of-LGWs/config/injection.hdf

[global]
instruments = E1 E2 E3
mass1_ref = 37.15345238030953
mass2_ref = 37.15345237796504
minchirp = 32.343858897053686
maxchirp = 32.34405889705369
mincov = 412602731.09826136
maxcov = 41260273109.82613
