
[data]
trigger-time = 1897279944.8193479
injection-file = /home/ss/Prospects-of-LGWs/config/injection.hdf

[global]
instruments = E1 E2 E3
mass1_ref = 60.10069379624097
mass2_ref = 60.10069379496736
minchirp = 52.32059283825107
maxchirp = 52.32079283825108
mincov = 16525417588.608494
maxcov = 1652541758860.8494
