
[data]
trigger-time = 1644326615.0414171
injection-file = /home/ss/Prospects-of-LGWs/config/injection.hdf

[global]
instruments = E1 E2 E3
mass1_ref = 53.207581484105425
mass2_ref = 53.20758148688267
minchirp = 46.31979003382126
maxchirp = 46.31999003382127
mincov = 9126013902.303593
maxcov = 912601390230.3594
