
[data]
trigger-time = 1458724229.1898637
injection-file = /home/ss/Prospects-of-LGWs/config/injection.hdf

[global]
instruments = E1 E2 E3
mass1_ref = 67.08115844178246
mass2_ref = 67.08115844760574
minchirp = 58.397440270585
maxchirp = 58.39764027058501
mincov = 25716152345.707405
maxcov = 2571615234570.7407
