
[data]
trigger-time = 1300210611.5940132
injection-file = /home/ss/Prospects-of-LGWs/config/injection.hdf

[global]
instruments = E1 E2 E3
mass1_ref = 44.07256428938315
mass2_ref = 44.07256429155272
minchirp = 38.36729566897151
maxchirp = 38.367495668971515
mincov = 2612347590.0303755
maxcov = 261234759003.03754
