
[data]
trigger-time = 1844618861.1438506
injection-file = /home/ss/Prospects-of-LGWs/config/injection.hdf

[global]
instruments = E1 E2 E3
mass1_ref = 68.42130116018738
mass2_ref = 68.4213011646284
minchirp = 59.56410226838794
maxchirp = 59.56430226838795
mincov = 27637328823.51195
maxcov = 2763732882351.1953
