
[data]
trigger-time = 1783964286.9589877
injection-file = /home/ss/Prospects-of-LGWs/config/injection.hdf

[global]
instruments = E1 E2 E3
mass1_ref = 48.96149286519426
mass2_ref = 48.96149285674125
minchirp = 42.623355189934635
maxchirp = 42.62355518993464
mincov = 5591138141.115145
maxcov = 559113814111.5144
