
[data]
trigger-time = 1638035081.3446267
injection-file = /home/ss/Prospects-of-LGWs/config/injection.hdf

[global]
instruments = E1 E2 E3
mass1_ref = 36.233424886991116
mass2_ref = 36.233424896000386
minchirp = 31.542928449439433
maxchirp = 31.543128449439433
mincov = 279555858.87852424
maxcov = 27955585887.852425
