
[data]
trigger-time = 1627561852.7056289
injection-file = /home/ss/Prospects-of-LGWs/config/injection.hdf

[global]
instruments = E1 E2 E3
mass1_ref = 51.407311110218
mass2_ref = 51.407311114934274
minchirp = 44.75256364659225
maxchirp = 44.75276364659226
mincov = 7524188275.237393
maxcov = 752418827523.7393
