
[data]
trigger-time = 1507600908.0549593
injection-file = /home/ss/Prospects-of-LGWs/config/injection.hdf

[global]
instruments = E1 E2 E3
mass1_ref = 42.25720633512744
mass2_ref = 42.25720632989471
minchirp = 36.78693477608805
maxchirp = 36.78713477608806
mincov = 1813133269.847879
maxcov = 181313326984.7879
