
[data]
trigger-time = 1856831042.6277525
injection-file = /home/ss/Prospects-of-LGWs/config/injection.hdf

[global]
instruments = E1 E2 E3
mass1_ref = 50.6388015574904
mass2_ref = 50.63880156658488
minchirp = 44.083537224472515
maxchirp = 44.08373722447252
mincov = 6886032363.464312
maxcov = 688603236346.4312
