
[data]
trigger-time = 1569271399.7012885
injection-file = /home/ss/Prospects-of-LGWs/config/injection.hdf

[global]
instruments = E1 E2 E3
mass1_ref = 62.94897421124863
mass2_ref = 62.948974215469335
minchirp = 54.80016496035286
maxchirp = 54.800364960352866
mincov = 20095873235.614098
maxcov = 2009587323561.4097
