
[data]
trigger-time = 1393419112.4365153
injection-file = /home/ss/Prospects-of-LGWs/config/injection.hdf

[global]
instruments = E1 E2 E3
mass1_ref = 64.1008740603726
mass2_ref = 64.10087405370747
minchirp = 55.80295201813011
maxchirp = 55.80315201813011
mincov = 21613296989.983017
maxcov = 2161329698998.3018
