
[data]
trigger-time = 1257475423.4045432
injection-file = /home/ss/Prospects-of-LGWs/config/injection.hdf

[global]
instruments = E1 E2 E3
mass1_ref = 68.51045948918414
mass2_ref = 68.51045947350917
minchirp = 59.64171909316262
maxchirp = 59.64191909316263
mincov = 27766702306.166515
maxcov = 2776670230616.6514
