
[data]
trigger-time = 1060050205.5508196
injection-file = /home/ss/Prospects-of-LGWs/config/injection.hdf

[global]
instruments = E1 E2 E3
mass1_ref = 34.988777206142764
mass2_ref = 34.988777211899155
minchirp = 30.459399708355786
maxchirp = 30.459599708355785
mincov = 147921431.47012103
maxcov = 14792143147.012102
