
[data]
trigger-time = 1274294819.015396
injection-file = /home/ss/Prospects-of-LGWs/config/injection.hdf

[global]
instruments = E1 E2 E3
mass1_ref = 64.35028454192278
mass2_ref = 64.35028454735955
minchirp = 56.02007645860323
maxchirp = 56.020276458603234
mincov = 21947082776.487484
maxcov = 2194708277648.7485
