
[data]
trigger-time = 1784866718.276947
injection-file = /home/ss/Prospects-of-LGWs/config/injection.hdf

[global]
instruments = E1 E2 E3
mass1_ref = 52.418990664320354
mass2_ref = 52.418990655507635
minchirp = 45.6332818464024
maxchirp = 45.633481846402404
mincov = 8406175676.318585
maxcov = 840617567631.8585
