
[data]
trigger-time = 1274795131.5927687
injection-file = /home/ss/Prospects-of-LGWs/config/injection.hdf

[global]
instruments = E1 E2 E3
mass1_ref = 52.1891239770559
mass2_ref = 52.189123975325316
minchirp = 45.433171275403986
maxchirp = 45.43337127540399
mincov = 8201646940.780401
maxcov = 820164694078.0402
