
[data]
trigger-time = 1396117792.340597
injection-file = /home/ss/Prospects-of-LGWs/config/injection.hdf

[global]
instruments = E1 E2 E3
mass1_ref = 56.916536905751414
mass2_ref = 56.91653690594509
minchirp = 49.548623264250836
maxchirp = 49.54882326425084
mincov = 12872395926.1712
maxcov = 1287239592617.1199
