
[data]
trigger-time = 1310283706.940119
injection-file = /home/ss/Prospects-of-LGWs/config/injection.hdf

[global]
instruments = E1 E2 E3
mass1_ref = 70.03931928366904
mass2_ref = 70.03931927867932
minchirp = 60.972668853103265
maxchirp = 60.97286885310327
mincov = 30013947802.527283
maxcov = 3001394780252.7285
