
[data]
trigger-time = 1086969408.9246175
injection-file = /home/ss/Prospects-of-LGWs/config/injection.hdf

[global]
instruments = E1 E2 E3
mass1_ref = 49.42931297965777
mass2_ref = 49.42931296737658
minchirp = 43.03061625243579
maxchirp = 43.0308162524358
mincov = 5938616624.850214
maxcov = 593861662485.0214
