
[data]
trigger-time = 1793273233.027614
injection-file = /home/ss/Prospects-of-LGWs/config/injection.hdf

[global]
instruments = E1 E2 E3
mass1_ref = 55.59559868590878
mass2_ref = 55.59559869096466
minchirp = 48.39867975500385
maxchirp = 48.398879755003854
mincov = 11472096423.220312
maxcov = 1147209642322.0312
