
[data]
trigger-time = 1988916974.1962013
injection-file = /home/ss/Prospects-of-LGWs/config/injection.hdf

[global]
instruments = E1 E2 E3
mass1_ref = 62.995171514549284
mass2_ref = 62.995171499558175
minchirp = 54.84038204040157
maxchirp = 54.84058204040158
mincov = 20155949645.450554
maxcov = 2015594964545.0557
