
[data]
trigger-time = 1559086516.4032583
injection-file = /home/ss/Prospects-of-LGWs/config/injection.hdf

[global]
instruments = E1 E2 E3
mass1_ref = 62.512275729567484
mass2_ref = 62.512275724792275
minchirp = 54.419996847219075
maxchirp = 54.42019684721908
mincov = 19531274722.267185
maxcov = 1953127472226.7185
