
[data]
trigger-time = 1384030768.1157324
injection-file = /home/ss/Prospects-of-LGWs/config/injection.hdf

[global]
instruments = E1 E2 E3
mass1_ref = 56.19157296716559
mass2_ref = 56.19157295654616
minchirp = 48.917505494438885
maxchirp = 48.91770549443889
mincov = 12095123123.612759
maxcov = 1209512312361.276
