
[data]
trigger-time = 1707296309.3414373
injection-file = /home/ss/Prospects-of-LGWs/config/injection.hdf

[global]
instruments = E1 E2 E3
mass1_ref = 43.691362842179494
mass2_ref = 43.691362848311165
minchirp = 38.035440536103664
maxchirp = 38.03564053610367
mincov = 2430785931.0411067
maxcov = 243078593104.1107
