
[data]
trigger-time = 1396441878.8784504
injection-file = /home/ss/Prospects-of-LGWs/config/injection.hdf

[global]
instruments = E1 E2 E3
mass1_ref = 52.40580932368335
mass2_ref = 52.40580932489038
minchirp = 45.6218068272472
maxchirp = 45.622006827247205
mincov = 8394382227.853075
maxcov = 839438222785.3075
