
[data]
trigger-time = 1288253138.7922163
injection-file = /home/ss/Prospects-of-LGWs/config/injection.hdf

[global]
instruments = E1 E2 E3
mass1_ref = 67.93701281730456
mass2_ref = 67.93701282569864
minchirp = 59.14250478041422
maxchirp = 59.14270478041423
mincov = 26937950356.89341
maxcov = 2693795035689.3413
