
[data]
trigger-time = 1321142031.4649594
injection-file = /home/ss/Prospects-of-LGWs/config/injection.hdf

[global]
instruments = E1 E2 E3
mass1_ref = 58.51662939912019
mass2_ref = 58.51662941214495
minchirp = 50.94158469126397
maxchirp = 50.941784691263976
mincov = 14660792554.54892
maxcov = 1466079255454.892
