
[data]
trigger-time = 1963900522.8382828
injection-file = /home/ss/Prospects-of-LGWs/config/injection.hdf

[global]
instruments = E1 E2 E3
mass1_ref = 53.038657038070276
mass2_ref = 53.038657036945445
minchirp = 46.1727327604724
maxchirp = 46.172932760472406
mincov = 8969466353.483095
maxcov = 896946635348.3094
