
[data]
trigger-time = 1184626838.0142655
injection-file = /home/ss/Prospects-of-LGWs/config/injection.hdf

[global]
instruments = E1 E2 E3
mass1_ref = 70.63736616504791
mass2_ref = 70.63736617443759
minchirp = 61.49329890882413
maxchirp = 61.49349890882414
mincov = 30907251443.587807
maxcov = 3090725144358.7803
