
[data]
trigger-time = 1184867549.9909124
injection-file = /home/ss/Prospects-of-LGWs/config/injection.hdf

[global]
instruments = E1 E2 E3
mass1_ref = 65.75899099808365
mass2_ref = 65.75899099665487
minchirp = 57.24642665454456
maxchirp = 57.24662665454456
mincov = 23865847172.35467
maxcov = 2386584717235.4673
