
[data]
trigger-time = 1940707038.4832232
injection-file = /home/ss/Prospects-of-LGWs/config/injection.hdf

[global]
instruments = E1 E2 E3
mass1_ref = 61.85488603482315
mass2_ref = 61.854886030934296
minchirp = 53.84770587854013
maxchirp = 53.84790587854014
mincov = 18692786446.863758
maxcov = 1869278644686.3757
