
[data]
trigger-time = 1736382703.8385634
injection-file = /home/ss/Prospects-of-LGWs/config/injection.hdf

[global]
instruments = E1 E2 E3
mass1_ref = 56.732611632249714
mass2_ref = 56.73261164685499
minchirp = 49.388507020072545
maxchirp = 49.38870702007255
mincov = 12673209783.511578
maxcov = 1267320978351.1577
