
[data]
trigger-time = 1213186565.378648
injection-file = /home/ss/Prospects-of-LGWs/config/injection.hdf

[global]
instruments = E1 E2 E3
mass1_ref = 50.89316973424196
mass2_ref = 50.89316974148699
minchirp = 44.30497758322317
maxchirp = 44.30517758322318
mincov = 7094175502.473532
maxcov = 709417550247.3533
