
[data]
trigger-time = 1584055872.555269
injection-file = /home/ss/Prospects-of-LGWs/config/injection.hdf

[global]
instruments = E1 E2 E3
mass1_ref = 50.4092291508607
mass2_ref = 50.40922914264914
minchirp = 43.88368282903089
maxchirp = 43.883882829030895
mincov = 6700814135.672871
maxcov = 670081413567.2871
