
[data]
trigger-time = 1130175540.6309123
injection-file = /home/ss/Prospects-of-LGWs/config/injection.hdf

[global]
instruments = E1 E2 E3
mass1_ref = 48.74924630111245
mass2_ref = 48.74924630539291
minchirp = 42.43858382955811
maxchirp = 42.43878382955812
mincov = 5437019316.120445
maxcov = 543701931612.04456
