
[data]
trigger-time = 1024432644.9831641
injection-file = /home/ss/Prospects-of-LGWs/config/injection.hdf

[global]
instruments = E1 E2 E3
mass1_ref = 47.46698538904257
mass2_ref = 47.46698539399281
minchirp = 41.32231087055462
maxchirp = 41.32251087055462
mincov = 4553259328.485671
maxcov = 455325932848.56714
