
[data]
trigger-time = 1891762569.9356942
injection-file = /home/ss/Prospects-of-LGWs/config/injection.hdf

[global]
instruments = E1 E2 E3
mass1_ref = 45.020878978027206
mass2_ref = 45.020878975693584
minchirp = 39.192851553392444
maxchirp = 39.19305155339245
mincov = 3095911000.098615
maxcov = 309591100009.8615
