
[data]
trigger-time = 1257302887.2050037
injection-file = /home/ss/Prospects-of-LGWs/config/injection.hdf

[global]
instruments = E1 E2 E3
mass1_ref = 69.9234662324214
mass2_ref = 69.92346623826116
minchirp = 60.871812918793864
maxchirp = 60.87201291879387
mincov = 29841801234.32799
maxcov = 2984180123432.799
