
[data]
trigger-time = 1614701712.9801698
injection-file = /home/ss/Prospects-of-LGWs/config/injection.hdf

[global]
instruments = E1 E2 E3
mass1_ref = 42.8056191001849
mass2_ref = 42.805619106725096
minchirp = 37.26435582275207
maxchirp = 37.26455582275208
mincov = 2037169530.0344787
maxcov = 203716953003.44788
