
[data]
trigger-time = 1193253732.286461
injection-file = /home/ss/Prospects-of-LGWs/config/injection.hdf

[global]
instruments = E1 E2 E3
mass1_ref = 38.544411865502
mass2_ref = 38.5444118592697
minchirp = 33.554759458717804
maxchirp = 33.55495945871781
mincov = 678056195.9589179
maxcov = 67805619595.89179
