
[data]
trigger-time = 1809891665.4001787
injection-file = /home/ss/Prospects-of-LGWs/config/injection.hdf

[global]
instruments = E1 E2 E3
mass1_ref = 65.70250421416037
mass2_ref = 65.70250420908599
minchirp = 57.19725205139452
maxchirp = 57.19745205139453
mincov = 23787839666.342278
maxcov = 2378783966634.2275
