
[data]
trigger-time = 1146768814.2787268
injection-file = /home/ss/Prospects-of-LGWs/config/injection.hdf

[global]
instruments = E1 E2 E3
mass1_ref = 50.880696191518496
mass2_ref = 50.8806961936372
minchirp = 44.294118731347595
maxchirp = 44.2943187313476
mincov = 7083897390.573245
maxcov = 708389739057.3245
