
[data]
trigger-time = 1113960308.7546923
injection-file = /home/ss/Prospects-of-LGWs/config/injection.hdf

[global]
instruments = E1 E2 E3
mass1_ref = 31.405286461801353
mass2_ref = 31.4052864636546
minchirp = 27.339789820603983
maxchirp = 27.339989820603982
mincov = 3610737.827819585
maxcov = 361073782.7819585
