
[data]
trigger-time = 1058822368.101847
injection-file = /home/ss/Prospects-of-LGWs/config/injection.hdf

[global]
instruments = E1 E2 E3
mass1_ref = 61.128373215168146
mass2_ref = 61.12837320523135
minchirp = 53.21523973151509
maxchirp = 53.2154397315151
mincov = 17782545200.3351
maxcov = 1778254520033.5098
