
[data]
trigger-time = 1974812499.3966691
injection-file = /home/ss/Prospects-of-LGWs/config/injection.hdf

[global]
instruments = E1 E2 E3
mass1_ref = 69.63497964668318
mass2_ref = 69.6349796614974
minchirp = 60.62067076298244
maxchirp = 60.62087076298245
mincov = 29414434368.321632
maxcov = 2941443436832.163
