
[data]
trigger-time = 1377641918.5740802
injection-file = /home/ss/Prospects-of-LGWs/config/injection.hdf

[global]
instruments = E1 E2 E3
mass1_ref = 43.208125255288714
mass2_ref = 43.208125243418216
minchirp = 37.61475777479414
maxchirp = 37.61495777479415
mincov = 2211155528.1122565
maxcov = 221115552811.22565
