
[data]
trigger-time = 1598936449.0726748
injection-file = /home/ss/Prospects-of-LGWs/config/injection.hdf

[global]
instruments = E1 E2 E3
mass1_ref = 61.48567964630905
mass2_ref = 61.48567963774811
minchirp = 53.52629304701301
maxchirp = 53.52649304701302
mincov = 18228026207.55088
maxcov = 1822802620755.088
