
[data]
trigger-time = 1794309061.8265343
injection-file = /home/ss/Prospects-of-LGWs/config/injection.hdf

[global]
instruments = E1 E2 E3
mass1_ref = 49.02255032787545
mass2_ref = 49.02255033343582
minchirp = 42.676508804564854
maxchirp = 42.67670880456486
mincov = 5635882841.120134
maxcov = 563588284112.0134
