
[data]
trigger-time = 1403469840.4806662
injection-file = /home/ss/Prospects-of-LGWs/config/injection.hdf

[global]
instruments = E1 E2 E3
mass1_ref = 35.2842104053568
mass2_ref = 35.28421040113918
minchirp = 30.7165892420065
maxchirp = 30.7167892420065
mincov = 174478768.76232645
maxcov = 17447876876.232647
