
[data]
trigger-time = 1228782333.2019653
injection-file = /home/ss/Prospects-of-LGWs/config/injection.hdf

[global]
instruments = E1 E2 E3
mass1_ref = 47.99673854863383
mass2_ref = 47.99673855920036
minchirp = 41.78348778448932
maxchirp = 41.783687784489324
mincov = 4908485996.005968
maxcov = 490848599600.5968
