
[data]
trigger-time = 1122335921.115005
injection-file = /home/ss/Prospects-of-LGWs/config/injection.hdf

[global]
instruments = E1 E2 E3
mass1_ref = 68.62484943117414
mass2_ref = 68.62484943943915
minchirp = 59.7413013320179
maxchirp = 59.741501332017904
mincov = 27932965832.46106
maxcov = 2793296583246.106
