
[data]
trigger-time = 1355772342.8236632
injection-file = /home/ss/Prospects-of-LGWs/config/injection.hdf

[global]
instruments = E1 E2 E3
mass1_ref = 30.22459645981593
mass2_ref = 30.224596463339704
minchirp = 26.31193947502461
maxchirp = 26.31213947502461
mincov = 15156.330961534535
maxcov = 1515633.0961534535
