
[data]
trigger-time = 1878466178.426663
injection-file = /home/ss/Prospects-of-LGWs/config/injection.hdf

[global]
instruments = E1 E2 E3
mass1_ref = 62.08937823462878
mass2_ref = 62.08937823302091
minchirp = 54.051843196162324
maxchirp = 54.05204319616233
mincov = 18990280252.76166
maxcov = 1899028025276.166
