
[data]
trigger-time = 1025263945.431817
injection-file = /home/ss/Prospects-of-LGWs/config/injection.hdf

[global]
instruments = E1 E2 E3
mass1_ref = 69.47603934802196
mass2_ref = 69.47603934378641
minchirp = 60.482305188160566
maxchirp = 60.48250518816057
mincov = 29179777036.180138
maxcov = 2917977703618.0137
