
[data]
trigger-time = 1938514197.2093375
injection-file = /home/ss/Prospects-of-LGWs/config/injection.hdf

[global]
instruments = E1 E2 E3
mass1_ref = 59.5947900748266
mass2_ref = 59.594790070260615
minchirp = 51.880178067167094
maxchirp = 51.8803780671671
mincov = 15920074908.96674
maxcov = 1592007490896.6738
