
[data]
trigger-time = 1802775936.3482466
injection-file = /home/ss/Prospects-of-LGWs/config/injection.hdf

[global]
instruments = E1 E2 E3
mass1_ref = 33.485685811777635
mass2_ref = 33.48568581513511
minchirp = 29.15088264726148
maxchirp = 29.15108264726148
mincov = 52387106.69320036
maxcov = 5238710669.320036
