
[data]
trigger-time = 1645227745.6840332
injection-file = /home/ss/Prospects-of-LGWs/config/injection.hdf

[global]
instruments = E1 E2 E3
mass1_ref = 66.06750812296508
mass2_ref = 66.06750811707582
minchirp = 57.515006409455054
maxchirp = 57.51520640945506
mincov = 24293437810.226997
maxcov = 2429343781022.6997
