
[data]
trigger-time = 1372028902.1738343
injection-file = /home/ss/Prospects-of-LGWs/config/injection.hdf

[global]
instruments = E1 E2 E3
mass1_ref = 30.998467614188048
mass2_ref = 30.998467612216853
minchirp = 26.985633441990053
maxchirp = 26.985833441990053
mincov = 1307672.1198116133
maxcov = 130767211.98116133
