
[data]
trigger-time = 1813316083.670804
injection-file = /home/ss/Prospects-of-LGWs/config/injection.hdf

[global]
instruments = E1 E2 E3
mass1_ref = 60.89682279814238
mass2_ref = 60.896822802214515
minchirp = 53.0136633916396
maxchirp = 53.0138633916396
mincov = 17496142585.48967
maxcov = 1749614258548.967
