
[data]
trigger-time = 1840247316.0883906
injection-file = /home/ss/Prospects-of-LGWs/config/injection.hdf

[global]
instruments = E1 E2 E3
mass1_ref = 37.80500482731215
mass2_ref = 37.8050048208283
minchirp = 32.91106824500702
maxchirp = 32.91126824500703
mincov = 526921827.56068736
maxcov = 52692182756.06873
