
[data]
trigger-time = 1856831042.6277525
injection-file = /work/shashwat.singh/Prospects-of-LGWs/unlens/injection_100.hdf

[global]
instruments = E1 E2 E3
mass1_ref = 30.000000000450456
mass2_ref = 30.00000000583831
minchirp = 26.11641690162107
maxchirp = 26.116616901621068
mincov = 69381959550.44818
maxcov = 6938195955044.818
