
[data]
trigger-time = 1060050205.5508196
injection-file = /work/shashwat.singh/Prospects-of-LGWs/unlens/injection_100.hdf

[global]
instruments = E1 E2 E3
mass1_ref = 30.00000000327428
mass2_ref = 30.000000008209913
minchirp = 26.116416903882513
maxchirp = 26.116616903882512
mincov = 4005711268.4705687
maxcov = 400571126847.0569
