
[data]
trigger-time = 1829401919.827236
injection-file = /work/shashwat.singh/Prospects-of-LGWs/unlens/injection_100.hdf

[global]
instruments = E1 E2 E3
mass1_ref = 30.000000008296645
mass2_ref = 30.000000002702325
minchirp = 26.116416903671304
maxchirp = 26.116616903671304
mincov = 170016649596.58054
maxcov = 17001664959658.055
