
[data]
trigger-time = 1802775936.3482466
injection-file = /work/shashwat.singh/Prospects-of-LGWs/unlens/injection_100.hdf

[global]
instruments = E1 E2 E3
mass1_ref = 30.000000002489053
mass2_ref = 30.00000000549704
minchirp = 26.116416902359873
maxchirp = 26.116616902359873
mincov = 1702551978.9616933
maxcov = 170255197896.16934
