
[data]
trigger-time = 1372028902.1738343
injection-file = /work/shashwat.singh/Prospects-of-LGWs/unlens/injection_100.hdf

[global]
instruments = E1 E2 E3
mass1_ref = 30.000000007795524
mass2_ref = 30.000000005887824
minchirp = 26.116416904839745
maxchirp = 26.116616904839745
mincov = 64841159.46870555
maxcov = 6484115946.870555
