
[data]
trigger-time = 1122335921.115005
injection-file = /work/shashwat.singh/Prospects-of-LGWs/unlens/injection_100.hdf

[global]
instruments = E1 E2 E3
mass1_ref = 30.000000003033673
mass2_ref = 30.000000006646797
minchirp = 26.11641690309739
maxchirp = 26.11661690309739
mincov = 167391441209.7685
maxcov = 16739144120976.852
