
[data]
trigger-time = 1895708948.703558
injection-file = /work/shashwat.singh/Prospects-of-LGWs/unlens/injection_100.hdf

[global]
instruments = E1 E2 E3
mass1_ref = 30.000000002127265
mass2_ref = 30.00000000755407
minchirp = 26.11641690309777
maxchirp = 26.11661690309777
mincov = 48352921961.887695
maxcov = 4835292196188.77
