
[data]
trigger-time = 1680574374.4444447
injection-file = /work/shashwat.singh/Prospects-of-LGWs/unlens/injection_100.hdf

[global]
instruments = E1 E2 E3
mass1_ref = 30.000000009002946
mass2_ref = 30.00000000714375
minchirp = 26.116416905911983
maxchirp = 26.116616905911982
mincov = 25845590638.46923
maxcov = 2584559063846.9233
