
[data]
trigger-time = 1709105964.0719905
injection-file = /work/shashwat.singh/Prospects-of-LGWs/unlens/injection_100.hdf

[global]
instruments = E1 E2 E3
mass1_ref = 30.000000006618105
mass2_ref = 30.000000007138468
minchirp = 26.11641690487162
maxchirp = 26.11661690487162
mincov = 29943774114.65446
maxcov = 2994377411465.4463
