
[data]
trigger-time = 1405379288.429569
injection-file = /work/shashwat.singh/Prospects-of-LGWs/unlens/injection_100.hdf

[global]
instruments = E1 E2 E3
mass1_ref = 30.000000007000843
mass2_ref = 30.00000000448393
minchirp = 26.11641690388276
maxchirp = 26.11661690388276
mincov = 17414361157.739136
maxcov = 1741436115773.9136
