
[data]
trigger-time = 1813316083.670804
injection-file = /work/shashwat.singh/Prospects-of-LGWs/unlens/injection_100.hdf

[global]
instruments = E1 E2 E3 C1 C2
mass1_ref = 30.000000001676963
mass2_ref = 30.000000003683045
minchirp = 26.1164169012168
maxchirp = 26.1166169012168
mincov = 126087575727.35567
maxcov = 12608757572735.566
