
[data]
trigger-time = 1146768814.2787268
injection-file = /work/shashwat.singh/Prospects-of-LGWs/unlens/injection_100.hdf

[global]
instruments = E1 E2 E3 C1 C2
mass1_ref = 30.00000000111435
mass2_ref = 30.000000002363567
minchirp = 26.116416900397578
maxchirp = 26.116616900397577
mincov = 70697262738.53389
maxcov = 7069726273853.389
