
[data]
trigger-time = 1393419112.4365153
injection-file = /work/shashwat.singh/Prospects-of-LGWs/unlens/injection_100.hdf

[global]
instruments = E1 E2 E3 C1 C2
mass1_ref = 30.0000000071734
mass2_ref = 30.00000000405404
minchirp = 26.11641690377075
maxchirp = 26.11661690377075
mincov = 143497565558.2873
maxcov = 14349756555828.729
