
[data]
trigger-time = 1569271399.7012885
injection-file = /work/shashwat.singh/Prospects-of-LGWs/unlens/injection_100.hdf

[global]
instruments = E1 E2 E3 C1 C2
mass1_ref = 30.0000000001038
mass2_ref = 30.00000000211529
minchirp = 26.11641689984964
maxchirp = 26.11661689984964
mincov = 137279142353.96677
maxcov = 13727914235396.678
