
[data]
trigger-time = 1458724229.1898637
injection-file = /work/shashwat.singh/Prospects-of-LGWs/unlens/injection_100.hdf

[global]
instruments = E1 E2 E3 C1 C2
mass1_ref = 30.000000003151275
mass2_ref = 30.000000005755563
minchirp = 26.11641690276065
maxchirp = 26.11661690276065
mincov = 159339421940.86203
maxcov = 15933942194086.203
