
[data]
trigger-time = 1898024308.8495154
injection-file = /work/shashwat.singh/Prospects-of-LGWs/unlens/injection_100.hdf

[global]
instruments = E1 E2 E3 C1 C2
mass1_ref = 30.000000002372342
mass2_ref = 30.000000005590763
minchirp = 26.11641690234987
maxchirp = 26.116616902349868
mincov = 173074958817.25836
maxcov = 17307495881725.838
